$coord
    0.07967504895447      0.38029242139172      7.77907310477051      c
    0.13053186319957      2.61975674782717      7.22757318893396      o
    2.21994158654360     -1.04055041687675      7.97337464181887      n
    3.86578014281974     -0.24198896687407      7.46567655762538      h
    2.14635949841144     -2.91494456669831      8.22172797576191      h
   -2.35848925414885     -1.01609706025076      8.27881841637348      c
   -2.08022707352254     -2.83159732066419      9.19935006076903      h
   -3.31512063732737     -1.31525758234092      6.48204158705111      h
   -3.56402860400069      0.16920801490787      9.44151371581655      h
$redundant
     number_of_atoms             9
     degrees_of_freedom         21
     internal_coordinates       21
     frozen_coordinates          0
# definitions of redundant internals
   1 k  1.0000000000000 stre    1    2           val=   2.30693
   2 k  0.7071076880974 bend    3    2    1      val=  -0.02018
       -0.7071058742745 bend    6    2    1
   3 k  1.0000000000000 outp    2    6    3    1 val=  -0.29968
   4 k  1.0000000000000 tors    5    3    1    6 val=  90.14235
        1.0000000000000 tors    4    3    1    6
   5 k  1.0000000000000 stre    3    5           val=   1.89221
   6 k  1.0000000000000 stre    3    4           val=   1.89848
   7 k  0.8166559506391 bend    4    5    3      val=  -0.27243
       -0.4309348404012 bend    1    5    3
       -0.3838856882121 bend    1    4    3
   8 k  0.0322554667915 bend    4    5    3      val=   3.05406
        0.6982107308799 bend    1    5    3
       -0.7151652677152 bend    1    4    3
   9 k  1.0000000000000 outp    5    1    4    3 val=  11.80061
  10 k  1.0000000000000 tors    9    6    1    3 val= 135.36909
        1.0000000000000 tors    7    6    1    3
        1.0000000000000 tors    8    6    1    3
  11 k  1.0000000000000 stre    6    9           val=   2.05186
  12 k  1.0000000000000 stre    6    7           val=   2.05447
  13 k  1.0000000000000 stre    6    8           val=   2.05744
  14 k  0.4559339035206 bend    7    9    6      val=   0.52665
        0.3335573249510 bend    8    9    6
        0.4410660352875 bend    8    7    6
       -0.4150825387907 bend    1    9    6
       -0.3794457906490 bend    1    7    6
       -0.4123735164357 bend    1    8    6
  15 k -0.1766494443618 bend    7    9    6      val=   1.93084
        0.7120247647810 bend    8    9    6
       -0.3911871491083 bend    8    7    6
        0.2683803107813 bend    1    9    6
       -0.4702973561140 bend    1    7    6
        0.1248227869220 bend    1    8    6
  16 k -0.7010845443161 bend    7    9    6      val=   0.60322
        0.1519632906489 bend    8    9    6
        0.5916944941616 bend    8    7    6
       -0.2366837531899 bend    1    9    6
       -0.0608654966469 bend    1    7    6
        0.2748844082318 bend    1    8    6
  17 k -0.1139340129969 bend    7    9    6      val=   1.14724
        0.4490875523570 bend    8    9    6
       -0.3027497800910 bend    8    7    6
       -0.4997121236288 bend    1    9    6
        0.6428934324620 bend    1    7    6
       -0.1750937167660 bend    1    8    6
  18 k  0.2919666697878 bend    7    9    6      val=   0.02330
       -0.0950124345146 bend    8    9    6
       -0.2048377055112 bend    8    7    6
       -0.5319026137691 bend    1    9    6
       -0.1908323743159 bend    1    7    6
        0.7378565103055 bend    1    8    6
  19 k  1.0000000000000 stre    1    3           val=   2.57629
  20 k  1.0000000000000 stre    1    6           val=   2.85382
  21 k  1.0000000000000 bend    6    3    1      val= 115.25790
        21 non zero eigenvalues  of BmBt
           1           6.084596097    1    0
         1
           2           4.208352163    2    0
         2
           3           4.036854862    3    0
         3
           4           3.288482891    4    0
         4
           5           3.188438997    5    0
         5
           6           2.988856068    6    0
         6
           7           2.267164898    7    0
         7
           8           1.755844207    8    0
         8
           9           1.396372570    9    0
         9
          10           0.950264576   10    0
        10
          11           0.882348290   11    0
        11
          12           0.707832433   12    0
        12
          13           0.703783685   13    0
        13
          14           0.635825761   14    0
        14
          15           0.395055237   15    0
        15
          16           0.362805971   16    0
        16
          17           0.329624740   17    0
        17
          18           0.289021906   18    0
        18
          19           0.274940472   19    0
        19
          20           0.238414340   20    0
        20
          21           0.068738334   21    0
        21
$user-defined bonds
$frag
 atom   1 fragment  1 symmetry  c1
 atom   2 fragment  1
 atom   3 fragment  1
 atom   4 fragment  1
 atom   5 fragment  1
 atom   6 fragment  1
 atom   7 fragment  1
 atom   8 fragment  1
 atom   9 fragment  1
   iteration     5
$end
