$coord
   -2.10444837177941      2.50770455238589      0.51999037474268      c
   -0.88265827291494      4.43969948792764      0.87217940324711      o
   -1.09243062364747      0.25874221863188      0.09376343537585      o
    0.78106229310461      0.38409931815011      0.10485543802585      h
   -4.93487747319689      2.43054604794313      0.52413691008922      c
   -5.68174265481172      4.30268993078291      0.88021520851418      h
   -5.60163245673090      1.72958824405669     -1.28879555077060      h
   -5.58057709792267      1.11833654283195      1.96765921717301      h
$redundant
     number_of_atoms             8
     degrees_of_freedom         18
     internal_coordinates       18
     frozen_coordinates          0
# definitions of redundant internals
   1 k  1.0000000000000 stre    1    2           val=   2.31288
   2 k  0.7071067817823 bend    3    2    1      val=   0.42585
       -0.7071067805908 bend    5    2    1
   3 k  1.0000000000000 outp    2    5    3    1 val=  -0.00649
   4 k  1.0000000000000 tors    4    3    1    5 val= 179.99927
   5 k  1.0000000000000 stre    3    4           val=   1.87771
   6 k  1.0000000000000 bend    1    4    3      val= 110.02673
   7 k  1.0000000000000 tors    6    5    1    3 val=  59.93903
        1.0000000000000 tors    8    5    1    3
        1.0000000000000 tors    7    5    1    3
   8 k  1.0000000000000 stre    5    6           val=   2.04683
   9 k  1.0000000000000 stre    5    8           val=   2.05489
  10 k  1.0000000000000 stre    5    7           val=   2.05490
  11 k  0.4436450406313 bend    8    6    5      val=   0.10455
        0.4432935455998 bend    7    6    5
        0.3333800992156 bend    7    8    5
       -0.3766511266940 bend    1    6    5
       -0.4204940726790 bend    1    8    5
       -0.4205309541541 bend    1    7    5
  12 k -0.2981645719046 bend    8    6    5      val=   0.62789
       -0.3002302931310 bend    7    6    5
        0.7310774660489 bend    7    8    5
       -0.4678833005084 bend    1    6    5
        0.1844240307312 bend    1    8    5
        0.1831894969075 bend    1    7    5
  13 k -0.6491219547802 bend    8    6    5      val=   0.00701
        0.6482902830553 bend    7    6    5
        0.0014382853206 bend    7    8    5
       -0.0007002533606 bend    1    6    5
       -0.2812256979093 bend    1    8    5
        0.2815491867051 bend    1    7    5
  14 k  0.2126151197122 bend    8    6    5      val=   1.17778
        0.2134781173252 bend    7    6    5
       -0.4398881997300 bend    7    8    5
       -0.6807473700567 bend    1    6    5
        0.3557847232521 bend    1    8    5
        0.3545709024902 bend    1    7    5
  15 k  0.2815180852653 bend    8    6    5      val=   0.00228
       -0.2812574855020 bend    7    6    5
       -0.0003081239722 bend    7    8    5
       -0.0007658683732 bend    1    6    5
       -0.6482592591237 bend    1    8    5
        0.6491541003362 bend    1    7    5
  16 k  1.0000000000000 stre    1    3           val=   2.50273
  17 k  1.0000000000000 stre    1    5           val=   2.83148
  18 k  1.0000000000000 bend    5    3    1      val= 112.33223
        18 non zero eigenvalues  of BmBt
           1           4.207799692    1    0
         1
           2           3.819594804    2    0
         2
           3           3.709738620    3    0
         3
           4           2.845205222    4    0
         4
           5           2.490679578    5    0
         5
           6           2.475925772    6    0
         6
           7           1.754076300    7    0
         7
           8           1.199698073    8    0
         8
           9           0.885298598    9    0
         9
          10           0.883188058   10    0
        10
          11           0.711076239   11    0
        11
          12           0.706881416   12    0
        12
          13           0.465891414   13    0
        13
          14           0.294070121   14    0
        14
          15           0.289510403   15    0
        15
          16           0.275658523   16    0
        16
          17           0.234813619   17    0
        17
          18           0.110374173   18    0
        18
$user-defined bonds
$frag
 atom   1 fragment  1 symmetry  c1
 atom   2 fragment  1
 atom   3 fragment  1
 atom   4 fragment  1
 atom   5 fragment  1
 atom   6 fragment  1
 atom   7 fragment  1
 atom   8 fragment  1
   iteration     4
$end
