$hessapprox internal
  0.104978746268D+01 -0.135830974977D-02  0.458854962694D+00  0.225035296575D-02
  0.376811253763D-03  0.185305333031D+00  0.299386977246D-02  0.563631717138D-03
  0.114603673945D-03  0.853314138764D-02 -0.621057714133D-02  0.714051676710D-03
  0.315080653135D-03  0.153682300833D-03  0.437811918862D+00 -0.733182327550D-02
  0.944603198730D-03  0.584505959076D-03  0.334384128986D-03 -0.316502721819D-02
  0.431831626562D+00 -0.926436110737D-02  0.601703784871D-03  0.482414598417D-03
  0.416513522201D-03 -0.327568457383D-02 -0.350067155777D-02  0.431025538640D+00
 -0.183524342703D-02 -0.440777115777D-02  0.365181824543D-03  0.868801732351D-03
  0.581989688240D-03  0.128388753075D-02  0.798956353487D-03  0.318506972518D+00
 -0.109557807971D-02 -0.129401339569D-02  0.155281226503D-03  0.287588485607D-03
 -0.640773468652D-04  0.161777924843D-03 -0.276851013475D-05 -0.381245434395D-02
  0.323948596215D+00  0.624045994872D-02  0.116275802641D-02  0.150821701972D-03
 -0.381513612944D-03  0.287422597228D-03  0.634085659743D-03  0.841728637072D-03
  0.182837894185D-02  0.599512128397D-03  0.321500546870D+00 -0.916879863977D-04
  0.100072480630D-02 -0.225103279921D-04 -0.175772983359D-03 -0.458676214173D-03
 -0.552819613062D-03 -0.459658654182D-03  0.270978934504D-02  0.819416993335D-03
 -0.379397175044D-03  0.336886255270D+00  0.295865313297D-02  0.747794514000D-03
  0.381515399805D-04 -0.227829260177D-03  0.869045785089D-04  0.210983174919D-03
  0.338122791035D-03  0.145057254037D-02  0.459226814548D-03 -0.519176361038D-03
 -0.304187626346D-03  0.339757771081D+00 -0.162123591158D-01  0.635229901873D-03
  0.972259731127D-03  0.114130223150D-02 -0.299163141697D-02 -0.362314420596D-02
 -0.437314756187D-02  0.271591788931D-02  0.608666963067D-03  0.235518466075D-02
 -0.710219830977D-03  0.968020549620D-03  0.427515640248D+00 -0.876466777198D-02
  0.173168832150D-02  0.297785276207D-03  0.150250238696D-03 -0.328843613957D-02
 -0.374917788362D-02 -0.387440908184D-02  0.429170904409D-02  0.105874552731D-02
  0.296988499464D-03 -0.118804224395D-02 -0.769949056923D-04 -0.516524230243D-02
  0.429012521877D+00  0.667367461894D-02  0.712496290805D-02 -0.884990271158D-03
 -0.181078953463D-02 -0.103849869733D-02 -0.191295074760D-02 -0.863680638338D-03
  0.196293020122D-01  0.593455397128D-02 -0.380246261864D-02 -0.417053368027D-02
 -0.269654265366D-02 -0.232623218889D-02 -0.621774783227D-02  0.314443643732D+00
 -0.395624836254D-02 -0.720418388452D-03  0.660043949492D-03  0.738362211536D-03
  0.415213950912D-03  0.455190075673D-03  0.578074874297D-04 -0.159276079517D-02
 -0.424977254653D-03  0.142532171231D-02  0.454340199839D-03  0.816375524802D-03
  0.200892739509D-04  0.269141596744D-03  0.326630146754D-02  0.352260624238D+00
  0.995320204826D-03  0.809489313798D-02 -0.130770456298D-02 -0.184006704345D-02
 -0.114536954824D-02 -0.288997326270D-02 -0.181958363531D-02  0.246185394743D-01
  0.739184094479D-02 -0.374757727970D-02 -0.525733173300D-02 -0.288999390545D-02
 -0.664504464101D-02 -0.848899205402D-02 -0.376290186347D-01  0.151753507177D-02
  0.276419009611D+00 -0.103859856159D-02  0.970969917246D-03 -0.652388719979D-04
 -0.156881568319D-03 -0.653862295579D-03 -0.806343155035D-03 -0.704817795652D-03
  0.264922664751D-02  0.784888525286D-03 -0.340575113350D-03 -0.553659619104D-03
 -0.265710939766D-03 -0.837614786979D-03 -0.143099213417D-02 -0.395557572979D-02
  0.187569980057D-02 -0.523108518562D-02  0.345490654198D+00 -0.128931027201D-01
  0.909382882519D-04  0.107395335876D-02  0.106614104322D-02 -0.281126893306D-02
 -0.307708219848D-02 -0.378328863486D-02  0.276776721157D-03 -0.116107549929D-03
  0.215989313999D-02 -0.221849452990D-03  0.975797871065D-03 -0.589719767631D-02
 -0.382872118849D-02  0.669484466581D-03 -0.696387623019D-03 -0.162249906795D-02
 -0.637641091556D-03  0.424078287638D+00 -0.106400635522D-01 -0.307031351353D-04
  0.199784790119D-03  0.508198247864D-03 -0.250046002357D-02 -0.296692722659D-02
 -0.328859919922D-02  0.229729311517D-03 -0.153011193645D-03  0.111556658967D-02
 -0.300840344549D-03  0.500119665214D-03 -0.485954190833D-02 -0.328789439254D-02
  0.630872652293D-03 -0.104381301599D-02 -0.636565532017D-03 -0.472931419286D-03
 -0.436135714120D-02  0.422330804886D+00  0.203872592758D-03  0.730541578527D-03
 -0.174102861254D-03 -0.167277755479D-03  0.236896838155D-03  0.477642679559D-05
  0.123918323931D-03  0.248997178162D-02  0.764473788856D-03 -0.345603366914D-03
 -0.522998383125D-03 -0.255807489507D-03 -0.393370081754D-03 -0.586457804821D-03
 -0.371865549024D-02  0.162414377057D-02 -0.489616758235D-02 -0.168069638903D-03
 -0.394357898740D-04  0.679203078217D-04  0.339515384487D+00  0.140604483982D-01
  0.190363030839D-02 -0.137328972709D-02 -0.168512708342D-02  0.746957822932D-03
  0.922154927514D-03  0.206460293131D-02  0.301241937435D-02  0.923178451006D-03
 -0.351853386835D-02 -0.865930331820D-03 -0.172615599583D-02  0.673988429109D-02
  0.114644082720D-02 -0.651583954418D-02  0.846079299177D-02 -0.507962041351D-02
  0.103379157702D-02  0.343865721153D-02  0.450644339985D-02  0.107015530417D-02
  0.341640042583D+00  0.885731498697D-02 -0.176337621220D-02  0.424602013235D-03
 -0.662164370819D-05  0.749239721560D-03  0.189497341243D-02  0.189742901555D-02
 -0.764874311019D-02 -0.223700518856D-02 -0.137726095928D-03  0.162993178041D-02
  0.264342901217D-03  0.612870471769D-02  0.398059485751D-02  0.101703357167D-01
  0.510809340774D-03  0.147997693327D-01  0.154848948923D-02  0.369844836459D-02
  0.208338873333D-02  0.147318767585D-02 -0.385193736704D-02  0.312621129561D+00
  0.492200510441D-02  0.140800252289D-02  0.845081401909D-03 -0.573989655536D-04
 -0.792635151575D-03 -0.440139368469D-04 -0.536795702376D-04  0.121024632624D-02
  0.426065859105D-03 -0.343231789180D-03 -0.152332067225D-03 -0.226389869825D-03
  0.271447069379D-02 -0.507389184510D-03 -0.286494320563D-02  0.458509666245D-02
 -0.346337733909D-02  0.276815305838D-03  0.189397614560D-02  0.156906714859D-03
  0.227826888951D-03 -0.191023527658D-02 -0.133968546372D-03  0.341546697196D+00
 -0.125287584199D-01 -0.509819832455D-03  0.105624193860D-02  0.128157457354D-02
 -0.170500711208D-02 -0.197439472582D-02 -0.285135974795D-02 -0.769421861310D-03
 -0.390516344137D-03  0.267643478522D-02  0.647402959263D-04  0.122774202869D-02
 -0.550313168561D-02 -0.283741661900D-02  0.289954173118D-02 -0.341754516636D-02
 -0.629721604176D-04 -0.544057469996D-03 -0.464838301411D-02 -0.298259119795D-02
 -0.601955277297D-03  0.581910661720D-02  0.396996957276D-02  0.253919807181D-02
  0.427111424057D+00 -0.357031804580D-02 -0.951422180778D-03  0.290468443809D-03
  0.430079705759D-03 -0.354774899476D-03 -0.306659132365D-03 -0.572506634155D-03
 -0.236502189514D-02 -0.729735515699D-03  0.895720924249D-03  0.531789126481D-03
  0.529179741994D-03 -0.102964782049D-02  0.113468840219D-03  0.402894183641D-02
 -0.973362518010D-03  0.446581367519D-02  0.323568713809D-03 -0.880666831345D-03
 -0.106174446090D-02  0.371620255258D-03  0.764030810111D-03 -0.472730965309D-03
  0.651255426393D-03 -0.172251495075D-02  0.338099459075D+00  0.289360089793D-02
  0.853126003543D-03  0.463415686300D-03 -0.112345280300D-04  0.402375677427D-04
  0.339331234835D-03  0.303800510890D-03  0.144611421250D-02  0.485819023690D-03
 -0.128391751415D-03 -0.233707268727D-03 -0.147175515262D-03  0.887016128584D-03
 -0.132199784200D-03 -0.274206320540D-02  0.567005881574D-03 -0.328199614197D-02
 -0.410982245068D-03  0.129980674243D-02  0.441980664134D-04 -0.441533651705D-03
 -0.307757193176D-02  0.857276756962D-03  0.457709370839D-03  0.114040969057D-02
  0.707563868664D-03  0.339170433900D+00 -0.273489300166D-03  0.516686211235D-03
 -0.178454352575D-03 -0.149587959033D-03 -0.123707083414D-03 -0.283573731272D-03
 -0.182512757363D-03  0.163310301471D-02  0.485525113123D-03 -0.295776603525D-03
 -0.355406002793D-03 -0.203227643319D-03 -0.386899920691D-03 -0.646552199967D-03
 -0.238887973528D-02  0.920848088317D-03 -0.314397297338D-02 -0.122858220259D-03
 -0.356417548890D-03  0.518996671378D-04 -0.135101517357D-03  0.107042032400D-02
  0.865547920049D-03 -0.582510247925D-05 -0.454183222403D-04  0.128053621673D-03
 -0.442342959481D-03  0.747408362935D-02 -0.773254416950D-02  0.664026409460D-03
  0.476068103853D-03  0.334680423783D-03 -0.309106473583D-02 -0.322257166381D-02
 -0.344067532985D-02  0.671966448638D-03 -0.216247558459D-04  0.646095454703D-03
 -0.424578076081D-03  0.263362734445D-03 -0.344461715844D-02 -0.351991043561D-02
 -0.877510824914D-03  0.141444799421D-02 -0.165105308203D-02 -0.415309316131D-03
 -0.320450973787D-02 -0.292754471989D-02  0.392337572600D-03  0.233133688090D-02
  0.135277537137D-02  0.197131712583D-03 -0.256148980645D-02 -0.505713117781D-03
  0.207097944122D-03 -0.348871723217D-04  0.429728991807D+00 -0.797849086276D-02
  0.691070008822D-03  0.356936567919D-03  0.254290149572D-03 -0.324978458779D-02
 -0.344994580908D-02 -0.362100254089D-02  0.864381334157D-03  0.167703128499D-04
  0.503350596807D-03 -0.495677984522D-03  0.180954068565D-03 -0.386786741095D-02
 -0.368812396720D-02 -0.123135054601D-02  0.305492624981D-03 -0.170301539830D-02
 -0.722891954798D-03 -0.333945406959D-02 -0.306055008661D-02  0.198699020583D-03
  0.111127644736D-02  0.136731349249D-02 -0.577979625913D-03 -0.276083651626D-02
 -0.360610210888D-03  0.170226804621D-03 -0.209952236822D-03 -0.334320412390D-02
  0.428047188482D+00 -0.810135664276D-02  0.802051607308D-03  0.771429071259D-03
  0.559932885494D-03 -0.272125539168D-02 -0.283335912056D-02 -0.323038967344D-02
  0.130242265223D-02  0.198725797997D-03  0.110026759351D-02 -0.491348166211D-03
  0.421621626391D-03 -0.394221314562D-02 -0.357472798843D-02 -0.159061629197D-02
 -0.629624529738D-05 -0.333882677793D-02 -0.776973709067D-03 -0.322043166692D-02
 -0.295521584092D-02 -0.201427370786D-03  0.192423029375D-02  0.274229326199D-02
  0.825845357063D-03 -0.181771769439D-02 -0.500127773904D-03  0.577311056985D-03
 -0.295149838700D-03 -0.289748957304D-02 -0.317492519416D-02  0.425388163753D+00
 -0.863356102709D-03 -0.466612203527D-02  0.320357524069D-03  0.822411226889D-03
  0.625297562207D-03  0.144752076087D-02  0.100414914380D-02 -0.137070586045D-01
 -0.411696767747D-02  0.172514103853D-02  0.293298432963D-02  0.145777834727D-02
  0.362854259664D-02  0.477095237404D-02  0.210900881459D-01 -0.784560203002D-03
  0.266537519087D-01  0.306331374873D-02  0.594154297246D-03  0.593964550703D-03
  0.286683186973D-02  0.357943484955D-02 -0.876718540554D-02  0.133163639393D-02
 -0.322656144409D-03 -0.254281067452D-02  0.135566901268D-02  0.191636125387D-02
  0.916010977992D-03  0.973071772072D-03  0.158745134309D-02  0.312303363577D+00
  0.245166870640D-02 -0.118569057579D-02  0.202637849992D-03  0.130292250908D-03
  0.135831697601D-03  0.638496018157D-03  0.557008449690D-03 -0.445461637828D-02
 -0.133541365411D-02  0.238501995285D-03  0.930176378119D-03  0.302198985083D-03
  0.240311651718D-02  0.174869376590D-02  0.638449773697D-02 -0.250571556177D-03
  0.856169257524D-02  0.886066846518D-03  0.998573153069D-03  0.813822331093D-03
  0.803557799654D-03 -0.324250326043D-03 -0.344997150635D-02  0.140339114922D-03
  0.187551406791D-02 -0.676230795645D-03  0.392552147137D-03  0.609754920327D-03
  0.325006376337D-03  0.275610878969D-03  0.109871577137D-02 -0.493306314275D-02
  0.321314393126D+00  0.627959762783D-03  0.698000714043D-03 -0.182405432444D-03
 -0.240618867309D-03 -0.213810896252D-03 -0.311752935961D-03 -0.150604439624D-03
  0.184405127094D-02  0.553921787189D-03 -0.504207536438D-03 -0.400113285191D-03
 -0.306006159607D-03  0.401223523843D-04 -0.657652423777D-03 -0.291042727945D-02
  0.162840168571D-02 -0.351964746257D-02 -0.816694400298D-04 -0.318979175340D-04
  0.129506905337D-03 -0.447298169751D-04  0.608993962948D-03  0.625237663784D-03
 -0.729924812670D-04  0.615297934504D-04  0.291810194959D-03 -0.494611394901D-03
 -0.156925155443D-04  0.223749721463D-04 -0.210505403588D-03 -0.266475450830D-03
  0.211735025424D-02  0.486598820378D-03  0.321581519555D+00  0.956352427772D-04
  0.139962508577D-02 -0.246089031646D-03 -0.314057639930D-03  0.115045437176D-03
 -0.307946831463D-03 -0.118732625907D-03  0.472347073834D-02  0.142227659792D-02
 -0.637538336594D-03 -0.102376117294D-02 -0.511220391340D-03 -0.165652368507D-02
 -0.132790845471D-02 -0.730814835422D-02 -0.324655814694D-03 -0.882293852164D-02
 -0.120266590913D-02  0.995407803126D-05 -0.449640179668D-03 -0.979741879835D-03
 -0.245182168610D-02  0.302441086279D-02 -0.103727686351D-02 -0.139608299207D-02
  0.115434924005D-02 -0.343105723633D-03 -0.878723062898D-03 -0.128438071120D-03
  0.173108854652D-03 -0.760050126127D-03  0.492888820509D-02  0.133703184852D-02
 -0.841852823352D-03  0.331668582099D+00 -0.627054605810D-03 -0.192166296208D-03
 -0.218502016153D-05  0.300937326377D-04 -0.226261685179D-03 -0.197029242170D-03
 -0.196918523723D-03 -0.660760301204D-03 -0.206239630591D-03  0.544113402221D-04
  0.137599146878D-03  0.721829741271D-04  0.152844775185D-03 -0.887721008234D-05
  0.105075490627D-02  0.123043279034D-02  0.125179009310D-02  0.393785451772D-03
 -0.203798566755D-03 -0.179715314112D-03  0.434976564513D-03  0.124970385517D-02
 -0.567182746850D-03  0.369746367922D-03 -0.578355750186D-03 -0.195257785616D-03
 -0.357342886565D-04  0.245691504214D-03 -0.553137868286D-05 -0.181741046765D-03
 -0.204161314268D-03 -0.588956758443D-03 -0.351045525471D-03  0.326766477236D-03
  0.190039859404D-03  0.333978951091D+00  0.129197457784D-02  0.479228693934D-03
 -0.279646314794D-03 -0.289095990475D-03 -0.426972613203D-04 -0.130266775043D-03
  0.562491193659D-04  0.126727646160D-02  0.373766591571D-03 -0.581270987963D-03
 -0.303717319316D-03 -0.327013603523D-03  0.252344406626D-03 -0.271358114350D-03
 -0.212083786050D-02  0.375944359919D-03 -0.218049235998D-02 -0.200686126738D-03
  0.160618733419D-03  0.432576320214D-03 -0.156604222692D-03 -0.328696989879D-03
  0.109615595483D-03 -0.693539331954D-03  0.596620108943D-03  0.263613787959D-03
 -0.510290104619D-03 -0.489394037900D-04  0.930522094622D-05 -0.263179713617D-04
 -0.520469525934D-04  0.135679398401D-02  0.279784306928D-03 -0.146907438391D-03
 -0.512559059406D-03  0.953184789310D-04  0.740895686450D-02 -0.596839186141D-02
  0.936081707090D-03  0.288017766940D-03  0.849742020733D-04 -0.310281017540D-02
 -0.323344712459D-02 -0.330039274293D-02  0.121957529284D-02  0.133601129376D-03
  0.138671214428D-03 -0.584358057109D-03 -0.852443874830D-05 -0.308415258611D-02
 -0.346090902119D-02 -0.208982671599D-02  0.603327970620D-03 -0.229895019244D-02
 -0.788160468661D-03 -0.268609299595D-02 -0.259829591504D-02  0.152170603171D-03
  0.101701997759D-03  0.102758983642D-02 -0.948839314690D-03 -0.199568241962D-02
 -0.119628352474D-03  0.189199902026D-04 -0.252936329721D-03 -0.310980064497D-02
 -0.322906228301D-02 -0.285050269753D-02  0.126823856081D-02  0.211836862670D-03
 -0.327900316037D-03  0.118715335939D-03 -0.174020469840D-03 -0.153413111276D-03
  0.428549476351D+00 -0.697875502650D-02  0.716173682559D-03  0.675213612124D-03
  0.398119606060D-03 -0.300727794405D-02 -0.302717004477D-02 -0.330644219843D-02
  0.596894424356D-03 -0.329962859506D-04  0.750497418781D-03 -0.394115764481D-03
  0.299035843322D-03 -0.333274820778D-02 -0.335213129239D-02 -0.953788636952D-03
  0.462868708661D-03 -0.157587523137D-02 -0.687921388270D-03 -0.273411582988D-02
 -0.302021493917D-02  0.147843307470D-03  0.366080542422D-03  0.148637774793D-02
  0.603261855012D-04 -0.230018629060D-02 -0.279296164122D-03  0.579840747259D-03
 -0.289199535876D-03 -0.303758913058D-02 -0.319326160133D-02 -0.267683813279D-02
  0.635698484807D-03  0.266707720782D-03 -0.267161364711D-03  0.233124322097D-03
 -0.225705380631D-03 -0.144190093325D-03 -0.296399692302D-02  0.428399802538D+00
 -0.869534378203D-02  0.710775007173D-03  0.479268186697D-03  0.440467751023D-03
 -0.276675816206D-02 -0.303174260636D-02 -0.333678026933D-02  0.138570665272D-02
  0.203452796233D-03  0.900257923837D-03 -0.544753354862D-03  0.333079667541D-03
 -0.421234018064D-02 -0.368148534070D-02 -0.157877679712D-02 -0.869790669199D-04
 -0.320624585305D-02 -0.726051767498D-03 -0.366478350167D-02 -0.280181138511D-02
 -0.130889568191D-03  0.292809635034D-02  0.254314692477D-02  0.373875778938D-03
 -0.198403956632D-02 -0.642095805111D-03  0.181164022292D-03 -0.161898821866D-03
 -0.298866824936D-02 -0.326838693570D-02 -0.273318951966D-02  0.175322011101D-02
  0.111583329446D-02 -0.156429861445D-03 -0.899594584507D-03 -0.149058899187D-03
  0.912318350589D-04 -0.294138423977D-02 -0.297093818946D-02  0.425670516913D+00
 -0.428196257473D-03 -0.431667103238D-02  0.125297875972D-03  0.646018461822D-03
  0.617524667365D-03  0.132277916643D-02  0.982639260811D-03 -0.125532313031D-01
 -0.377823718865D-02  0.138711937310D-02  0.266654433479D-02  0.123883940391D-02
  0.329976807940D-02  0.446642861387D-02  0.192671502788D-01 -0.168003911035D-02
  0.246979607915D-01  0.263124274961D-02  0.566117077443D-03  0.754294958961D-03
  0.247377922560D-02  0.251931449680D-02 -0.825595899478D-02  0.542220425827D-03
  0.646049976865D-05 -0.227333325495D-02  0.109591238016D-02  0.169306411214D-02
  0.731429349141D-03  0.947508979898D-03  0.145407107066D-02 -0.136358168659D-01
 -0.456376382187D-02  0.179641226631D-02  0.463618378081D-02 -0.685980282422D-03
  0.126029570037D-02  0.119332929232D-02  0.550874377950D-03  0.167138154923D-02
  0.314679121839D+00  0.411175203413D-02 -0.603202850398D-03  0.669407057970D-04
 -0.122493642650D-03  0.791812075409D-05  0.520052625449D-03  0.598908241992D-03
 -0.320190326338D-02 -0.956855851146D-03 -0.299697528883D-03  0.647039259109D-03
 -0.283202431657D-05  0.294065372547D-02  0.145273800911D-02  0.418588124289D-02
  0.810705411079D-03  0.623145478433D-02  0.774707376576D-03  0.137653471105D-02
  0.116228345089D-02  0.738031150519D-03 -0.768383943920D-03 -0.336641672544D-02
 -0.192400247088D-03  0.252403634088D-02 -0.356146298942D-03  0.171616828438D-04
  0.570410207558D-03  0.387872288468D-03  0.203739764646D-03  0.112337272153D-02
 -0.357909570561D-02 -0.140229078120D-02  0.375685265410D-03  0.815375251989D-03
 -0.189167505493D-03  0.104798961850D-03 -0.119417559133D-04  0.172080471689D-03
  0.120161647672D-02 -0.341285541721D-02  0.321399353817D+00 -0.695301179189D-03
 -0.574485727854D-04 -0.474265056129D-04  0.227322756153D-04  0.390287919048D-04
 -0.431624752977D-04 -0.556085574070D-04  0.134759845319D-03  0.371409018554D-04
  0.644450540097D-04 -0.282883988951D-04  0.248311988329D-04 -0.429239413597D-03
 -0.803762092766D-04 -0.800172472516D-04 -0.427913625943D-03 -0.190871498208D-03
 -0.852721704242D-04 -0.233133739307D-03 -0.131897183916D-03 -0.804290427026D-04
  0.974480602799D-04  0.274630996548D-03 -0.946911806827D-04 -0.389039173501D-03
 -0.105020246797D-04 -0.105915031171D-05 -0.546760850123D-04 -0.629416830635D-04
  0.138212556699D-04 -0.149319058266D-03  0.144980760421D-03  0.884724131768D-04
 -0.334719348855D-04  0.364522928414D-04 -0.221887757861D-04  0.338057735292D-04
  0.582146943548D-04 -0.166077301261D-04 -0.137978990541D-03  0.192552774057D-03
  0.104403417947D-03  0.321697054336D+00  0.333377200112D-02  0.272715446206D-04
 -0.136591080000D-03 -0.275913452762D-03 -0.219551544619D-03  0.883310415340D-04
  0.259275279580D-03 -0.113225724889D-02 -0.343109339545D-03 -0.587211398886D-03
  0.210809441826D-03 -0.231017115897D-03  0.214412597767D-02  0.523460367502D-03
  0.125263851719D-02  0.987064804473D-03  0.226586979555D-02  0.444246182725D-03
  0.726188852441D-03  0.117992652587D-02  0.343486330388D-03  0.182648010906D-03
 -0.204844937949D-02 -0.335728350517D-03  0.279107756837D-02 -0.233222003761D-03
 -0.478452161833D-03  0.472350248930D-03  0.113452933765D-03 -0.199253645872D-03
  0.729290784989D-03 -0.119534146977D-02 -0.462055825196D-03  0.220546599043D-03
 -0.400493095957D-03 -0.411841044926D-04  0.597723217474D-04 -0.443587069399D-03
 -0.312657256162D-03  0.966124534254D-03 -0.119308886592D-02 -0.502791115536D-03
  0.397124594530D-04  0.332875105229D+00  0.159970849165D-02  0.288100459496D-03
 -0.200928200925D-03 -0.229900243121D-03  0.106946716222D-03  0.784369853465D-04
  0.225216965652D-03  0.702559068135D-03  0.211409003724D-03 -0.467231939879D-03
 -0.177462613531D-03 -0.251155308389D-03  0.442924179741D-03  0.595915157361D-04
 -0.132387281261D-02  0.152762015584D-04 -0.110047822982D-02 -0.174114319632D-03
  0.422434059356D-03  0.430773777470D-03 -0.123006477346D-03 -0.943822435659D-03
 -0.168213616568D-03 -0.688277185085D-03  0.532786804144D-03  0.271429182139D-03
 -0.303947202215D-03 -0.813243132107D-04  0.119190158631D-03  0.177228141035D-03
  0.120283803713D-03  0.668217335041D-03  0.363036321689D-04 -0.165584965734D-03
 -0.110529573906D-03  0.733903946429D-05 -0.105611683792D-03  0.665199702394D-04
  0.101931473289D-03  0.185607974677D-03  0.649890058124D-03 -0.138201468354D-03
  0.588698499654D-04 -0.208266715653D-03  0.333614910459D+00 -0.571435133892D-03
 -0.732067258381D-04 -0.326320300623D-03 -0.153391232683D-03 -0.103563026280D-03
 -0.264693389827D-03 -0.156498456285D-03  0.164939920264D-03  0.270903373773D-04
 -0.261950096187D-03 -0.695146402421D-04 -0.126394691106D-03 -0.413111431822D-03
 -0.150105115061D-03 -0.147510706876D-03 -0.725820269908D-03  0.115489237077D-03
 -0.111357296454D-03 -0.436294921123D-03  0.110007427594D-03 -0.626389969025D-04
  0.192157702302D-03 -0.184940547294D-03 -0.796762963314D-03 -0.148926330360D-03
 -0.461366071512D-04 -0.371612768116D-03  0.286476007798D-04 -0.247488655340D-03
 -0.126175397678D-03 -0.327719331329D-03  0.165254133530D-03  0.245634890785D-05
 -0.298222552831D-04 -0.142489186259D-06 -0.525556664760D-04  0.108932094025D-03
 -0.130625718098D-03 -0.326285090465D-03 -0.141628061222D-03  0.302023935263D-03
 -0.168741292218D-04  0.496808311857D-04  0.787208044766D-04  0.823789006843D-04
  0.254192980536D-01 -0.866685954781D-02 -0.103404153338D-02  0.639752666776D-03
  0.632835668139D-03 -0.369311698987D-02 -0.353367040710D-02 -0.392400466875D-02
 -0.512546534134D-02 -0.189736077101D-02  0.127478604998D-02  0.545265663315D-03
  0.801157595386D-03 -0.263692373826D-02 -0.234345426180D-02  0.759489054175D-02
 -0.179386216865D-03  0.979933081019D-02  0.259920740675D-03 -0.353730044055D-02
 -0.308695328161D-02  0.148761744271D-02  0.261774822351D-02 -0.252232039100D-02
 -0.637959072472D-03 -0.229915857547D-02 -0.165243951141D-02  0.687789127774D-03
  0.588516928988D-03 -0.374040878094D-02 -0.387910469293D-02 -0.288146976128D-02
 -0.556946071745D-02 -0.184108735492D-02  0.530538098102D-03  0.233675017153D-02
 -0.659055016114D-03  0.536908426986D-03 -0.349955465521D-02 -0.365565747327D-02
 -0.289666630084D-02 -0.503605419812D-02 -0.144747999665D-02  0.113390756458D-03
 -0.804402491917D-03  0.482634008680D-03 -0.799757408338D-04  0.402209796407D+00
 -0.386958849099D-02 -0.404277859030D-03 -0.110660083036D-02 -0.269005460021D-03
  0.575390767109D-03 -0.373505367992D-03 -0.138563995513D-03  0.133267815391D-02
  0.296593696257D-03 -0.342526528861D-03 -0.513442892676D-03 -0.193302161023D-03
 -0.262814692622D-02 -0.409815146272D-03 -0.126840754084D-02 -0.195219819858D-02
 -0.149575690401D-02 -0.398513771703D-03 -0.199238769683D-02  0.137831243734D-03
 -0.168240248006D-03  0.353556119384D-02  0.971346329656D-03 -0.201763816882D-02
 -0.236719574658D-02 -0.379658482727D-03 -0.127732026831D-02  0.492504735481D-04
 -0.848874306888D-04  0.300497297724D-03 -0.116277192497D-02  0.162473631758D-02
  0.549637822794D-03  0.967838982949D-04 -0.165319805349D-03  0.112888834649D-03
  0.535438834131D-03  0.531821121203D-03 -0.439380298963D-03 -0.500520063624D-03
  0.194008470205D-02  0.759956847905D-03  0.379799040396D-04  0.703593071035D-03
  0.483085890587D-03  0.751405923715D-03  0.167485572698D-02  0.406329521861D+00
  0.557763242381D-03  0.168362978327D-03  0.841265408395D-03  0.401595926835D-03
  0.708517202392D-04  0.417882166038D-03  0.836445906841D-04 -0.602107684258D-05
  0.468420335586D-04  0.738446107537D-03  0.118179208218D-03  0.288763956880D-03
 -0.495930131933D-03  0.107452166524D-03 -0.278075135555D-03 -0.345199775299D-02
 -0.454302972756D-03 -0.962741706559D-03  0.976478967036D-03 -0.867551667991D-03
 -0.966154907441D-03 -0.596465348098D-02  0.132327358247D-02  0.191657601637D-03
  0.310485974524D-03  0.657529085545D-03  0.149718961879D-02 -0.919433877558D-03
 -0.424344335072D-03  0.188718309320D-03  0.441729795747D-03 -0.580284690441D-03
  0.165083327507D-03 -0.965826525763D-03  0.932542455743D-03 -0.731647282120D-03
 -0.488545745630D-03  0.275602391345D-03  0.833817187318D-03 -0.318162941642D-03
 -0.274931885583D-03 -0.272847075566D-03  0.817027692328D-04 -0.105038170714D-02
 -0.158587789817D-04 -0.334535449104D-03  0.356336383126D-04 -0.194413903984D-02
  0.117253637637D-01 -0.138201609012D-01 -0.100162870686D-02  0.167603037183D-02
  0.142858207453D-02 -0.434093321407D-02 -0.413406475061D-02 -0.505169240056D-02
 -0.502247205691D-02 -0.189119157383D-02  0.281037710683D-02  0.546197075265D-03
  0.150875852052D-02 -0.504236689619D-02 -0.352151576217D-02  0.781022536377D-02
  0.312367996826D-03  0.850555879276D-02  0.242711952130D-04 -0.451184256751D-02
 -0.554926533272D-02  0.149075445699D-02  0.278353224952D-02 -0.694052336303D-04
  0.149841741033D-02 -0.560658178983D-02 -0.166725782484D-02  0.217790868450D-02
  0.118804845308D-03 -0.443952542793D-02 -0.458511359279D-02 -0.385226064817D-02
 -0.541849802062D-02 -0.153003414917D-02  0.449921703736D-03  0.300396143657D-02
 -0.627796471540D-03  0.339476498382D-03 -0.383695866838D-02 -0.372249991967D-02
 -0.453888517410D-02 -0.510749361703D-02 -0.963539099642D-03 -0.400417422274D-04
 -0.122829354757D-02  0.618380963774D-03 -0.712403064760D-03 -0.774484870321D-02
 -0.652858962850D-03  0.186498421238D-02  0.369734590027D+00 -0.149186902530D-01
 -0.115822004923D-02  0.146301836202D-02  0.138945538216D-02 -0.435366537047D-02
 -0.431048944366D-02 -0.520522307359D-02 -0.493034946251D-02 -0.188196457558D-02
  0.278674376969D-02  0.508610466979D-03  0.148624166699D-02 -0.583450756933D-02
 -0.365735102959D-02  0.787653941788D-02 -0.138826386305D-02  0.867403581271D-02
 -0.263195734173D-03 -0.503483056086D-02 -0.560098398992D-02  0.121378677499D-02
  0.247302535913D-02  0.147258373135D-03  0.769992589860D-03 -0.577984083400D-02
 -0.172464267665D-02  0.203836749469D-02  0.119290678989D-04 -0.477160140546D-02
 -0.467004141624D-02 -0.413353497425D-02 -0.539102101018D-02 -0.138800184320D-02
  0.281692782496D-03  0.307553216299D-02 -0.833263807105D-03  0.444598988316D-03
 -0.386333070163D-02 -0.393559166727D-02 -0.472130673670D-02 -0.483834149830D-02
 -0.856409016153D-03  0.452457035133D-05 -0.110440655028D-02  0.754998134750D-03
 -0.480204522324D-03 -0.771768706001D-02 -0.208485246689D-03  0.216105617439D-02
 -0.774630611229D-02  0.368225468224D+00 -0.849815818637D-02 -0.592776379520D-03
  0.124166426262D-03  0.614282056952D-03 -0.529704910668D-03 -0.918399772064D-03
 -0.122807558236D-02 -0.379868281066D-03 -0.131871338223D-03  0.129508519402D-02
  0.157333847023D-03  0.703332690558D-03 -0.217752187853D-02 -0.133577297795D-02
  0.224364887247D-02  0.567933316164D-02 -0.398581420325D-03  0.165576686097D-02
 -0.315404050902D-02 -0.139442803547D-02  0.133268134111D-02  0.119278703194D-01
  0.153321764935D-02  0.397908515198D-02 -0.352947395853D-02 -0.154812854617D-02
 -0.348122806213D-03  0.114873140456D-02  0.177687696709D-03 -0.106012909395D-02
 -0.129528835137D-02  0.863876069787D-03  0.750236422809D-03  0.173432040864D-02
 -0.177845842145D-02  0.124154014875D-02  0.764056495193D-03 -0.657516974627D-03
 -0.127761199947D-02 -0.859228920414D-03  0.921782260282D-04  0.197800151683D-02
 -0.509328935287D-03  0.262265070800D-02  0.185001721909D-03 -0.266155939245D-03
 -0.939826935267D-03 -0.121346464090D-02 -0.534334395450D-02 -0.334240428210D-02
 -0.476002191725D-02  0.370078885315D+00 -0.385921906858D-02 -0.850892580726D-03
  0.977533038113D-03  0.846482944499D-03 -0.132582521291D-03  0.133497010881D-03
 -0.433801614129D-03 -0.235104856928D-02 -0.682404107826D-03  0.167336156030D-02
  0.620673058099D-03  0.871750134513D-03 -0.119170713387D-02  0.152325104941D-03
  0.406811993861D-02 -0.117774681271D-02  0.359412450231D-02  0.186131658916D-03
 -0.481075164035D-03 -0.159816027504D-02  0.890338168451D-04 -0.113396962877D-03
  0.755476808102D-03  0.210524608750D-02 -0.168409390858D-02 -0.444555783415D-03
  0.161929642858D-02 -0.154313920340D-03 -0.315752106039D-03 -0.200317914636D-03
 -0.431588241687D-04 -0.256254889521D-02 -0.301279989139D-03  0.112255193765D-03
  0.107935152323D-02 -0.297540761396D-03  0.674032728602D-04  0.150062248458D-03
  0.314429093538D-03 -0.611152893107D-03 -0.239937791177D-02  0.222929779896D-04
 -0.115347898976D-03 -0.181428472662D-03  0.212875217079D-03 -0.436803648556D-03
 -0.131524063855D-02 -0.216591784154D-02  0.205541679539D-02 -0.455774689141D-03
 -0.789373626428D-03 -0.279265743845D-02  0.364364021453D+00 -0.878013583321D-02
 -0.251558411254D-02  0.235102985628D-02  0.206227913110D-02  0.188939504851D-02
  0.172371756088D-02  0.486484966237D-03 -0.416871479623D-02 -0.121398450400D-02
  0.397808890361D-02  0.874752188780D-03  0.211695374693D-02 -0.548552704348D-02
  0.223894170746D-02  0.586638437262D-02 -0.199904140689D-02  0.754431957614D-02
 -0.828419168573D-03  0.234927193797D-02 -0.751261020932D-02  0.105030338025D-02
 -0.126898851176D-01  0.287180123438D-02  0.189204413919D-02 -0.192662137626D-01
  0.225347900400D-02  0.609114421150D-02 -0.270374507699D-02  0.114320966770D-02
  0.369092909698D-02 -0.218719265738D-02 -0.608791408352D-02 -0.429163876785D-02
 -0.784534422298D-03  0.114053988298D-01 -0.208763984149D-03 -0.107376582537D-02
  0.486917688854D-02  0.530378386078D-02 -0.511240704933D-02 -0.579688096719D-02
 -0.425530690142D-02  0.416972258583D-03 -0.954997274377D-02  0.113383493798D-02
 -0.171402512879D-02  0.534957822495D-03 -0.338391603286D-02  0.124340297750D-01
  0.132025342548D-01  0.118466322699D-01 -0.176375526786D-01  0.523266016353D-02
  0.483700597783D+00 -0.919675848485D-04  0.682289291031D-04  0.107154613868D-04
 -0.146020906487D-04 -0.153800633357D-03 -0.145657621486D-03 -0.146721845924D-03
  0.122600020091D-03  0.286425340784D-04 -0.265067866623D-04 -0.317129990092D-04
 -0.273034140143D-04 -0.207496352906D-03 -0.157954626171D-03 -0.227961375453D-03
 -0.725292253488D-03 -0.151171728873D-03 -0.207788296093D-03 -0.621966986520D-04
 -0.947157977266D-04 -0.172733999850D-03 -0.839444497622D-03  0.102108383086D-03
 -0.314147237162D-03  0.168291618048D-03  0.752054591102D-04  0.511711788186D-04
 -0.118090801033D-03 -0.264478725414D-03 -0.155725416303D-03 -0.996223709551D-04
  0.424739410692D-04  0.531166804147D-04 -0.171802157627D-03  0.568690874346D-04
 -0.140524938707D-03 -0.439507841773D-04 -0.159340431584D-03 -0.125145479248D-03
 -0.134367954460D-03  0.130534338787D-03 -0.405753255250D-04  0.321255352978D-04
 -0.927687821377D-04  0.910962139859D-05  0.360617137798D-04 -0.160651562359D-03
  0.137523701846D-04  0.486287925732D-03 -0.181471917472D-03 -0.402820855097D-04
 -0.759466428197D-03  0.161176015136D-03  0.533448696185D-03  0.123599355244D-01
  0.276353540100D-01  0.342729824586D-02  0.835142037675D-03 -0.157181174673D-02
 -0.854172014064D-03  0.119891992722D-02  0.208307686795D-02  0.115286941380D-03
 -0.579673899245D-04 -0.373887370060D-02 -0.625621410640D-03 -0.186433843174D-02
  0.123733717837D-01  0.200854827846D-02 -0.600357940775D-02  0.684267549608D-02
 -0.739475077027D-03 -0.459259859946D-03  0.899495213756D-02  0.466025408793D-02
  0.667453767652D-03 -0.146572924033D-01 -0.737050459201D-02 -0.352135022158D-02
  0.128893789629D-01  0.232554306767D-02 -0.468102915621D-03 -0.154116926286D-03
  0.101527835712D-02  0.279927330983D-03  0.424562263449D-02 -0.128074694646D-02
 -0.247227964224D-02 -0.138656226961D-02  0.615253914447D-03 -0.503908155180D-03
 -0.195183769871D-02 -0.132325217024D-02  0.125417008407D-02  0.362218671438D-02
 -0.202821361060D-02 -0.454989811252D-02  0.607879942338D-03 -0.438086963137D-02
 -0.174956758227D-02 -0.102074244603D-02 -0.305875802901D-03  0.228636526730D-02
  0.264984824452D-02  0.666187009071D-02  0.690926629443D-02  0.705457324456D-02
  0.607600213224D-02  0.174368161903D-01 -0.287144758376D-03  0.626296634291D+00
 -0.219742141304D-01 -0.423150430134D-03  0.494224778882D-03  0.189193184672D-02
  0.192260538733D-02 -0.166621206307D-03 -0.136307098975D-02  0.629968605288D-02
  0.183885717294D-02  0.415749676112D-02 -0.129647210167D-02  0.166652716091D-02
 -0.123274266316D-01 -0.345393980241D-02 -0.521123052758D-02 -0.518039567343D-02
 -0.142248874077D-01 -0.159101100554D-02 -0.719085389578D-02 -0.422088003678D-02
 -0.216110783583D-02  0.130725655831D-01  0.130766856776D-01  0.458073596956D-02
 -0.936889809393D-02 -0.140943352288D-02  0.904176078051D-03 -0.107868733835D-02
 -0.125463068786D-03  0.180141393987D-03 -0.269793192485D-02  0.805998139320D-02
  0.558196229302D-02 -0.489060114354D-04 -0.340883982786D-02  0.462212357363D-03
  0.924248550689D-03  0.179830984939D-02  0.256626758876D-03 -0.278291040640D-02
  0.793798684910D-02  0.686964399757D-02 -0.868544766495D-03  0.508149569096D-02
  0.124171373999D-02  0.607972043700D-04  0.619418152832D-02 -0.403869397494D-02
 -0.104602330311D-02  0.118563681271D-02  0.308629023736D-03 -0.800545630735D-02
 -0.352137056258D-02 -0.111184741548D-01  0.195906447255D-03  0.331817784881D-01
  0.375469501693D+00 -0.476345404506D-03  0.161372221256D-04  0.774940916507D-03
  0.529875860637D-03  0.428146070199D-03  0.705714472853D-03  0.479048243269D-03
 -0.802442853972D-03 -0.159997889210D-03  0.877520940333D-03  0.265975723272D-03
  0.569124209666D-03  0.242861055364D-02  0.352314897242D-03  0.150159375268D-02
  0.131921011958D-01 -0.682139530321D-03  0.288545517267D-02  0.445072045055D-03
 -0.369713654205D-03  0.264432142880D-02  0.115510621509D-01 -0.271587972002D-03
  0.619809562831D-02 -0.287057543332D-02 -0.871650236197D-03  0.720624308959D-04
  0.150609931871D-02  0.253993155033D-02  0.472367674009D-03  0.531941493782D-03
  0.500722352786D-03 -0.433675092337D-03  0.236518119513D-02 -0.127071583334D-02
  0.218321630415D-02  0.190489655731D-03  0.508863996640D-03  0.681623606301D-03
  0.540900616707D-03 -0.128729664468D-02  0.785896641229D-03 -0.576605805999D-03
  0.110773634710D-02 -0.425647433344D-03 -0.120211535812D-02  0.242967366479D-03
 -0.219210074123D-02 -0.628758796866D-02  0.178820872642D-02 -0.889899932766D-03
  0.121494724015D-01 -0.970581695532D-03 -0.306847761586D-02 -0.134769065346D-02
  0.437427229805D-02 -0.220829744926D-02  0.316265865982D-01 -0.588748447236D-02
  0.120212953852D-02  0.796186755830D-03  0.220527659128D-03 -0.401620763794D-02
 -0.402064051019D-02 -0.420206067059D-02  0.745017362508D-03 -0.145117848197D-03
  0.334818288984D-03 -0.780934247459D-03  0.648838961648D-04 -0.390768526324D-02
 -0.404467699148D-02 -0.238764343393D-02 -0.116533145527D-02 -0.124253163714D-02
 -0.179349241228D-02 -0.225799947909D-02 -0.399639719710D-02  0.475860461675D-04
 -0.538365309760D-02  0.855403282637D-03 -0.258374373607D-02 -0.339047495137D-02
  0.465112894684D-03  0.947807101780D-03 -0.101670347753D-02 -0.434941794341D-02
 -0.383719347771D-02 -0.365959222255D-02  0.604375581324D-04 -0.672123213029D-03
 -0.114719864144D-02  0.236558600814D-02 -0.802645739927D-03 -0.598349979377D-03
 -0.366034369570D-02 -0.312036594488D-02 -0.431653701852D-02  0.286029479134D-03
 -0.141286702302D-02  0.319886018110D-03 -0.281113713611D-02  0.172406072317D-03
 -0.367103569364D-03 -0.465531540941D-02  0.110091099652D-02  0.376136783347D-02
 -0.258765901040D-02 -0.231724833400D-02 -0.513223666680D-02  0.181146595200D-02
  0.275801141396D-01  0.747112042375D-04 -0.177611027131D-02  0.578587425224D-02
 -0.357137698588D-02  0.372270956313D+00 -0.106238544153D-01 -0.222484162750D-02
  0.120197625209D-02  0.183201963931D-02  0.275739580609D-02  0.205446587079D-02
  0.859190453988D-03 -0.179381050281D-02 -0.504055436063D-03  0.385248462911D-02
  0.457431502274D-03  0.184359367722D-02 -0.613276960752D-02  0.124482089810D-02
  0.471412576124D-02 -0.820796400532D-02  0.217682059970D-02 -0.108514109731D-02
 -0.165349284085D-02 -0.292732577064D-02 -0.126216763767D-02  0.161584555858D-04
  0.558561267138D-02  0.246343844638D-02 -0.684183092764D-02 -0.577584361588D-03
  0.296936442534D-02 -0.130139164144D-02  0.850926478163D-03  0.228615320229D-02
  0.687010672632D-06 -0.216962130298D-02  0.926098444993D-03 -0.532627070319D-03
  0.250632520652D-02 -0.841141493628D-03  0.403957347163D-03  0.349918023896D-02
  0.286659523039D-02 -0.101115962167D-02 -0.129068833413D-02  0.158424473336D-02
 -0.218581227635D-03 -0.790930920008D-04  0.113121330435D-02 -0.233475529662D-03
  0.338482809607D-02 -0.311515921957D-02  0.542838463370D-02  0.415861008808D-02
  0.411480077055D-02 -0.128335064335D-01 -0.253228580529D-03  0.211465767842D-01
  0.818372075353D-03  0.231946594783D-01 -0.178762275210D-01 -0.100189748173D-01
  0.130162892980D-01  0.365064488329D+00  0.122539811648D-01 -0.611838887417D-02
 -0.124772576280D-03 -0.252373820461D-03 -0.180565637705D-02  0.356413289846D-03
  0.642954161675D-03 -0.244645290169D-01 -0.769783667800D-02 -0.611659452537D-03
  0.433767917621D-02  0.813531539380D-03  0.120431541231D-01  0.771817703526D-02
  0.335395436767D-01  0.126998423905D-02  0.493068035904D-01  0.449479873803D-02
  0.413141247682D-02  0.322316517815D-02  0.599812657702D-02 -0.292495771241D-02
 -0.224096631618D-01 -0.453596202168D-02  0.590796127445D-02 -0.333741601830D-02
  0.530992670351D-03  0.347418918138D-02 -0.489859921877D-03 -0.402298559535D-03
  0.262544180145D-02 -0.275290740489D-01 -0.113428553977D-01  0.271966584418D-02
  0.104230679367D-01 -0.173171006115D-02  0.152457535344D-02 -0.940604317751D-03
 -0.109479886178D-02  0.325258870592D-02 -0.253850188432D-01 -0.105170969317D-01
  0.102009575154D-02 -0.592963897705D-02  0.452349533929D-03  0.518760757331D-03
 -0.131978184724D-01  0.901544996193D-02 -0.591071179204D-03 -0.103435637955D-01
 -0.917490124929D-02  0.519753731626D-02 -0.228775727275D-02  0.245507578538D-02
 -0.142547756224D-03 -0.245327652412D-01  0.415882422934D-01  0.431561982669D-04
 -0.408987496651D-02  0.152142060049D-01  0.389126419338D+00  0.121593608723D-01
  0.350467430501D-02 -0.913266101740D-03 -0.200271448478D-02 -0.374347363921D-02
 -0.334986392147D-02 -0.204440214720D-02  0.374458843952D-02  0.767911522404D-03
 -0.431252075644D-02 -0.168501419912D-02 -0.218802948606D-02  0.462057103591D-02
 -0.267842921758D-02 -0.973346623878D-02  0.790155497103D-02 -0.557751702499D-02
 -0.797914260326D-03  0.231862005943D-02  0.126778589727D-02  0.129166367142D-02
 -0.642038969502D-02 -0.497527890680D-02 -0.610977439297D-02  0.386200827325D-02
  0.174956880022D-02 -0.261062056616D-02  0.795741449471D-04 -0.221583696757D-02
 -0.285702102223D-02 -0.161240056041D-02  0.333227046452D-02 -0.178211651593D-02
 -0.743748308407D-03  0.391313700050D-03  0.373902077691D-03 -0.117269927923D-02
 -0.402694302465D-02 -0.299560399976D-02 -0.117411392786D-02  0.252199596954D-02
 -0.335971683606D-02  0.626185317148D-03 -0.368660569275D-02 -0.100013372782D-02
 -0.581560016819D-04 -0.282380923183D-02  0.584269696688D-02 -0.199561112780D-02
  0.193355586802D-03  0.468853161106D-03  0.786957502402D-02  0.240224015024D-02
  0.187933242995D-01 -0.778645124402D-03 -0.235064839263D-01  0.248529815880D-01
  0.753345665103D-02 -0.625145116100D-02  0.170834502727D-01 -0.125485527100D-01
  0.377757098674D+00  0.199645190468D-02  0.104843031268D-02 -0.110283366576D-02
 -0.493323468407D-03  0.287121888751D-02  0.175832225201D-02  0.217340991405D-02
  0.574942069752D-02  0.175283502396D-02 -0.910116041738D-03 -0.140651439450D-02
 -0.607184745849D-03 -0.231729814864D-03  0.362145882685D-03 -0.822930690511D-02
  0.505950548993D-02 -0.113381305923D-01  0.223480706439D-03  0.172868968626D-03
  0.198718637774D-02  0.288869556545D-04  0.815110791945D-02  0.334252474756D-02
  0.602048481523D-03 -0.157703279991D-02  0.228945532844D-03 -0.210365161209D-02
  0.251863876805D-03  0.316290563092D-02  0.251134889660D-02  0.679201042378D-03
  0.706145521627D-02  0.212940876012D-02  0.609658010347D-03 -0.287448979831D-02
  0.154848438752D-02  0.178780047327D-03  0.252833973719D-02  0.179526718490D-02
  0.143113650189D-02  0.604307707966D-02  0.248152665205D-02 -0.319705928508D-03
  0.192146538800D-02 -0.613987778087D-04  0.182964203029D-03  0.714993224926D-02
  0.140012768889D-02 -0.549466783717D-02  0.588036457148D-02  0.500796780470D-02
  0.550668815149D-02 -0.182354954302D-02 -0.536505156453D-02 -0.643331945830D-03
  0.595124189537D-02 -0.728851733745D-02  0.966947557871D-02  0.223718259250D-02
 -0.829270934112D-02  0.214063567937D-01  0.113659564814D-01  0.381021222226D+00
$end
