$coord
    5.35633347957753     -1.21212962990054      0.88049149214399      c
    4.87600467124268      0.59464177196604     -0.44012046289856      o
    3.56505334957022     -2.67542059260705      1.95326370490162      o
    1.93800030566808     -1.98132609829072      1.44724958023159      h
    7.95590717751777     -2.12193795532490      1.54218081344523      c
    9.35125414449588     -0.91714289300775      0.65240265150475      h
    8.19441048784795     -2.09953576980450      3.58315178964764      h
    8.18697749009947     -4.06428265444507      0.91245919166959      h
$user-defined bonds
$frag
 atom   1 fragment  1 symmetry  c1
 atom   2 fragment  1
 atom   3 fragment  1
 atom   4 fragment  1
 atom   5 fragment  2 symmetry  c1
 atom   6 fragment  2
 atom   7 fragment  2
 atom   8 fragment  2
   iteration     5
$redundant
     number_of_atoms             8
     degrees_of_freedom         18
     internal_coordinates       18
     frozen_coordinates          0
# definitions of redundant internals
   1 k  1.0000000000000 stre    1    2           val=   2.28892
   2 k  0.7071067812346 bend    3    2    1      val=  -1.13023
       -0.7071067811385 bend    5    2    1
   3 k  1.0000000000000 outp    2    5    3    1 val=  -0.00248
   4 k  1.0000000000000 tors    4    3    1    5 val= 180.01839
   5 k  1.0000000000000 stre    3    4           val=   1.83987
   6 k  1.0000000000000 bend    1    4    3      val= 106.80191
   7 k  1.0000000000000 tors    6    5    1    3 val=  59.83132
        1.0000000000000 tors    8    5    1    3
        1.0000000000000 tors    7    5    1    3
   8 k  1.0000000000000 stre    5    6           val=   2.04701
   9 k  1.0000000000000 stre    5    8           val=   2.05491
  10 k  1.0000000000000 stre    5    7           val=   2.05498
  11 k  0.4399925181162 bend    8    6    5      val=   0.11597
        0.4393770116720 bend    7    6    5
        0.3425906874159 bend    7    8    5
       -0.3799709460368 bend    1    6    5
       -0.4192614788680 bend    1    8    5
       -0.4193184219863 bend    1    7    5
  12 k -0.3038381933106 bend    8    6    5      val=   0.43620
       -0.3081769917347 bend    7    6    5
        0.7281023249771 bend    7    8    5
       -0.4620065579581 bend    1    6    5
        0.1872253546674 bend    1    8    5
        0.1845884757708 bend    1    7    5
  13 k -0.6478945621631 bend    8    6    5      val=   0.00844
        0.6459639923043 bend    7    6    5
        0.0029847734792 bend    7    8    5
       -0.0014311519085 bend    1    6    5
       -0.2850785529270 bend    1    8    5
        0.2858013620652 bend    1    7    5
  14 k  0.2117344056971 bend    8    6    5      val=   1.28204
        0.2139809277253 bend    7    6    5
       -0.4360858222225 bend    7    8    5
       -0.6836633145968 bend    1    6    5
        0.3565389753499 bend    1    8    5
        0.3531207881185 bend    1    7    5
  15 k  0.2858641111980 bend    8    6    5      val=   0.01036
       -0.2850174686943 bend    7    6    5
       -0.0009313474938 bend    7    8    5
       -0.0020927813322 bend    1    6    5
       -0.6457534598481 bend    1    8    5
        0.6481079959547 bend    1    7    5
  16 k  1.0000000000000 stre    1    3           val=   2.54966
  17 k  1.0000000000000 stre    1    5           val=   2.83255
  18 k  1.0000000000000 bend    5    3    1      val= 111.23184
        18 non zero eigenvalues  of BmBt
           1           4.133844809    1    0
         1
           2           3.813706544    2    0
         2
           3           3.705578881    3    0
         3
           4           2.833646396    4    0
         4
           5           2.469871757    5    0
         5
           6           2.420893757    6    0
         6
           7           1.785637551    7    0
         7
           8           1.187322039    8    0
         8
           9           0.883394423    9    0
         9
          10           0.876211554   10    0
        10
          11           0.711200286   11    0
        11
          12           0.706493187   12    0
        12
          13           0.466400562   13    0
        13
          14           0.295234664   14    0
        14
          15           0.293525427   15    0
        15
          16           0.275987324   16    0
        16
          17           0.237407064   17    0
        17
          18           0.110998511   18    0
        18
$end
