$coord
    2.28799599708021      0.05418936706743      0.62306370653891      n
    1.15638950443559     -2.18915136970223      0.28998180856820      c
    2.36495050180748     -3.83524341384183      0.41440361270341      h
   -1.41977768090558     -2.47298927043157     -0.16787206545932      c
   -2.21176527446938     -4.34045397404782     -0.40323581691767      h
   -2.92504598624781     -0.32114056546919     -0.29567961253832      c
   -4.93409902130343     -0.46478701275769     -0.64015558210192      h
   -1.78318785972339      2.02320904910611      0.03746022632535      c
   -2.87014308315905      3.75016204928351     -0.02200402400365      h
    0.80827095924948      2.10913964336047      0.48631873750895      c
    1.74741938615206      3.90805140589927      0.75125681633053      h
$redundant
     number_of_atoms            11
     degrees_of_freedom         27
     internal_coordinates       27
     frozen_coordinates          0
# definitions of redundant internals
   1 k  1.0000000000000 stre    2    3           val=   2.04590
   2 k -0.7071063032652 bend    1    3    2      val=   2.00243
        0.7071072591076 bend    4    3    2
   3 k  1.0000000000000 outp    3    4    1    2 val=  -0.56353
   4 k  1.0000000000000 stre    4    5           val=   2.04207
   5 k  0.7071070153048 bend    6    5    4      val=   0.74984
       -0.7071065470682 bend    2    5    4
   6 k  1.0000000000000 outp    5    2    6    4 val=   0.35091
   7 k  1.0000000000000 stre    6    7           val=   2.04343
   8 k -0.7071067773157 bend    8    7    6      val=   0.08167
        0.7071067850574 bend    4    7    6
   9 k  1.0000000000000 outp    7    4    8    6 val=   0.14397
  10 k  1.0000000000000 stre    8    9           val=   2.04141
  11 k  0.7071075238368 bend    6    9    8      val=   0.59120
       -0.7071060385355 bend   10    9    8
  12 k  1.0000000000000 outp    9   10    6    8 val=  -0.69979
  13 k  1.0000000000000 stre   10   11           val=   2.04653
  14 k -0.7071067765719 bend    1   11   10      val=   2.11645
        0.7071067858012 bend    8   11   10
  15 k  1.0000000000000 outp   11    8    1   10 val=   0.05024
  16 k  1.0000000000000 stre    1    2           val=   2.53457
  17 k  1.0000000000000 stre    2    4           val=   2.63189
  18 k  1.0000000000000 stre    4    6           val=   2.62919
  19 k  1.0000000000000 stre    6    8           val=   2.62884
  20 k  1.0000000000000 stre    8   10           val=   2.63145
  21 k  1.0000000000000 stre   10    1           val=   2.53596
  22 k -0.5000000000000 bend    1    4    2      val=  -1.84466
       -0.5000000000000 bend    2    6    4
        1.0000000000000 bend    4    8    6
       -0.5000000000000 bend    6   10    8
       -0.5000000000000 bend    8    1   10
        1.0000000000000 bend   10    2    1
  23 k  0.8660254037844 bend    1    4    2      val=  -0.06930
       -0.8660254037844 bend    2    6    4
        0.8660254037844 bend    6   10    8
       -0.8660254037844 bend    8    1   10
  24 k -1.0000000000000 bend    1    4    2      val=  -1.98980
        1.0000000000000 bend    2    6    4
       -1.0000000000000 bend    4    8    6
        1.0000000000000 bend    6   10    8
       -1.0000000000000 bend    8    1   10
        1.0000000000000 bend   10    2    1
  25 k -0.5000000000000 tors    2    4    6    8 val=   0.00308
       -0.5000000000000 tors    4    6    8   10
        1.0000000000000 tors    6    8   10    1
       -0.5000000000000 tors    8   10    1    2
       -0.5000000000000 tors   10    1    2    4
        1.0000000000000 tors    1    2    4    6
  26 k  0.8660254037844 tors    2    4    6    8 val=   0.19131
       -0.8660254037844 tors    4    6    8   10
        0.8660254037844 tors    8   10    1    2
       -0.8660254037844 tors   10    1    2    4
  27 k -1.0000000000000 tors    2    4    6    8 val=   0.10518
        1.0000000000000 tors    4    6    8   10
       -1.0000000000000 tors    6    8   10    1
        1.0000000000000 tors    8   10    1    2
       -1.0000000000000 tors   10    1    2    4
        1.0000000000000 tors    1    2    4    6
        27 non zero eigenvalues  of BmBt
           1          10.745374224    1    0
         1
           2           5.374492768    2    0
         2
           3           4.315680802    3    0
         3
           4           4.258491791    4    0
         4
           5           4.215841036    5    0
         5
           6           3.559427991    6    0
         6
           7           3.413123880    7    0
         7
           8           3.065754542    8    0
         8
           9           3.040635584    9    0
         9
          10           2.405184157   10    0
        10
          11           1.922019322   11    0
        11
          12           1.754683178   12    0
        12
          13           1.733031228   13    0
        13
          14           1.169932430   14    0
        14
          15           1.015008719   15    0
        15
          16           0.792393716   16    0
        16
          17           0.695852219   17    0
        17
          18           0.437276314   18    0
        18
          19           0.387303003   19    0
        19
          20           0.360261089   20    0
        20
          21           0.326261815   21    0
        21
          22           0.300546192   22    0
        22
          23           0.286367778   23    0
        23
          24           0.279757027   24    0
        24
          25           0.269266793   25    0
        25
          26           0.129622920   26    0
        26
          27           0.110200891   27    0
        27
$user-defined bonds
$frag
 atom   1 fragment  1 symmetry  c1
 atom   2 fragment  1
 atom   3 fragment  1
 atom   4 fragment  1
 atom   5 fragment  1
 atom   6 fragment  1
 atom   7 fragment  1
 atom   8 fragment  1
 atom   9 fragment  1
 atom  10 fragment  1
 atom  11 fragment  1
   iteration     4
$end
