$coord
    2.59306506161938      1.91330493181624      1.83459277391552      c
    1.79935231061271      3.80600206378212      1.95230865999077      h
    3.68009367256941      1.75086073428732      0.09584266891452      h
    3.87715504503074      1.60971628061930      3.40708639324054      h
    0.61744356086422     -0.14673207715595      1.86742502881609      c
    1.16940273684284     -2.36684665111949      2.21340080031205      o
   -1.79529433161221      0.65174159317813      1.46248723761575      n
   -2.08752671707728      2.49826612624258      1.14538598632204      h
   -3.89256068772975     -1.09106919124202      1.28530382253665      c
   -3.15462568852506     -2.96081535554932      1.69543252512813      h
   -5.35660212304458     -0.62621806007664      2.65253561796449      h
   -4.70725205576640     -1.09400937833765     -0.60459757866837      h
$redundant
     number_of_atoms            12
     degrees_of_freedom         30
     internal_coordinates       30
     frozen_coordinates          0
# definitions of redundant internals
   1 k  1.0000000000000 tors    4    1    5    7 val= 134.38408
        1.0000000000000 tors    2    1    5    7
        1.0000000000000 tors    3    1    5    7
   2 k  1.0000000000000 stre    1    4           val=   2.05275
   3 k  1.0000000000000 stre    1    2           val=   2.05576
   4 k  1.0000000000000 stre    1    3           val=   2.05701
   5 k  0.4527159007033 bend    2    4    1      val=   0.58951
        0.3360995962820 bend    3    4    1
        0.4435766681895 bend    3    2    1
       -0.4143670717493 bend    5    4    1
       -0.3795603711426 bend    5    2    1
       -0.4117753860728 bend    5    3    1
   6 k -0.1886447342975 bend    2    4    1      val=   1.96514
        0.7135038460932 bend    3    4    1
       -0.3817965035396 bend    3    2    1
        0.2632203832545 bend    5    4    1
       -0.4716314943155 bend    5    2    1
        0.1335500622466 bend    5    3    1
   7 k -0.6990359481434 bend    2    4    1      val=   0.43919
        0.1351808164014 bend    3    4    1
        0.5969224144142 bend    3    2    1
       -0.2396397035076 bend    5    4    1
       -0.0546144869297 bend    5    2    1
        0.2763124889873 bend    5    3    1
   8 k -0.1220605748952 bend    2    4    1      val=   1.19393
        0.4516905500285 bend    3    4    1
       -0.2969959007260 bend    3    2    1
       -0.4910893219866 bend    5    4    1
        0.6457049300232 bend    5    2    1
       -0.1864583578115 bend    5    3    1
   9 k  0.2929481847875 bend    2    4    1      val=   0.03390
       -0.0899620761872 bend    3    4    1
       -0.2095424014824 bend    3    2    1
       -0.5417630800780 bend    5    4    1
       -0.1785389791129 bend    5    2    1
        0.7326641562547 bend    5    3    1
  10 k  1.0000000000000 stre    5    6           val=   2.31371
  11 k  0.7071096480279 bend    7    6    5      val=   0.53708
       -0.7071039143336 bend    1    6    5
  12 k  1.0000000000000 outp    6    1    7    5 val=  -0.49318
  13 k  1.0000000000000 stre    7    8           val=   1.89621
  14 k  0.7071649236673 bend    5    8    7      val=  -0.61169
       -0.7070486339246 bend    9    8    7
  15 k  1.0000000000000 outp    8    9    5    7 val=  -4.25597
  16 k  1.0000000000000 tors   10    9    7    5 val= 124.94914
        1.0000000000000 tors   11    9    7    5
        1.0000000000000 tors   12    9    7    5
  17 k  1.0000000000000 stre    9   10           val=   2.05151
  18 k  1.0000000000000 stre    9   11           val=   2.05641
  19 k  1.0000000000000 stre    9   12           val=   2.05802
  20 k  0.3886633076339 bend   11   10    9      val=   0.28380
        0.3848589187511 bend   12   10    9
        0.4558091610407 bend   12   11    9
       -0.4170847115988 bend    7   10    9
       -0.3985913243745 bend    7   11    9
       -0.4002845914498 bend    7   12    9
  21 k  0.2998402275246 bend   11   10    9      val=   1.62678
        0.4518753392645 bend   12   10    9
       -0.6582336869800 bend   12   11    9
        0.4082978677187 bend    7   10    9
       -0.2723687291787 bend    7   11    9
       -0.1781601965344 bend    7   12    9
  22 k  0.6859431798323 bend   11   10    9      val=   0.35128
       -0.5864346084410 bend   12   10    9
       -0.0905067754713 bend   12   11    9
        0.0429899389039 bend    7   10    9
        0.2731669799345 bend    7   11    9
       -0.3176737223701 bend    7   12    9
  23 k  0.1831596966158 bend   11   10    9      val=   1.38746
        0.2553441723735 bend   12   10    9
       -0.4163263448822 bend   12   11    9
       -0.7003598447853 bend    7   10    9
        0.3939660435783 bend    7   11    9
        0.2867247775255 bend    7   12    9
  24 k  0.3113591396611 bend   11   10    9      val=   0.35108
       -0.2825383027262 bend   12   10    9
       -0.0274725207827 bend   12   11    9
       -0.0694094182454 bend    7   10    9
       -0.6038836006980 bend    7   11    9
        0.6730377282967 bend    7   12    9
  25 k  1.0000000000000 tors    1    5    7    9 val= 176.28502
  26 k  1.0000000000000 stre    5    1           val=   2.85445
  27 k  1.0000000000000 bend    7    1    5      val= 115.03411
  28 k  1.0000000000000 stre    7    9           val=   2.73264
  29 k  1.0000000000000 bend    5    9    7      val= 122.13175
  30 k  1.0000000000000 stre    5    7           val=   2.57349
        30 non zero eigenvalues  of BmBt
           1           7.171300966    1    0
         1
           2           4.331700141    2    0
         2
           3           3.939180667    3    0
         3
           4           3.844334625    4    0
         4
           5           3.525771814    5    0
         5
           6           3.424556347    6    0
         6
           7           2.840904363    7    0
         7
           8           2.833172987    8    0
         8
           9           2.443327564    9    0
         9
          10           2.150707417   10    0
        10
          11           1.437649188   11    0
        11
          12           1.328320912   12    0
        12
          13           0.888222413   13    0
        13
          14           0.875917751   14    0
        14
          15           0.708945913   15    0
        15
          16           0.706610627   16    0
        16
          17           0.703786091   17    0
        17
          18           0.701673875   18    0
        18
          19           0.624433680   19    0
        19
          20           0.455559187   20    0
        20
          21           0.358169660   21    0
        21
          22           0.335521411   22    0
        22
          23           0.308420468   23    0
        23
          24           0.301315456   24    0
        24
          25           0.268778953   25    0
        25
          26           0.257287985   26    0
        26
          27           0.233036366   27    0
        27
          28           0.085067933   28    0
        28
          29           0.055313867   29    0
        29
          30           0.037033318   30    0
        30
$user-defined bonds
$frag
 atom   1 fragment  1 symmetry  c1
 atom   2 fragment  1
 atom   3 fragment  1
 atom   4 fragment  1
 atom   5 fragment  1
 atom   6 fragment  1
 atom   7 fragment  1
 atom   8 fragment  1
 atom   9 fragment  1
 atom  10 fragment  1
 atom  11 fragment  1
 atom  12 fragment  1
   iteration     4
$end
