$basis
*
fe cc-pVQZ
#
*
  21  s
  13277140.000      0.19765110000E-05
  1987888.0000      0.15369120000E-04
  452387.10000      0.80855710000E-04
  128143.70000      0.34152530000E-03
  41809.170000      0.12438830000E-02
  15095.330000      0.40475470000E-02
  5888.4380000      0.11988480000E-01
  2442.8760000      0.32373580000E-01
  1065.8570000      0.78548280000E-01
  484.90960000      0.16373960000
  228.45850000      0.26873350000
  110.74530000      0.28963170000
  54.431160000      0.15542350000
  25.010960000      0.62843310000E-01
  12.592620000      0.99279720000E-01
  6.3232020000      0.69314440000E-01
  2.8833840000      0.88856660000E-02
  1.3828680000     -0.27762000000E-03
 0.63220100000      0.12715900000E-05
 0.14923800000     -0.15377590000E-04
 0.68494000000E-01  0.25523390000E-04
  21  s
  13277140.000     -0.10201850000E-05
  1987888.0000     -0.79353470000E-05
  452387.10000     -0.41733090000E-04
  128143.70000     -0.17642490000E-03
  41809.170000     -0.64263790000E-03
  15095.330000     -0.20974400000E-02
  5888.4380000     -0.62387500000E-02
  2442.8760000     -0.17074920000E-01
  1065.8570000     -0.42485700000E-01
  484.90960000     -0.93922940000E-01
  228.45850000     -0.17305540000
  110.74530000     -0.23866260000
  54.431160000     -0.16239710000
  25.010960000      0.18693450000
  12.592620000      0.54956860000
  6.3232020000      0.37231180000
  2.8833840000      0.50570650000E-01
  1.3828680000     -0.40726450000E-02
 0.63220100000     -0.27321990000E-03
 0.14923800000     -0.26122960000E-03
 0.68494000000E-01  0.25473930000E-03
  21  s
  13277140.000      0.23403220000E-06
  1987888.0000      0.18217270000E-05
  452387.10000      0.95713150000E-05
  128143.70000      0.40526520000E-04
  41809.170000      0.14745310000E-03
  15095.330000      0.48303330000E-03
  5888.4380000      0.14386090000E-02
  2442.8760000      0.39839150000E-02
  1065.8570000      0.10063550000E-01
  484.90960000      0.23206100000E-01
  228.45850000      0.45667800000E-01
  110.74530000      0.71693220000E-01
  54.431160000      0.54210180000E-01
  25.010960000     -0.91637760000E-01
  12.592620000     -0.36932190000
  6.3232020000     -0.36160330000
  2.8833840000      0.27341910000
  1.3828680000      0.68890900000
 0.63220100000      0.32941790000
 0.14923800000      0.15586870000E-01
 0.68494000000E-01 -0.41610490000E-02
  21  s
  13277140.000     -0.50622970000E-07
  1987888.0000     -0.39405860000E-06
  452387.10000     -0.20703400000E-05
  128143.70000     -0.87664060000E-05
  41809.170000     -0.31895370000E-04
  15095.330000     -0.10449110000E-03
  5888.4380000     -0.31121130000E-03
  2442.8760000     -0.86201810000E-03
  1065.8570000     -0.21781290000E-02
  484.90960000     -0.50269700000E-02
  228.45850000     -0.99081130000E-02
  110.74530000     -0.15613570000E-01
  54.431160000     -0.11877310000E-01
  25.010960000      0.20312460000E-01
  12.592620000      0.85602910000E-01
  6.3232020000      0.87027170000E-01
  2.8833840000     -0.77581970000E-01
  1.3828680000     -0.22149190000
 0.63220100000     -0.21962630000
 0.14923800000      0.28698930000
 0.68494000000E-01  0.59274340000
  21  s
  13277140.000     -0.99579520000E-07
  1987888.0000     -0.79255060000E-06
  452387.10000     -0.40316350000E-05
  128143.70000     -0.17809380000E-04
  41809.170000     -0.61420100000E-04
  15095.330000     -0.21473000000E-03
  5888.4380000     -0.59125440000E-03
  2442.8760000     -0.17971930000E-02
  1065.8570000     -0.40610890000E-02
  484.90960000     -0.10734190000E-01
  228.45850000     -0.17734640000E-01
  110.74530000     -0.35863380000E-01
  54.431160000     -0.13740020000E-01
  25.010960000      0.16453240000E-01
  12.592620000      0.23227490000
  6.3232020000      0.92568020000E-01
  2.8833840000     -0.33229570000E-01
  1.3828680000     -0.98602900000
 0.63220100000      0.40464450000
 0.14923800000       1.6888890000
 0.68494000000E-01 -0.84790930000
  21  s
  13277140.000     -0.16780130000E-06
  1987888.0000     -0.13370040000E-05
  452387.10000     -0.67902490000E-05
  128143.70000     -0.30058710000E-04
  41809.170000     -0.10338990000E-03
  15095.330000     -0.36263650000E-03
  5888.4380000     -0.99473590000E-03
  2442.8760000     -0.30381340000E-02
  1065.8570000     -0.68310950000E-02
  484.90960000     -0.18191720000E-01
  228.45850000     -0.29875750000E-01
  110.74530000     -0.61290760000E-01
  54.431160000     -0.23025940000E-01
  25.010960000      0.27016710000E-01
  12.592620000      0.42299670000
  6.3232020000      0.21530880000
  2.8833840000     -0.43431640000
  1.3828680000      -1.9503480000
 0.63220100000       2.7202330000
 0.14923800000     -0.61232410000
 0.68494000000E-01  -1.4683290000
  21  s
  13277140.000     -0.19791900000E-06
  1987888.0000     -0.14544580000E-05
  452387.10000     -0.82968920000E-05
  128143.70000     -0.31476780000E-04
  41809.170000     -0.13125050000E-03
  15095.330000     -0.36318510000E-03
  5888.4380000     -0.13211030000E-02
  2442.8760000     -0.28743450000E-02
  1065.8570000     -0.96556670000E-02
  484.90960000     -0.15650780000E-01
  228.45850000     -0.48182100000E-01
  110.74530000     -0.38019450000E-01
  54.431160000     -0.97896640000E-01
  25.010960000      0.19908980000
  12.592620000      0.20200130000
  6.3232020000      0.97760640000
  2.8833840000      -3.0035790000
  1.3828680000       1.8016620000
 0.63220100000      0.97479710000
 0.14923800000      -3.8975570000
 0.68494000000E-01   5.2279090000
   1  s
 0.30381000000E-01   1.0000000000
  17  p
  38282.050000      0.11000000000E-04
  9061.5560000      0.97000000000E-04
  2944.4500000      0.56600000000E-03
  1128.1580000      0.25750000000E-02
  480.33800000      0.96760000000E-02
  220.13680000      0.30644000000E-01
  106.54820000      0.81553000000E-01
  53.742620000      0.17524500000
  27.863180000      0.28846500000
  14.743820000      0.33073400000
  7.8933510000      0.21277000000
  4.1794970000      0.56203000000E-01
  2.1656690000      0.18070000000E-02
  1.0972400000     -0.19990000000E-02
 0.53608500000     -0.11550000000E-02
 0.20237400000     -0.79000000000E-04
 0.81742000000E-01 -0.30000000000E-05
  17  p
  38282.050000     -0.40000000000E-05
  9061.5560000     -0.34000000000E-04
  2944.4500000     -0.19900000000E-03
  1128.1580000     -0.91100000000E-03
  480.33800000     -0.34370000000E-02
  220.13680000     -0.11042000000E-01
  106.54820000     -0.30061000000E-01
  53.742620000     -0.67049000000E-01
  27.863180000     -0.11507000000
  14.743820000     -0.13991700000
  7.8933510000     -0.49480000000E-01
  4.1794970000      0.19170900000
  2.1656690000      0.40301200000
  1.0972400000      0.38071700000
 0.53608500000      0.16930500000
 0.20237400000      0.17872000000E-01
 0.81742000000E-01 -0.14330000000E-02
  17  p
  38282.050000      0.10000000000E-05
  9061.5560000      0.70000000000E-05
  2944.4500000      0.44000000000E-04
  1128.1580000      0.19700000000E-03
  480.33800000      0.75100000000E-03
  220.13680000      0.23910000000E-02
  106.54820000      0.65950000000E-02
  53.742620000      0.14570000000E-01
  27.863180000      0.25529000000E-01
  14.743820000      0.30485000000E-01
  7.8933510000      0.10853000000E-01
  4.1794970000     -0.52385000000E-01
  2.1656690000     -0.10327100000
  1.0972400000     -0.12124100000
 0.53608500000      0.84000000000E-03
 0.20237400000      0.32728800000
 0.81742000000E-01  0.54422600000
  17  p
  38282.050000      0.10000000000E-05
  9061.5560000      0.11000000000E-04
  2944.4500000      0.66000000000E-04
  1128.1580000      0.29500000000E-03
  480.33800000      0.11340000000E-02
  220.13680000      0.35850000000E-02
  106.54820000      0.99500000000E-02
  53.742620000      0.21810000000E-01
  27.863180000      0.38661000000E-01
  14.743820000      0.45628000000E-01
  7.8933510000      0.17958000000E-01
  4.1794970000     -0.81593000000E-01
  2.1656690000     -0.15819400000
  1.0972400000     -0.18907100000
 0.53608500000      0.44621000000E-01
 0.20237400000      0.61169200000
 0.81742000000E-01  0.44617000000
  17  p
  38282.050000      0.30000000000E-05
  9061.5560000      0.22000000000E-04
  2944.4500000      0.14700000000E-03
  1128.1580000      0.59800000000E-03
  480.33800000      0.25270000000E-02
  220.13680000      0.72600000000E-02
  106.54820000      0.22300000000E-01
  53.742620000      0.43592000000E-01
  27.863180000      0.89824000000E-01
  14.743820000      0.86328000000E-01
  7.8933510000      0.79700000000E-01
  4.1794970000     -0.29430900000
  2.1656690000     -0.40464300000
  1.0972400000     -0.32420200000
 0.53608500000       1.1898370000
 0.20237400000      0.22809800000
 0.81742000000E-01 -0.84743400000
  17  p
  38282.050000     -0.30000000000E-05
  9061.5560000     -0.33000000000E-04
  2944.4500000     -0.17800000000E-03
  1128.1580000     -0.88000000000E-03
  480.33800000     -0.30750000000E-02
  220.13680000     -0.10714000000E-01
  106.54820000     -0.26953000000E-01
  53.742620000     -0.66279000000E-01
  27.863180000     -0.10114400000
  14.743820000     -0.17046700000
  7.8933510000     -0.83775000000E-01
  4.1794970000      0.60564900000
  2.1656690000      0.95723900000
  1.0972400000      -1.7348360000
 0.53608500000     -0.97865000000E-01
 0.20237400000       1.5748130000
 0.81742000000E-01  -1.0818170000
   1  p
 0.32662000000E-01   1.0000000000
  10  d
  338.50600000      0.35600000000E-03
  101.49200000      0.32290000000E-02
  39.186700000      0.16414000000E-01
  16.903400000      0.55133000000E-01
  7.7629600000      0.13750200000
  3.6988700000      0.24259500000
  1.7596300000      0.30852300000
 0.81665100000      0.29981400000
 0.36382100000      0.21504800000
 0.15254100000      0.92577000000E-01
  10  d
  338.50600000     -0.39100000000E-03
  101.49200000     -0.35760000000E-02
  39.186700000     -0.18191000000E-01
  16.903400000     -0.62090000000E-01
  7.7629600000     -0.15928700000
  3.6988700000     -0.26977600000
  1.7596300000     -0.23899700000
 0.81665100000      0.61985000000E-01
 0.36382100000      0.41365700000
 0.15254100000      0.43487800000
  10  d
  338.50600000     -0.56500000000E-03
  101.49200000     -0.51850000000E-02
  39.186700000     -0.26611000000E-01
  16.903400000     -0.93079000000E-01
  7.7629600000     -0.24829700000
  3.6988700000     -0.34982300000
  1.7596300000      0.36922000000E-01
 0.81665100000      0.64947200000
 0.36382100000      0.23423800000
 0.15254100000     -0.60974500000
  10  d
  338.50600000     -0.81600000000E-03
  101.49200000     -0.71240000000E-02
  39.186700000     -0.38560000000E-01
  16.903400000     -0.13356700000
  7.7629600000     -0.41521100000
  3.6988700000     -0.27936900000
  1.7596300000      0.92766500000
 0.81665100000      0.18558900000
 0.36382100000      -1.0796160000
 0.15254100000      0.41970900000
   1  d
 0.57991000000E-01   1.0000000000
   1  f
  5.1982000000       1.0000000000
   1  f
  1.5504000000       1.0000000000
   1  f
 0.46240000000       1.0000000000
   1  g
  3.7944000000       1.0000000000
   1  g
  1.0668000000       1.0000000000
   1  h
  2.3842000000       1.0000000000
*
c cc-pVQZ
# c     (21s6p3d2f1g) / [5s4p3d2f1g]     {99111/3111/111/11/1}
*
   9  s
  33980.000000      0.91000000000E-04
  5089.0000000      0.70400000000E-03
  1157.0000000      0.36930000000E-02
  326.60000000      0.15360000000E-01
  106.10000000      0.52929000000E-01
  38.110000000      0.14704300000
  14.750000000      0.30563100000
  6.0350000000      0.39934500000
  2.5300000000      0.21705100000
   9  s
  33980.000000     -0.19000000000E-04
  5089.0000000     -0.15100000000E-03
  1157.0000000     -0.78500000000E-03
  326.60000000     -0.33240000000E-02
  106.10000000     -0.11512000000E-01
  38.110000000     -0.34160000000E-01
  14.750000000     -0.77173000000E-01
  6.0350000000     -0.14149300000
  2.5300000000     -0.11801900000
   1  s
 0.73550000000       1.0000000000
   1  s
 0.29050000000       1.0000000000
   1  s
 0.11110000000       1.0000000000
   3  p
  34.510000000      0.53780000000E-02
  7.9150000000      0.36132000000E-01
  2.3680000000      0.14249300000
   1  p
 0.81320000000       1.0000000000
   1  p
 0.28900000000       1.0000000000
   1  p
 0.10070000000       1.0000000000
   1  d
  1.8480000000       1.0000000000
   1  d
 0.64900000000       1.0000000000
   1  d
 0.22800000000       1.0000000000
   1  f
  1.4190000000       1.0000000000
   1  f
 0.48500000000       1.0000000000
   1  g
  1.0110000000       1.0000000000
*
n cc-pVQZ
# n     (21s6p3d2f1g) / [5s4p3d2f1g]     {99111/3111/111/11/1}
*
   9  s
  45840.000000      0.92000000000E-04
  6868.0000000      0.71700000000E-03
  1563.0000000      0.37490000000E-02
  442.40000000      0.15532000000E-01
  144.30000000      0.53146000000E-01
  52.180000000      0.14678700000
  20.340000000      0.30466300000
  8.3810000000      0.39768400000
  3.5290000000      0.21764100000
   9  s
  45840.000000     -0.20000000000E-04
  6868.0000000     -0.15900000000E-03
  1563.0000000     -0.82400000000E-03
  442.40000000     -0.34780000000E-02
  144.30000000     -0.11966000000E-01
  52.180000000     -0.35388000000E-01
  20.340000000     -0.80077000000E-01
  8.3810000000     -0.14672200000
  3.5290000000     -0.11636000000
   1  s
  1.0540000000       1.0000000000
   1  s
 0.41180000000       1.0000000000
   1  s
 0.15520000000       1.0000000000
   3  p
  49.330000000      0.55330000000E-02
  11.370000000      0.37962000000E-01
  3.4350000000      0.14902800000
   1  p
  1.1820000000       1.0000000000
   1  p
 0.41730000000       1.0000000000
   1  p
 0.14280000000       1.0000000000
   1  d
  2.8370000000       1.0000000000
   1  d
 0.96800000000       1.0000000000
   1  d
 0.33500000000       1.0000000000
   1  f
  2.0270000000       1.0000000000
   1  f
 0.68500000000       1.0000000000
   1  g
  1.4270000000       1.0000000000
*
h cc-pVQZ
# h     (6s3p2d1f) / [4s3p2d1f]     {3111/111/11/1}
*
   3  s
  82.640000000      0.20060000000E-02
  12.410000000      0.15343000000E-01
  2.8240000000      0.75579000000E-01
   1  s
 0.79770000000       1.0000000000
   1  s
 0.25810000000       1.0000000000
   1  s
 0.89890000000E-01   1.0000000000
   1  p
  2.2920000000       1.0000000000
   1  p
 0.83800000000       1.0000000000
   1  p
 0.29200000000       1.0000000000
   1  d
  2.0620000000       1.0000000000
   1  d
 0.66200000000       1.0000000000
   1  f
  1.3970000000       1.0000000000
*
$end
