$energy      SCF               SCFKIN            SCFPOT            RIRPA
     1 -681.1531093585      0.00000000      0.00000000     -4.011551381043
     2 -681.1543980115      0.00000000      0.00000000     -4.010287612886
     3 -681.1549984118      0.00000000      0.00000000     -4.009571885665
     4 -681.1548511399      0.00000000      0.00000000     -4.009841084794
     5 -681.1547903385      0.00000000      0.00000000     -4.009915264449
     6 -681.1546897004      0.00000000      0.00000000     -4.010016427481
     7 -681.1546704759      0.00000000      0.00000000     -4.010036412247
     8 -681.1546994906      0.00000000      0.00000000     -4.010007253618
     9 -681.1547137496      0.00000000      0.00000000     -4.009994606393
    10 -681.1547251751      0.00000000      0.00000000     -4.009984335989
    11 -681.1547229391      0.00000000      0.00000000     -4.009983922372
    12 -681.1547204917      0.00000000      0.00000000     -4.009985697815
    13 -681.1547183871      0.00000000      0.00000000     -4.009989300979
    14 -681.1547182689      0.00000000      0.00000000     -4.009989358409
    15 -681.1547215563      0.00000000      0.00000000     -4.009986691058
$end
