$coord
   -6.38346704844596      1.60073575254159     -2.08713539603716  c
   -4.55388706465721      2.33490501346255     -0.01646602145260  c
   -4.66193158204730      4.24534421428350      1.24445964748155  o
   -2.73318507970627      0.54776106026570      0.25641648203309  o
   -0.87963798561530      1.10269388005706      2.20741404266555  c
    1.05071804005069     -1.02823480215194      2.18927277662216  c
    2.39209036736140     -1.44923467911655     -0.35418767601568  c
    3.68523367380342      0.96083392526244     -1.32021157507402  c
    4.32218567739068     -3.59767356074689     -0.08813523564469  c
   -7.85320970147997      3.04375998813896     -2.24730102679194  h
   -7.23450658605459     -0.23844073139199     -1.65199117450321  h
   -5.36760559161662      1.42079776707832     -3.88545504465058  h
   -0.02630818468933      2.94862724197032      1.81204160501437  h
   -1.85455717722512      1.22652274068147      4.03482084726305  h
    0.10923894017206     -2.79145070045460      2.76758217982397  h
    2.47059818528187     -0.59086665249979      3.65209988476961  h
    0.95910307486116     -2.02648329661027     -1.74808469960657  h
    5.00944635999941      1.70654016265764      0.10163103301678  h
    4.76718725567905      0.56641169187961     -3.04851567512764  h
    2.31509650537741      2.45334505927036     -1.76862293150518  h
    5.82022437284594     -3.07475243337754      1.25704559741560  h
    3.42305103640249     -5.33818178542789      0.60298673812936  h
    5.22412251231203     -4.02295985577206     -1.90966437782576  h
$user-defined bonds
$redundant
     number_of_atoms            23
     degrees_of_freedom         63
     internal_coordinates       63
     frozen_coordinates          0
# definitions of redundant internals
   1 k  1.0000000000000 stre   2    3           val=   2.29159
   2 k  0.7071068520715 bend   4    3    2      val=  -0.93410
       -0.7071067103016 bend   1    3    2
   3 k  1.0000000000000 outp   3    1    4    2 val=  -0.06865
   4 k  0.5773502691896 tors  10    1    2    4 val=  58.74884
        0.5773502691896 tors  12    1    2    4
        0.5773502691896 tors  11    1    2    4
   5 k  1.0000000000000 stre   1   10           val=   2.06594
   6 k  1.0000000000000 stre   1   12           val=   2.07324
   7 k  1.0000000000000 stre   1   11           val=   2.07273
   8 k  0.4370421467120 bend  12   10    1      val=   0.24872
        0.4282444776505 bend  11   10    1
        0.3610326733682 bend  11   12    1
       -0.3867496169448 bend   2   10    1
       -0.4152128018086 bend   2   12    1
       -0.4162683042547 bend   2   11    1
   9 k -0.2820118615773 bend  12   10    1      val=   0.23100
       -0.3525421658445 bend  11   10    1
        0.7188897636610 bend  11   12    1
       -0.4519809810860 bend   2   10    1
        0.2138658754826 bend   2   12    1
        0.1713342317676 bend   2   11    1
  10 k -0.6603772198647 bend  12   10    1      val=   0.30011
        0.6272245153474 bend  11   10    1
        0.0475204507031 bend  11   12    1
       -0.0229766114209 bend   2   10    1
       -0.2826000294019 bend   2   12    1
        0.2963822536955 bend   2   11    1
  11 k  0.1968802179065 bend  12   10    1      val=   1.16000
        0.2291000686583 bend  11   10    1
       -0.4325832660355 bend  11   12    1
       -0.6865005268533 bend   2   10    1
        0.3767668054951 bend   2   12    1
        0.3292215928384 bend   2   11    1
  12 k  0.2955665778502 bend  12   10    1      val=   0.15357
       -0.2840783607189 bend  11   10    1
       -0.0127378610146 bend  11   12    1
       -0.0296719274773 bend   2   10    1
       -0.6278450766204 bend   2   12    1
        0.6608386841047 bend   2   11    1
  13 k  1.0000000000000 stre   5   13           val=   2.07170
  14 k  1.0000000000000 stre   5   14           val=   2.07490
  15 k  0.0750445842642 bend  14   13    5      val=   1.69422
        0.4943995562559 bend   4   13    5
        0.4964257765487 bend   4   14    5
       -0.5094723509946 bend   6   13    5
       -0.4938995455521 bend   6   14    5
  16 k  0.0110360584185 bend  14   13    5      val=   0.18239
       -0.4942871864259 bend   4   13    5
        0.4833321146212 bend   4   14    5
       -0.5065060720526 bend   6   13    5
        0.5151699221610 bend   6   14    5
  17 k -0.8869760985848 bend  14   13    5      val=   2.63127
        0.2597703629892 bend   4   13    5
        0.2661335944484 bend   4   14    5
        0.1857353411922 bend   6   13    5
        0.2011667268460 bend   6   14    5
  18 k -0.0026703929273 bend  14   13    5      val=   0.42860
       -0.5059304868370 bend   4   13    5
        0.5159227894424 bend   4   14    5
        0.4869759819303 bend   6   13    5
       -0.4906172437323 bend   6   14    5
  19 k  1.0000000000000 stre   6   15           val=   2.08081
  20 k  1.0000000000000 stre   6   16           val=   2.08500
  21 k  0.0201489592290 bend  16   15    6      val=   0.31256
        0.5067007293672 bend   5   15    6
        0.4914782521561 bend   5   16    6
       -0.5026150405862 bend   7   15    6
       -0.4986738803415 bend   7   16    6
  22 k  0.0284426235458 bend  16   15    6      val=   0.62237
       -0.4946481960207 bend   5   15    6
        0.4947963416371 bend   5   16    6
       -0.5096865405768 bend   7   15    6
        0.4999103819653 bend   7   16    6
  23 k  0.9087660804738 bend  16   15    6      val=   3.92293
       -0.2007885967800 bend   5   15    6
       -0.2342820413465 bend   5   16    6
       -0.1872831482037 bend   7   15    6
       -0.2094399624829 bend   7   16    6
  24 k -0.0049583278975 bend  16   15    6      val=   0.55710
        0.5020594661490 bend   5   15    6
       -0.5076991826317 bend   5   16    6
       -0.4882934903646 bend   7   15    6
        0.5017197570928 bend   7   16    6
  25 k  1.0000000000000 stre   7   17           val=   2.08077
  26 k  0.2192130145015 bend   9   17    7      val=   0.78970
       -0.7850796427620 bend   8   17    7
        0.5793061442742 bend   6   17    7
  27 k  0.7928631977790 bend   9   17    7      val=   1.19038
       -0.2026858023894 bend   8   17    7
       -0.5747055029468 bend   6   17    7
  28 k  0.4082482904639 tors  20    8    7    6 val=  53.91842
        0.4082482904639 tors  20    8    7    9
        0.4082482904639 tors  19    8    7    6
        0.4082482904639 tors  19    8    7    9
        0.4082482904639 tors  18    8    7    6
        0.4082482904639 tors  18    8    7    9
  29 k  1.0000000000000 stre   8   20           val=   2.07508
  30 k  1.0000000000000 stre   8   19           val=   2.07683
  31 k  1.0000000000000 stre   8   18           val=   2.08117
  32 k  0.4184359291591 bend  19   20    8      val=   1.42040
        0.4329437418358 bend  18   20    8
        0.4071938171266 bend  18   19    8
       -0.3966173867889 bend   7   20    8
       -0.3998897272506 bend   7   19    8
       -0.3929976328479 bend   7   18    8
  33 k -0.6750595944951 bend  19   20    8      val=   0.35299
        0.2345895387383 bend  18   20    8
        0.4438439440195 bend  18   19    8
       -0.2837137937362 bend   7   20    8
       -0.1474540993895 bend   7   19    8
        0.4359227194916 bend   7   18    8
  34 k  0.1381491047318 bend  19   20    8      val=   0.65908
       -0.6603365654994 bend  18   20    8
        0.5529056059244 bend  18   19    8
       -0.3110669022223 bend   7   20    8
        0.3706755373240 bend   7   19    8
       -0.0707309298326 bend   7   18    8
  35 k -0.4368249934096 bend  19   20    8      val=   0.43442
        0.1883461710642 bend  18   20    8
        0.2545373058972 bend  18   19    8
        0.3788575943595 bend   7   20    8
        0.3054874451688 bend   7   19    8
       -0.6870696827288 bend   7   18    8
  36 k -0.0246888652485 bend  19   20    8      val=  -0.29327
        0.3546605241327 bend  18   20    8
       -0.3375266602662 bend  18   19    8
       -0.5857636130921 bend   7   20    8
        0.6435558560395 bend   7   19    8
       -0.0489793415509 bend   7   18    8
  37 k  0.4082482904639 tors  23    9    7    6 val=  58.13851
        0.4082482904639 tors  23    9    7    8
        0.4082482904639 tors  22    9    7    6
        0.4082482904639 tors  22    9    7    8
        0.4082482904639 tors  21    9    7    6
        0.4082482904639 tors  21    9    7    8
  38 k  1.0000000000000 stre   9   23           val=   2.07661
  39 k  1.0000000000000 stre   9   22           val=   2.07737
  40 k  1.0000000000000 stre   9   21           val=   2.08016
  41 k  0.4280699796194 bend  22   23    9      val=   1.32805
        0.4127636613615 bend  21   23    9
        0.4157450899596 bend  21   22    9
       -0.3973023642038 bend   7   23    9
       -0.3963782920594 bend   7   22    9
       -0.3982126988994 bend   7   21    9
  42 k -0.6836321439816 bend  22   23    9      val=   0.41401
        0.3697059865048 bend  21   23    9
        0.3321855421071 bend  21   22    9
       -0.2085530768825 bend   7   23    9
       -0.2318628326133 bend   7   22    9
        0.4340075827079 bend   7   21    9
  43 k  0.0228521361574 bend  22   23    9      val=   0.04522
        0.6042117094645 bend  21   23    9
       -0.6239565726302 bend  21   22    9
        0.3560340468719 bend   7   23    9
       -0.3437109441040 bend   7   22    9
       -0.0136649135301 bend   7   21    9
  44 k  0.4342672712293 bend  22   23    9      val=  -0.13953
       -0.2182630451440 bend  21   23    9
       -0.2221489757914 bend  21   22    9
       -0.3472007345813 bend   7   23    9
       -0.3387035316680 bend   7   22    9
        0.6922099250662 bend   7   21    9
  45 k  0.0035054987911 bend  22   23    9      val=  -0.03068
       -0.3520846002262 bend  21   23    9
        0.3480368387457 bend  21   22    9
        0.6125923125830 bend   7   23    9
       -0.6161224906963 bend   7   22    9
        0.0042707915023 bend   7   21    9
  46 k  1.0000000000000 tors   1    2    4    5 val= 179.80484
  47 k  1.0000000000000 stre   2    1           val=   2.85903
  48 k  1.0000000000000 bend   4    1    2      val= 110.62592
  49 k  0.7071067811865 tors   9    7    6    5 val= 117.13844
        0.7071067811865 tors   8    7    6    5
  50 k  1.0000000000000 stre   7    9           val=   2.90032
  51 k  1.0000000000000 stre   7    8           val=   2.90066
  52 k  0.5612446629178 bend   8    9    7      val=  -0.54558
        0.2377893804115 bend   6    9    7
       -0.7927550939034 bend   6    8    7
  53 k  0.6211410306733 bend   8    9    7      val=   6.27481
       -0.7540363679173 bend   6    9    7
        0.2135719454242 bend   6    8    7
  54 k  0.5469810310791 bend   8    9    7      val= 110.67894
        0.6122788306169 bend   6    9    7
        0.5708996279715 bend   6    8    7
  55 k  1.0000000000000 tors   2    4    5    6 val= 181.98369
  56 k  1.0000000000000 stre   4    2           val=   2.56580
  57 k  1.0000000000000 bend   5    2    4      val= 114.42660
  58 k  1.0000000000000 tors   7    6    5    4 val=  57.42761
  59 k  1.0000000000000 stre   6    7           val=   2.90615
  60 k  1.0000000000000 bend   5    7    6      val= 115.00865
  61 k  1.0000000000000 stre   5    4           val=   2.74772
  62 k  1.0000000000000 stre   5    6           val=   2.87532
  63 k  1.0000000000000 bend   6    4    5      val= 107.38096
        63 non zero eigenvalues  of BmBt
           1           5.613817266    1    0
         1
           2           4.563330325    2    0
         2
           3           4.396168292    3    0
         3
           4           4.286337367    4    0
         4
           5           3.850249102    5    0
         5
           6           3.785969031    6    0
         6
           7           3.653847031    7    0
         7
           8           3.603884050    8    0
         8
           9           3.551284035    9    0
         9
          10           3.329080507   10    0
        10
          11           3.231604836   11    0
        11
          12           3.126591478   12    0
        12
          13           3.059750782   13    0
        13
          14           2.911308185   14    0
        14
          15           2.777680793   15    0
        15
          16           2.587573076   16    0
        16
          17           2.335607572   17    0
        17
          18           2.289625684   18    0
        18
          19           2.070106030   19    0
        19
          20           1.871818058   20    0
        20
          21           1.592090940   21    0
        21
          22           1.182445443   22    0
        22
          23           0.924853261   23    0
        23
          24           0.892567661   24    0
        24
          25           0.884821996   25    0
        25
          26           0.872534263   26    0
        26
          27           0.844551639   27    0
        27
          28           0.771112223   28    0
        28
          29           0.742265631   29    0
        29
          30           0.708376615   30    0
        30
          31           0.705475491   31    0
        31
          32           0.704684621   32    0
        32
          33           0.700467339   33    0
        33
          34           0.694169281   34    0
        34
          35           0.689439792   35    0
        35
          36           0.630170220   36    0
        36
          37           0.567216435   37    0
        37
          38           0.525702444   38    0
        38
          39           0.494840632   39    0
        39
          40           0.463713775   40    0
        40
          41           0.412169015   41    0
        41
          42           0.393422150   42    0
        42
          43           0.367746854   43    0
        43
          44           0.346406382   44    0
        44
          45           0.336326024   45    0
        45
          46           0.314346354   46    0
        46
          47           0.285452397   47    0
        47
          48           0.273399282   48    0
        48
          49           0.272463660   49    0
        49
          50           0.249587075   50    0
        50
          51           0.243152581   51    0
        51
          52           0.229292498   52    0
        52
          53           0.151075493   53    0
        53
          54           0.121902066   54    0
        54
          55           0.084879133   55    0
        55
          56           0.067809658   56    0
        56
          57           0.061862672   57    0
        57
          58           0.048710583   58    0
        58
          59           0.041097893   59    0
        59
          60           0.036682951   60    0
        60
          61           0.015676483   61    0
        61
          62           0.009878362   62    0
        62
          63           0.005215615   63    0
        63
$end
