$energy      SCF               SCFKIN            SCFPOT            RIRPA
     1 -423.0400335211      0.00000000      0.00000000     -2.947739393022
     2 -423.0404723043      0.00000000      0.00000000     -2.947309978402
     3 -423.0410552794      0.00000000      0.00000000     -2.946713254520
     4 -423.0406268085      0.00000000      0.00000000     -2.947160395268
     5 -423.0406236792      0.00000000      0.00000000     -2.947163761084
     6 -423.0406184191      0.00000000      0.00000000     -2.947168189243
     7 -423.0406230241      0.00000000      0.00000000     -2.947166049011
     8 -423.0406253112      0.00000000      0.00000000     -2.947164095667
     9 -423.0406262921      0.00000000      0.00000000     -2.947162356083
    10 -423.0406203089      0.00000000      0.00000000     -2.947167014279
    11 -423.0406240421      0.00000000      0.00000000     -2.947164996686
    12 -423.0406223797      0.00000000      0.00000000     -2.947165597335
    13 -423.0406220790      0.00000000      0.00000000     -2.947165678312
    14 -423.0406215810      0.00000000      0.00000000     -2.947166249097
    15 -423.0406219270      0.00000000      0.00000000     -2.947166020571
    16 -422.9959888698      0.00000000      0.00000000     -2.962553694697
    17 -422.9958641323      0.00000000      0.00000000     -2.962684541212
    18 -422.9957843521      0.00000000      0.00000000     -2.962764350746
    19 -422.9957918083      0.00000000      0.00000000     -2.962756349408
    20 -422.9957888492      0.00000000      0.00000000     -2.962761054550
    21 -422.9957862201      0.00000000      0.00000000     -2.962762861358
    22 -422.9957872947      0.00000000      0.00000000     -2.962762028542
    23 -422.9957873614      0.00000000      0.00000000     -2.962761533497
    24 -422.9957887348      0.00000000      0.00000000     -2.962760736944
    25 -422.9957885557      0.00000000      0.00000000     -2.962760504804
    26 -422.9957885354      0.00000000      0.00000000     -2.962760285136
    27 -422.9957033740      0.00000000      0.00000000     -2.962457899148
    28 -422.9957882627      0.00000000      0.00000000     -2.962760287270
    29 -422.9957884466      0.00000000      0.00000000     -2.962760178647
    30 -422.9957871856      0.00000000      0.00000000     -2.962760063106
$end
