$hessapprox internal
  0.102626365880D+01  0.800299107205D-02  0.442659356260D+00  0.371311439227D-02
  0.330764230021D-02  0.205632191256D+00  0.557176965649D-02 -0.525915979015D-02
 -0.963724223793D-02  0.100710406008D-01 -0.788236006186D-03  0.136269517819D-02
  0.318770193290D-03  0.112330321890D-03  0.427541216392D+00 -0.110165656446D-01
  0.359114065541D-02  0.533766702678D-02  0.161476528733D-03 -0.850885086431D-04
  0.420512961309D+00 -0.193255471166D-01 -0.297075936779D-02 -0.120609217964D-02
 -0.242639299739D-02 -0.694957153259D-03 -0.563032651791D-03  0.421336323345D+00
 -0.418865766598D-02 -0.289357556658D-01  0.225337850545D-02  0.753450347313D-02
 -0.373046805291D-03  0.125226647718D-02  0.329427651037D-02  0.282303674579D+00
  0.788597812623D-02 -0.178854866522D-01  0.899128214755D-03  0.644176292207D-02
 -0.203604045749D-02  0.102471920946D-02  0.228880495029D-02 -0.239598165017D-01
  0.304420730344D+00 -0.144662209825D-01  0.159631645977D-01  0.197634740997D-01
  0.647876649753D-02  0.696913742971D-03  0.114285817836D-03  0.396240274872D-02
 -0.187849271183D-01 -0.138345986916D-01  0.303827936320D+00  0.220004137871D-01
  0.105953479064D-01  0.100013691657D-03  0.572361524955D-02 -0.212025612404D-02
 -0.492715879859D-03  0.112548666681D-03  0.154116597942D-01  0.373151391483D-02
 -0.101801830020D-01  0.324010441526D+00 -0.730948236357D-02  0.625907265999D-02
  0.115058332590D-01  0.398303129084D-02  0.529506572744D-03 -0.276162247986D-04
  0.261978437396D-02 -0.854326003331D-02 -0.668915838865D-02 -0.991599633842D-02
 -0.505090949498D-02  0.330943107529D+00 -0.147891633919D-01  0.152214366625D-01
  0.455449563806D-03 -0.206003307387D-02 -0.173393799464D-03  0.692928769831D-03
 -0.409260249681D-02 -0.348691759345D-02 -0.437511883644D-02  0.811908905776D-02
 -0.506233119668D-02  0.291208548338D-02  0.423632353705D+00 -0.600132373393D-02
  0.378444994748D-02  0.641519805978D-02 -0.694596218444D-03 -0.530907274526D-03
 -0.191287597646D-03 -0.385692920045D-02  0.270687666089D-02  0.507867738545D-03
  0.423428895079D-02  0.581518223263D-03  0.159085798600D-02  0.104166579958D-02
  0.418512177793D+00  0.889760873998D-02 -0.753302596055D-02 -0.245024722789D-03
  0.175548098170D-02 -0.421757650716D-02  0.323652710376D-02  0.310068439736D-02
 -0.123859120712D-01 -0.264258408605D-01  0.129387555961D-03 -0.159784381313D-01
 -0.274920273346D-02 -0.526955626567D-02 -0.571905612879D-02  0.254436292060D+00
 -0.186083300230D-01  0.703997138771D-02 -0.589331650922D-02 -0.235563179443D-02
  0.975145362974D-03 -0.710773946514D-03 -0.577437848059D-03  0.283261059375D-02
  0.324286349859D-02  0.340775521042D-02 -0.133024056252D-02  0.145789404722D-02
 -0.265705196775D-02 -0.178689740345D-02  0.252132915427D-02  0.348899502713D+00
 -0.371771850589D-02  0.263234408860D-01 -0.829716396823D-03 -0.150108584331D-02
  0.633420320597D-04 -0.125278635157D-03  0.135136733486D-02  0.273195357960D-01
  0.761556125923D-02  0.362679580652D-02 -0.203663750964D-01 -0.804632219613D-04
 -0.555076470358D-02 -0.397694375360D-02 -0.291074075152D-01 -0.865731125315D-02
  0.276716221358D+00  0.108535111261D-01 -0.321563544266D-02 -0.103604508067D-01
 -0.711807291333D-03 -0.226605995057D-02  0.578005413995D-03 -0.160653891355D-02
 -0.735798265784D-02 -0.736945687665D-02  0.443857854329D-02 -0.222311666476D-02
  0.231538115604D-02  0.200686671258D-02  0.872135256066D-03 -0.298898483607D-02
  0.650114855275D-02  0.100296956138D-01  0.333543838881D+00 -0.114576501955D-01
  0.281832868217D-02  0.168863339862D-02 -0.441960971910D-03 -0.996446362705D-03
 -0.116148776885D-02 -0.246072458973D-02 -0.140461489761D-02 -0.873249034754D-03
  0.219540223030D-02 -0.166729971214D-03  0.104297882578D-02 -0.112955190147D-02
 -0.188067454732D-02 -0.278795156617D-04 -0.243822738527D-02  0.912161103106D-03
 -0.261841459149D-03  0.412107378646D+00 -0.102065379689D-01  0.491153308319D-02
  0.142001313475D-02  0.684143903101D-03 -0.107642971015D-02 -0.231678956645D-02
 -0.328365872985D-02 -0.663328018895D-04  0.174204770426D-02 -0.137955706139D-02
  0.142557696161D-02 -0.579501196327D-03 -0.288655934654D-02 -0.173141252739D-02
  0.504963178233D-02 -0.369887137120D-02 -0.457704891668D-03  0.161701687750D-02
 -0.342222386810D-02  0.406545568558D+00 -0.216006585662D-01  0.859202539495D-02
  0.487435606919D-03 -0.386253686677D-02  0.267659943652D-02 -0.853268300682D-03
  0.110594442617D-02  0.124830385449D-01  0.103718829546D-01  0.600949922246D-02
 -0.128860287918D-02  0.268052563681D-02  0.589716213140D-04 -0.324153114537D-02
  0.109322788783D-01 -0.274867546547D-02 -0.976842717336D-02  0.109435271046D-01
  0.226076226427D-03 -0.290971306928D-02  0.327397146520D+00  0.369606497121D-01
 -0.162772311713D-01 -0.100315184226D-01  0.175563083383D-02 -0.442924483837D-02
 -0.327423800856D-02 -0.563792328466D-02  0.208276815279D-01  0.111848692793D-01
 -0.246136755231D-03  0.704118214655D-02  0.396628773412D-03  0.125841126188D-02
 -0.414066749074D-02 -0.101417792143D-01  0.123865191362D-01 -0.484607137318D-02
 -0.150381727647D-02 -0.264642337677D-02  0.576912432187D-02 -0.366080459715D-02
  0.338882739013D+00  0.116252751734D-01 -0.140929299679D-01  0.673734087400D-03
  0.922277938492D-03 -0.268420499922D-02 -0.972896556420D-04 -0.108274659867D-02
 -0.733717954178D-02 -0.626307939804D-02 -0.652965638401D-03  0.430966724410D-02
  0.100135615614D-03  0.347257713793D-03 -0.928228931325D-03 -0.861410524600D-02
  0.571024881733D-02  0.105919480824D-01 -0.707625013348D-02 -0.186023336394D-02
  0.183029655914D-02  0.600288402667D-02 -0.458037551375D-02  0.308771531229D+00
 -0.258407619021D-02  0.409758249021D-02  0.193295263379D-02 -0.194469241740D-02
 -0.702404861866D-03  0.214395939619D-02  0.230568742267D-02  0.504164150201D-02
 -0.437337056367D-02  0.604427595978D-02 -0.110116074003D-01  0.236034867677D-02
  0.405807385732D-04 -0.142640440093D-02 -0.174265588147D-01  0.684421805958D-02
 -0.970093891913D-02 -0.291939402744D-02  0.309245450293D-03  0.157769715134D-02
  0.618462981589D-02 -0.109773077212D-01 -0.333290258178D-02  0.335554775716D+00
 -0.160965574301D-01 -0.510111475173D-03  0.386125703642D-02  0.137662653325D-02
 -0.347858925545D-02 -0.270998086172D-02 -0.209204970089D-02  0.433291247131D-03
  0.284651556843D-02 -0.393021913631D-02  0.308398140042D-02 -0.176341645696D-02
 -0.638103725102D-02 -0.377313825598D-02  0.490533162675D-02 -0.567204029124D-02
 -0.409172028614D-03  0.132317651803D-02 -0.530982124854D-02 -0.504757125721D-02
 -0.388308867530D-02  0.658714649344D-02  0.242891018351D-02  0.329084020856D-02
  0.412776217277D+00 -0.723174699621D-02  0.131479071070D-02  0.942812500899D-03
 -0.148976726104D-02  0.113320084672D-02  0.965384045339D-03  0.167758690368D-03
 -0.101427748409D-01 -0.665082541825D-02  0.363025217356D-02 -0.817123970754D-03
  0.132718030161D-02  0.192311315601D-02  0.111187844240D-02  0.115258193491D-03
  0.842548957364D-03  0.623061559050D-02 -0.146192698919D-02  0.473906132720D-03
 -0.666765379629D-03  0.426058593292D-02 -0.361971142099D-02 -0.236491899635D-02
  0.374764112931D-02 -0.265623936569D-02  0.337114741702D+00  0.343998563651D-03
  0.875088171587D-02 -0.159806707325D-02 -0.104750305888D-02 -0.298758549244D-03
 -0.133700900193D-02 -0.598574957739D-03  0.181853193318D-01  0.108564683487D-01
  0.190276469500D-02 -0.422570908865D-02  0.904834997015D-03 -0.319956562797D-02
 -0.197984417148D-02  0.455726228744D-02 -0.296329368023D-02 -0.132831640448D-01
  0.310679113782D-02 -0.635767637570D-03 -0.137380441388D-02 -0.658844170908D-02
 -0.229957755072D-02  0.604340942186D-02 -0.117392162813D-02 -0.320508146966D-03
  0.227788280666D-02  0.329445004433D+00  0.294193457446D-02  0.120878639122D-02
 -0.868908653485D-03  0.465022825794D-03 -0.326415946379D-03 -0.140242230761D-03
 -0.377093762990D-03  0.311115224900D-02  0.154997047351D-02 -0.551537175316D-03
 -0.632298426717D-03 -0.240771088143D-03  0.313184948988D-03  0.661509036272D-04
  0.468125116614D-04  0.111058655556D-02 -0.201194016418D-02  0.600997498270D-04
  0.102442116512D-04  0.386121512288D-03 -0.349661529653D-03  0.131877642161D-02
  0.355506242131D-03 -0.106764512451D-02  0.465689005033D-03 -0.167638688426D-03
 -0.918060480437D-03  0.739304852010D-02 -0.158375563390D-01  0.273962179101D-02
 -0.123830858215D-02 -0.118392045539D-02 -0.124228818353D-02 -0.187205560721D-02
 -0.229649217113D-02 -0.460608193138D-02 -0.354923684321D-02  0.321964324665D-02
 -0.138505174668D-02  0.126509021241D-02 -0.695966394522D-03 -0.326928318909D-02
 -0.164604643011D-04  0.181851113458D-02  0.361279160451D-02  0.505114477502D-03
 -0.280469727752D-02 -0.324312916648D-02  0.235097367903D-02 -0.173634854391D-02
 -0.249048673901D-02  0.864675338015D-03 -0.617422977917D-02  0.992574200931D-03
  0.596416335252D-03  0.546583353220D-04  0.418219008127D+00 -0.165070447373D-01
  0.320380995674D-02 -0.115734709394D-02 -0.157889725004D-02 -0.783901151173D-03
 -0.206705217438D-02 -0.211312216317D-02 -0.407336748387D-02 -0.318729278194D-02
  0.349417776292D-02 -0.204754460259D-02  0.152702463439D-02 -0.170245948633D-02
 -0.342323059069D-02  0.904991898300D-03 -0.125398366127D-03  0.367614370548D-02
 -0.273169375680D-03 -0.244765345330D-02 -0.334745524751D-02  0.266937868688D-02
 -0.376518060302D-02 -0.256006555346D-02  0.122889722195D-02 -0.629778447809D-02
  0.157130558484D-02  0.208411379504D-03 -0.379278854022D-03 -0.820757212873D-03
  0.417543827109D+00 -0.172971790026D-01  0.532481556147D-02 -0.165910640225D-02
 -0.816751988547D-03 -0.179912377169D-02 -0.280908970290D-02 -0.212029857375D-02
 -0.301582155892D-02 -0.269889584658D-02  0.202539816968D-02 -0.354210772746D-02
  0.578561507473D-03 -0.319052032720D-02 -0.442471606256D-02  0.794619543926D-03
 -0.107528259576D-03  0.144429403080D-02  0.960715565177D-03 -0.380713045935D-02
 -0.433263772139D-02  0.192895463202D-02 -0.128830208373D-02 -0.143853844630D-02
  0.214556004972D-02 -0.582432935401D-02  0.160711641572D-02 -0.311340303365D-03
 -0.429344416294D-03 -0.148186300123D-02 -0.883378503333D-03  0.412734362067D+00
  0.691039083228D-02 -0.100485891057D-01 -0.484805853152D-03  0.906480124534D-03
 -0.170819309433D-02 -0.103327956637D-03 -0.109563543976D-02 -0.115008852570D-01
 -0.827836505420D-02 -0.763914532487D-03  0.278542037224D-02 -0.931836521297D-04
 -0.148614947475D-03 -0.359294007592D-03 -0.797246619242D-02  0.427554433535D-02
  0.983182528670D-02 -0.637943281052D-02 -0.158466811113D-02  0.193054993264D-03
  0.739059877650D-02 -0.577154740209D-03 -0.678586580359D-02 -0.689494800002D-03
 -0.864557555236D-03 -0.222228940454D-02  0.517568837679D-02  0.616846291079D-03
 -0.221737365040D-02 -0.196135496800D-02 -0.173758667595D-02  0.317422937370D+00
 -0.451738175450D-02 -0.760120286850D-02 -0.375051191804D-03 -0.209877088198D-02
 -0.605641012915D-03  0.345327212248D-03 -0.758327349408D-05 -0.724505915317D-02
 -0.417041019835D-02  0.402001010479D-02  0.239884724632D-02  0.224208714322D-02
  0.642595747532D-03 -0.589211356084D-03  0.137035563376D-02  0.279623050928D-02
  0.100948081674D-01 -0.376493145587D-02 -0.688860150620D-03  0.389324992067D-03
  0.489333673185D-02 -0.419059296621D-02 -0.459182867339D-02  0.256792123069D-02
  0.167854935189D-02 -0.557504849813D-03  0.318628333069D-02 -0.713572215863D-04
 -0.657277007285D-03 -0.222710099805D-03  0.148323605686D-02 -0.356668696786D-02
  0.318488028225D+00  0.227242642893D-02  0.225418858170D-02 -0.917943921761D-04
  0.116995317342D-02  0.407090377969D-03  0.330526092064D-04 -0.527800452620D-03
  0.649927954155D-04  0.547952896946D-04 -0.149299323429D-02 -0.978667481653D-05
 -0.982271403149D-03  0.119994040001D-02  0.756979233767D-03 -0.635738015022D-03
  0.491664159689D-03 -0.190946404448D-02  0.145944804355D-02  0.332629534967D-03
  0.104251970286D-03 -0.941711685591D-03  0.318414878089D-02  0.649858872403D-03
 -0.390962179497D-03 -0.119517181076D-02 -0.114159301094D-03 -0.646219276237D-03
  0.449037350267D-03  0.172514020639D-03 -0.145653856605D-03 -0.806458880006D-03
  0.756574917861D-03 -0.197170217498D-03  0.319075477247D+00  0.327436492219D-02
  0.545717693712D-02  0.986756282640D-03  0.190364495125D-02  0.123603423030D-02
 -0.375824909156D-03 -0.177108411140D-03  0.239928479605D-02  0.347612054646D-02
 -0.419395641516D-02  0.118825704061D-02 -0.215359326545D-02  0.512548844841D-03
  0.149744453548D-02  0.476072360380D-02 -0.451476890981D-02 -0.361130226778D-02
  0.404888229343D-02  0.101892342922D-02 -0.851089031057D-03 -0.545640565089D-02
  0.441919133398D-02  0.409863172906D-02 -0.122444775290D-02 -0.300068282349D-02
  0.278747247161D-04 -0.170712527749D-02  0.209322215745D-03  0.600018498702D-03
  0.443275400001D-03 -0.153072899366D-02  0.272842345508D-02  0.894910138309D-04
  0.159047970014D-03  0.329958026328D+00  0.157246029111D-02  0.291662819733D-02
 -0.142962144236D-02 -0.794658356393D-04 -0.110506516106D-03  0.462560221104D-03
 -0.576192926527D-03 -0.224840059407D-02 -0.407518442102D-02  0.184417257017D-02
 -0.350264905194D-02  0.361956465515D-03  0.570673491317D-03  0.350229057410D-04
 -0.914467496720D-02  0.172616236357D-02 -0.314565929079D-02 -0.773389767504D-03
 -0.512545927554D-04  0.148957423941D-03  0.266322514906D-02 -0.532614405582D-03
 -0.152191494729D-02 -0.136434060392D-02 -0.157491296814D-02  0.797707231446D-03
 -0.241295444449D-03  0.510164001916D-04  0.486276975425D-03  0.452101020490D-03
  0.480461319357D-04 -0.117452430692D-02  0.812683549038D-04  0.447157281713D-03
  0.682984167842D-03  0.330295794829D+00  0.528199694521D-02 -0.598809045521D-03
 -0.602497527729D-03  0.141319348415D-02 -0.274129293345D-03 -0.463706577893D-03
 -0.146635687936D-03  0.296749989148D-02  0.192138999077D-02 -0.282120099586D-02
  0.541545208757D-03 -0.124022991425D-02 -0.187488573051D-03 -0.140668176468D-03
 -0.518740579833D-04 -0.123379805124D-05 -0.147109481278D-02  0.445981455127D-03
  0.262071332544D-05  0.562449289470D-03 -0.123972614859D-02  0.177707323046D-02
  0.339638380574D-03 -0.175071869056D-02  0.772347237421D-03 -0.620280594787D-03
 -0.445723709755D-03  0.146881725570D-03 -0.485722677064D-03 -0.549993088042D-03
 -0.731969752215D-03  0.577721495736D-03 -0.232355644148D-03  0.260715313069D-03
  0.376566840719D-03 -0.118147631235D-03  0.759474355182D-02 -0.101072525415D-01
  0.189836282717D-02  0.788677832371D-03 -0.714515250734D-03  0.179767864766D-03
 -0.113135532461D-04 -0.111929923517D-02 -0.166427564223D-02 -0.195743055104D-02
  0.298723703679D-02 -0.119774066184D-02  0.149891399983D-02  0.309630967654D-03
 -0.904970846083D-03 -0.111987713044D-03  0.103717776317D-02  0.281539026966D-02
 -0.174516934482D-02 -0.170229046190D-02 -0.249152151775D-02  0.246548431189D-02
 -0.541156966152D-02 -0.286756508862D-02  0.106022303522D-02 -0.473093323225D-02
  0.126889733062D-02 -0.217920838439D-03 -0.276674617002D-03 -0.170164642197D-02
 -0.158654287757D-02 -0.244194024151D-02 -0.227913505584D-02 -0.830475219604D-03
  0.308832341563D-03  0.113220868501D-02  0.339212999192D-03 -0.484397495208D-03
  0.417975011850D+00 -0.110067751831D-01  0.205929763781D-03  0.240225212788D-02
 -0.839940254654D-03 -0.313078091344D-03 -0.352597897721D-03 -0.930067778578D-03
 -0.475155278807D-03 -0.600979879764D-03  0.208873133271D-02 -0.127245190936D-03
  0.122424852546D-02 -0.124271625420D-02 -0.151275008134D-02  0.380271570431D-03
 -0.177000558346D-03  0.182459279993D-02 -0.165732516649D-02 -0.194790217286D-02
 -0.269338970921D-02  0.131283836292D-02 -0.462993828426D-02 -0.179145059203D-02
  0.140772007763D-02 -0.364588292171D-02  0.628064164067D-03 -0.749535631213D-04
 -0.211733622486D-03 -0.227535562723D-02 -0.214974959135D-02 -0.282138685932D-02
 -0.175628140100D-02 -0.621987269365D-03  0.189579891193D-04  0.707510168799D-03
 -0.131670848009D-03 -0.269486564466D-03 -0.684075199350D-03  0.416270614016D+00
 -0.129177582225D-01  0.149819724596D-02  0.186505446016D-02 -0.374165669500D-03
 -0.760851163949D-03 -0.749460489198D-03 -0.707268084861D-03  0.637487550656D-03
  0.710988256413D-03  0.661115201144D-03 -0.320568276045D-03  0.446429315369D-03
 -0.232864132935D-02 -0.197948952693D-02  0.174421480241D-02 -0.840592732842D-03
 -0.246966522233D-03  0.106552577334D-03 -0.287353049066D-02 -0.331163753683D-02
 -0.252582679475D-03 -0.552989460337D-03 -0.104656181391D-04  0.265082002164D-02
 -0.274270905230D-02  0.522430129927D-04 -0.958687631969D-03 -0.158224050358D-04
 -0.275041246742D-02 -0.286975010705D-02 -0.312005867772D-02 -0.867785312279D-03
  0.897240499031D-03 -0.384692435967D-03 -0.130117081901D-02 -0.300319636963D-03
 -0.130098503934D-03 -0.112883900719D-02 -0.124745472947D-02  0.413567513830D+00
  0.333431950548D-02 -0.110466588619D-01  0.767758805756D-03  0.286025762348D-02
 -0.125026084882D-02 -0.349926341561D-03 -0.223376464317D-03 -0.168366212635D-01
 -0.973703961143D-02 -0.586292958685D-02  0.488569693190D-02 -0.256733597596D-02
 -0.101956523672D-02  0.285726166621D-03 -0.456690067472D-02  0.209220424110D-02
  0.128871134876D-01 -0.549604959749D-02 -0.159344000466D-02 -0.639175884857D-03
  0.700637214519D-02  0.409500480573D-02 -0.567433656679D-02  0.111002891554D-02
 -0.135768422674D-02 -0.344058376724D-02  0.677736416104D-02  0.929382895674D-03
 -0.289079916029D-02 -0.237331143038D-02 -0.235828853222D-02 -0.658451828338D-02
 -0.358586999021D-02  0.353311432712D-03  0.201313256898D-02 -0.108274295169D-02
  0.963921339547D-03 -0.217070732448D-02 -0.156173565263D-02 -0.101393819200D-02
  0.316047154322D+00  0.944619574057D-03 -0.103033257572D-01 -0.667880741785D-03
  0.444489764245D-03 -0.638295772677D-03 -0.186117562153D-03  0.499847794692D-04
 -0.637723614552D-02 -0.313518680685D-02 -0.120146014324D-02  0.443508599679D-02
 -0.216789210372D-03  0.396372173297D-03 -0.561754599287D-03  0.636930168105D-03
  0.388470371542D-02  0.959340487050D-02 -0.310955489208D-02 -0.654183756273D-03
  0.111137055408D-02  0.382213647465D-02 -0.598864507573D-03 -0.423430077254D-02
  0.137330364762D-02  0.232949301064D-02 -0.167956016635D-02  0.399832297405D-02
  0.387601790617D-03 -0.128088104719D-02 -0.101060800398D-02  0.595759902766D-03
 -0.308107080642D-02 -0.212879553033D-02  0.217172105375D-03  0.566181766202D-03
  0.850918105833D-04  0.281602976210D-03 -0.126079091457D-02 -0.774598295793D-03
  0.824687108135D-03 -0.317577256024D-02  0.317410895639D+00 -0.288968124352D-03
  0.377142263063D-02 -0.201902228344D-03 -0.687919602670D-03 -0.118678158935D-03
  0.376468915438D-04 -0.299104361395D-03  0.235403564850D-03 -0.592004470465D-03
  0.160523051709D-02 -0.242860043794D-02  0.706873629916D-03 -0.393188419770D-03
  0.211823599061D-03 -0.538003245239D-03 -0.679041166557D-03 -0.146010857125D-02
 -0.522258122197D-03 -0.180227678032D-03 -0.650537087423D-03  0.658824240997D-03
 -0.593047318107D-03  0.293975682762D-03 -0.104126261629D-03 -0.107799407073D-02
  0.738495176280D-03 -0.840513857144D-03 -0.321755015122D-03  0.238563375200D-03
  0.325502866415D-03 -0.180945882479D-04 -0.797000073789D-04  0.711828918319D-03
 -0.188531454576D-03 -0.196494570291D-03 -0.190553168289D-03 -0.261470634305D-03
  0.907276975216D-04 -0.659309837317D-04 -0.413278143481D-03 -0.833525819037D-04
  0.528513501531D-03  0.318374689769D+00  0.675511424293D-02 -0.651824687290D-02
 -0.134159797479D-02  0.232629854971D-02 -0.116111619439D-02 -0.516742285191D-03
  0.346891569166D-03 -0.118085941714D-02 -0.182333314183D-02 -0.485423982123D-02
  0.594362287240D-03 -0.209597889603D-02 -0.137250248064D-02 -0.719355683947D-03
 -0.506941575427D-02  0.319088507236D-02  0.188386780631D-02 -0.309546099976D-02
 -0.645405615728D-03  0.165007585074D-02  0.339226347203D-02  0.224942481615D-02
 -0.257903838232D-02 -0.150123105982D-02  0.372660911804D-02 -0.183243784204D-02
  0.209244336389D-02  0.208264660289D-03 -0.147794973135D-02 -0.131253622801D-02
  0.620731834783D-04 -0.169819223197D-02 -0.590521769798D-03  0.125148412054D-03
  0.109037062976D-04 -0.980751329189D-03  0.475654886494D-03 -0.156337170523D-02
 -0.832793484420D-03  0.925051964648D-03 -0.119715561516D-02 -0.869218218048D-04
 -0.289866650589D-03  0.330363352797D+00 -0.419750450683D-02  0.249945769467D-02
 -0.229746833761D-03 -0.124691951947D-02  0.502981622689D-03 -0.118523897594D-03
 -0.572959345407D-03 -0.219825694501D-02 -0.555814186145D-03  0.254956419795D-02
  0.841440618882D-04  0.115092178911D-02  0.759786708746D-03  0.175004405392D-03
  0.377684693304D-02 -0.886574036564D-03  0.216108316962D-02  0.849285630199D-03
 -0.168577700555D-03 -0.958986257826D-03 -0.177200363087D-03 -0.801675304406D-03
  0.206240899926D-04  0.196884995753D-02 -0.203135804976D-02  0.898487615331D-03
 -0.269752031499D-03 -0.105301117583D-03  0.386792247702D-03  0.617843209789D-03
  0.407462841292D-03 -0.417420398691D-04  0.242087270700D-03 -0.800085117317D-04
 -0.481041128700D-03  0.782379470960D-03 -0.267069998601D-03  0.349466359606D-03
 -0.987446098254D-04 -0.553006275955D-03 -0.573375908225D-03 -0.222318889574D-03
  0.299294354028D-03 -0.162417178021D-03  0.330805339404D+00  0.222706823108D-01
 -0.163382300541D-01 -0.252369792558D-01  0.781354636005D-02  0.194076097280D-03
 -0.458566526473D-02  0.215915253188D-03  0.130365472152D-01  0.983060806392D-02
 -0.190801128906D-01  0.816389381366D-02 -0.884653383081D-02 -0.451671010537D-02
 -0.664332039950D-02 -0.361568024955D-02  0.175973204724D-02 -0.480824438040D-02
  0.640730993150D-02 -0.135833660088D-02  0.177866310530D-02 -0.656164436184D-02
  0.971105594862D-02 -0.301446489667D-04 -0.818580723254D-02  0.809477579113D-03
 -0.421985749652D-02  0.328712708833D-03  0.145712869652D-02 -0.275154283988D-02
 -0.227185199211D-02 -0.259723107249D-02  0.186311189436D-02 -0.300728274049D-02
  0.140518398039D-02  0.273244984130D-02 -0.475976419795D-03  0.290909176407D-02
 -0.252594519343D-02 -0.241511768178D-02 -0.168644718593D-02  0.424410859658D-02
  0.118945872189D-02 -0.110522641539D-02  0.442873631661D-02 -0.187689155490D-02
  0.613920816761D-01 -0.490320135452D-01 -0.122710883722D-01 -0.463585492837D-02
 -0.797790600702D-02  0.337668992055D-02  0.514434664867D-02  0.784825183204D-02
 -0.427678432406D-01 -0.336383634735D-01  0.164603390026D-01 -0.862937665744D-02
  0.718026245532D-02  0.928398819800D-02 -0.205057618934D-02 -0.122775619438D-01
  0.134678478687D-01  0.347366907561D-01 -0.108653479243D-01  0.495341819919D-02
  0.227202601500D-02  0.313530118174D-01 -0.319914250413D-01 -0.223013488860D-01
  0.877411297425D-02 -0.135928754692D-02  0.566613705304D-02  0.127950901771D-01
 -0.163617144584D-02  0.710773246223D-02  0.103738333579D-01  0.136345881313D-01
 -0.137199950586D-01 -0.410025330709D-02 -0.707886068659D-03  0.301267142870D-02
  0.222425875550D-02 -0.352995106200D-02  0.589165305976D-02  0.384432805495D-02
  0.578183483325D-02 -0.155675271291D-01 -0.117038129987D-01  0.451734057834D-02
 -0.119201620212D-01  0.587891366990D-02 -0.151855375109D-01  0.425868410611D+00
 -0.306358772608D-01 -0.223428971164D-01 -0.964045631284D-02  0.348556708154D-02
 -0.403945558773D-02 -0.578328770037D-02  0.315928139942D-02 -0.723476379919D-02
 -0.559895782177D-02 -0.139613819228D-01 -0.486505216073D-04 -0.553357207909D-02
 -0.181158073304D-01 -0.129808390063D-01 -0.203173027292D-01  0.148928710495D-02
 -0.893765885619D-04 -0.206141098861D-02 -0.637419605668D-02 -0.585811683883D-02
  0.684309303232D-02  0.677878892301D-02 -0.384171185746D-02 -0.238325843336D-02
 -0.317290249422D-02 -0.511130270111D-02  0.612012926660D-02 -0.199324298907D-04
 -0.507375288125D-02 -0.306247260633D-02 -0.230652349001D-02 -0.459439501051D-02
  0.136418030817D-02 -0.296566690351D-02 -0.168045604644D-02 -0.481821547938D-02
  0.104008003298D-02 -0.560587697419D-02 -0.408518988390D-02 -0.313202690542D-02
 -0.466080629686D-02  0.190795475610D-02 -0.964798452189D-03  0.300188275132D-02
 -0.153453149240D-02  0.154818890412D-01 -0.140726125157D-02  0.426186591752D+00
  0.564825243835D-02 -0.135807427884D-02  0.382417526853D-03  0.188218005561D-02
  0.371507526211D-04 -0.856854594802D-03 -0.464005838880D-03  0.368204429355D-02
  0.246626824887D-02 -0.256270266484D-02  0.203472733869D-02 -0.134325416742D-02
 -0.125330336084D-02 -0.611842750743D-03  0.942786130316D-03 -0.167053275623D-02
 -0.678526022386D-03 -0.146615581137D-03 -0.121661404866D-03  0.127555510399D-03
 -0.268665813882D-02 -0.722955498457D-02  0.875402857871D-03  0.471972762410D-03
  0.302819871694D-03  0.204650100661D-02  0.159487392410D-02 -0.734122522001D-03
 -0.103602742664D-02 -0.207571580375D-03  0.189666893606D-03  0.554303040379D-03
 -0.893736949384D-03 -0.463253858847D-03  0.107318419537D-02  0.615017612198D-04
 -0.383089335892D-03 -0.384608203647D-03  0.149496981419D-03 -0.737164631061D-03
  0.142427508482D-02 -0.491172804841D-03  0.428036084758D-03 -0.596117072375D-03
  0.117546127293D-03  0.168537432236D-02 -0.366524003374D-02 -0.160874744902D-02
  0.154728635090D-01 -0.127713340915D-03 -0.801201099357D-02 -0.130683782968D-02
  0.150979132712D-02  0.121731318940D-02  0.412416252932D-02  0.585210304131D-02
 -0.455185212540D-02 -0.600893602734D-02 -0.411694840369D-02 -0.221204717437D-02
 -0.168576808323D-02  0.168303572525D-02  0.308864107759D-02 -0.877707990979D-02
  0.615225198086D-02  0.358148902731D-02 -0.564090991239D-02  0.490762875302D-02
  0.565668144375D-02  0.803086454866D-02 -0.260090198959D-02 -0.277961622451D-02
 -0.460889020908D-02  0.940958155217D-02 -0.161383844301D-02  0.479979064529D-02
 -0.396996957728D-03  0.300883901063D-02  0.245492732988D-02  0.476237034213D-02
 -0.114802071180D-02 -0.237815706335D-02 -0.106300598368D-04  0.341217990437D-02
 -0.988650627637D-03 -0.675936547179D-04  0.376083695782D-02  0.424926202144D-02
  0.597366943681D-02 -0.508114103356D-03 -0.321242795616D-02  0.665065305193D-03
 -0.416866762309D-02  0.116823390390D-02  0.349483852700D-02 -0.177582804291D-01
  0.740214665586D-02 -0.124480597375D-03  0.356886046378D+00 -0.456207720929D-02
 -0.357997758050D-02  0.404517280309D-03  0.111676679453D-02  0.112988969157D-02
  0.308314747841D-02  0.347623851386D-02 -0.311030112091D-02 -0.234989649466D-02
 -0.350643395454D-02  0.533724332434D-03 -0.186934969904D-02  0.751225495089D-03
  0.352004520719D-02 -0.289746339793D-02  0.686315858601D-03  0.543571399412D-03
 -0.109798379777D-02  0.431285055315D-02  0.432216057942D-02  0.125485019852D-02
  0.394038516737D-02  0.184905531671D-02 -0.330223583453D-02  0.852512846919D-02
 -0.207738260717D-02  0.292487337935D-02 -0.113598059832D-03  0.205143414100D-02
  0.144623044387D-02  0.369873656475D-02  0.191672228121D-02 -0.910688758540D-03
 -0.373174970134D-03  0.167500180332D-02 -0.454691136015D-03  0.375253732364D-03
  0.294275613545D-02  0.329425288237D-02  0.450914439332D-02  0.169667391132D-02
 -0.149994277745D-02  0.758968730655D-03 -0.188831316202D-02  0.485821188275D-03
  0.221301042366D-02 -0.181063626413D-01  0.507637760928D-02  0.459431915030D-03
 -0.116692164790D-01  0.358480630914D+00  0.814113411547D-02 -0.647055270942D-02
 -0.911901078221D-03  0.865441792115D-02  0.342280624480D-04 -0.145371478911D-02
 -0.122122998397D-03  0.631946351561D-02  0.100826700994D-01 -0.176785588174D-01
  0.120778811670D-01 -0.888663975683D-02  0.134101980264D-02  0.726617526218D-03
  0.777242968201D-02  0.116898839346D-02 -0.705859708301D-02  0.103960919937D-01
  0.111317953890D-02  0.161298762546D-02 -0.116487099834D-01  0.254609920584D-01
  0.811825409412D-02 -0.399484819411D-03  0.226491462355D-02 -0.644851561229D-02
 -0.648351900697D-03  0.369595778303D-02 -0.781422569177D-03 -0.361059561384D-02
 -0.464825998462D-02  0.644590287463D-02 -0.240379911157D-02  0.267113364249D-02
 -0.489677002793D-03  0.136924719483D-02  0.326783355116D-02 -0.139200489247D-02
 -0.523797347645D-03 -0.749188209858D-03  0.455972185001D-02  0.172136660457D-02
 -0.140796295245D-02  0.486717972926D-02 -0.358337973884D-02  0.168402864005D-01
 -0.236484715098D-01 -0.200272998211D-03 -0.254241370464D-02  0.236624034138D-02
 -0.120628451852D-02  0.384884411263D+00 -0.426271528264D-03  0.567267193976D-02
  0.268463357398D-02 -0.398745119536D-02  0.926820556762D-03  0.241944876942D-02
  0.112202931301D-02 -0.720247677428D-03 -0.185057282028D-03  0.666933510564D-02
 -0.287641303701D-02  0.395394196968D-02  0.706322846956D-03  0.361992341092D-02
  0.422785405730D-02 -0.307026582067D-02  0.954010968724D-04 -0.278087555947D-02
  0.185664131367D-02  0.302691064657D-04  0.115664045132D-02 -0.237268827574D-02
  0.170835979580D-02  0.118205507523D-02  0.141426590564D-02  0.931542748131D-03
 -0.863710680458D-03 -0.810676152925D-03  0.163968916765D-02  0.136401067390D-02
  0.126289333098D-02  0.692619711932D-03  0.127412970397D-02 -0.644424622194D-03
 -0.780534475202D-03 -0.228385403334D-03 -0.689158032040D-03  0.195146543930D-02
  0.199523398143D-02  0.143862342106D-02  0.417423193450D-03  0.504492399232D-03
 -0.102986227894D-03 -0.720145200081D-03  0.143325660267D-03 -0.548732676102D-02
  0.537553560843D-02  0.114873632811D-02  0.256501579669D-03 -0.125220552966D-02
 -0.105057177992D-02 -0.493265706450D-02  0.361775397613D+00 -0.434405416485D-02
  0.190674075321D-01  0.438941406132D-02 -0.571147510548D-02  0.146152192110D-02
  0.159195231170D-02 -0.496636722247D-02 -0.122422142392D-01 -0.840259315484D-02
  0.153787624343D-01 -0.322670240689D-02  0.616106186685D-02  0.516161799501D-02
  0.505108694462D-02  0.257671441889D-02 -0.558650211083D-02  0.805426269623D-02
 -0.292302967812D-02  0.292447102466D-02 -0.682555354474D-02  0.311848437073D-03
 -0.156896257759D-01 -0.186687662944D-03 -0.103380877653D-01 -0.250974940164D-01
  0.498557675668D-02  0.126821130686D-02 -0.157572237495D-02  0.612879378321D-02
  0.493248363747D-02 -0.410211558991D-02 -0.542611813309D-02 -0.902613204401D-02
  0.106203398249D-02  0.167840269367D-01  0.112180239691D-02 -0.154842993995D-02
  0.489701410180D-02  0.187851492203D-02 -0.855925226543D-02 -0.665938764175D-02
 -0.103397245458D-01  0.158019812479D-02 -0.172046675659D-01  0.279261828637D-02
 -0.157212651060D-01  0.154435137775D-01 -0.208014597085D-01  0.942678849022D-02
  0.138714622186D-01  0.119805931582D-01 -0.101478193359D-01  0.529157107494D-02
  0.524408454320D+00  0.531477619651D-02 -0.127256882851D-01  0.707962023330D-02
 -0.180693748812D-02 -0.727467367230D-03 -0.204982516952D-02  0.222478964004D-02
  0.115418886356D-01  0.693049718983D-02 -0.151566340550D-01  0.473166605668D-02
 -0.893845457799D-02 -0.201463784111D-02 -0.518234750704D-02 -0.198690521433D-03
  0.319616658073D-04 -0.438257653768D-02  0.425648012765D-02 -0.623490268978D-03
  0.179680889476D-02 -0.658141518020D-02 -0.732023981144D-03  0.183268493755D-02
 -0.332296181930D-02  0.381240355582D-02 -0.256615223694D-02 -0.640658757225D-03
  0.919547033549D-03 -0.334976956926D-02 -0.242300513512D-02 -0.295481372855D-02
  0.179020072955D-02 -0.102469899276D-02 -0.701670996071D-03  0.128954127516D-02
 -0.133927094761D-02  0.129775203784D-02 -0.231407893597D-02 -0.513403000238D-03
  0.915185380170D-04  0.331689264760D-02  0.132925218977D-04  0.828448499448D-04
  0.150300418354D-02 -0.651531462157D-03  0.837151889053D-02 -0.105779081716D-01
  0.492469870678D-02  0.133788786514D-02  0.333019066141D-02  0.100591403561D-02
  0.428077775998D-02  0.377861903740D-02 -0.721862259735D-02  0.188348179431D-01
 -0.118832206006D-02  0.447633561216D-01 -0.150660504062D-02  0.343492042216D-02
 -0.616079159387D-02 -0.239683923317D-02 -0.116096142412D-02  0.310526201031D-01
  0.237711317100D-02  0.140708634980D-02 -0.383299342799D-01  0.925455658993D-03
 -0.473016165998D-02 -0.426042560941D-02 -0.320120196523D-02  0.744940867489D-02
 -0.180223031457D-01 -0.119783004280D-01 -0.340382356134D-02 -0.324493937130D-02
  0.143376833517D-01 -0.195864278638D-01 -0.566824899827D-02 -0.155829906150D-01
 -0.222039835655D-02  0.993659411330D-02 -0.103626801157D-01 -0.537614488931D-02
 -0.213795723225D-02 -0.109660458020D-02 -0.313619207120D-02 -0.723867655808D-03
  0.565132997011D-02 -0.881208313295D-03  0.247989467043D-02 -0.215750086840D-02
 -0.449355921632D-02 -0.308401653150D-02 -0.243441874448D-02 -0.197264057177D-02
  0.488187076374D-02  0.331599773919D-02 -0.271657370313D-02 -0.728720780143D-02
  0.477829962637D-02 -0.505458339083D-02  0.331816277383D-01 -0.349076688222D-02
  0.151627935169D-02 -0.393648902148D-02  0.169716835995D-02  0.693706491174D-02
 -0.257343832847D-02  0.876463289438D-02  0.172209545121D-02  0.519324442974D+00
 -0.114155458626D-01 -0.545220278891D-02 -0.310980772888D-04  0.575695199399D-04
  0.254335207135D-03 -0.181184131014D-02 -0.341647614451D-02 -0.372762149532D-02
  0.852684958807D-02 -0.297452422669D-02  0.201666916562D-01 -0.371235522671D-02
 -0.110277457448D-02 -0.974712460305D-03  0.196899528761D-02 -0.187624292757D-01
 -0.963339806132D-02  0.182012397994D-01  0.176235309067D-02 -0.143899183549D-02
 -0.221883117055D-01  0.176455483180D-01  0.132878523556D-01  0.407664440048D-02
 -0.169275880297D-03 -0.534200950845D-02 -0.207592747960D-02  0.322096698277D-02
 -0.692836412939D-04 -0.138010821162D-02 -0.127764797849D-02  0.718131133029D-02
 -0.513403918503D-03  0.334906970489D-03 -0.829639135406D-03  0.527407105772D-03
  0.386764113859D-02 -0.907618097697D-03 -0.135887409571D-02 -0.346822927194D-02
  0.496880295726D-02  0.202998984864D-02  0.717046095271D-03  0.568476122444D-02
 -0.311831020065D-02  0.643145691029D-02 -0.883270978747D-02 -0.103087676148D-01
  0.122234528455D-02  0.983960081693D-02  0.460345654169D-02 -0.101285941394D-03
 -0.670972139790D-03  0.142603094019D-01  0.279536927821D-02  0.705929830114D-01
  0.373346658882D+00  0.411801053293D-01 -0.192980988712D-01 -0.328432862589D-02
  0.111129077881D-01  0.479992158997D-03 -0.330005146470D-02 -0.125511627285D-02
  0.223035613041D-01  0.172904338803D-01 -0.250594416711D-01  0.152558389848D-01
 -0.118779723585D-01  0.427928255122D-04 -0.200518138213D-02 -0.233947359767D-02
  0.178212162421D-01 -0.123388497008D-01  0.898868398383D-02 -0.718035294639D-03
  0.468362593150D-02 -0.127286279039D-01  0.215518164107D-01  0.320461738005D-02
 -0.283099905258D-02  0.265112421205D-02 -0.462255453164D-02  0.200544746885D-03
  0.390177121815D-02 -0.411635940419D-02 -0.570042180105D-02 -0.615060591395D-02
  0.689026785527D-02 -0.473649312345D-02  0.429560225287D-02  0.100820617668D-02
  0.236246766196D-02  0.316145042173D-02 -0.268791234992D-02 -0.119266778093D-02
 -0.562461049591D-03  0.782391432883D-02  0.189812210301D-02 -0.121074101048D-02
  0.650844758062D-02 -0.344292764417D-02  0.255959552950D-01 -0.388473421595D-01
  0.644768568544D-02  0.196742235377D-02  0.303265513163D-02  0.173421560227D-02
  0.331326871753D-01 -0.598544686313D-02 -0.184915673506D-01  0.507725763006D-02
 -0.781529295496D-02  0.676244090615D-02  0.718485838395D-01 -0.259907296440D-01
  0.126211000320D-01 -0.816116735567D-03 -0.470050093780D-02  0.274760584260D-02
  0.158449044269D-02  0.115629301398D-02 -0.825238466039D-03 -0.303040758570D-02
  0.953639219291D-02 -0.846637799456D-02  0.388195069953D-02  0.379589305462D-03
  0.734208327039D-03  0.405752935983D-02 -0.799429765713D-03  0.703475945349D-03
 -0.211108088146D-03  0.182901696720D-02 -0.746852470901D-03  0.293322242452D-02
 -0.114633117276D-01  0.505627913166D-03  0.174415472282D-02 -0.166533771093D-02
  0.570165081473D-02 -0.139671178294D-02 -0.246143595728D-02  0.311612247382D-02
  0.442027703878D-02  0.565349822560D-02  0.199456983040D-02  0.248144101663D-02
 -0.167087489127D-02 -0.157710912241D-03  0.168729738530D-02 -0.229314979501D-02
  0.441694295506D-02  0.265393084846D-02  0.198819252337D-02  0.194019388367D-02
 -0.808075743539D-03  0.185154333128D-02 -0.383001278171D-02  0.293170712839D-02
 -0.949985681871D-02  0.185735204671D-01  0.133707147130D-02  0.257740040859D-02
 -0.668781202979D-02 -0.830395911015D-02 -0.214018853458D-01  0.128738944771D-02
  0.262376984711D-01 -0.672597307754D-02  0.188412810774D-02 -0.614158250895D-02
 -0.197930770951D-01  0.373766273126D+00 -0.236395124091D-02  0.137562229771D-02
 -0.121576393003D-02 -0.394941346026D-02 -0.221388382596D-02 -0.108075983964D-02
  0.324589012491D-02 -0.403539996451D-02 -0.245894008409D-02 -0.970591025264D-03
 -0.678810045997D-02  0.208129744910D-02 -0.163154777811D-01 -0.151278098787D-02
 -0.848198833944D-03 -0.699563473237D-02  0.924914254077D-03 -0.932285678532D-02
 -0.369543855526D-02 -0.523679844514D-02  0.524689090460D-02  0.307913895785D-02
  0.279258667076D-02 -0.316049242287D-03 -0.173539448011D-03 -0.130010577617D-02
  0.274613156138D-02 -0.274408659920D-02 -0.275072018825D-02 -0.431190658477D-03
 -0.323940070529D-03 -0.306910275625D-02  0.402827971067D-02 -0.473540468326D-02
 -0.215084482053D-02 -0.473209772113D-02 -0.595966734307D-03 -0.196702114778D-02
 -0.129257347726D-03 -0.983941902060D-03 -0.305990600533D-02  0.338771065704D-02
 -0.130509889439D-02  0.778956474454D-03 -0.540793701444D-03  0.328850380225D-02
  0.895624059945D-02  0.183734323201D-01  0.674847177291D-02  0.740651685184D-02
  0.847747333491D-02 -0.141799905328D-01 -0.170853760510D-02  0.352546830979D-02
  0.181187905449D-01 -0.114826115630D-01  0.534698745516D-02 -0.980236650172D-03
  0.136507523561D-01  0.384346299597D+00 -0.190992237465D-01  0.722184009246D-02
  0.805056087784D-03 -0.266419471843D-02  0.402118272187D-02  0.230986416885D-02
  0.877719758803D-03 -0.725340575677D-02  0.514219845680D-02  0.516043403505D-02
  0.441340869542D-02  0.527914661612D-02  0.108315568802D-01  0.961149879916D-02
  0.720552311593D-01  0.947481390656D-02  0.451622220149D-01 -0.113894976735D-01
  0.419425556176D-02  0.353309331293D-03  0.121863878130D-01 -0.272657018029D-02
 -0.616077909071D-02  0.131996339234D-01  0.241012722627D-02  0.152026908178D-02
  0.331984683648D-02 -0.161735995082D-02  0.140822980371D-02  0.168786494328D-02
  0.497083844403D-02 -0.599120578788D-03 -0.432299292046D-02  0.941275799848D-03
 -0.444231326746D-03  0.856298459056D-02 -0.188311178179D-02  0.317745960701D-02
  0.239598503351D-02  0.437841191538D-02 -0.351459106344D-02 -0.731270458787D-02
  0.206981866742D-02 -0.343355271317D-02  0.271335771079D-03 -0.335126937920D-02
  0.198967936887D-03  0.148866177304D-01 -0.248409903818D-02 -0.131748936054D-01
 -0.129499679183D-01 -0.104538747164D-01 -0.314281530961D-02 -0.502492026190D-03
 -0.154218975929D-02 -0.183479417512D-01  0.260497760845D-01 -0.631662517837D-02
 -0.345119767669D-02  0.158443583060D-03  0.358134757548D+00 -0.973836350589D-02
 -0.246884379445D-01 -0.846465869284D-02  0.222598702221D-02 -0.278621148782D-02
 -0.805794016578D-03  0.543190676116D-02 -0.566912472078D-02 -0.982233627269D-02
 -0.804833845154D-02 -0.279955528725D-02 -0.313853722329D-02 -0.987527701288D-02
 -0.813647481703D-02 -0.311621397610D-01  0.115101775371D-01  0.163677198940D-02
 -0.755892963702D-02 -0.821486374302D-03  0.267956760661D-02  0.138969800389D-01
 -0.386945200923D-02 -0.104496579685D-01 -0.667492888492D-02  0.739054265056D-02
 -0.346059287746D-02  0.748963202833D-02 -0.477750627295D-03 -0.222602609310D-02
 -0.222756560790D-03  0.329801355422D-02 -0.571030010364D-02 -0.120990709851D-02
 -0.124487895876D-02  0.202866664620D-02 -0.410061741247D-02  0.359666842312D-03
 -0.212926147061D-02 -0.548094249043D-03  0.328922223686D-02 -0.327661287945D-02
 -0.155309517799D-02  0.393550158106D-03 -0.108170912429D-02  0.108199136349D-02
  0.996974710178D-02 -0.180928959710D-01  0.199477429315D-01 -0.298815897077D-02
 -0.935709593931D-02 -0.628891587772D-02  0.408071331614D-02 -0.111485837446D-03
 -0.157603300643D-01  0.334873005697D-02 -0.755198452322D-02  0.820042635357D-02
  0.840754431959D-02 -0.208937494476D-02  0.218245289899D-01  0.922770241625D-02
  0.393037457415D+00 -0.259531338158D-01 -0.130843043908D-01 -0.113994415354D-01
 -0.708298854163D-04 -0.161529870036D-02 -0.692153113434D-03  0.117940635755D-01
 -0.101851907057D-01 -0.129641288244D-01 -0.579188117557D-02 -0.155867074356D-01
 -0.103292586206D-02 -0.146089819491D-01 -0.117000529489D-01 -0.292770937343D-01
  0.109189303843D-01 -0.306937024530D-02 -0.437981679259D-02 -0.298322063970D-02
 -0.706715119263D-02  0.197045788567D-01 -0.493068392619D-02 -0.116387336495D-01
  0.317549394715D-02 -0.524051938315D-02  0.329004281447D-04  0.317102448726D-02
 -0.105959827032D-02 -0.143424994048D-02  0.245577693330D-02  0.102648372402D-02
 -0.792200043865D-02  0.620679709391D-02 -0.370807561418D-02 -0.631811108298D-02
 -0.464487266939D-02 -0.164930630340D-02 -0.706139757455D-04  0.534104774375D-03
  0.825086531225D-03 -0.779409354869D-02  0.403199151058D-02 -0.147077907862D-02
  0.183430988435D-02  0.480466156020D-03  0.696641542962D-02  0.457934291963D-01
  0.316305920733D-01 -0.719995424673D-02  0.169069909849D-01  0.121708381955D-01
 -0.699276459922D-02  0.873803712836D-03 -0.325050760330D-01  0.354538548466D-02
 -0.127702316535D-02 -0.756590593457D-02 -0.194113221236D-02  0.196840019161D-01
  0.114196445915D-01  0.455509493110D-01  0.375064793822D-01  0.433939160907D+00
$end
