$vibrational normal modes
 1  1  -0.0705492985   0.1600505248   0.0393899619   0.0539774588  -0.0854433910
 1  2   0.0973998811  -0.0331264499  -0.1115548509   0.0306786205  -0.1689261556
 1  3   0.0178737433  -0.0771384595  -0.0325070716  -0.0180544387  -0.0641365830
 1  4  -0.0343543132  -0.0094558692   0.0770747431  -0.0765028154  -0.0270632178
 1  5  -0.0092122362   0.2342962306   0.0168193000   0.0140039548  -0.0342856129
 1  6   0.0325274929  -0.0732286376  -0.0246944044  -0.0194642554   0.0112342194
 1  7   0.0643499953  -0.0919164862   0.0674644535  -0.0049375952  -0.0012614520
 1  8  -0.0019668589   0.0013671838   0.0767644564  -0.0047596764  -0.0016319128
 1  9   0.0069583359  -0.0486715450  -0.0687321892   0.0292187142   0.0712720296
 1 10  -0.0009907102  -0.0262761369  -0.0019138937  -0.0289477720  -0.0015409401
 1 11   0.0009682696  -0.0005670708   0.0025721214   0.0024277764   0.0328071619
 1 12  -0.0000125748   0.0000288814  -0.0000165887  -0.0000840927   0.0226319167
 1 13  -0.0010326335  -0.0009748791   0.0000010098   0.0000166094  -0.0000668143
 1 14   0.0001072978  -0.0002215169  -0.0524904986   0.0529054959
 2  1   0.2346324677   0.0852813325  -0.0833474299   0.0238049077   0.0121661928
 2  2   0.2273622021  -0.0262630289  -0.0517231742   0.0794927660   0.0670852591
 2  3   0.1612686791   0.0550503075   0.0488894756  -0.0064328180   0.0606548824
 2  4   0.0107823425   0.0130822665  -0.0776439672   0.0857755922  -0.0085215967
 2  5  -0.0102616536   0.1007540829  -0.0007940627  -0.0193268074  -0.0170803875
 2  6   0.0084876482   0.0173918065  -0.0605958719  -0.0629109433  -0.0467420665
 2  7  -0.1081734919  -0.0814435699  -0.0619506052   0.0060815777  -0.0047732735
 2  8   0.0021709411   0.0002803441  -0.0664788025   0.0052316195   0.0025625721
 2  9   0.0059091859  -0.0190965422  -0.0206220782   0.0071745682   0.0136551158
 2 10  -0.0004308752   0.0400219447  -0.0020763476  -0.0278614922  -0.0003747182
 2 11   0.0003847149  -0.0001472949   0.0004456216   0.0003644251   0.0464777877
 2 12  -0.0000273854  -0.0000004692   0.0000456110   0.0000035546   0.0233548840
 2 13  -0.0005865139  -0.0001046503   0.0000153442  -0.0000124464  -0.0000082689
 2 14  -0.0000239395   0.0001295609  -0.0438441917  -0.0757936653
 3  1  -0.0522692484  -0.0035800227  -0.0477129348  -0.0276491496   0.3207992018
 3  2  -0.0488880658   0.0401633529   0.0733416787  -0.0395784063   0.1091760542
 3  3  -0.1042253993   0.0274638894  -0.0016108972   0.0004310980  -0.0284044720
 3  4   0.0044679151  -0.0029444417   0.0121179009  -0.0030786408  -0.0273866841
 3  5   0.0256434734   0.2680321938   0.0192640027  -0.0006929848  -0.0461204796
 3  6   0.0338367260  -0.0459653028  -0.0625828432  -0.0625431956  -0.0072497274
 3  7  -0.0320101870   0.1097766151   0.0077532350   0.0016050712  -0.0035811473
 3  8   0.0001494817  -0.0012195750   0.0178384567  -0.0017544095   0.0009647171
 3  9   0.0102093588  -0.0555000646  -0.0729157549   0.0295459081   0.0708133280
 3 10  -0.0016106807   0.0112648523  -0.0011648282   0.0343066205   0.0002815450
 3 11   0.0010350650  -0.0008038917   0.0021096686   0.0023808318   0.0605795401
 3 12   0.0000088575   0.0000198254   0.0000646888  -0.0001069531   0.0385514829
 3 13  -0.0013324514  -0.0010783236  -0.0000860971   0.0000320483   0.0000888081
 3 14  -0.0000904661   0.0000367611   0.0603207795  -0.0087227497
 4  1  -0.0868444623   0.1199809498   0.0052991825   0.1124682596   0.0049425900
 4  2   0.0826947717   0.0231952145  -0.0588682641   0.0050353427  -0.0346694522
 4  3  -0.0759792921   0.0344074659   0.0189851609  -0.0210218708  -0.0482584642
 4  4  -0.0154323659  -0.0156195929  -0.0124869439   0.0332088416   0.0119283701
 4  5  -0.1909322491   0.1402326495   0.0070149668   0.0218431700   0.0226325019
 4  6  -0.0154147831   0.0132275295   0.0490027730   0.0507194779   0.0193392334
 4  7   0.0283681124   0.1101037361  -0.0207944220  -0.0003681936   0.0159348386
 4  8   0.0079947919   0.0050022071  -0.3359263449   0.0110118423   0.0161296131
 4  9   0.0199706389  -0.0037554765   0.0285949452  -0.0217725140  -0.0823880488
 4 10   0.0013703256  -0.0250328417   0.0055132399  -0.0114182284   0.0023780847
 4 11  -0.0033387758   0.0022449145  -0.0077901882  -0.0071709456  -0.0163393297
 4 12  -0.0000017351  -0.0000680478   0.0000601046   0.0001852041  -0.0018922540
 4 13   0.0004537243   0.0010012351   0.0000400246  -0.0000220136   0.0000145202
 4 14  -0.0002074539   0.0002443245  -0.0006631365   0.0006351522
 5  1   0.2002694469   0.0414323590  -0.0060657755   0.1006089054   0.0512336585
 5  2   0.1041793062   0.0069173074  -0.0037696814   0.0218723750   0.0312754167
 5  3  -0.0340396455  -0.0331324463  -0.0449529394   0.0322086175   0.0095816966
 5  4   0.0390037347   0.0124140903   0.0643324381  -0.0744630752  -0.0602327424
 5  5  -0.1634506285  -0.0556383248  -0.0256184995  -0.0413287471   0.0170495247
 5  6  -0.0176546072   0.0478078227   0.0089781027   0.0094526595   0.0047294536
 5  7  -0.0024950969   0.0923904062   0.0012426016   0.0020139605  -0.0000914764
 5  8  -0.0041877480  -0.0004154273   0.1502327591  -0.0040258113  -0.0061170386
 5  9  -0.0052431915  -0.0085662631  -0.0166252598   0.0092876900   0.0294047774
 5 10  -0.0012179713  -0.0021805162  -0.0013555853  -0.0115485960  -0.0009314586
 5 11   0.0001090462  -0.0000982830   0.0003461159  -0.0010729898  -0.6161878262
 5 12   0.0000744278   0.0000713074  -0.0000121978  -0.0002053988   0.0000428710
 5 13  -0.0011915877  -0.0021267908  -0.0000579688   0.0000662699   0.0000116639
 5 14   0.0001405834  -0.0004716880  -0.0005836412  -0.0027186711
 6  1  -0.0256877092   0.0473711635  -0.0449920791  -0.1065611838   0.2270852963
 6  2   0.0077802130  -0.0213147625   0.0099093939   0.0032033511   0.0024709054
 6  3   0.0473297026  -0.0422587569  -0.0160345464  -0.0074149418  -0.0152706217
 6  4  -0.0169919047   0.0063810728   0.0283785868  -0.0330711945  -0.0280736228
 6  5   0.2319550739   0.0552373391  -0.0014093108  -0.0090167508   0.0307791081
 6  6  -0.0257281342   0.0465133471   0.0481407456   0.0508635165   0.0084683787
 6  7   0.0298804354  -0.1302970343  -0.0090021804  -0.0056915499   0.0064610624
 6  8   0.0014878696   0.0009885963  -0.1780020961   0.0058481705   0.0085089861
 6  9   0.0134319467  -0.0087368236   0.0118702858  -0.0116294808  -0.0488153167
 6 10   0.0007101608  -0.0203627448   0.0036973778   0.0174579988   0.0021945093
 6 11  -0.0028219742   0.0016481842  -0.0067601928  -0.0070564651  -0.4496634087
 6 12   0.0000409974   0.0000058561   0.0000369004   0.0001109199  -0.0015215695
 6 13  -0.0004733328  -0.0006476611   0.0000112145   0.0000035240  -0.0000176056
 6 14   0.0000190738  -0.0003247107   0.0009202383  -0.0013925957
 7  1  -0.0880286346   0.0791581459  -0.0143313479   0.1717560210   0.0728335421
 7  2   0.1222275828   0.0865676883  -0.1080418205  -0.0802080208   0.0863849331
 7  3  -0.0056332047   0.0967057184   0.0717687495  -0.0495462502  -0.0750794366
 7  4  -0.0593705541  -0.0441029160   0.0624760648  -0.0764331632   0.0879542540
 7  5   0.0639956609  -0.1914486115   0.0081533715   0.0217416688  -0.0124767202
 7  6   0.0128439567  -0.0359848783  -0.0081611618  -0.0097929572  -0.0007374868
 7  7   0.0008902181  -0.0211999756   0.0027263797   0.0019873291  -0.0079746869
 7  8  -0.0006089230  -0.0027465783   0.0393923561   0.0000160291  -0.0019810589
 7  9  -0.0028478665   0.0004161653  -0.0033364801   0.0027696311   0.0104076282
 7 10  -0.0001762147   0.0033411321  -0.0006126986   0.0009431047  -0.0005150985
 7 11   0.0005119612  -0.0004015370   0.0014831501   0.0013533529  -0.0145075484
 7 12  -0.0000370386   0.0000081853  -0.0000446348  -0.0000252098   0.0001292297
 7 13   0.0001062117   0.0000446252  -0.0000122513  -0.0000009424   0.0000277920
 7 14  -0.0000190764   0.0002149924  -0.0000550961  -0.0002043555
 8  1   0.1866425100   0.0010150741   0.0419374028   0.1671468376   0.0857561919
 8  2   0.0696627365   0.0513774076  -0.0425917419  -0.0715925756   0.0515493132
 8  3  -0.0249312617  -0.0643728786  -0.0654125772   0.0411659082   0.0224918297
 8  4   0.0450912029   0.0278133845   0.0385437076  -0.0441785421  -0.0832105001
 8  5   0.0610834067   0.0389449134  -0.0224945111  -0.0505158724   0.0425291093
 8  6  -0.0414576587   0.0972296879   0.0523115886   0.0578379957   0.0199758078
 8  7   0.0468409483  -0.0171383339   0.0144004185  -0.0131270339   0.0198659120
 8  8  -0.0024704837   0.0021531305  -0.0042876423  -0.0091774308   0.0000794892
 8  9   0.0002129989   0.0074629761   0.0052318102  -0.0022048445  -0.0084948766
 8 10   0.0014208549   0.0165173617  -0.0002782573   0.0001254329   0.0001780472
 8 11   0.0006526114  -0.0002427737   0.0011062157   0.0017437332   0.3937222144
 8 12  -0.0000169489  -0.0000317272   0.0000170030   0.0001128691  -0.0000997537
 8 13   0.0003778913   0.0007692198   0.0000123119  -0.0000502426   0.0000220076
 8 14  -0.0000948987   0.0002936202  -0.0000574483   0.0008505376
 9  1  -0.0051428890   0.1051097654  -0.1194041774  -0.2022932000   0.1805972619
 9  2   0.0634639960  -0.0832256765   0.0644810279   0.1374714083  -0.0170980003
 9  3   0.0407868699   0.0116047938   0.0204212978  -0.0237763736  -0.0374237222
 9  4  -0.0302809463  -0.0193694989   0.0781613666  -0.0940283603   0.0082831372
 9  5  -0.0868566047  -0.1264704786  -0.0134926366  -0.0181377501   0.0208959047
 9  6  -0.0185414030   0.0365707727   0.0297981251   0.0325583508   0.0136532601
 9  7   0.0334635602   0.0263262034   0.0105242386  -0.0043128737   0.0109859352
 9  8  -0.0009399428   0.0024379028   0.0304894645  -0.0054880190  -0.0015241125
 9  9  -0.0022884537   0.0056303811   0.0010636099   0.0007067070   0.0029503344
 9 10   0.0006762439   0.0142089281  -0.0007463809  -0.0022148459  -0.0003534908
 9 11   0.0009058828  -0.0005241540   0.0020847016   0.0025708760   0.2663583594
 9 12  -0.0000631637  -0.0000082526  -0.0000271833   0.0000175418   0.0000408789
 9 13   0.0003499155   0.0006699716   0.0000188950  -0.0000390350  -0.0000024203
 9 14   0.0000149434   0.0000425420   0.0000664957   0.0004373484
10  1  -0.1002418439   0.1358423311  -0.0006467841   0.0897044042   0.0003103914
10  2   0.0183356769  -0.0292654543   0.0308712377   0.0650748865  -0.0631621054
10  3  -0.2165415625   0.0437742673   0.0058136367  -0.0080923390  -0.0347732700
10  4   0.0061308236  -0.0100456156  -0.0572490518   0.0918741476   0.0270925252
10  5   0.0658365961   0.0453874126   0.0132822375   0.0130767940   0.0439981637
10  6  -0.0443360226   0.0986289705   0.0673436595   0.0613697428  -0.0013731326
10  7  -0.0794962435  -0.0194585278  -0.1364861354  -0.0067133935  -0.0044330836
10  8  -0.0156960989  -0.0268517755   0.1418029965  -0.0187307580  -0.0062428378
10  9  -0.0100288971   0.0026960573  -0.0071371489   0.0078813081   0.0284933524
10 10   0.0000835874   0.0050707718  -0.0027678121   0.0009763334  -0.0023104950
10 11   0.0016983069  -0.0013519554   0.0058617419   0.0061910056  -0.0015840339
10 12   0.0003240158   0.0000075743   0.0001348506  -0.0003282482   0.0000312778
10 13  -0.0011712478  -0.0012288741  -0.0000701624  -0.0000784126   0.0000834580
10 14  -0.0000037444  -0.0000831021   0.0000360988  -0.0003002160
11  1   0.1863081940   0.0533806265   0.0029001933   0.0851805838   0.0425107593
11  2   0.0356073649  -0.0389554143   0.0718578908   0.0668877017  -0.0127298185
11  3  -0.1674352413  -0.0379057256  -0.0616554795   0.0391186074   0.0035834584
11  4   0.0431448384   0.0034052854   0.0119414075  -0.0003214956   0.0362960441
11  5   0.0496577145  -0.1355528880   0.0441167876   0.1135991813  -0.0464278699
11  6   0.0523650790  -0.1767593288   0.0000877483  -0.0130897681   0.0133287754
11  7   0.0030023444  -0.0130421627  -0.0241516929   0.0153485831  -0.0539878207
11  8   0.0020164853  -0.0292304650  -0.1000284176   0.0163166235   0.0052875025
11  9  -0.0054968283   0.0075190347   0.0157514295  -0.0040409421   0.0068618734
11 10  -0.0023874940  -0.0029525249   0.0003331331   0.0014764921  -0.0010344513
11 11   0.0008732618  -0.0007961825   0.0033900318   0.0043453352   0.0406139609
11 12  -0.0000258631   0.0000038604   0.0000141013   0.0002161881  -0.0000602572
11 13   0.0001756570   0.0005377820  -0.0000047800  -0.0000516818   0.0000022917
11 14  -0.0000898463   0.0003284608   0.0000343856   0.0003141584
12  1  -0.0277330191   0.0197930877   0.0533993890  -0.0557203827   0.2008644022
12  2  -0.0118956489   0.0281352287  -0.0921015749  -0.0959754184  -0.0688643522
12  3   0.1626020953  -0.1173126014  -0.0434527822  -0.0035689314   0.0058087525
12  4  -0.0214935351   0.0094433099  -0.0516612980   0.0623141027   0.0611892071
12  5  -0.0801135217  -0.0466180031   0.0088882208   0.0830215049   0.0216461004
12  6   0.0004134575  -0.0630048250   0.0512269856   0.0447982822  -0.0248125197
12  7  -0.0507657856   0.0152747684  -0.1428342373   0.0406191128  -0.0029636853
12  8   0.0045549241   0.0200915684   0.0526369444   0.0229166735  -0.0134888493
12  9  -0.0130062295   0.0122128217  -0.0004568979   0.0041278624   0.0270289244
12 10  -0.0005169397   0.0019744247  -0.0047948808  -0.0016446984  -0.0032514793
12 11   0.0013394243  -0.0012548403   0.0070287605   0.0081787493   0.0267656949
12 12   0.0002922295  -0.0000197773   0.0000896547   0.0001942884  -0.0000118123
12 13  -0.0007315815  -0.0005162067  -0.0000410548  -0.0001517073   0.0000735341
12 14   0.0000290710  -0.0003463951  -0.0000381377  -0.0000371739
13  1  -0.1164122034   0.0996238276  -0.0328728669   0.1426019611   0.0842712443
13  2  -0.0000525116  -0.0267208543   0.0305574856   0.0102673657  -0.0204607178
13  3  -0.0510448664  -0.0729048156  -0.0041736924  -0.0375557620   0.0521151009
13  4  -0.0745375694   0.0545169202  -0.0779416287   0.0911928703  -0.1091073328
13  5   0.0044856041  -0.1137419325  -0.0843642590  -0.0164345543   0.0739251596
13  6  -0.0237966018  -0.0005656609  -0.0471712361  -0.0477471897  -0.0813950975
13  7   0.0049684686   0.0074326769   0.2035190329   0.0399274898   0.0166719326
13  8   0.0306430042   0.0349355597  -0.0584936332   0.0156345540   0.0105422067
13  9  -0.0315439922   0.0570824551   0.0478674314  -0.0029440359   0.1201736100
13 10  -0.0165587755   0.0039375410  -0.0056285508   0.0000872907  -0.0007094517
13 11   0.0046398764   0.0009401171   0.0015199668   0.0036386387  -0.0152665711
13 12  -0.0024352176   0.0009757011  -0.0002551532  -0.0013763728   0.0006183111
13 13   0.0032130994   0.0162355108   0.0025611752  -0.0021077601  -0.0060906138
13 14   0.0143474286  -0.0469086715   0.0000014356  -0.0002102928
14  1   0.1531565893   0.0135214644   0.0756153878   0.1554478004   0.0781813426
14  2  -0.0847539979  -0.0519035706   0.0778945116   0.0018072094  -0.0517546341
14  3  -0.0141208182  -0.0448542968   0.0180066352  -0.0435794517   0.0531310510
14  4  -0.0931450783  -0.0314852704  -0.0214717868   0.0148676363   0.1884330297
14  5  -0.0005021942  -0.0094593025   0.0145860110  -0.0586229326  -0.0400377104
14  6   0.0212908995   0.0463560022  -0.0692661497  -0.0249487901  -0.0272954877
14  7   0.0812618595   0.0004723257  -0.0653314332  -0.0105686460   0.1548107652
14  8  -0.0040123836   0.0384143236   0.0145664458  -0.0652263774   0.0212565696
14  9   0.0348722701  -0.0273445604  -0.0210410738   0.0014199231  -0.0678500583
14 10   0.0078584528  -0.0028935252  -0.0022397523   0.0011637918  -0.0095762788
14 11   0.0079964848  -0.0073191942   0.0335752109   0.0480000221  -0.0172956318
14 12   0.0008379548   0.0018097309   0.0025580149  -0.0003087440  -0.0021261582
14 13  -0.0304247661  -0.0333861901   0.0006499430  -0.0021162276  -0.0050637547
14 14   0.0134781959  -0.0568015714  -0.0000103913  -0.0002864922
15  1  -0.0029408629   0.0655398692   0.0633330325  -0.1259622427   0.1109513362
15  2   0.0398091026   0.0295582332  -0.0930089100  -0.0257175510  -0.0959214482
15  3  -0.0318951719   0.0073384351  -0.0459305044   0.0498096051  -0.0642155268
15  4   0.1010922429  -0.0355764277  -0.0651967278   0.0930097493   0.1277482596
15  5  -0.0095942165  -0.0999042221   0.0493476995  -0.0453097046  -0.0604040556
15  6  -0.0008566993   0.1235361147  -0.0590848479  -0.0665906800   0.0666105939
15  7  -0.0002202241  -0.0004666485   0.1637460308  -0.0958638409  -0.0188386853
15  8  -0.0112280732  -0.0222534659  -0.0477160660  -0.0215672893  -0.0216840991
15  9  -0.0133431996   0.0390338002  -0.0059250166   0.0058821395   0.0268575665
15 10   0.0098207963   0.0010054065   0.0017009381  -0.0003829303  -0.0049710257
15 11   0.0102726291  -0.0055238569   0.0312581814   0.0368831359  -0.0228779309
15 12   0.0055476800  -0.0008589621   0.0022207270   0.0024114762  -0.0018460061
15 13  -0.0190832142  -0.0467247007  -0.0038724321   0.0032371168   0.0072436147
15 14  -0.0172633239   0.0498765446  -0.0000150382  -0.0002433044
16  1  -0.1289561452   0.1238169436  -0.0342131296   0.1077257584   0.0648228164
16  2  -0.0703169400  -0.0150434216   0.0004490804  -0.0088477821  -0.0589972235
16  3   0.0651312204   0.0452242623   0.0193421203  -0.0004650410   0.0647117014
16  4   0.0910864203   0.1089503371   0.0313782575   0.0641268154  -0.1045449416
16  5   0.0022972385  -0.0856392141  -0.1189136927  -0.1003360905  -0.0445089934
16  6   0.0317735611  -0.0770588201  -0.0305185191  -0.0208386560   0.0766215757
16  7   0.0460011246  -0.0028907385  -0.1248049162  -0.0156698307  -0.0457189048
16  8  -0.0066782305   0.0032782344  -0.0064891998  -0.0308577284  -0.0285022293
16  9   0.0149206112   0.0641038142  -0.0947501951   0.0283436908  -0.0659221016
16 10   0.0374064007  -0.0006857826   0.0214538792  -0.0001106086   0.0013770657
16 11  -0.0005060398   0.0093010900   0.0090783084  -0.0018751394   0.0046741991
16 12  -0.0254174343   0.0043083533  -0.0086237148   0.0107428316   0.0007494289
16 13   0.0474369553  -0.0333639914  -0.0012503160   0.0087516703  -0.0019670642
16 14   0.0039810308  -0.0079767818  -0.0000291766  -0.0000630780
17  1   0.1418345569   0.0357488441   0.0734367875   0.1232921103   0.0607466293
17  2  -0.1481664835  -0.0407756890   0.0502439577  -0.0158159923  -0.0834949261
17  3   0.0913449697   0.0690618587   0.0493033480  -0.0259491539   0.0154206755
17  4   0.0292782704   0.0072556461   0.0813102486  -0.0039599417   0.1532287176
17  5   0.0007003880   0.0854780452  -0.0703895784  -0.0197045652   0.0366493617
17  6  -0.0252315405  -0.0053241609   0.0442376057   0.0248641945   0.0437959084
17  7  -0.0786322260  -0.0008416717   0.1123732594  -0.0156931622  -0.1486889127
17  8   0.0094932138   0.0370051790   0.0128087122   0.0770636647   0.0215673490
17  9   0.0350644245  -0.0323620975   0.0463553304  -0.0311837754   0.0306223525
17 10  -0.0304226189  -0.0006400248  -0.0462895327   0.0008214895  -0.0052088799
17 11  -0.0052715566   0.0004778333  -0.0114537305   0.0006227460   0.0101054242
17 12   0.0220813346  -0.0039988552   0.0027113953   0.0215151342   0.0011352377
17 13   0.0548425131  -0.0293795896  -0.0009725642   0.0084303399  -0.0011998986
17 14   0.0048218033  -0.0101054304  -0.0000495390  -0.0000285004
18  1  -0.0077823037   0.0289584277   0.1766248874  -0.0599252738   0.0894390928
18  2   0.0118133507  -0.0019418220  -0.0522369126   0.0002801078  -0.0762354003
18  3  -0.0477004746   0.0661131441   0.0396535754   0.0041070697   0.1135126452
18  4   0.0310168672  -0.0746679087  -0.0607072444  -0.0487176777  -0.1041200104
18  5   0.0011922921  -0.0480221209   0.1102642641  -0.1323729918  -0.0553222749
18  6   0.0242205311  -0.0275200372   0.0327822777   0.0287079875  -0.0699785714
18  7   0.0278234070   0.0023772933  -0.0102174712   0.1111587212  -0.0674248782
18  8   0.0799383382   0.0039850133   0.0223458849   0.0030662874   0.0639048584
18  9   0.0184967033  -0.0611939162   0.0556562595  -0.0149796532   0.0099838747
18 10  -0.0204075218   0.0007215514   0.0633152598  -0.0016737391   0.0157126144
18 11   0.0169133109  -0.0100623702   0.0004684465   0.0056969944   0.0116066914
18 12  -0.0555760801   0.0094348001  -0.0150786262  -0.0072873407  -0.0000352327
18 13   0.0077376468  -0.0115911545  -0.0007306050   0.0023256878  -0.0008144716
18 14   0.0005019593   0.0009203552   0.0000161721  -0.0000241376
19  1  -0.1060691826   0.1676397491   0.0080324290   0.0436568454  -0.0419785694
19  2  -0.0363233596  -0.0013444946   0.0612938486  -0.0003748824   0.0742894714
19  3   0.0728227679  -0.0081213906  -0.0186666383   0.0228042146   0.0322290588
19  4   0.0503252950   0.0950269339  -0.0890479908  -0.1279070464   0.0567261606
19  5  -0.0028704750   0.0076673421  -0.0504413298   0.0387184171  -0.1130103100
19  6   0.0389965435   0.0436612288   0.0423101662   0.0248592635  -0.0377670429
19  7  -0.0066521577   0.0007445909   0.0002759255  -0.1128458978   0.0573765526
19  8   0.1528037015  -0.0228363325   0.0037155280   0.0159892905  -0.0646478341
19  9  -0.0448172959  -0.0756931985   0.0566317240  -0.0183808819   0.0135698282
19 10   0.0015959583  -0.0002957276  -0.0027978490  -0.0003412592   0.0075076260
19 11   0.0049232877  -0.0382158552  -0.0047258882  -0.0031940606  -0.0006481833
19 12   0.0060387100   0.0005479663   0.0111586459  -0.0511709022   0.0000339267
19 13   0.0108271868  -0.0075621172  -0.0009427022   0.0149308036  -0.0055619747
19 14   0.0041940077   0.0006009346  -0.0000150374  -0.0000609723
20  1   0.1626132454   0.1298837247  -0.0242588905  -0.0290955707  -0.0187556328
20  2  -0.1157657026   0.0206819168   0.0277196150  -0.0619002270  -0.0517360256
20  3   0.0253112126   0.0391246009   0.0241564538  -0.0065694839  -0.0998758902
20  4  -0.0012031132  -0.0307166905  -0.0755189382  -0.0479117217  -0.0702070589
20  5   0.0016049132  -0.0062947857  -0.0346561013   0.0251967880  -0.0223665527
20  6  -0.0238527940  -0.0065905593  -0.0493175384   0.0556764569   0.0922886803
20  7  -0.0592307831  -0.0097813711   0.0663027466   0.1660134329   0.1058412794
20  8   0.0305088633  -0.0481272113   0.0011126433   0.0223258667   0.0695261716
20  9  -0.1176804204   0.0032988052  -0.0298168572   0.0660669744  -0.0429407524
20 10   0.0234014338  -0.0002628473  -0.0058317920   0.0009652345  -0.0150585436
20 11  -0.0328069829  -0.0056102238   0.0070734047  -0.0045275485   0.0006809387
20 12   0.0037270046   0.0021512079   0.0043258617  -0.0204532965   0.0000403045
20 13   0.0053376324  -0.0031751381  -0.0000843698   0.0068083887  -0.0018292328
20 14   0.0010214270  -0.0005591756  -0.0000072125  -0.0000259322
21  1   0.0008485020   0.0364882973   0.2150752166  -0.0684904048   0.0462734990
21  2   0.0243778563  -0.0051107569  -0.0155724473   0.0121876259  -0.0110694031
21  3  -0.0349208169   0.0483085429   0.0314397303   0.0077541727   0.1081679664
21  4   0.0067578027  -0.0593841849  -0.0819578381  -0.1266001057  -0.0456772232
21  5   0.0052221677   0.0124682228  -0.0941641684   0.0728910231   0.0688146508
21  6  -0.0140611892  -0.0356501550  -0.0078908875  -0.0354915376   0.0061255554
21  7  -0.0062007062   0.0012888049  -0.0039279056  -0.1063771419   0.1039441603
21  8  -0.0997288471  -0.0465721202   0.0098349561   0.1049339257   0.0188314954
21  9   0.0749827719   0.0635485151  -0.0403307197  -0.0083744823   0.0034790476
21 10  -0.0042771858  -0.0003840736   0.0005682058   0.0002761024   0.0051321977
21 11   0.0034317876   0.0214700543   0.0322091894  -0.0206910400  -0.0008318963
21 12   0.0075006671   0.0001576679   0.0097872755  -0.0501955110   0.0000706465
21 13   0.0107802392  -0.0065653627  -0.0004372642   0.0144662175  -0.0071466126
21 14   0.0017498690  -0.0001736243  -0.0000079440  -0.0000558404
22  1  -0.0820296654   0.1554426162   0.0260601756   0.0608922841  -0.0599739645
22  2   0.0617411646  -0.0155225027   0.2358992604  -0.1039424884   0.0186499515
22  3   0.1474244667  -0.0106514274  -0.0080299356   0.0589312862  -0.0596110288
22  4   0.0402287120  -0.1067603078  -0.0164015849   0.0007110376  -0.0178585707
22  5  -0.0007215576  -0.0060349512   0.0566618197  -0.0129539901   0.0393785166
22  6   0.0645194299   0.0328595514   0.0638961841  -0.0552758037  -0.0458622666
22  7   0.0203506284   0.0034593286   0.0035406259   0.0261548275  -0.0321589874
22  8  -0.1096015922   0.0191459862  -0.0080045132  -0.0116418677   0.0263160353
22  9  -0.0353844775   0.0162096221  -0.0386027764  -0.0252946469  -0.0135370917
22 10  -0.0445528264  -0.0009660336  -0.0100589051  -0.0002524637   0.0171066859
22 11   0.0318749055  -0.0215415712   0.0037734019  -0.0073367701   0.0006318529
22 12   0.0023469368  -0.0253277567  -0.0225246476   0.0013256918  -0.0001980111
22 13  -0.0072671860  -0.0033082268   0.0162714043   0.0043691723  -0.0262392204
22 14   0.0666396713   0.0219520037   0.0001073861  -0.0000481892
23  1   0.1658252845   0.1744316258  -0.0619689531  -0.0996495153  -0.0558331404
23  2  -0.1294262118   0.0504367052  -0.0254178318  -0.0503102698  -0.0084474987
23  3  -0.0410584327   0.0069562225   0.0288336081  -0.0341722472  -0.0579079976
23  4  -0.0178247154   0.1271033409  -0.0674751222  -0.0627061031  -0.0251484101
23  5  -0.0050329175  -0.0123085419   0.1335520050  -0.0336275478   0.1190972408
23  6  -0.0392565496  -0.0481623333  -0.0317182556  -0.0442497930  -0.0223706515
23  7   0.0411461685   0.0043221970  -0.0558484308  -0.0944825194  -0.0450319117
23  8  -0.0013325986   0.0224423763   0.0012385923  -0.0126917355  -0.0100719797
23  9  -0.0161710871   0.0020281894  -0.0367849242  -0.0801488707   0.0009777142
23 10  -0.0842884138   0.0002648153   0.0168068223  -0.0003068709  -0.0155429823
23 11  -0.0048656515   0.0217354016   0.0094673185   0.0011302835   0.0003334876
23 12   0.0023402695  -0.0290829484  -0.0264349540  -0.0058332989   0.0000377857
23 13   0.0005005273   0.0013780308   0.0076481965   0.0132832171   0.0118233065
23 14  -0.0470315091  -0.0157889025  -0.0000506255   0.0000056111
24  1   0.0410418920   0.1313005034   0.1451272803  -0.2214389547  -0.0703177798
24  2   0.1215687423   0.0494956820   0.0853214729  -0.0955889687   0.0216752771
24  3  -0.1024359794  -0.0288134168   0.0487388357  -0.0066365513   0.1087586737
24  4  -0.0565004183   0.0591184624   0.0938670939   0.0630965525   0.0152737218
24  5   0.0010091488   0.0062015843  -0.0724860882   0.0535866148   0.0041019533
24  6   0.0420860084   0.0517738989  -0.0814040625   0.0611060545   0.0274585803
24  7   0.0083342727  -0.0003316452  -0.0203050446  -0.0054539801  -0.0725364831
24  8   0.0002144779   0.0452102669  -0.0065570000  -0.0383444616   0.0136123994
24  9  -0.0320259616  -0.0282586007   0.0328924460   0.0314691402   0.0010132428
24 10   0.0316485556   0.0002927678  -0.0045081946   0.0011331838  -0.0312454409
24 11   0.0103934013  -0.0061757883   0.0226551832  -0.0283664897   0.0002659173
24 12  -0.0008301769   0.0015243615  -0.0005134456   0.0120860061  -0.0001364962
24 13  -0.0087249299   0.0041812976   0.0630168424   0.0556081566  -0.0177200084
24 14  -0.0133665960  -0.0004955345   0.0000446309  -0.0000014950
25  1  -0.1215558730   0.1876607379   0.0019220589   0.0148952790  -0.0500603982
25  2  -0.1125248896   0.0144420392  -0.0716154990   0.0879414979   0.1639740822
25  3   0.0377361272  -0.0408274132  -0.0493317657   0.0508953157   0.1378131322
25  4   0.0108213265  -0.0246176811   0.0196448635  -0.0268753232   0.1036252684
25  5  -0.0042193513   0.0194036849   0.0696168412  -0.0206168470  -0.0058715546
25  6  -0.0702291877  -0.0224671154  -0.0676533464   0.0615308196   0.0198800337
25  7  -0.0198123459  -0.0014479230   0.0382048895   0.0939215317  -0.0156534940
25  8  -0.0928605523   0.0040278672  -0.0099413613  -0.0152488975  -0.0236656364
25  9   0.0329916875   0.0183009047   0.0107022512   0.0633084967  -0.0095320376
25 10  -0.0682913880   0.0005820640   0.0097117970  -0.0002229595  -0.0071028109
25 11  -0.0286303064  -0.0214475096   0.0039123525  -0.0025655377   0.0007773401
25 12   0.0107410010   0.0247001482  -0.0269879056   0.0028340287  -0.0001214484
25 13  -0.0072266130   0.0061471138  -0.0281376930   0.0436659437   0.0346003486
25 14   0.0166552155  -0.0010146126  -0.0000295041  -0.0000103983
26  1   0.1480760442   0.1432720144  -0.0156368803  -0.0466442809  -0.0286210431
26  2  -0.1877559344   0.0303633073  -0.0894670282   0.0274400433   0.0430898455
26  3   0.0011215418   0.0109623966  -0.0056531419   0.0098015271  -0.0497139200
26  4  -0.0495671286  -0.1418122307   0.0360670386   0.0868192529  -0.1127199787
26  5   0.0055365022  -0.0187410538  -0.0991388042   0.0524087772  -0.1181231627
26  6  -0.0089226347   0.0408910740   0.0375692532  -0.0106335880  -0.0849165277
26  7   0.0388026696   0.0058330534  -0.0203391843  -0.0281972919  -0.0379906450
26  8  -0.0402932377   0.0124447486  -0.0028103213  -0.0160257229  -0.0200794555
26  9   0.0242446990  -0.0081606291  -0.0086132361  -0.0946696542   0.0266666122
26 10   0.0624617172   0.0002074551   0.0014832121  -0.0004224120   0.0058422986
26 11  -0.0188663364  -0.0265562501   0.0078742649  -0.0057536853   0.0002738880
26 12  -0.0106250920  -0.0200803204   0.0206109455   0.0109186885  -0.0001335222
26 13  -0.0076171213   0.0072205179  -0.0368716005   0.0471745059   0.0187474576
26 14   0.0122409156  -0.0009325329  -0.0000325784   0.0000189091
27  1  -0.0041937366  -0.0006415798   0.3290281601  -0.0015478377   0.0252380552
27  2  -0.0041518480  -0.0414083897   0.0049741213   0.0959767412   0.1207716351
27  3   0.0651187471   0.0290922008  -0.0284256541  -0.0188026180  -0.1565371974
27  4  -0.0234563454   0.0769916423  -0.0032155003   0.0312682619  -0.0335329505
27  5   0.0001116975  -0.0070803750  -0.0108503321   0.0262570219   0.0330559153
27  6  -0.0420613450   0.0096725299   0.0186122613  -0.0975602468   0.0501601210
27  7   0.0260014704  -0.0036631994  -0.0267948753   0.0878966053  -0.0221015061
27  8   0.0356853183   0.0047852942  -0.0063414316  -0.0553754997  -0.0431247985
27  9  -0.0036435249  -0.0200322242   0.0143963054   0.0062734459  -0.0045062164
27 10  -0.0073464549  -0.0003573538  -0.0094968459  -0.0006686692   0.0378327905
27 11  -0.0106428039   0.0162956690   0.0252928103  -0.0069531110   0.0004494187
27 12   0.0042403546   0.0075961894  -0.0100259264   0.0086108292  -0.0000787896
27 13  -0.0048790330   0.0038822515  -0.0428850767   0.0159169903  -0.0744538377
27 14  -0.0211763403   0.0006057567   0.0000290662  -0.0000146343
28  1  -0.0603325522   0.1463183237   0.0431838969   0.0737126931  -0.0792639189
28  2   0.1482322224   0.2406116592   0.0090451725   0.2753598319  -0.2770522398
28  3   0.1907880803  -0.0609028250   0.0129724971  -0.0420236215  -0.0219916714
28  4  -0.0542841099  -0.0021487572  -0.0310871009   0.0483634454   0.0095384419
28  5   0.1860508859   0.3271514805   0.0508817339   0.0944155101  -0.0362707016
28  6   0.0486771882  -0.1852814710   0.0723460491   0.0807362327   0.1152761020
28  7   0.2902165388   0.1996103780   0.2088605869  -0.0120115291   0.0015052988
28  8  -0.0074126925  -0.0017339076   0.3399897089  -0.0167200988  -0.0149970525
28  9  -0.0337134746   0.1088670002   0.1180448734  -0.0436839949  -0.0820375195
28 10   0.0004596432   0.1686482355   0.0055498797   0.3948306740   0.0098875895
28 11   0.0009283249  -0.0016816800  -0.0010723489   0.0004078465  -0.0969001254
28 12  -0.0001265739  -0.0002629533  -0.0002095361   0.0011632912  -0.3181347419
28 13   0.0124064532   0.0114075607   0.0003968236  -0.0004869743   0.0001800125
28 14  -0.0002688841   0.0016393687   0.0092544007  -0.6358421626
29  1   0.2452221044   0.0737670914  -0.0883004878   0.0393482034   0.0208083237
29  2   0.2808998944   0.2174890690   0.0550115496   0.2989540878  -0.0160050855
29  3   0.3246534290   0.0868969900   0.1022991444  -0.0309368341   0.1078970013
29  4  -0.0062803106   0.0205874128  -0.2092529408   0.2397566785   0.0368493716
29  5   0.1611139689   0.2073870188   0.0375293166   0.0796507325  -0.0131984773
29  6   0.0248931395  -0.1185910324   0.0671012233   0.0699762331   0.0789126730
29  7   0.1837757564   0.1765061735   0.1180193040  -0.0044972829  -0.0012017382
29  8  -0.0050220493  -0.0028697521   0.2567426643  -0.0092541080  -0.0136232326
29  9  -0.0430015839   0.1679689181   0.2001696314  -0.0780821492  -0.1665767488
29 10   0.0018596399   0.2463508369   0.0044719384   0.3465406977   0.0099502057
29 11   0.0004417957  -0.0010806119  -0.0030120721  -0.0019993308  -0.1637465872
29 12   0.0000470116   0.0003096373   0.0001655109  -0.0011852944   0.3185892539
29 13  -0.0129385819  -0.0120283519  -0.0003709096   0.0004125470  -0.0001828690
29 14   0.0003487008  -0.0017738654  -0.0303165608   0.6219339284
30  1  -0.0506139946   0.0186936246  -0.1271525169  -0.0687089158   0.3419558675
30  2  -0.0329937242  -0.2753209706  -0.0712371314  -0.3072197566   0.3519221229
30  3  -0.2204242768   0.1629907544   0.0603710404  -0.0009496152   0.0041459948
30  4   0.0312675378  -0.0044033508  -0.1626279156   0.2164129568   0.0371355538
30  5  -0.2186333461   0.4444888120   0.0550333379   0.1325782463  -0.0310657138
30  6   0.0575095460  -0.2467428474   0.1043221651   0.1181536672   0.1185601907
30  7   0.3914518677  -0.2393689736   0.2697211668  -0.0206830494  -0.0049615771
30  8  -0.0119560543  -0.0022163933   0.4621877434  -0.0172417275  -0.0203162870
30  9  -0.0611593022   0.2175502416   0.2502621790  -0.0912837871  -0.2011406267
30 10   0.0061208477   0.2781701280  -0.0143047285  -0.4919041708  -0.0096236793
30 11   0.0027369391   0.0009374685   0.0032884287  -0.0020296695  -0.2047664995
30 12  -0.0000518291   0.0000061989  -0.0000022191   0.0001183356  -0.0291674668
30 13   0.0007839996   0.0005538255  -0.0000131715  -0.0001240444   0.0000933953
30 14  -0.0000181146   0.0000442832   0.0158494970  -0.0703120034
31  1  -0.0858778735   0.1740015466   0.0306880526   0.0340248667  -0.0839549130
31  2   0.0282581789  -0.4066790382  -0.2791868167  -0.3172529392  -0.0005498399
31  3  -0.2251091544  -0.0858612443  -0.0879364046   0.0139363261  -0.1196247270
31  4  -0.0053925022  -0.0198848729   0.2132365892  -0.2330269105  -0.0749451394
31  5  -0.2594280483   0.1532532636  -0.0214247769  -0.0941575249  -0.0596255772
31  6   0.0296129382   0.0588696303  -0.2042138739  -0.2084893602  -0.1400012902
31  7  -0.3129284834  -0.2545073936  -0.1528881541   0.0146013097  -0.0175096339
31  8   0.0053748258  -0.0036827382  -0.0693086848   0.0106163839  -0.0027728290
31  9  -0.0282740452   0.1467751883   0.1900536565  -0.0794370901  -0.1811132566
31 10   0.0012161542   0.3804908807   0.0031703757   0.4130264771   0.0132128784
31 11   0.0007075212  -0.0013943588  -0.0044958377  -0.0026747060   0.0023076873
31 12   0.0000721890  -0.0001110680  -0.0002798817   0.0005035135  -0.2536323831
31 13   0.0089821209   0.0066430463   0.0001548125  -0.0001917543   0.0000215028
31 14   0.0002055264  -0.0004897000   0.2838459177   0.1471712551
32  1   0.2347892586   0.0622010563  -0.0661538129   0.0599295570   0.0312259704
32  2   0.2424135485   0.2245753366   0.0733443558   0.2855941028  -0.0297667026
32  3   0.2522452343   0.0560812527   0.0678685325  -0.0176600482   0.0789277505
32  4   0.0023607433   0.0157597451  -0.1228891395   0.1396075110   0.0071330667
32  5  -0.0154111245   0.1336540060   0.0093408854   0.0202862445  -0.0070152406
32  6   0.0115391563  -0.0398575747   0.0054918323   0.0084030809   0.0051299022
32  7   0.0486242233  -0.1418389098   0.0358940427  -0.0027900498  -0.0013004781
32  8  -0.0027337369   0.0018820523   0.0832584275  -0.0036482822  -0.0038728647
32  9  -0.0003938370  -0.0239973578  -0.0411851990   0.0212515466   0.0582983129
32 10   0.0002702701  -0.2706722551   0.0005812967  -0.1881634746  -0.0071690204
32 11  -0.0007706145   0.0007890161   0.0027054216   0.0022479084   0.0788702816
32 12   0.0002798898  -0.0003118226  -0.0006004234   0.0009987529  -0.5454718820
32 13   0.0194432953   0.0139566307   0.0002136763  -0.0002284960   0.0001538397
32 14   0.0002560888  -0.0008138941   0.6330861706   0.2840504118
33  1  -0.0815856372  -0.0738459910   0.0079385617   0.0860123867   0.4042681911
33  2  -0.1204970597   0.3797064105   0.2822875319   0.1635492815   0.0231763239
33  3  -0.1946441614   0.0150532297  -0.0293920569   0.0151836379  -0.0603729204
33  4   0.0254641925  -0.0127694697   0.0883280144  -0.0826510068  -0.0538307133
33  5  -0.5221355362   0.2395171425  -0.0168451881  -0.0498018031  -0.0466633547
33  6   0.0356364652  -0.0145472940  -0.1363811646  -0.1323718852  -0.0984070808
33  7  -0.1273897252  -0.5593668676  -0.0308516009   0.0028851288  -0.0180723170
33  8  -0.0043316159  -0.0012439462   0.2690467387  -0.0050333986  -0.0237312492
33  9  -0.0748798676   0.2815427775   0.3243432412  -0.1175411268  -0.2330577533
33 10   0.0060990410  -0.4576343438   0.0177942034   0.1460869982  -0.0002399836
33 11  -0.0043653245   0.0018102072  -0.0029159328  -0.0007184802   0.1681595370
33 12  -0.0001289518   0.0000828879   0.0001340124  -0.0002988194   0.1395634795
33 13  -0.0047838443  -0.0032146425  -0.0000743072   0.0000650652  -0.0000584460
33 14  -0.0000155736  -0.0000693753  -0.1380248924  -0.0749779892
34  1  -0.0536643721   0.1897136966   0.0693499363   0.0105825847  -0.1599220684
34  2   0.1253352757  -0.0140295983  -0.1336333690   0.1067827347  -0.3113473133
34  3   0.1569121351  -0.1861019443  -0.0721503303  -0.0241354114  -0.0761973686
34  4  -0.0689214440  -0.0031600245   0.1906534337  -0.2276759081  -0.0695750508
34  5   0.5020905891   0.1249221820   0.0085267443  -0.0726779213  -0.0718189210
34  6   0.0322686511   0.0412724847  -0.1689524331  -0.1794691216  -0.0654213498
34  7  -0.2603103068   0.4374907992  -0.1129058481   0.0158604282  -0.0118314867
34  8   0.0022899002  -0.0045268782   0.1312669598   0.0011614035  -0.0138707096
34  9  -0.0669273175   0.2770867685   0.3365482376  -0.1269875554  -0.2764900576
34 10   0.0067635390  -0.0780772258  -0.0002704392  -0.3612797259  -0.0088352408
34 11  -0.0013403229   0.0027033792  -0.0005596443  -0.0033966406   0.0750320229
34 12  -0.0000107353   0.0001483415   0.0005835662  -0.0006725736   0.3197749453
34 13  -0.0109198244  -0.0082470320  -0.0006231953   0.0001492430   0.0005957958
34 14  -0.0006011229  -0.0003571480   0.3400537899  -0.1403312472
35  1   0.2489209024   0.1525952296  -0.1524738939  -0.0850299619  -0.0446372445
35  2   0.2480354444  -0.5826789486  -0.3469075076  -0.3470223160   0.2959274404
35  3   0.0644848402   0.1005892451   0.0590051967  -0.0005254151   0.0678446224
35  4   0.0191616840   0.0151682878  -0.1278798357   0.1446528871   0.0136046056
35  5   0.2108757087   0.1256376574   0.0247992645   0.0355759990  -0.0138377520
35  6   0.0140352733  -0.0560895194   0.0326285209   0.0325258839   0.0588243912
35  7   0.0978632781   0.2984345432   0.0743002478  -0.0038197377  -0.0003985972
35  8  -0.0063788207  -0.0035965497   0.2669003540  -0.0152476013  -0.0159018411
35  9  -0.0337513812   0.0908324143   0.0869163917  -0.0243782988  -0.0194092757
35 10   0.0011538072  -0.6271472809   0.0213697660   0.2811584180   0.0007732075
35 11  -0.0043765748   0.0009206499  -0.0008856572   0.0025392351   0.1486940853
35 12  -0.0000191107  -0.0000430288  -0.0001217368   0.0000281948  -0.0483705925
35 13   0.0018153977   0.0013946918   0.0000590019   0.0000499536  -0.0000736653
35 14  -0.0000087534   0.0003149426  -0.0734817834   0.0104615283
36  1  -0.0441607267   0.0064411912  -0.0238719786  -0.0412727859   0.2844102752
36  2  -0.0351760491   0.1089400539   0.0923773686   0.0490031372   0.0044964830
36  3  -0.0159614670  -0.0385806122  -0.0250128120  -0.0035233684  -0.0358649316
36  4  -0.0156780967   0.0004096515   0.0811037396  -0.0939334312  -0.0538057448
36  5   0.2832052652   0.2064993894   0.0118827705  -0.0542147646  -0.0682371461
36  6   0.0342789373   0.0217707435  -0.1531790492  -0.1618850792  -0.0610034801
36  7  -0.2294924561   0.3469660745  -0.1019185016   0.0140329653  -0.0105544356
36  8   0.0029562866  -0.0039028675   0.0376301751   0.0032776599  -0.0052951920
36  9  -0.0301087746   0.1236151396   0.1505883441  -0.0567887651  -0.1230875926
36 10   0.0027555075   0.0353128005  -0.0028359770  -0.2017166399  -0.0045410343
36 11   0.0002565986   0.0009408013   0.0007873918  -0.0008944550   0.0674021520
36 12  -0.0000446071  -0.0002823061  -0.0009798199   0.0012706438  -0.5531730973
36 13   0.0192120184   0.0145993631   0.0009135182  -0.0004022810  -0.0008050081
36 14   0.0007143635   0.0014056048  -0.6074277792   0.2598610166
37  1  -0.1014404714   0.0849856040  -0.0248314123   0.1635592016   0.0844543326
37  2   0.0685633942  -0.0375457295   0.0520251253   0.0460582390   0.0166051928
37  3  -0.1747568434  -0.1408353987  -0.0210500673  -0.0513926424   0.0875899419
37  4  -0.1519477677  -0.0000112588  -0.1530466997   0.0690690028  -0.3204411507
37  5   0.0043049580  -0.2433635337   0.2169190670   0.1741185277  -0.0763116560
37  6  -0.0153315862   0.0744788746   0.0408785713  -0.0714919424   0.1142091893
37  7  -0.2188715571  -0.0202130315   0.3723672821  -0.0315958026   0.0034760153
37  8   0.0466818221   0.4838861673   0.2625233723   0.2418246693  -0.1320954293
37  9   0.1653104156  -0.2501959863  -0.2244249839  -0.0030334582  -0.5379149321
37 10   0.0675994149  -0.0153635366  -0.0257974391   0.0055820838  -0.0196639140
37 11  -0.0014961472  -0.0274254996   0.0829573029   0.1289992485   0.0685759823
37 12  -0.0113180959  -0.0092008855  -0.0165454037   0.0029750739   0.0108165463
37 13   0.1710576111   0.1745529761  -0.0030878436   0.0137028120   0.0293759510
37 14  -0.0767495140   0.3213877767   0.0005718648   0.0023543325
38  1   0.1525359537   0.0353908568   0.0599314786   0.1213297049   0.0601604264
38  2  -0.1010828606  -0.0430160459   0.0638575236  -0.0013051688  -0.0721284309
38  3   0.0061041698   0.0104085973   0.0109770545  -0.0134771355   0.0037824663
38  4  -0.0062234239  -0.0013086881   0.0273592623   0.0317249343   0.3271069967
38  5   0.0239486916   0.0560537003  -0.1696894289  -0.1368019341   0.0689167927
38  6   0.0155262667  -0.0342333510  -0.1138721727  -0.0031990950  -0.1859926250
38  7   0.1934566396   0.0136268848  -0.1711227928   0.0784504102   0.2310523708
38  8   0.0140073625  -0.0675888661  -0.0750084148  -0.1462672622   0.0814452665
38  9  -0.0397496880   0.0935930572   0.0774582276  -0.0013032273   0.1959121874
38 10  -0.0331005189   0.0058784159   0.0196164096  -0.0020459403   0.0280648795
38 11  -0.0155938350   0.0296749797  -0.1099414967  -0.1516168929  -0.0559737507
38 12  -0.0183572415  -0.0199021869  -0.0332224230   0.0061357224   0.0225517543
38 13   0.3516570618   0.3546185952  -0.0100365578   0.0271018395   0.0652569603
38 14  -0.1722413913   0.7100064219   0.0007820897   0.0038565330
39  1   0.0264748779   0.1360511287   0.0074630822  -0.2400225277   0.0272095962
39  2   0.1116654133   0.0518309188  -0.1154841316   0.0319287826  -0.1077567271
39  3  -0.2072540691   0.1271850127  -0.1130133860   0.1594361073  -0.2100131381
39  4   0.3256724620  -0.0012038460   0.0032922152   0.1261682778   0.3285173144
39  5   0.1045814121  -0.0797609594  -0.1795681242  -0.0126640039   0.1395552957
39  6  -0.0102337268  -0.0969115811  -0.0911863191  -0.0295416453  -0.2751520604
39  7   0.0578615537   0.0097369639   0.0933503155   0.1650962221   0.2789882289
39  8   0.1004007853   0.4028391534   0.1684943720   0.0998498242  -0.0365868018
39  9   0.0648301448  -0.0793022473  -0.1031190975  -0.0112690370  -0.1676657411
39 10   0.0000867680  -0.0012642958   0.0475086761  -0.0027061232   0.1043850496
39 11  -0.0956787717   0.0867517788  -0.3805796274  -0.5134383666   0.0881390016
39 12   0.0074562215   0.0034955309   0.0080155974  -0.0007057746  -0.0058609311
39 13  -0.0890321751  -0.0957690546   0.0007956857  -0.0065822526  -0.0136322821
39 14   0.0369216541  -0.1613401076   0.0001425077  -0.0005474390
40  1  -0.1339226801   0.0701432092  -0.0633629632   0.1857440891   0.1594362987
40  2  -0.0303953102  -0.0249455092   0.0261179285  -0.0411932415  -0.0025694014
40  3   0.1150063986  -0.1882165135  -0.0197658645  -0.0701882951   0.0934442184
40  4  -0.1544480680   0.1079749170  -0.0724515734   0.1038030411  -0.1430987133
40  5  -0.0723679701  -0.1616657377  -0.1298568076   0.1322877830   0.1357067679
40  6  -0.0347552935  -0.0888436449  -0.0168700490  -0.0440673323  -0.0859660942
40  7  -0.1431293637   0.0192391551   0.3019303933  -0.1436747201  -0.1531414123
40  8  -0.0819256015  -0.4500409917   0.2140589288  -0.3303958924   0.2652144077
40  9   0.1810082545  -0.3440638740   0.0123358216  -0.0482741711  -0.3222489239
40 10  -0.0397431508  -0.0093339295   0.0575709437  -0.0047021500   0.0502303809
40 11  -0.0446259814   0.0286336036  -0.1776689100  -0.2121761635   0.1173097305
40 12   0.0411730493  -0.0019121491   0.0180251065   0.0178870787  -0.0157204645
40 13  -0.1818945681  -0.3553025632  -0.0243044234   0.0154229578   0.0397708738
40 14  -0.0914636568   0.2391097757  -0.0000692142  -0.0008856012
41  1   0.1382944315  -0.0542373392   0.1458156864   0.2651150175   0.1353997219
41  2  -0.1076626392  -0.0802440178   0.1139306990  -0.0178892303  -0.0210249124
41  3   0.0422351411  -0.1499449783   0.0831836741  -0.1489223549   0.2190890904
41  4  -0.3393356769  -0.0986074404  -0.1120027851  -0.0556018973  -0.1399914091
41  5  -0.0911651568  -0.0724174959   0.4390972540  -0.0251608010  -0.3703103100
41  6   0.0576822868   0.2997967554   0.0500761154  -0.0459328708   0.4408162874
41  7  -0.0566580838  -0.0319303281  -0.0830786758  -0.2018325286  -0.1111737964
41  8  -0.0496177232   0.0043550974  -0.0897899084   0.0494410537  -0.1372649528
41  9  -0.1039164078   0.2156932876  -0.0586893025   0.0161386421   0.1890863519
41 10   0.0093034708   0.0096802477   0.0502218470  -0.0065637453   0.1009568434
41 11  -0.0844679834   0.0948371344  -0.3454049652  -0.4832614579  -0.0007669802
41 12  -0.0011392325   0.0003943311   0.0006341212  -0.0019900301   0.0011600241
41 13   0.0100355118   0.0286600943   0.0027724170  -0.0021873468  -0.0060599361
41 14   0.0141945300  -0.0392748472  -0.0001412346   0.0000258556
42  1  -0.0112755893   0.0544034735   0.0423096878  -0.1103772499   0.1471745610
42  2   0.0251735952   0.0331340601  -0.0983773469  -0.0526120958  -0.0881445732
42  3   0.0529324525  -0.0473223960  -0.0601835102   0.0408739708  -0.0547889145
42  4   0.0778492519  -0.0016601184  -0.0546339293   0.1044471213   0.1364509876
42  5  -0.0438523948  -0.1178086388  -0.0051598230   0.0323599812  -0.0032149948
42  6  -0.0094099148   0.0573993070  -0.0484369549  -0.0594384873   0.0274905220
42  7  -0.0704148984   0.0090337132   0.2041433688  -0.1819807471  -0.0904889522
42  8  -0.0677796963  -0.2877261030   0.1169350629  -0.2248743571   0.1269598598
42  9   0.1084349940  -0.1913953730  -0.0243368862  -0.0177736583  -0.2243117239
42 10  -0.0023391058  -0.0065211887   0.0385528261  -0.0029358544   0.0198253640
42 11  -0.0119871519   0.0054016205  -0.0537507768  -0.0643132578   0.0241029639
42 12  -0.0817653204   0.0051500174  -0.0360499836  -0.0330594340   0.0282594901
42 13   0.3266768007   0.6482438923   0.0441819372  -0.0294612312  -0.0723567961
42 14   0.1667648263  -0.4346038220  -0.0006299596   0.0028840169
43  1  -0.1452608731   0.1347147616  -0.0452526198   0.0922248124   0.0727818429
43  2  -0.1396403533  -0.0062847747  -0.0485922819  -0.0201564480  -0.1063060256
43  3   0.1770441045   0.1744069122   0.0508210253   0.0137812741   0.0877267181
43  4   0.2658123533   0.1828298225   0.2352924164   0.1105350136  -0.3122250947
43  5  -0.0076452400  -0.1256978578   0.1624486504   0.2533597790  -0.1396811048
43  6   0.0312572216   0.0549756451  -0.0022406753  -0.0552446469   0.2479702846
43  7  -0.0730541928  -0.0279411414  -0.0932311645  -0.0597967531   0.3744429724
43  8  -0.0563731232   0.2039980547   0.0172323372  -0.1937197901   0.3223952549
43  9   0.2386242732  -0.0509025683   0.2261292328  -0.1306909238   0.2055026817
43 10  -0.1724781286  -0.0062494039  -0.3942283652   0.0086918855  -0.0875095889
43 11  -0.0576084673   0.0266271332  -0.0631216367   0.0284928304  -0.0236314155
43 12  -0.2368007168   0.0404681074  -0.0460811002  -0.1395408564  -0.0063372638
43 13  -0.3049763428   0.1585483355   0.0045586064  -0.0470898346   0.0036626682
43 14  -0.0283136621   0.0570481756   0.0002762402   0.0001547139
44  1   0.1409109643   0.0072023155   0.0961409788   0.1682358963   0.0844125664
44  2  -0.1344439745  -0.0582487397   0.0675267105  -0.0035725880  -0.0832520535
44  3   0.0619703924   0.0321278365   0.0537863404  -0.0465101625   0.0599373895
44  4  -0.0287651676   0.0016504570   0.0807344467   0.0198135722   0.2258157982
44  5   0.0022556791   0.1015140869  -0.1050120066  -0.0816038375   0.1342998707
44  6  -0.0347705777   0.0016245826  -0.0130036060   0.0353753817  -0.1680777119
44  7   0.0289052255   0.0220748836   0.1344313109   0.0006261817  -0.3169755027
44  8   0.0405436618  -0.1510405430  -0.0215363208   0.1756647536  -0.2634792411
44  9  -0.1608607814   0.0637831560  -0.1939906462   0.0851068385  -0.1630935817
44 10   0.1113070196  -0.0013097234   0.0033542851   0.0005991038  -0.0051006180
44 11  -0.0268153559  -0.0064548213   0.0093564498  -0.0242655476   0.0183118295
44 12  -0.4260549960   0.0734408732  -0.0795760268  -0.2660343354  -0.0119944428
44 13  -0.5771958377   0.3034733582   0.0094530700  -0.0859345950   0.0098975823
44 14  -0.0540850681   0.1164351685   0.0005843017   0.0004454878
45  1  -0.0371421128  -0.0403360103   0.2278758988   0.0518691753   0.1745516871
45  2  -0.0592053783  -0.0411279260  -0.0789533008   0.0193184866  -0.1523915353
45  3   0.0460031917   0.1637585537   0.1019756833  -0.0347364563   0.2853993827
45  4   0.1386581347   0.0242673766   0.2655868245   0.0951762096  -0.2060742966
45  5  -0.0107262013  -0.0574423097   0.4475679751   0.2285214414   0.0886369365
45  6  -0.0015790952   0.1929669914  -0.0870779437   0.0073305710  -0.4389865163
45  7   0.1680309038   0.0328202489   0.0827518864   0.0746469571   0.0645126375
45  8   0.0885436870  -0.2555608975  -0.0395072347   0.0239098467  -0.2485280584
45  9  -0.2035278814   0.0379637537  -0.1624411566   0.0776254531  -0.1575437504
45 10   0.0600896161  -0.0117089936  -0.5211268933   0.0136078180  -0.1452875843
45 11  -0.1514124285   0.0038081253  -0.0680496136  -0.0182203392  -0.0037786853
45 12   0.1238817828  -0.0201392162   0.0243564594   0.0827008383   0.0039528348
45 13   0.1909185143  -0.1003515445  -0.0038604963   0.0301443159  -0.0025162754
45 14   0.0180643472  -0.0357916729  -0.0002005880  -0.0001943861
46  1  -0.1409532991   0.0964219757  -0.0583593140   0.1477318484   0.1279622818
46  2  -0.0833987444  -0.0238597234  -0.0297579219  -0.0117713780  -0.1219368112
46  3   0.0667913465   0.0476217611   0.0269889108  -0.0216205928   0.0651643315
46  4   0.1142543260   0.1380111191   0.1472555042   0.2388888288  -0.1228136051
46  5  -0.0032209381  -0.1526844821   0.0360876294  -0.0420921955  -0.0410824876
46  6   0.0147025157   0.1884363787  -0.2128374405  -0.1451665970   0.0971572984
46  7   0.2699869367  -0.0028006611  -0.2620041111   0.1555453783   0.0053471748
46  8  -0.1561496248  -0.1448051639   0.0936934418   0.4642179160   0.0145063036
46  9  -0.0452769246  -0.3022763584   0.1939142522  -0.0575077127  -0.0194271290
46 10  -0.0615918250  -0.0002493308   0.1735601962  -0.0042858681   0.0514563317
46 11   0.0358573170  -0.0402510844   0.0170130596  -0.0150366757   0.0452840327
46 12   0.5423180598  -0.0918679180   0.1526554479   0.0017044127  -0.0027530189
46 13  -0.2731013651   0.2404780203   0.0104206129  -0.0579072292   0.0167703549
46 14  -0.0205386740   0.0329959887   0.0000259153   0.0007127614
47  1   0.1167981435   0.0062010935   0.1279342542   0.1754901687   0.0872273669
47  2  -0.2394095233  -0.0605791656   0.0208215207  -0.0058952825  -0.1304218349
47  3   0.2237402119   0.2263973049   0.1221112930  -0.0393533365   0.1818542737
47  4   0.1961170299   0.1029613126   0.3782815513   0.0078446137  -0.0898387072
47  5  -0.0068115174   0.0958055865   0.2786483962   0.4425467288   0.0926056667
47  6  -0.0352413295   0.0392162447   0.1036762014   0.1018453726  -0.1702475886
47  7  -0.2211129960   0.0032819725   0.3001812423  -0.1128469555   0.2103462268
47  8   0.0946662687   0.1118326779  -0.0650217625  -0.3308742533  -0.0280417524
47  9  -0.0514741464   0.2066847976  -0.1115424428   0.0851853592   0.0544890462
47 10   0.1107852998   0.0151148794   0.5565237070  -0.0139241808   0.1328357159
47 11   0.1331042685  -0.0071405632   0.0932990569   0.0160010787  -0.0514641550
47 12   0.1713175310  -0.0292346573   0.0482790216   0.0063215863  -0.0010357963
47 13  -0.0775677898   0.0640206844   0.0037118691  -0.0171068861   0.0062655631
47 14  -0.0054485238   0.0073676997   0.0000044406   0.0000801927
48  1   0.0113482212   0.0643835410   0.1837680634  -0.1143634371   0.0202359013
48  2   0.0517916868   0.0125143268  -0.0140830201   0.0004036118  -0.0001698159
48  3  -0.0872375646   0.0168667613   0.0105160090   0.0297879117   0.0651138514
48  4  -0.0392316251  -0.1287539927  -0.2592659246  -0.2223399050  -0.0148003976
48  5   0.0083421210   0.0101756397  -0.1376605285  -0.3143056099  -0.0780243990
48  6   0.0444182021  -0.2928457931   0.1894145557   0.1244643598  -0.0329461367
48  7  -0.1482382553   0.0014082170   0.0783649526  -0.0370739340  -0.2060882993
48  8   0.2075297410   0.1240353617  -0.0524512566  -0.3688934283   0.0353952070
48  9   0.1021506277   0.2269236720  -0.1834572150   0.0355494109  -0.0474257373
48 10   0.0300458744  -0.0050554598  -0.2878636271   0.0074215845  -0.0812022963
48 11  -0.0644442110   0.0367423063  -0.0368498481   0.0174440045  -0.0163892186
48 12   0.5399477196  -0.0908987657   0.1555618045   0.0001468524  -0.0032564401
48 13  -0.2874196720   0.2444045418   0.0104410285  -0.0644328778   0.0195331942
48 14  -0.0213561926   0.0324724625   0.0000250899   0.0006077327
49  1  -0.0955957335   0.1955449237   0.0309170084   0.0029399642  -0.1035521933
49  2  -0.0291756667   0.0089471471   0.0766547493   0.0173384797   0.1680870693
49  3   0.0783427809  -0.0500101040  -0.0497832454   0.0196468167  -0.0196544698
49  4   0.0177225439   0.1010825903  -0.0768049963  -0.1218068482   0.1265233797
49  5  -0.0070122882   0.0491993611   0.0022577525   0.2403849890  -0.1325551786
49  6  -0.0510914465   0.2938048576  -0.0435388349  -0.0546462512  -0.0999508079
49  7   0.1346614342   0.0067804463  -0.0672353920  -0.0047091173  -0.1314124169
49  8   0.3976407853  -0.0844053267   0.1030392468   0.2523778361   0.3954321876
49  9   0.2078189346   0.2743667826  -0.1964548774   0.0565053002  -0.0358640243
49 10   0.0270125263  -0.0016842898   0.0105682363   0.0012796661   0.0033472263
49 11  -0.0159472631   0.0340500310   0.0686560483  -0.0315150427  -0.0071189866
49 12  -0.0882480059  -0.0088560913  -0.1319988030   0.6236773462  -0.0003576761
49 13  -0.1262207983   0.0826641765   0.0077460588  -0.1649916643   0.0685163243
49 14  -0.0327871534  -0.0013728285   0.0002016545   0.0005433144
50  1   0.1869477254   0.1571412035  -0.0761266482  -0.0775397772  -0.0432859183
50  2  -0.0261709638   0.0378039206   0.1393649316  -0.1758799826  -0.1333554548
50  3   0.0044686351   0.0409375949   0.0527341998  -0.0047022608  -0.0933267637
50  4  -0.0043527467  -0.0356795420  -0.0902502429  -0.0486593453  -0.1208284811
50  5   0.0020592986  -0.0337278925  -0.0268678509  -0.0130727128   0.1810272025
50  6   0.3546261281   0.0701430101  -0.1384802795   0.2235525893   0.1484951896
50  7  -0.1266815705  -0.0146581363   0.1405574613   0.3961331653   0.2152847735
50  8   0.0725231701  -0.2109894996  -0.0146192262  -0.0668532417  -0.5826905563
50  9   0.5387401162  -0.0017722911   0.0829905908  -0.1921564626   0.0994181768
50 10  -0.0610637703   0.0001564699   0.0103771840  -0.0035574514   0.0067570552
50 11   0.0928123675   0.0032589325   0.0018348033  -0.0185808265   0.0070740056
50 12  -0.0365217540  -0.0064997287  -0.0523126894   0.2496413103  -0.0002123694
50 13  -0.0521462049   0.0345103137   0.0006262524  -0.0660937774   0.0270698228
50 14  -0.0129813818  -0.0002467685   0.0000041435   0.0003278385
51  1  -0.0199961974  -0.0034874696   0.2130286379  -0.0065696724   0.1197325080
51  2  -0.0200737718  -0.0229000335  -0.0778249216   0.0412260663  -0.0754106999
51  3  -0.0340478909   0.0911883874   0.0525949947   0.0097871697   0.1571757525
51  4   0.0410354155  -0.0653335973  -0.0834913753  -0.1226832669  -0.0980436912
51  5   0.0093801481  -0.0212872409  -0.1501438531  -0.1261934160   0.0056345025
51  6  -0.0778979461  -0.3234287370   0.1154408104  -0.0241703954   0.0479851651
51  7  -0.1226976862  -0.0027253918   0.0353485787  -0.3119502812   0.2512422046
51  8  -0.3692808896   0.0815868522  -0.0832912313  -0.0974569800  -0.1875557877
51  9  -0.4576237922  -0.2936179127   0.1718861342   0.0219755083  -0.0039020638
51 10   0.0107733666   0.0007523393  -0.0211381457   0.0005868915   0.0003539119
51 11  -0.0284052925  -0.0595765944  -0.0347801175   0.0092901977  -0.0010055969
51 12  -0.0871720126  -0.0079019494  -0.1263694433   0.6060511178  -0.0004736583
51 13  -0.1254457487   0.0822890501   0.0081262547  -0.1588377058   0.0667969063
51 14  -0.0299303250  -0.0003584006   0.0001931606   0.0006532711
52  1  -0.0917762349   0.1252173534   0.0028378221   0.1049630900   0.0042118233
52  2   0.0596484005  -0.0310395157   0.2388045448  -0.1307021563  -0.1207142952
52  3   0.2384444276   0.3097056282  -0.2339829216   0.2887225214  -0.0033465708
52  4  -0.2326068456  -0.0848644622  -0.0772976191  -0.0602704461  -0.0885042524
52  5  -0.0022519695  -0.0119252272   0.0513297982   0.0917285707   0.1536934962
52  6   0.0433211580   0.0671897715  -0.1907772533   0.0534241370  -0.0115650800
52  7   0.0812909350   0.0064748445  -0.1031091411  -0.1359787932  -0.1730569401
52  8   0.0058972301   0.1007357361  -0.0032621346  -0.0673191850  -0.0213444510
52  9  -0.0047930869  -0.0953515460   0.1216456983   0.0288512068   0.0464789922
52 10   0.0840856523   0.0095727619   0.1344770277   0.0051393231  -0.2947821712
52 11  -0.2635560615   0.3020322837   0.0810324928  -0.0124623913   0.0034331780
52 12  -0.0283396504   0.3407849557   0.3090561663  -0.0001956212   0.0012297578
52 13   0.0586852431   0.0033783816  -0.3043037563  -0.2569149424   0.1257685226
52 14  -0.0671287087  -0.0278574476  -0.0004710092   0.0003367841
53  1   0.1418240562   0.1450845436  -0.0089552464  -0.0480099464  -0.0296035499
53  2  -0.2162611270   0.0341076858  -0.1448660165   0.0689786781   0.0948610039
53  3  -0.0955559726  -0.1826235218   0.1785089553  -0.2197597353  -0.0829199774
53  4   0.2421687786   0.1128598761  -0.2510318658  -0.2800375902  -0.0014200181
53  5  -0.0024208086   0.0035125938   0.0259126353   0.1337664335   0.2421584957
53  6   0.3658659575   0.2544624906  -0.0554495487  -0.0154713436  -0.0655252430
53  7   0.0985570386   0.0118143315  -0.0649450670   0.0346866123  -0.2471505105
53  8  -0.3107342832   0.1276657689  -0.0247203695  -0.0645384937   0.0905880946
53  9   0.0425785132   0.0084523512   0.1365473914   0.2917033511   0.0154776255
53 10   0.2988890945  -0.0022773367  -0.0952869593  -0.0059505901   0.3177860511
53 11   0.0234769477  -0.1572033201  -0.2536054054   0.1887643380  -0.0062211209
53 12  -0.0151262541   0.1859084786   0.1699526950  -0.0001269971   0.0006757817
53 13   0.0326878344   0.0026214430  -0.1667696072  -0.1410610434   0.0761014007
53 14  -0.0578015093  -0.0227538920  -0.0002423882   0.0001861426
54  1   0.0627070162   0.1748418758   0.1389512685  -0.2895667970  -0.1438527851
54  2   0.1690596545   0.0725110953   0.1451379809  -0.1330639522   0.0974560832
54  3  -0.1591595691  -0.2281662508   0.1808945893  -0.1238865643   0.0703357836
54  4   0.0610473574   0.0460257038   0.2485903520   0.2359570571   0.0686026563
54  5   0.0010869719   0.0028418784  -0.0097190808  -0.1365382440  -0.1701236004
54  6  -0.1610573971  -0.1485449773   0.1746324331  -0.0607289528   0.0168548434
54  7  -0.0807594522  -0.0071260525   0.0858966236   0.0672558371   0.1786598931
54  8   0.0574263018  -0.0925486462   0.0057138126   0.0534287315   0.0011871595
54  9  -0.0744379302   0.0720989048  -0.1964078413  -0.2007181406  -0.0581961520
54 10  -0.2738530487  -0.0079211359  -0.0749444801  -0.0012675460   0.0980005873
54 11   0.2535040427  -0.2047619784   0.0744484463  -0.1041755527  -0.0007666121
54 12  -0.0325329963   0.3763612409   0.3388313429   0.0005986687   0.0013709226
54 13   0.0652495667   0.0033846175  -0.3210108383  -0.2657876496   0.1393700147
54 14  -0.0948356868  -0.0378337265  -0.0005080711   0.0003420161
55  1  -0.0671247902   0.1864365462   0.0546828247   0.0156043379  -0.1334979420
55  2   0.0812500588  -0.0008672621   0.2632324167  -0.0926206545   0.1623591143
55  3   0.0616741021  -0.3644013210   0.2427435085  -0.1795080566  -0.1364386060
55  4   0.3316792726  -0.2091489830   0.0801239418   0.1190712024   0.0141716237
55  5   0.0030465478  -0.0120535781   0.1069772686  -0.1594701505  -0.0759371086
55  6  -0.1416136553  -0.1597032648   0.2037318255  -0.1265861750  -0.0545542922
55  7  -0.0367235757  -0.0001934622   0.0491166910  -0.0369611848   0.1675564853
55  8   0.0224046978  -0.0850463773   0.0212859606   0.0902878684  -0.0593223892
55  9   0.1344639795  -0.0014286300   0.0751271490   0.0472521753   0.0541735358
55 10   0.1205273250   0.0093834555   0.1368870184  -0.0013111098  -0.0839016108
55 11  -0.3763803431   0.3208975407  -0.1223353929   0.2014065416   0.0012950903
55 12  -0.0207535612   0.1907134972   0.1580796917   0.0781341019  -0.0000640664
55 13  -0.0226242917   0.0349713690   0.2627079179   0.2561051274  -0.0170912053
55 14  -0.2457465428  -0.0595128595  -0.0000640654   0.0001981527
56  1   0.1789265511   0.2403103119  -0.1284855545  -0.2059558078  -0.1113527227
56  2  -0.1130582617   0.0925396690  -0.0445425349  -0.0811193627   0.0036775446
56  3  -0.1090741438   0.0353018334  -0.0173503863  -0.0152406944   0.0183182790
56  4  -0.1215563689   0.4441896801   0.0622730044   0.0223851426   0.1595821738
56  5  -0.0150184133   0.0081374684   0.1733534941  -0.2297363762  -0.1170235925
56  6   0.0835392642  -0.0467969051   0.5546927580  -0.3135935188  -0.1274219929
56  7  -0.0635035359   0.0011987207   0.1586001060   0.1552984462   0.1599188605
56  8  -0.2489426576  -0.0639629446  -0.0089881795   0.0864989133   0.0217642270
56  9   0.1948259506  -0.0026282151   0.1871369208   0.3100590117   0.0284641597
56 10   0.3651323749   0.0024796939  -0.0142176919   0.0102267363  -0.2612438670
56 11   0.0399099384   0.0537469293   0.2349043539  -0.2465740675   0.0004183118
56 12   0.0104503496  -0.0823619410  -0.0669059857  -0.0335072411   0.0000733004
56 13   0.0095753393  -0.0130127271  -0.0987646902  -0.0950689095   0.0048266073
56 14   0.0900218228   0.0230885100   0.0000348192  -0.0000808932
57  1   0.0473827624   0.1356689332   0.1782256246  -0.2255296066  -0.1036749726
57  2   0.1300463212   0.0490633285   0.1068195929  -0.0815097859   0.1089524462
57  3  -0.1407801536  -0.2568941970   0.2160974025  -0.1611859867   0.0444762383
57  4   0.1498620169  -0.0766462154   0.1261986373   0.1188669245  -0.0058576254
57  5   0.0056368811  -0.0017099840  -0.0530950629   0.0058861194  -0.0187743743
57  6  -0.1154151043  -0.0704635233  -0.1207005445   0.0755238462   0.0473913243
57  7  -0.0074124804  -0.0022356875  -0.0340189373  -0.0945022440   0.0160322457
57  8   0.1340302401  -0.0057759221   0.0124850410   0.0083865642  -0.0435525996
57  9   0.0177940942  -0.0309400611   0.0386170884  -0.0213779751   0.0326034073
57 10   0.0216736184   0.0057909640   0.0908903818  -0.0024216380  -0.0182866300
57 11  -0.2540088401   0.1918488567  -0.1184230549   0.1710884636   0.0015063482
57 12   0.0357007302  -0.3160549080  -0.2624187697  -0.1205258558  -0.0000354928
57 13   0.0292654111  -0.0553346533  -0.3983887584  -0.3939571002   0.0116084952
57 14   0.4204342890   0.1041439962   0.0001593851  -0.0003265981
58  1  -0.0686387509   0.1455859730   0.0347167057   0.0749388853  -0.0650445408
58  2   0.1196465050  -0.0244370989   0.3407755442  -0.1709689020  -0.0264390040
58  3   0.2049060646   0.0181287645  -0.0244526786   0.1152767547  -0.0978204859
58  4  -0.0178027475  -0.3007247659   0.0625226598   0.1318262409  -0.1348669872
58  5   0.0009160681  -0.0273477025   0.1409949249  -0.0661459586   0.0780296273
58  6  -0.3212166613  -0.2296017725  -0.1725129761   0.0263163966   0.0320270884
58  7   0.0245317461   0.0023373887  -0.0921135609  -0.2033902255   0.0180723972
58  8   0.1461628138  -0.0064760283   0.0119538647   0.0275289629  -0.0296027622
58  9   0.1682967004  -0.0203190613   0.1796686474   0.2484587143   0.0392433844
58 10   0.2959677105  -0.0037388172  -0.1099436927   0.0004442323   0.1315680823
58 11   0.1739823404  -0.2091385619  -0.0213763940  -0.0635436198  -0.0093500153
58 12   0.0229860348  -0.2327608423  -0.2001501900  -0.0976946865   0.0011069767
58 13   0.0466345359   0.0013784949  -0.1558062420  -0.0581270449   0.2057529957
58 14  -0.4910128524  -0.1787907561  -0.0006936719   0.0000650783
59  1   0.1790827039   0.1729973522  -0.0779532524  -0.1005283081  -0.0557406120
59  2  -0.0704800476   0.0480397182   0.0706363697  -0.1301076850  -0.0905242951
59  3   0.0252327276   0.1370602600  -0.0655738972   0.0931492918  -0.0643648476
59  4  -0.1733782725   0.0313843995   0.0255736845   0.0683395637  -0.1000113665
59  5  -0.0055919831  -0.0272291159   0.2183527048  -0.1156423099   0.1144117461
59  6  -0.3800550660  -0.2943512586  -0.1433703964  -0.0208598032   0.0295193037
59  7   0.0248050391   0.0027244267  -0.1032977230  -0.2542221090   0.0621579159
59  8   0.1892870455  -0.0378894214   0.0238053767   0.0608029442  -0.0534673507
59  9   0.1900943223   0.0077509143   0.1250420540   0.1628790720   0.0431564768
59 10   0.2132400680  -0.0030005360  -0.0777838885  -0.0034932500   0.2142146535
59 11   0.0827129607  -0.1573714267  -0.1267828218   0.0692800768  -0.0089385432
59 12  -0.0239038436   0.2337482916   0.2055398285   0.1006106862  -0.0012312514
59 13  -0.0510094220  -0.0034447334   0.1726136871   0.0679562486  -0.2227700865
59 14   0.5271631097   0.1917729525   0.0008288093  -0.0001937390
60  1   0.0442520166   0.1566439382   0.0654741277  -0.2672838649  -0.0545164748
60  2   0.1408357548   0.0689731778   0.0845336958  -0.1564211376  -0.1127233594
60  3  -0.0610661428   0.3179320491  -0.2171150295   0.2464665973   0.2165418283
60  4  -0.4123143743   0.3362148004   0.1675967495   0.1030967667   0.1134656043
60  5  -0.0060695505   0.0184285075  -0.0551363266  -0.0551275882  -0.1480642352
60  6   0.0673730226   0.0232779255   0.2592964546  -0.1006280622  -0.0305858995
60  7  -0.0623619477  -0.0037886346   0.1089284783   0.1351636779   0.1463335301
60  8  -0.0940686358  -0.0899051561   0.0104180522   0.0867786843   0.0191320978
60  9  -0.0050524726   0.0892771951  -0.1140809864  -0.0533534038  -0.0152983750
60 10  -0.0687339531   0.0001555650   0.0212416626  -0.0117650674   0.3551510337
60 11  -0.2062673744   0.0367046148  -0.3689156644   0.4088123970  -0.0021955237
60 12   0.0069884962  -0.0708536151  -0.0632272735  -0.0249832186   0.0004175218
60 13   0.0131333436   0.0035499048  -0.0322412826  -0.0051571181   0.0626163398
60 14  -0.1605768732  -0.0563500044  -0.0001795580   0.0000561626
61  1  -0.1318672271   0.1611141179  -0.0201890599   0.0536366971   0.0090613322
61  2  -0.1205543973   0.0053222679  -0.1010603636   0.0844832287   0.0839263900
61  3  -0.0100885998  -0.1258837143   0.2129070481   0.2961703494   0.1658603915
61  4  -0.0082172704   0.0034521271  -0.0471203143  -0.1584745348   0.1422178148
61  5  -0.0035778234   0.0580146379  -0.0066361728   0.1355577252  -0.0161746028
61  6  -0.2469913730   0.0478789304  -0.0143538995  -0.1829162725   0.0984301910
61  7   0.0590900748  -0.0079231708  -0.0137303179   0.3214395934  -0.0840247449
61  8  -0.0244585863   0.0095107974  -0.0150413957  -0.1223669159  -0.0703952930
61  9  -0.0527720063  -0.0793898894  -0.0028179452  -0.1612368191   0.0137620162
61 10   0.1685276846  -0.0038229687  -0.0873661314  -0.0002088911   0.1350749913
61 11   0.2090726548   0.3161410839   0.0269693748   0.0143093680   0.0015275743
61 12  -0.1413993648  -0.3077774099   0.3395888893  -0.0376927416   0.0010443260
61 13   0.0661321379  -0.0528523458   0.3663453356  -0.3428533320   0.1272064035
61 14  -0.0098314606   0.0021866731  -0.0000161898   0.0002969603
62  1   0.1239045091   0.1182592581   0.0343292988  -0.0017554722  -0.0059591447
62  2  -0.2780342231   0.0149683021  -0.2147832865   0.1566084616   0.1540799910
62  3   0.0044409282  -0.0968775483   0.1144670332   0.2033674057  -0.1466216411
62  4  -0.1477792122  -0.1934529241   0.2132682924   0.3277601574  -0.1515069573
62  5   0.0066620486  -0.0565854243   0.0140351189  -0.1751815413   0.2097839440
62  6   0.4219172262  -0.0352110355   0.0912923503   0.0781258901  -0.0016295432
62  7  -0.0763042767   0.0009321399  -0.0132725793  -0.3532857135   0.1239454660
62  8   0.2357465297  -0.0218034050   0.0179968611   0.0962248829   0.0295518405
62  9  -0.0273845402   0.0054591818   0.1033260902   0.4032763828  -0.0803585154
62 10  -0.3458278132  -0.0031185491  -0.0566612414  -0.0033127624   0.2917300139
62 11  -0.1664894641   0.0958576283   0.2657537515  -0.0945873417  -0.0018934324
62 12  -0.0554431298  -0.1178831211   0.1274363747  -0.0137035937   0.0003820153
62 13   0.0241248340  -0.0193875639   0.1284938825  -0.1157307311   0.0471356336
62 14  -0.0008082696   0.0009287614  -0.0000000961   0.0000825087
63  1   0.0166856969   0.0386450064   0.3342281604  -0.0621415125  -0.0494114066
63  2   0.0398845642  -0.0252768156   0.0865785004   0.0495393843   0.1668003807
63  3   0.1172095273   0.1655232097  -0.3667930342  -0.3673553980  -0.1504046431
63  4   0.0362183811   0.0646559609   0.0030063365   0.0855777810  -0.0632690657
63  5  -0.0009805874  -0.0365681039   0.0315801690  -0.0643929356  -0.0753600680
63  6  -0.0025034178  -0.0428590775  -0.0638626498   0.1473604919  -0.0652720676
63  7  -0.0234358757   0.0050194057   0.0322256845  -0.0448194432   0.0058964597
63  8  -0.1427680626   0.0047115518  -0.0053069950   0.0343865436   0.0010023363
63  9   0.1011410712   0.0815175403  -0.0216592994   0.0460002990   0.0114863679
63 10  -0.0953604065   0.0056755632   0.1220658374   0.0008809444  -0.2490791554
63 11  -0.1946034675  -0.3958443795  -0.1164853340   0.0146105259  -0.0001858667
63 12  -0.1301801095  -0.2813911106   0.3093993982  -0.0338658909   0.0009892358
63 13   0.0615505700  -0.0492448234   0.3282646229  -0.3161463214   0.0882379417
63 14  -0.0184345398   0.0023034958   0.0000115492   0.0002441927
64  1  -0.1388516351   0.1965695617  -0.0109880770   0.0023013042  -0.0373288753
64  2  -0.1832223685   0.0256130603  -0.2007694278   0.1665006864   0.2205043137
64  3  -0.0091024863  -0.1052131839   0.0115002348   0.1731960859   0.2600614105
64  4  -0.0459679966  -0.2214817923   0.1593707388   0.1034805131   0.1228127525
64  5   0.0008036841   0.0349271203   0.0978684453  -0.1003758111   0.4661532230
64  6   0.2256885202  -0.0447929195   0.0782005826  -0.2004387240   0.2637427843
64  7  -0.0644439026  -0.0179950639  -0.0182412789   0.0224139062   0.1225601486
64  8   0.2466511203  -0.0381929480   0.0249121005   0.0270563103   0.1147531688
64  9  -0.1055696257  -0.0171196719  -0.1083266341  -0.3609238244   0.0677879781
64 10   0.3502269301   0.0025295550   0.0533549339   0.0008041161  -0.1551243705
64 11  -0.1450421398  -0.3058015698  -0.0707091045   0.0015780031  -0.0008186794
64 12   0.0831429137   0.1594129832  -0.1637660052  -0.0543809002   0.0006137139
64 13   0.0344618405  -0.0339289915   0.1319632359  -0.2296251182  -0.2234424506
64 14  -0.0996641102   0.0065434818   0.0002379158  -0.0001598388
65  1   0.1456226857   0.1116931208   0.0113219385   0.0034112461  -0.0023231835
65  2  -0.1788448928   0.0092349618  -0.0591057881   0.0271164439   0.0192180190
65  3   0.0220810355  -0.0268190543   0.1167248402   0.1116492821  -0.1954238972
65  4  -0.0618338052   0.0110671017  -0.0170213544   0.0511259697  -0.1400603997
65  5   0.0019023081  -0.0403875603  -0.0832767323   0.0448101829  -0.3544139219
65  6  -0.0848803770   0.0310903076  -0.0586068632   0.2204980298  -0.2352713152
65  7   0.0263009651   0.0161747000   0.0321854541  -0.0878052025  -0.0591772539
65  8  -0.2159621659   0.0156057344  -0.0117717775   0.0326084805  -0.0511886417
65  9   0.0888491664   0.0362286478   0.0339545185   0.1573441532  -0.0252946695
65 10  -0.1590316032   0.0004421652   0.0145876778   0.0018611820  -0.0945364976
65 11   0.1778034903   0.1137934840  -0.1169569304   0.0541196931   0.0007450945
65 12   0.1485117845   0.2845226337  -0.2997344716  -0.0980682277   0.0011042340
65 13   0.0625576473  -0.0628688312   0.2522839192  -0.4432316012  -0.4295000174
65 14  -0.1924948969   0.0133306930   0.0004924733  -0.0002848103
66  1  -0.0328736372  -0.0685790695   0.3801249226   0.1081265474   0.1080295108
66  2  -0.0736863338  -0.0800596336  -0.0869648941   0.1978086729   0.1344461201
66  3   0.0556512382  -0.1502946732   0.3592137246   0.3960611548  -0.3651531367
66  4  -0.1285555685   0.2105705338   0.0420032060   0.1080490440  -0.0752886488
66  5  -0.0026464398  -0.0415344984   0.0704953361  -0.0980760526   0.0428994592
66  6   0.1369917579  -0.0472674603  -0.0442765059   0.1547449573  -0.0197799178
66  7  -0.0619920853   0.0014996552   0.0355245363  -0.1413245657   0.0956521444
66  8  -0.0061364813  -0.0372743791   0.0173301885   0.1224932261   0.0766353090
66  9  -0.0062328613   0.0586556751  -0.0490205833   0.0463940498  -0.0214120535
66 10   0.0050029484   0.0035381396   0.0917044962   0.0064238868  -0.4244974126
66 11   0.2958005344  -0.0504237688  -0.3850479190   0.1440803346  -0.0017537490
66 12  -0.0597467131  -0.1128938914   0.1175018119   0.0437242437  -0.0004625001
66 13  -0.0276983026   0.0272361056  -0.1169044013   0.1846498305   0.1553274961
66 14   0.0731912783  -0.0050250074  -0.0001814127   0.0000854384
67  1  -0.1059042871   0.2204340967   0.0320812217  -0.0329906073  -0.1276344784
67  2  -0.0922814000   0.0245510334  -0.0154454363   0.0809970037   0.2583088099
67  3   0.1060688475   0.0769828925  -0.3939215888  -0.2787198510   0.0901801755
67  4   0.0432501588  -0.0483674396   0.0940671375   0.1321473602   0.0533785732
67  5  -0.0053083775  -0.0320773448   0.1779723732  -0.2366434656   0.0512460462
67  6   0.1897177855  -0.1171685443  -0.1315593991   0.3634419133  -0.0256412398
67  7  -0.1419654522   0.0013229887   0.1115035042  -0.1387195019   0.1322743871
67  8  -0.0536352818  -0.0446920212   0.0236994033   0.1493114708   0.1426667534
67  9  -0.1140440870  -0.0240555214  -0.0606165101  -0.1637000653   0.0098613457
67 10   0.2256032371  -0.0048688516  -0.0978660724   0.0025402945   0.0732886253
67 11   0.3320230654   0.4080636426  -0.0312555072   0.0374255391  -0.0006074692
67 12  -0.0630995645  -0.1405787075   0.1419256867   0.0571193224  -0.0001676561
67 13  -0.0146822300   0.0151808451  -0.1583349878   0.0446486164  -0.3155689481
67 14  -0.0954819055   0.0024745484   0.0001178739   0.0000768419
68  1   0.1633074976   0.2100290284  -0.0855575041  -0.1548289947  -0.0850420179
68  2  -0.1626066717   0.0744681659  -0.0858084651  -0.0305942984   0.0358029172
68  3  -0.0356320729   0.1245456118  -0.2748656872  -0.2553703241   0.2498706593
68  4   0.0143137229  -0.3959055946   0.0612313091   0.0564401633  -0.0543157168
68  5   0.0123188647   0.0336354367  -0.1968346463   0.1513454916   0.1901406564
68  6   0.0267287111   0.0904695496   0.2173809498  -0.4529536078   0.1465607939
68  7   0.0913464400  -0.0097880777  -0.1230329394   0.0207437094  -0.0106061509
68  8   0.2910175759  -0.0111360347  -0.0002138324  -0.0571379299  -0.0961468336
68  9  -0.0459060114  -0.0309805426   0.0772733182   0.3165214892  -0.0908715101
68 10  -0.2278122591   0.0007954581   0.0326991210   0.0043470954  -0.2346424311
68 11   0.3594060064   0.1616109700  -0.2866042751   0.1293721772  -0.0001864205
68 12   0.0272794156   0.0638005312  -0.0653647142  -0.0215108186  -0.0000234845
68 13   0.0015948804  -0.0033673722   0.0591834231  -0.0046957877   0.1536026127
68 14   0.0497613837  -0.0009846745  -0.0000675879  -0.0000407642
69  1   0.0000000000   0.0000000000   0.3602864812   0.0000000000   0.0000000000
69  2   0.0000000000  -0.0466973671   0.0319342211   0.1061059464   0.1693467959
69  3   0.1076642008   0.0607098345  -0.1362109888  -0.1204324615  -0.2513745133
69  4  -0.0222300167   0.1246438123   0.0278147687   0.1183496244  -0.0747344111
69  5  -0.0019455997  -0.0459470862   0.0642581516  -0.1049360861  -0.0134243397
69  6   0.0818623476  -0.0502870531  -0.0563199820   0.1612252256  -0.0313188733
69  7  -0.0473211441   0.0018025897   0.0341415635  -0.0513849201   0.0482323335
69  8  -0.0296222024  -0.0149783072   0.0082178942   0.0423972935   0.0548282722
69  9  -0.0501453622  -0.0294038215  -0.0388950072  -0.1892207287   0.0321187761
69 10   0.1933739171  -0.0029870348  -0.0643955664  -0.0001830550   0.1151071336
69 11   0.0826539889   0.1731349558   0.0648056766  -0.0164074229   0.0008966961
69 12   0.1395493284   0.3027066570  -0.3047759404  -0.1149681917   0.0003004113
69 13   0.0240095039  -0.0251706761   0.3011816855  -0.0623426617   0.6507172371
69 14   0.1997280700  -0.0052928327  -0.0002349635  -0.0001466121
