$coord
   -4.03975232191667      6.42132347666667      0.76395088930555      c
   -4.74403634991667      3.95172142966667      4.46441816130555      c
   -1.88141760791667     -1.92889267433333      6.59388992430555      c
   -4.27729305991667      1.68646433266667      6.04740070330555      c
   -2.81025671691667      6.83961536866667     -1.71866084069445      c
   -0.55164181991667      5.01249831166667     -4.99369450369444      c
   -6.57227625491667      7.81339779566667      3.95134476430555      c
    0.23999463608333     -3.53694326233333      5.67219809030555      c
    2.72875712008333     -2.57309729933333      5.69896075030556      c
   -0.25111166891667     -6.00606888433333      4.79148894430555      c
    0.50929841008333      2.66956480466667     -6.12743233369445      c
   -0.12766697991667      2.01491298166667     -8.64303271369445      c
    2.13076148908333      1.10037827966667     -4.68514830869444      c
    4.78772372608333     -4.15505817733333      4.85387662630555      c
    3.16024434208333     -1.16071538733333     -5.82234576169444      c
    1.82417294508333     -7.56865178933333      3.94555904030555      c
    0.96650388608333     -0.22118778533333     -9.76872426369444      c
   -3.60361514191667      4.19142007166667      2.10157164830555      c
    2.57634644608333     -1.74029841333333     -8.33121317269445      c
    4.28152308008333     -6.60536576333333      4.00784724230556      c
   -0.23316328691667      7.38086958766667     -6.15359857669444      c
   -3.21151620391667     -2.54958744033333      8.80240391130555      c
    2.84450013308333      1.65366730166667     -2.14051732169445      c
    3.31755131408333     -0.08781547233333      6.57154769230555      c
   -1.89881317391667      3.41454055366667    -10.12720996169445      c
   -2.74694091591667     -7.02301931633333      4.63049250530556      c
   -5.68250358791667      1.21701778466667      8.23703572930555      c
   -2.65771952491667      9.24742400366667     -2.79756810469445      c
    4.76365534208333     -2.76245058033333     -4.36073637369445      c
    7.29888675508333     -3.17404829233333      4.90203944930555      c
    0.34523145708333     -0.85762325533333    -12.31444539269445      c
    1.30773277908333    -10.05847224533333      3.04937320030555      c
   -5.13241933391667     -0.94904377533333      9.62410877030556      c
   -1.31748216991667      9.50660685466667     -5.04685951469444      c
    4.38431028008333      0.06118725766667     -0.79496196169445      c
    5.75835171708333      0.78560420966667      6.58413611330556      c
   -2.46459422691667      2.72816088666667    -12.56252285469445      c
    5.34738331308333     -2.18384298133333     -1.90759408369445      c
   -3.16370858791667     -9.42423357133333      3.74898063930555      c
    7.77822069208333     -0.76951513933333      5.73450156530556      c
   -1.11346666391667    -10.97068463533333      2.95941942430555      c
   -1.30956343791667      0.58168265866667    -13.68915330569445      c
   -1.80220534891667      4.77374451666667     -2.79976704569445      n
   -2.41788418191667      0.14776277466667      5.24470135930556      n
   -6.27835096391667      5.76366399066667      5.39764525230555      n
   -5.51991689091667      8.27444710166667      1.70110691130555      n
    2.11833798508333      3.34727953266667     -1.25216377669445      h
   -2.40580216491667      2.71584496666667      1.34777225630555      h
   -2.84294500891667      5.02980070866667     -9.29071579769444      h
    1.79454684708333      1.12470670666667      7.20783218830555      h
   -4.33267815891667     -5.85066403033333      5.19265818530555      h
    4.86739780708333      0.50883362466667      1.14734800230555      h
    3.38095227308333     -3.43164418733333     -9.18116181169445      h
    5.83892160608333     -7.78956660333333      3.37386477130555      h
   -7.14376807091667      2.53958584166667      8.79673037730556      h
   -3.54144135191667     10.83634010666667     -1.85291375569445      h
    0.85393068708333      7.52746972166667     -7.88645155869443      h
    6.54823704208333     -3.42379713033333     -0.79978647669445      h
   -2.71750304191667     -4.24488683433333      9.84647216530555      h
    8.82962426908333     -4.38454763533333      4.25822872030555      h
    5.50319087608333     -4.46251957133333     -5.24726676769444      h
    2.88770842008333    -11.21499864633333      2.42652104630555      h
    1.20864565808333     -2.53339230933333    -13.13223932169445      h
   -7.80190858191667      9.28391058866667      4.69792134030556      h
    6.15828849008333      2.68701089166667      7.24651560230556      h
   -5.07998711691667    -10.15120052733333      3.63233285830555      h
   -3.82957874291667      3.82260693566667    -13.63688086269445      h
    9.69756936608334     -0.04236494333333      5.75278788030556      h
   -1.48117537491667    -12.86779454633333      2.26722661330555      h
   -1.77148239791667      0.07356641566667    -15.62357020969445      h
   -1.10056273091667     11.35140706566667     -5.92148390269444      h
   -6.18035202591667     -1.38204633533333     11.33560932230555      h
$user-defined bonds
$end
