$coord
    3.99736086887915     -2.26207693110538     -6.71003915394914      c
    5.92734477325828     -2.13882400077683     -5.97866723366867      h
    4.10220135205029     -2.23748545903570     -8.79875308844049      h
    2.68582354994429     -4.65198284866851     -5.81886616036049      c
    3.64577575616562     -6.31466884268170     -6.59083898837275      h
    2.75180701657623     -4.76626956533455     -3.75428210826885      h
   -0.03966434678757     -4.59285452609587     -6.71003915394914      c
   -0.11338142790194     -4.67135331183227     -8.79875308844049      h
   -1.11139646773254     -6.20264315101900     -5.97866723366867      h
   -3.95769652209158     -2.33077759499049     -6.71003915394914      c
   -4.81594830552574     -4.06381915024217     -5.97866723366867      h
   -3.98881992414835     -2.43386785279657     -8.79875308844049      h
   -5.37164709988857      0.00000000000000     -5.81886616036049      c
   -5.50361403315245      0.00000000000000     -3.75428210826885      h
   -7.29155151233124      0.00000000000000     -6.59083898837275      h
   -3.95769652209158      2.33077759499049     -6.71003915394914      c
   -3.98881992414835      2.43386785279657     -8.79875308844049      h
   -4.81594830552574      4.06381915024217     -5.97866723366867      h
   -0.03966434678757      4.59285452609587     -6.71003915394914      c
   -1.11139646773254      6.20264315101900     -5.97866723366867      h
   -0.11338142790194      4.67135331183227     -8.79875308844049      h
    2.68582354994429      4.65198284866851     -5.81886616036049      c
    3.64577575616562      6.31466884268170     -6.59083898837275      h
    2.75180701657623      4.76626956533455     -3.75428210826885      h
    3.99736086887915      2.26207693110538     -6.71003915394914      c
    4.10220135205029      2.23748545903570     -8.79875308844049      h
    5.92734477325828      2.13882400077683     -5.97866723366867      h
    0.00000000000000      0.00000000000000     -6.67566965848276      c
    0.00000000000000      0.00000000000000     -8.80405437911133      h
    2.63800736635532      0.00000000000000     -5.79850129056324      n
   -1.31900368317766     -2.28458139463419     -5.79850129056324      n
   -1.31900368317766      2.28458139463419     -5.79850129056324      n
$redundant
     number_of_atoms            32
     degrees_of_freedom         90
     internal_coordinates      108
     frozen_coordinates          0
# definitions of redundant internals
   1 k  1.0000000000000 stre    1    2           val=   2.06759
   2 k  1.0000000000000 stre    1    3           val=   2.09149
   3 k  0.0507025157212 bend    3    2    1      val=   1.04110
        0.4824692318345 bend   30    2    1
        0.5112900454863 bend   30    3    1
       -0.5157343420159 bend    4    2    1
       -0.4870865149895 bend    4    3    1
   4 k -0.0161654132559 bend    3    2    1      val=   0.52409
        0.5129183585912 bend   30    2    1
       -0.4667569565939 bend   30    3    1
        0.5026953052153 bend    4    2    1
       -0.5158379691531 bend    4    3    1
   5 k  0.8966124609749 bend    3    2    1      val=   0.28746
       -0.2418808264906 bend   30    2    1
       -0.2442644986816 bend   30    3    1
       -0.1746251998507 bend    4    2    1
       -0.2177628408653 bend    4    3    1
   6 k -0.0152201668110 bend    3    2    1      val=   1.85535
       -0.5025402818495 bend   30    2    1
        0.5169690601097 bend   30    3    1
        0.4968661558871 bend    4    2    1
       -0.4827925285918 bend    4    3    1
   7 k  1.0000000000000 stre    4    6           val=   2.06880
   8 k  1.0000000000000 stre    4    5           val=   2.06929
   9 k  0.5001140988125 bend    1    6    4      val=   0.00000
        0.4998858751445 bend    1    5    4
       -0.5001140988125 bend    7    6    4
       -0.4998858751445 bend    7    5    4
  10 k  0.0008548405027 bend    5    6    4      val=   0.00065
       -0.5002003520165 bend    1    6    4
        0.4997992021467 bend    1    5    4
       -0.5002003520165 bend    7    6    4
        0.4997992021467 bend    7    5    4
  11 k -0.8935706078663 bend    5    6    4      val=   1.12108
        0.2239888688212 bend    1    6    4
        0.2249328144645 bend    1    5    4
        0.2239888688212 bend    7    6    4
        0.2249328144645 bend    7    5    4
  12 k -0.4998858751445 bend    1    6    4      val=   0.00000
        0.5001140988125 bend    1    5    4
        0.4998858751445 bend    7    6    4
       -0.5001140988125 bend    7    5    4
  13 k  1.0000000000000 stre    7    9           val=   2.06759
  14 k  1.0000000000000 stre    7    8           val=   2.09149
  15 k  0.0507025157212 bend    8    9    7      val=   1.04110
        0.4824692318345 bend   31    9    7
        0.5112900454863 bend   31    8    7
       -0.5157343420159 bend    4    9    7
       -0.4870865149895 bend    4    8    7
  16 k -0.0161654132559 bend    8    9    7      val=   0.52409
        0.5129183585912 bend   31    9    7
       -0.4667569565939 bend   31    8    7
        0.5026953052153 bend    4    9    7
       -0.5158379691531 bend    4    8    7
  17 k  0.8966124609749 bend    8    9    7      val=   0.28746
       -0.2418808264906 bend   31    9    7
       -0.2442644986816 bend   31    8    7
       -0.1746251998507 bend    4    9    7
       -0.2177628408653 bend    4    8    7
  18 k -0.0152201668110 bend    8    9    7      val=   1.85535
       -0.5025402818495 bend   31    9    7
        0.5169690601097 bend   31    8    7
        0.4968661558871 bend    4    9    7
       -0.4827925285918 bend    4    8    7
  19 k  1.0000000000000 stre   10   11           val=   2.06759
  20 k  1.0000000000000 stre   10   12           val=   2.09149
  21 k  0.0507025157212 bend   12   11   10      val=   1.04110
        0.4824692318345 bend   31   11   10
        0.5112900454863 bend   31   12   10
       -0.5157343420159 bend   13   11   10
       -0.4870865149895 bend   13   12   10
  22 k -0.0161654132559 bend   12   11   10      val=   0.52409
        0.5129183585912 bend   31   11   10
       -0.4667569565939 bend   31   12   10
        0.5026953052153 bend   13   11   10
       -0.5158379691531 bend   13   12   10
  23 k  0.8966124609749 bend   12   11   10      val=   0.28746
       -0.2418808264906 bend   31   11   10
       -0.2442644986816 bend   31   12   10
       -0.1746251998507 bend   13   11   10
       -0.2177628408653 bend   13   12   10
  24 k -0.0152201668110 bend   12   11   10      val=   1.85535
       -0.5025402818495 bend   31   11   10
        0.5169690601097 bend   31   12   10
        0.4968661558871 bend   13   11   10
       -0.4827925285918 bend   13   12   10
  25 k  1.0000000000000 stre   13   14           val=   2.06880
  26 k  1.0000000000000 stre   13   15           val=   2.06929
  27 k  0.5001140988125 bend   10   14   13      val=   0.00000
        0.4998858751445 bend   10   15   13
       -0.5001140988125 bend   16   14   13
       -0.4998858751445 bend   16   15   13
  28 k  0.0008548405027 bend   15   14   13      val=   0.00065
       -0.5002003520165 bend   10   14   13
        0.4997992021467 bend   10   15   13
       -0.5002003520165 bend   16   14   13
        0.4997992021467 bend   16   15   13
  29 k -0.8935706078663 bend   15   14   13      val=   1.12108
        0.2239888688212 bend   10   14   13
        0.2249328144645 bend   10   15   13
        0.2239888688212 bend   16   14   13
        0.2249328144645 bend   16   15   13
  30 k  0.4998858751445 bend   10   14   13      val=   0.00000
       -0.5001140988125 bend   10   15   13
       -0.4998858751445 bend   16   14   13
        0.5001140988125 bend   16   15   13
  31 k  1.0000000000000 stre   16   18           val=   2.06759
  32 k  1.0000000000000 stre   16   17           val=   2.09149
  33 k  0.0507025157212 bend   17   18   16      val=   1.04110
        0.4824692318345 bend   32   18   16
        0.5112900454863 bend   32   17   16
       -0.5157343420159 bend   13   18   16
       -0.4870865149895 bend   13   17   16
  34 k -0.0161654132559 bend   17   18   16      val=   0.52409
        0.5129183585912 bend   32   18   16
       -0.4667569565939 bend   32   17   16
        0.5026953052153 bend   13   18   16
       -0.5158379691531 bend   13   17   16
  35 k  0.8966124609749 bend   17   18   16      val=   0.28746
       -0.2418808264906 bend   32   18   16
       -0.2442644986816 bend   32   17   16
       -0.1746251998507 bend   13   18   16
       -0.2177628408653 bend   13   17   16
  36 k -0.0152201668110 bend   17   18   16      val=   1.85535
       -0.5025402818495 bend   32   18   16
        0.5169690601097 bend   32   17   16
        0.4968661558871 bend   13   18   16
       -0.4827925285918 bend   13   17   16
  37 k  1.0000000000000 stre   19   20           val=   2.06759
  38 k  1.0000000000000 stre   19   21           val=   2.09149
  39 k  0.0507025157212 bend   21   20   19      val=   1.04110
        0.4824692318345 bend   32   20   19
        0.5112900454863 bend   32   21   19
       -0.5157343420159 bend   22   20   19
       -0.4870865149895 bend   22   21   19
  40 k -0.0161654132559 bend   21   20   19      val=   0.52409
        0.5129183585912 bend   32   20   19
       -0.4667569565939 bend   32   21   19
        0.5026953052153 bend   22   20   19
       -0.5158379691531 bend   22   21   19
  41 k  0.8966124609749 bend   21   20   19      val=   0.28746
       -0.2418808264906 bend   32   20   19
       -0.2442644986816 bend   32   21   19
       -0.1746251998507 bend   22   20   19
       -0.2177628408653 bend   22   21   19
  42 k -0.0152201668110 bend   21   20   19      val=   1.85535
       -0.5025402818495 bend   32   20   19
        0.5169690601097 bend   32   21   19
        0.4968661558871 bend   22   20   19
       -0.4827925285918 bend   22   21   19
  43 k  1.0000000000000 stre   22   24           val=   2.06880
  44 k  1.0000000000000 stre   22   23           val=   2.06929
  45 k -0.5001140988125 bend   19   24   22      val=  -0.00000
       -0.4998858751445 bend   19   23   22
        0.5001140988125 bend   25   24   22
        0.4998858751445 bend   25   23   22
  46 k  0.0008548405027 bend   23   24   22      val=   0.00065
       -0.5002003520165 bend   19   24   22
        0.4997992021467 bend   19   23   22
       -0.5002003520165 bend   25   24   22
        0.4997992021467 bend   25   23   22
  47 k -0.8935706078663 bend   23   24   22      val=   1.12108
        0.2239888688212 bend   19   24   22
        0.2249328144645 bend   19   23   22
        0.2239888688212 bend   25   24   22
        0.2249328144645 bend   25   23   22
  48 k  0.4998858751445 bend   19   24   22      val=   0.00000
       -0.5001140988125 bend   19   23   22
       -0.4998858751445 bend   25   24   22
        0.5001140988125 bend   25   23   22
  49 k  1.0000000000000 stre   25   27           val=   2.06759
  50 k  1.0000000000000 stre   25   26           val=   2.09149
  51 k  0.0507025157212 bend   26   27   25      val=   1.04110
        0.4824692318345 bend   30   27   25
        0.5112900454863 bend   30   26   25
       -0.5157343420159 bend   22   27   25
       -0.4870865149895 bend   22   26   25
  52 k -0.0161654132559 bend   26   27   25      val=   0.52409
        0.5129183585912 bend   30   27   25
       -0.4667569565939 bend   30   26   25
        0.5026953052153 bend   22   27   25
       -0.5158379691531 bend   22   26   25
  53 k  0.8966124609749 bend   26   27   25      val=   0.28746
       -0.2418808264906 bend   30   27   25
       -0.2442644986816 bend   30   26   25
       -0.1746251998507 bend   22   27   25
       -0.2177628408653 bend   22   26   25
  54 k -0.0152201668110 bend   26   27   25      val=   1.85535
       -0.5025402818495 bend   30   27   25
        0.5169690601097 bend   30   26   25
        0.4968661558871 bend   22   27   25
       -0.4827925285918 bend   22   26   25
  55 k  1.0000000000000 stre   28   29           val=   2.12838
  56 k -0.7071067811865 bend   30   29   28      val=   0.00000
        0.7071067811865 bend   31   29   28
  57 k  0.4082482904639 bend   30   29   28      val=   0.00000
        0.4082482904639 bend   31   29   28
       -0.8164965809277 bend   32   29   28
  58 k  1.0000000000000 stre    1   30           val=   2.79208
  59 k  1.0000000000000 stre    1    4           val=   2.86810
  60 k  1.0000000000000 stre    4    7           val=   2.86810
  61 k  1.0000000000000 stre    7   31           val=   2.79208
  62 k  1.0000000000000 stre   10   31           val=   2.79208
  63 k  1.0000000000000 stre   10   13           val=   2.86810
  64 k  1.0000000000000 stre   13   16           val=   2.86810
  65 k  1.0000000000000 stre   16   32           val=   2.79208
  66 k  1.0000000000000 stre   19   32           val=   2.79208
  67 k  1.0000000000000 stre   19   22           val=   2.86810
  68 k  1.0000000000000 stre   22   25           val=   2.86810
  69 k  1.0000000000000 stre   25   30           val=   2.79208
  70 k  1.0000000000000 stre   28   30           val=   2.78002
  71 k  1.0000000000000 stre   28   31           val=   2.78002
  72 k  1.0000000000000 stre   28   32           val=   2.78002
  73 k  1.0000000000000 bend    4   30    1      val= 110.54983
  74 k  1.0000000000000 bend    7    1    4      val= 108.71269
  75 k  1.0000000000000 bend    4   31    7      val= 110.54983
  76 k  1.0000000000000 bend   13   31   10      val= 110.54983
  77 k  1.0000000000000 bend   16   10   13      val= 108.71269
  78 k  1.0000000000000 bend   13   32   16      val= 110.54983
  79 k  1.0000000000000 bend   22   32   19      val= 110.54983
  80 k  1.0000000000000 bend   25   19   22      val= 108.71269
  81 k  1.0000000000000 bend   22   30   25      val= 110.54983
  82 k -0.7071067811865 bend   31   30   28      val=   0.00000
        0.7071067811865 bend   32   30   28
  83 k  0.4082482904639 bend   31   30   28      val=   0.00000
        0.4082482904639 bend   32   30   28
       -0.8164965809277 bend   32   31   28
  84 k  0.5773502691896 bend   31   30   28      val= 110.52800
        0.5773502691896 bend   32   30   28
        0.5773502691896 bend   32   31   28
  85 k -0.7071067811865 bend   25   28   30      val=   0.00000
        0.7071067811865 bend    1   28   30
  86 k  0.4270282720158 bend   25   28   30      val=   5.19068
        0.4270282720158 bend    1   28   30
       -0.7970531411383 bend    1   25   30
  87 k  0.5636016810649 bend   25   28   30      val= 110.05672
        0.5636016810649 bend    1   28   30
        0.6039091738014 bend    1   25   30
  88 k  0.7071067811866 bend   10   28   31      val=   0.00000
       -0.7071067811865 bend    7   28   31
  89 k  0.4270282720158 bend   10   28   31      val=   5.19068
        0.4270282720158 bend    7   28   31
       -0.7970531411383 bend    7   10   31
  90 k  0.5636016810649 bend   10   28   31      val= 110.05672
        0.5636016810649 bend    7   28   31
        0.6039091738014 bend    7   10   31
  91 k  0.7071067811866 bend   16   28   32      val=   0.00000
       -0.7071067811865 bend   19   28   32
  92 k  0.4270282720158 bend   16   28   32      val=   5.19068
        0.4270282720158 bend   19   28   32
       -0.7970531411383 bend   19   16   32
  93 k  0.5636016810649 bend   16   28   32      val= 110.05672
        0.5636016810649 bend   19   28   32
        0.6039091738014 bend   19   16   32
  94 k  1.0000000000000 tors   25   30    1    4 val=  60.84882
        1.0000000000000 tors   28   30    1    4
  95 k  1.0000000000000 tors    7    4    1   30 val=  56.41995
  96 k  1.0000000000000 tors   31    7    4    1 val= -56.41995
  97 k  1.0000000000000 tors   10   31    7    4 val= 119.15118
        1.0000000000000 tors   28   31    7    4
  98 k  1.0000000000000 tors    7   31   10   13 val=  60.84882
        1.0000000000000 tors   28   31   10   13
  99 k  1.0000000000000 tors   16   13   10   31 val=  56.41995
 100 k  1.0000000000000 tors   32   16   13   10 val= -56.41995
 101 k  1.0000000000000 tors   19   32   16   13 val= 119.15118
        1.0000000000000 tors   28   32   16   13
 102 k  1.0000000000000 tors   16   32   19   22 val=  60.84882
        1.0000000000000 tors   28   32   19   22
 103 k  1.0000000000000 tors   25   22   19   32 val=  56.41995
 104 k  1.0000000000000 tors   30   25   22   19 val= -56.41995
 105 k  1.0000000000000 tors    1   30   25   22 val= 119.15118
        1.0000000000000 tors   28   30   25   22
 106 k  1.0000000000000 tors    1   30   28   31 val=  90.00000
        1.0000000000000 tors    1   30   28   32
        1.0000000000000 tors   25   30   28   31
        1.0000000000000 tors   25   30   28   32
 107 k  1.0000000000000 tors    7   31   28   30 val=  90.00000
        1.0000000000000 tors    7   31   28   32
        1.0000000000000 tors   10   31   28   30
        1.0000000000000 tors   10   31   28   32
 108 k  1.0000000000000 tors   16   32   28   30 val=  90.00000
        1.0000000000000 tors   16   32   28   31
        1.0000000000000 tors   19   32   28   30
        1.0000000000000 tors   19   32   28   31
        90 non zero eigenvalues  of BmBt
           1           3.375442050    1    0
         1
           2           3.364416386    2    0
         2
           3           3.364416386    3    0
         3
           4           3.028125752    4    0
         4
           5           3.028125752    5    0
         5
           6           2.996950249    6    0
         6
           7           2.675528525    7    0
         7
           8           2.654129137    8    0
         8
           9           2.654129137    9    0
         9
          10           2.236747199   10    0
        10
          11           2.235477716   11    0
        11
          12           2.235477716   12    0
        12
          13           2.158826805   13    0
        13
          14           2.158826805   14    0
        14
          15           2.157551259   15    0
        15
          16           2.095116293   16    0
        16
          17           2.094124584   17    0
        17
          18           2.094124584   18    0
        18
          19           2.000000000   19    0
        19
          20           1.678623343   20    0
        20
          21           1.678623343   21    0
        21
          22           1.667320968   22    0
        22
          23           1.474646586   23    0
        23
          24           1.461654406   24    0
        24
          25           1.461654406   25    0
        25
          26           1.330022296   26    0
        26
          27           1.330022296   27    0
        27
          28           1.315217818   28    0
        28
          29           1.008317055   29    0
        29
          30           1.008317055   30    0
        30
          31           0.759895197   31    0
        31
          32           0.758677685   32    0
        32
          33           0.758677685   33    0
        33
          34           0.739335976   34    0
        34
          35           0.739335976   35    0
        35
          36           0.736640825   36    0
        36
          37           0.730579875   37    0
        37
          38           0.725746588   38    0
        38
          39           0.725746588   39    0
        39
          40           0.677521274   40    0
        40
          41           0.634104664   41    0
        41
          42           0.634104664   42    0
        42
          43           0.504455416   43    0
        43
          44           0.504455416   44    0
        44
          45           0.503020998   45    0
        45
          46           0.419388100   46    0
        46
          47           0.409262627   47    0
        47
          48           0.409262627   48    0
        48
          49           0.355486930   49    0
        49
          50           0.355486930   50    0
        50
          51           0.352761556   51    0
        51
          52           0.311442731   52    0
        52
          53           0.311442731   53    0
        53
          54           0.301765202   54    0
        54
          55           0.283505444   55    0
        55
          56           0.278308882   56    0
        56
          57           0.278308882   57    0
        57
          58           1.619996362   58    0
        58
          59           1.446009955   59    0
        59
          60           1.446009955   60    0
        60
          61           1.329074712   61    0
        61
          62           1.329074712   62    0
        62
          63           1.317295143   63    0
        63
          64           0.882663539   64    0
        64
          65           0.882663539   65    0
        65
          66           0.638989301   66    0
        66
          67           0.574437514   67    0
        67
          68           0.574437514   68    0
        68
          69           0.466256536   69    0
        69
          70           0.457493174   70    0
        70
          71           0.457493174   71    0
        71
          72           0.397303233   72    0
        72
          73           0.370356217    0    0
         0.000000000         0.000000000         0.000000000         0.000000000
         0.000000000         0.000000000         0.000000000         0.000000000
         0.000000000         0.000000000         0.000000000         0.000000000
         0.000000000         0.000000000         0.000000000         0.000000000
         0.000000000         0.000000000         0.000000000         0.000000000
         0.000000000         0.000000000         0.000000000         0.000000000
         0.000000000         0.000000000         0.000000000         0.000000000
         0.000000000         0.000000000         0.000000000         0.000000000
         0.000000000         0.000000000         0.000000000         0.000000000
         0.000000000         0.000000000         0.000000000         0.000000000
         0.000000000         0.000000000         0.000000000         0.000000000
         0.000000000         0.000000000         0.000000000         0.000000000
         0.000000000         0.000000000         0.000000000         0.000000000
         0.000000000         0.000000000         0.000000000         0.000000000
         0.000000000         0.000000000         0.000000000         0.000000000
         0.000000000         0.000000000         0.000000000         0.000000000
         0.000000000         0.000000000         0.000000000         0.000000000
         0.000000000         0.000000000         0.000000000         0.000000000
         0.323591588        -0.165776293         0.133228211        -0.092143495
        -0.038450233         0.198098499        -0.231448094         0.204226526
        -0.331326709        -0.466249254        -0.083921400        -0.000000000
        -0.464929264         0.026775116         0.007009110         0.159992325
        -0.142214713        -0.037228545        -0.304936939         0.115439597
         0.030219435         0.000000000         0.000000000         0.000000000
         0.000000000         0.000000000         0.000000000         0.000000000
         0.000000000         0.000000000         0.000000000         0.000000000
         0.000000000         0.000000000         0.000000000         0.000000000
          74           0.370356217    0    0
         0.000000000         0.000000000         0.000000000         0.000000000
         0.000000000         0.000000000         0.000000000         0.000000000
         0.000000000         0.000000000         0.000000000         0.000000000
         0.000000000         0.000000000         0.000000000         0.000000000
         0.000000000         0.000000000         0.000000000         0.000000000
         0.000000000         0.000000000         0.000000000         0.000000000
         0.000000000         0.000000000         0.000000000         0.000000000
         0.000000000         0.000000000         0.000000000         0.000000000
         0.000000000         0.000000000         0.000000000         0.000000000
         0.000000000         0.000000000         0.000000000         0.000000000
         0.000000000         0.000000000         0.000000000         0.000000000
         0.000000000         0.000000000         0.000000000         0.000000000
         0.000000000         0.000000000         0.000000000         0.000000000
         0.000000000         0.000000000         0.000000000         0.000000000
         0.000000000         0.000000000         0.000000000         0.000000000
         0.000000000         0.000000000         0.000000000         0.000000000
         0.000000000         0.000000000         0.000000000         0.000000000
         0.000000000         0.000000000         0.000000000         0.000000000
        -0.080427548         0.140109492        -0.305663786         0.320452310
        -0.213621227         0.268210908        -0.240024762         0.073511735
         0.037452878         0.083921400        -0.466249254        -0.000000000
         0.083683812         0.148756785         0.038941110        -0.444482459
        -0.051190462        -0.013400487        -0.360798647        -0.097566323
        -0.025540623         0.000000000         0.000000000         0.000000000
         0.000000000         0.000000000         0.000000000         0.000000000
         0.000000000         0.000000000         0.000000000         0.000000000
         0.000000000         0.000000000         0.000000000         0.000000000
          75           0.252042434    0    0
         0.000000000         0.000000000         0.000000000         0.000000000
         0.000000000         0.000000000         0.000000000         0.000000000
         0.000000000         0.000000000         0.000000000         0.000000000
         0.000000000         0.000000000         0.000000000         0.000000000
         0.000000000         0.000000000         0.000000000         0.000000000
         0.000000000         0.000000000         0.000000000         0.000000000
         0.000000000         0.000000000         0.000000000         0.000000000
         0.000000000         0.000000000         0.000000000         0.000000000
         0.000000000         0.000000000         0.000000000         0.000000000
         0.000000000         0.000000000         0.000000000         0.000000000
         0.000000000         0.000000000         0.000000000         0.000000000
         0.000000000         0.000000000         0.000000000         0.000000000
         0.000000000         0.000000000         0.000000000         0.000000000
         0.000000000         0.000000000         0.000000000         0.000000000
         0.000000000         0.000000000         0.000000000         0.000000000
         0.000000000         0.000000000         0.000000000         0.000000000
         0.000000000         0.000000000         0.000000000         0.000000000
         0.000000000         0.000000000         0.000000000         0.000000000
         0.317476560        -0.000000000        -0.317476560         0.317476560
        -0.000000000        -0.317476560         0.317476560        -0.000000000
        -0.317476560        -0.000000000         0.000000000         0.000000000
        -0.362974657        -0.000000000         0.000000000        -0.362974657
         0.000000000         0.000000000         0.362974657        -0.000000000
         0.000000000         0.000000000         0.000000000         0.000000000
         0.000000000         0.000000000         0.000000000         0.000000000
         0.000000000         0.000000000         0.000000000         0.000000000
         0.000000000         0.000000000         0.000000000         0.000000000
          76           0.221761977    0    0
         0.000000000         0.000000000         0.000000000         0.000000000
         0.000000000         0.000000000         0.000000000         0.000000000
         0.000000000         0.000000000         0.000000000         0.000000000
         0.000000000         0.000000000         0.000000000         0.000000000
         0.000000000         0.000000000         0.000000000         0.000000000
         0.000000000         0.000000000         0.000000000         0.000000000
         0.000000000         0.000000000         0.000000000         0.000000000
         0.000000000         0.000000000         0.000000000         0.000000000
         0.000000000         0.000000000         0.000000000         0.000000000
         0.000000000         0.000000000         0.000000000         0.000000000
         0.000000000         0.000000000         0.000000000         0.000000000
         0.000000000         0.000000000         0.000000000         0.000000000
         0.000000000         0.000000000         0.000000000         0.000000000
         0.000000000         0.000000000         0.000000000         0.000000000
         0.000000000         0.000000000         0.000000000         0.000000000
         0.000000000         0.000000000         0.000000000         0.000000000
         0.000000000         0.000000000         0.000000000         0.000000000
         0.000000000         0.000000000         0.000000000         0.000000000
        -0.243795209         0.211685092        -0.243795209        -0.243795209
         0.211685092        -0.243795209        -0.243795209         0.211685092
        -0.243795209         0.000000000         0.000000000        -0.407160064
        -0.000000000         0.211562421        -0.263878981        -0.000000000
         0.211562421        -0.263878981         0.000000000         0.211562421
        -0.263878981         0.000000000         0.000000000         0.000000000
         0.000000000         0.000000000         0.000000000         0.000000000
         0.000000000         0.000000000         0.000000000         0.000000000
         0.000000000         0.000000000         0.000000000         0.000000000
          77           0.183479634    0    0
         0.000000000         0.000000000         0.000000000         0.000000000
         0.000000000         0.000000000         0.000000000         0.000000000
         0.000000000         0.000000000         0.000000000         0.000000000
         0.000000000         0.000000000         0.000000000         0.000000000
         0.000000000         0.000000000         0.000000000         0.000000000
         0.000000000         0.000000000         0.000000000         0.000000000
         0.000000000         0.000000000         0.000000000         0.000000000
         0.000000000         0.000000000         0.000000000         0.000000000
         0.000000000         0.000000000         0.000000000         0.000000000
         0.000000000         0.000000000         0.000000000         0.000000000
         0.000000000         0.000000000         0.000000000         0.000000000
         0.000000000         0.000000000         0.000000000         0.000000000
         0.000000000         0.000000000         0.000000000         0.000000000
         0.000000000         0.000000000         0.000000000         0.000000000
         0.000000000         0.000000000         0.000000000         0.000000000
         0.000000000         0.000000000         0.000000000         0.000000000
         0.000000000         0.000000000         0.000000000         0.000000000
         0.000000000         0.000000000         0.000000000         0.000000000
        -0.117882595         0.303159296        -0.117882595        -0.117882595
         0.303159296        -0.117882595        -0.117882595         0.303159296
        -0.117882595         0.000000000        -0.000000000         0.660890262
         0.000000000         0.130594030         0.225806072         0.000000000
         0.130594030         0.225806072         0.000000000         0.130594030
         0.225806072         0.000000000         0.000000000         0.000000000
         0.000000000         0.000000000         0.000000000         0.000000000
         0.000000000         0.000000000         0.000000000         0.000000000
         0.000000000         0.000000000         0.000000000         0.000000000
          78           0.149945320    0    0
         0.000000000         0.000000000         0.000000000         0.000000000
         0.000000000         0.000000000         0.000000000         0.000000000
         0.000000000         0.000000000         0.000000000         0.000000000
         0.000000000         0.000000000         0.000000000         0.000000000
         0.000000000         0.000000000         0.000000000         0.000000000
         0.000000000         0.000000000         0.000000000         0.000000000
         0.000000000         0.000000000         0.000000000         0.000000000
         0.000000000         0.000000000         0.000000000         0.000000000
         0.000000000         0.000000000         0.000000000         0.000000000
         0.000000000         0.000000000         0.000000000         0.000000000
         0.000000000         0.000000000         0.000000000         0.000000000
         0.000000000         0.000000000         0.000000000         0.000000000
         0.000000000         0.000000000         0.000000000         0.000000000
         0.000000000         0.000000000         0.000000000         0.000000000
         0.000000000         0.000000000         0.000000000         0.000000000
         0.000000000         0.000000000         0.000000000         0.000000000
         0.000000000         0.000000000         0.000000000         0.000000000
         0.000000000         0.000000000         0.000000000         0.000000000
         0.212732021        -0.279664696         0.151311946        -0.296765350
         0.462993172        -0.305920200         0.084033329        -0.183328477
         0.154608254         0.046902381        -0.390427593         0.000000000
         0.030308036         0.103580773         0.286877187        -0.233645266
        -0.041014223        -0.113592944        -0.203337230        -0.062566550
        -0.173284243         0.000000000         0.000000000         0.000000000
         0.000000000         0.000000000         0.000000000         0.000000000
         0.000000000         0.000000000         0.000000000         0.000000000
         0.000000000         0.000000000         0.000000000         0.000000000
          79           0.149945320    0    0
         0.000000000         0.000000000         0.000000000         0.000000000
         0.000000000         0.000000000         0.000000000         0.000000000
         0.000000000         0.000000000         0.000000000         0.000000000
         0.000000000         0.000000000         0.000000000         0.000000000
         0.000000000         0.000000000         0.000000000         0.000000000
         0.000000000         0.000000000         0.000000000         0.000000000
         0.000000000         0.000000000         0.000000000         0.000000000
         0.000000000         0.000000000         0.000000000         0.000000000
         0.000000000         0.000000000         0.000000000         0.000000000
         0.000000000         0.000000000         0.000000000         0.000000000
         0.000000000         0.000000000         0.000000000         0.000000000
         0.000000000         0.000000000         0.000000000         0.000000000
         0.000000000         0.000000000         0.000000000         0.000000000
         0.000000000         0.000000000         0.000000000         0.000000000
         0.000000000         0.000000000         0.000000000         0.000000000
         0.000000000         0.000000000         0.000000000         0.000000000
         0.000000000         0.000000000         0.000000000         0.000000000
         0.000000000         0.000000000         0.000000000         0.000000000
         0.219854220        -0.373153978         0.265886227         0.074304224
        -0.055619742        -0.001903125        -0.294158444         0.428773720
        -0.263983103         0.390427593         0.046902381        -0.000000000
         0.252291962        -0.012443241        -0.034462787        -0.099898452
         0.095925201         0.265674325         0.152393510        -0.083481960
        -0.231211538         0.000000000         0.000000000         0.000000000
         0.000000000         0.000000000         0.000000000         0.000000000
         0.000000000         0.000000000         0.000000000         0.000000000
         0.000000000         0.000000000         0.000000000         0.000000000
          80           0.111719849    0    0
         0.000000000         0.000000000         0.000000000         0.000000000
         0.000000000         0.000000000         0.000000000         0.000000000
         0.000000000         0.000000000         0.000000000         0.000000000
         0.000000000         0.000000000         0.000000000         0.000000000
         0.000000000         0.000000000         0.000000000         0.000000000
         0.000000000         0.000000000         0.000000000         0.000000000
         0.000000000         0.000000000         0.000000000         0.000000000
         0.000000000         0.000000000         0.000000000         0.000000000
         0.000000000         0.000000000         0.000000000         0.000000000
         0.000000000         0.000000000         0.000000000         0.000000000
         0.000000000         0.000000000         0.000000000         0.000000000
         0.000000000         0.000000000         0.000000000         0.000000000
         0.000000000         0.000000000         0.000000000         0.000000000
         0.000000000         0.000000000         0.000000000         0.000000000
         0.000000000         0.000000000         0.000000000         0.000000000
         0.000000000         0.000000000         0.000000000         0.000000000
         0.000000000         0.000000000         0.000000000         0.000000000
         0.000000000         0.000000000         0.000000000         0.000000000
        -0.107343800         0.061760891         0.097092791        -0.190750573
        -0.050126142         0.199070458         0.298094373        -0.011634749
        -0.296163249         0.033198027        -0.039270544        -0.000000000
        -0.065360239         0.522404629        -0.005370414         0.099637570
         0.121255029        -0.001246524         0.034277331        -0.643659658
         0.006616937         0.000000000         0.000000000         0.000000000
         0.000000000         0.000000000         0.000000000         0.000000000
         0.000000000         0.000000000         0.000000000         0.000000000
         0.000000000         0.000000000         0.000000000         0.000000000
          81           0.111719849    0    0
         0.000000000         0.000000000         0.000000000         0.000000000
         0.000000000         0.000000000         0.000000000         0.000000000
         0.000000000         0.000000000         0.000000000         0.000000000
         0.000000000         0.000000000         0.000000000         0.000000000
         0.000000000         0.000000000         0.000000000         0.000000000
         0.000000000         0.000000000         0.000000000         0.000000000
         0.000000000         0.000000000         0.000000000         0.000000000
         0.000000000         0.000000000         0.000000000         0.000000000
         0.000000000         0.000000000         0.000000000         0.000000000
         0.000000000         0.000000000         0.000000000         0.000000000
         0.000000000         0.000000000         0.000000000         0.000000000
         0.000000000         0.000000000         0.000000000         0.000000000
         0.000000000         0.000000000         0.000000000         0.000000000
         0.000000000         0.000000000         0.000000000         0.000000000
         0.000000000         0.000000000         0.000000000         0.000000000
         0.000000000         0.000000000         0.000000000         0.000000000
         0.000000000         0.000000000         0.000000000         0.000000000
         0.000000000         0.000000000         0.000000000         0.000000000
        -0.282234761        -0.022223016         0.285923314         0.234079838
        -0.042374992        -0.227046480         0.048154923         0.064598008
        -0.058876834        -0.039270544        -0.033198027        -0.000000000
         0.077315804         0.441623701        -0.004539971         0.017945726
        -0.673227530         0.006920901         0.095261530         0.231603830
        -0.002380929         0.000000000         0.000000000         0.000000000
         0.000000000         0.000000000         0.000000000         0.000000000
         0.000000000         0.000000000         0.000000000         0.000000000
         0.000000000         0.000000000         0.000000000         0.000000000
          82           0.070618274    0    0
         0.000000000         0.000000000         0.000000000         0.000000000
         0.000000000         0.000000000         0.000000000         0.000000000
         0.000000000         0.000000000         0.000000000         0.000000000
         0.000000000         0.000000000         0.000000000         0.000000000
         0.000000000         0.000000000         0.000000000         0.000000000
         0.000000000         0.000000000         0.000000000         0.000000000
         0.000000000         0.000000000         0.000000000         0.000000000
         0.000000000         0.000000000         0.000000000         0.000000000
         0.000000000         0.000000000         0.000000000         0.000000000
         0.000000000         0.000000000         0.000000000         0.000000000
         0.000000000         0.000000000         0.000000000         0.000000000
         0.000000000         0.000000000         0.000000000         0.000000000
         0.000000000         0.000000000         0.000000000         0.000000000
         0.000000000         0.000000000         0.000000000         0.000000000
         0.000000000         0.000000000         0.000000000         0.000000000
         0.000000000         0.000000000         0.000000000         0.000000000
         0.000000000         0.000000000         0.000000000         0.000000000
         0.000000000         0.000000000         0.000000000         0.000000000
        -0.017478880         0.052870143         0.011535852         0.018550636
        -0.247333176         0.009251598        -0.001071756         0.194463033
        -0.020787449         0.101488791         0.307057445        -0.000000000
        -0.009317882        -0.009722860         0.689426280        -0.019755647
         0.007644494        -0.542053952        -0.029073529         0.002078367
        -0.147372327         0.000000000         0.000000000         0.000000000
         0.000000000         0.000000000         0.000000000         0.000000000
         0.000000000         0.000000000         0.000000000         0.000000000
         0.000000000         0.000000000         0.000000000         0.000000000
          83           0.070618274    0    0
         0.000000000         0.000000000         0.000000000         0.000000000
         0.000000000         0.000000000         0.000000000         0.000000000
         0.000000000         0.000000000         0.000000000         0.000000000
         0.000000000         0.000000000         0.000000000         0.000000000
         0.000000000         0.000000000         0.000000000         0.000000000
         0.000000000         0.000000000         0.000000000         0.000000000
         0.000000000         0.000000000         0.000000000         0.000000000
         0.000000000         0.000000000         0.000000000         0.000000000
         0.000000000         0.000000000         0.000000000         0.000000000
         0.000000000         0.000000000         0.000000000         0.000000000
         0.000000000         0.000000000         0.000000000         0.000000000
         0.000000000         0.000000000         0.000000000         0.000000000
         0.000000000         0.000000000         0.000000000         0.000000000
         0.000000000         0.000000000         0.000000000         0.000000000
         0.000000000         0.000000000         0.000000000         0.000000000
         0.000000000         0.000000000         0.000000000         0.000000000
         0.000000000         0.000000000         0.000000000         0.000000000
         0.000000000         0.000000000         0.000000000         0.000000000
         0.011328993        -0.255071161         0.017343052         0.009472657
         0.081748694        -0.018661866        -0.020801650         0.173322467
         0.001318815         0.307057445        -0.101488791         0.000000000
        -0.028191538         0.003213605        -0.227869543         0.022165292
         0.006813441        -0.483125901        -0.006026246        -0.010027046
         0.710995443         0.000000000         0.000000000         0.000000000
         0.000000000         0.000000000         0.000000000         0.000000000
         0.000000000         0.000000000         0.000000000         0.000000000
         0.000000000         0.000000000         0.000000000         0.000000000
          84           0.164935733    0    0
         0.000000000         0.000000000         0.000000000         0.000000000
         0.000000000         0.000000000         0.000000000         0.000000000
         0.000000000         0.000000000         0.000000000         0.000000000
         0.000000000         0.000000000         0.000000000         0.000000000
         0.000000000         0.000000000         0.000000000         0.000000000
         0.000000000         0.000000000         0.000000000         0.000000000
         0.000000000         0.000000000         0.000000000         0.000000000
         0.000000000         0.000000000         0.000000000         0.000000000
         0.000000000         0.000000000         0.000000000         0.000000000
         0.000000000         0.000000000         0.000000000         0.000000000
         0.000000000         0.000000000         0.000000000         0.000000000
         0.000000000         0.000000000         0.000000000         0.000000000
         0.000000000         0.000000000         0.000000000         0.000000000
         0.000000000         0.000000000         0.000000000         0.000000000
         0.000000000         0.000000000         0.000000000         0.000000000
         0.000000000         0.000000000         0.000000000         0.000000000
         0.000000000         0.000000000         0.000000000         0.000000000
         0.000000000         0.000000000         0.000000000         0.000000000
         0.000000000         0.000000000         0.000000000         0.000000000
         0.000000000         0.000000000         0.000000000         0.000000000
         0.000000000         0.000000000         0.000000000         0.000000000
         0.000000000         0.000000000         0.000000000         0.000000000
         0.000000000         0.000000000         0.000000000         0.000000000
         0.000000000        -0.410301841         0.373279249        -0.261846011
         0.184196675         0.172742534        -0.069503063        -0.127536899
         0.227064148         0.237559307        -0.303776186         0.389382910
        -0.411260824         0.108806253        -0.047272374        -0.061533878
          85           0.164935733    0    0
         0.000000000         0.000000000         0.000000000         0.000000000
         0.000000000         0.000000000         0.000000000         0.000000000
         0.000000000         0.000000000         0.000000000         0.000000000
         0.000000000         0.000000000         0.000000000         0.000000000
         0.000000000         0.000000000         0.000000000         0.000000000
         0.000000000         0.000000000         0.000000000         0.000000000
         0.000000000         0.000000000         0.000000000         0.000000000
         0.000000000         0.000000000         0.000000000         0.000000000
         0.000000000         0.000000000         0.000000000         0.000000000
         0.000000000         0.000000000         0.000000000         0.000000000
         0.000000000         0.000000000         0.000000000         0.000000000
         0.000000000         0.000000000         0.000000000         0.000000000
         0.000000000         0.000000000         0.000000000         0.000000000
         0.000000000         0.000000000         0.000000000         0.000000000
         0.000000000         0.000000000         0.000000000         0.000000000
         0.000000000         0.000000000         0.000000000         0.000000000
         0.000000000         0.000000000         0.000000000         0.000000000
         0.000000000         0.000000000         0.000000000         0.000000000
         0.000000000         0.000000000         0.000000000         0.000000000
         0.000000000         0.000000000         0.000000000         0.000000000
         0.000000000         0.000000000         0.000000000         0.000000000
         0.000000000         0.000000000         0.000000000         0.000000000
         0.000000000         0.000000000         0.000000000         0.000000000
         0.000000000         0.037421981        -0.135257651         0.298443790
        -0.368537094        -0.374042808         0.390898137        -0.375987193
         0.343787547         0.336620827        -0.255640487         0.077543402
         0.024749547        -0.008233883         0.098345921        -0.090112037
          86           0.135696086    0    0
         0.000000000         0.000000000         0.000000000         0.000000000
         0.000000000         0.000000000         0.000000000         0.000000000
         0.000000000         0.000000000         0.000000000         0.000000000
         0.000000000         0.000000000         0.000000000         0.000000000
         0.000000000         0.000000000         0.000000000         0.000000000
         0.000000000         0.000000000         0.000000000         0.000000000
         0.000000000         0.000000000         0.000000000         0.000000000
         0.000000000         0.000000000         0.000000000         0.000000000
         0.000000000         0.000000000         0.000000000         0.000000000
         0.000000000         0.000000000         0.000000000         0.000000000
         0.000000000         0.000000000         0.000000000         0.000000000
         0.000000000         0.000000000         0.000000000         0.000000000
         0.000000000         0.000000000         0.000000000         0.000000000
         0.000000000         0.000000000         0.000000000         0.000000000
         0.000000000         0.000000000         0.000000000         0.000000000
         0.000000000         0.000000000         0.000000000         0.000000000
         0.000000000         0.000000000         0.000000000         0.000000000
         0.000000000         0.000000000         0.000000000         0.000000000
         0.000000000         0.000000000         0.000000000         0.000000000
         0.000000000         0.000000000         0.000000000         0.000000000
         0.000000000         0.000000000         0.000000000         0.000000000
         0.000000000         0.000000000         0.000000000         0.000000000
         0.000000000         0.000000000         0.000000000         0.000000000
         0.000000000        -0.356427948         0.117686191         0.117686191
        -0.356427948        -0.356427948         0.117686191         0.117686191
        -0.356427948        -0.356427948         0.117686191         0.117686191
        -0.356427948         0.227049532         0.227049532         0.227049532
          87           0.109488348    0    0
         0.000000000         0.000000000         0.000000000         0.000000000
         0.000000000         0.000000000         0.000000000         0.000000000
         0.000000000         0.000000000         0.000000000         0.000000000
         0.000000000         0.000000000         0.000000000         0.000000000
         0.000000000         0.000000000         0.000000000         0.000000000
         0.000000000         0.000000000         0.000000000         0.000000000
         0.000000000         0.000000000         0.000000000         0.000000000
         0.000000000         0.000000000         0.000000000         0.000000000
         0.000000000         0.000000000         0.000000000         0.000000000
         0.000000000         0.000000000         0.000000000         0.000000000
         0.000000000         0.000000000         0.000000000         0.000000000
         0.000000000         0.000000000         0.000000000         0.000000000
         0.000000000         0.000000000         0.000000000         0.000000000
         0.000000000         0.000000000         0.000000000         0.000000000
         0.000000000         0.000000000         0.000000000         0.000000000
         0.000000000         0.000000000         0.000000000         0.000000000
         0.000000000         0.000000000         0.000000000         0.000000000
         0.000000000         0.000000000         0.000000000         0.000000000
         0.000000000         0.000000000         0.000000000         0.000000000
         0.000000000         0.000000000         0.000000000         0.000000000
         0.000000000         0.000000000         0.000000000         0.000000000
         0.000000000         0.000000000         0.000000000         0.000000000
         0.000000000         0.000000000         0.000000000         0.000000000
         0.000000000        -0.108643256         0.393526758        -0.393526758
         0.108643256        -0.108643256         0.393526758        -0.393526758
         0.108643256        -0.108643256         0.393526758        -0.393526758
         0.108643256         0.000000000         0.000000000         0.000000000
          88           0.060554830    0    0
         0.000000000         0.000000000         0.000000000         0.000000000
         0.000000000         0.000000000         0.000000000         0.000000000
         0.000000000         0.000000000         0.000000000         0.000000000
         0.000000000         0.000000000         0.000000000         0.000000000
         0.000000000         0.000000000         0.000000000         0.000000000
         0.000000000         0.000000000         0.000000000         0.000000000
         0.000000000         0.000000000         0.000000000         0.000000000
         0.000000000         0.000000000         0.000000000         0.000000000
         0.000000000         0.000000000         0.000000000         0.000000000
         0.000000000         0.000000000         0.000000000         0.000000000
         0.000000000         0.000000000         0.000000000         0.000000000
         0.000000000         0.000000000         0.000000000         0.000000000
         0.000000000         0.000000000         0.000000000         0.000000000
         0.000000000         0.000000000         0.000000000         0.000000000
         0.000000000         0.000000000         0.000000000         0.000000000
         0.000000000         0.000000000         0.000000000         0.000000000
         0.000000000         0.000000000         0.000000000         0.000000000
         0.000000000         0.000000000         0.000000000         0.000000000
         0.000000000         0.000000000         0.000000000         0.000000000
         0.000000000         0.000000000         0.000000000         0.000000000
         0.000000000         0.000000000         0.000000000         0.000000000
         0.000000000         0.000000000         0.000000000         0.000000000
         0.000000000         0.000000000         0.000000000         0.000000000
         0.000000000        -0.314148867         0.225517316        -0.034692509
        -0.293797252         0.022987356        -0.264080701         0.262579262
        -0.018203943         0.291161511         0.038563384        -0.227886753
         0.312001195         0.003478479         0.438617615        -0.442096095
          89           0.060554830    0    0
         0.000000000         0.000000000         0.000000000         0.000000000
         0.000000000         0.000000000         0.000000000         0.000000000
         0.000000000         0.000000000         0.000000000         0.000000000
         0.000000000         0.000000000         0.000000000         0.000000000
         0.000000000         0.000000000         0.000000000         0.000000000
         0.000000000         0.000000000         0.000000000         0.000000000
         0.000000000         0.000000000         0.000000000         0.000000000
         0.000000000         0.000000000         0.000000000         0.000000000
         0.000000000         0.000000000         0.000000000         0.000000000
         0.000000000         0.000000000         0.000000000         0.000000000
         0.000000000         0.000000000         0.000000000         0.000000000
         0.000000000         0.000000000         0.000000000         0.000000000
         0.000000000         0.000000000         0.000000000         0.000000000
         0.000000000         0.000000000         0.000000000         0.000000000
         0.000000000         0.000000000         0.000000000         0.000000000
         0.000000000         0.000000000         0.000000000         0.000000000
         0.000000000         0.000000000         0.000000000         0.000000000
         0.000000000         0.000000000         0.000000000         0.000000000
         0.000000000         0.000000000         0.000000000         0.000000000
         0.000000000         0.000000000         0.000000000         0.000000000
         0.000000000         0.000000000         0.000000000         0.000000000
         0.000000000         0.000000000         0.000000000         0.000000000
         0.000000000         0.000000000         0.000000000         0.000000000
         0.000000000        -0.154830420        -0.174731644         0.283170686
        -0.190644026         0.349476110        -0.107937903        -0.111540748
         0.349757896        -0.194645689         0.282669547        -0.171629937
        -0.159113871         0.508480297        -0.257252600        -0.251227697
          90           0.037448226    0    0
         0.000000000         0.000000000         0.000000000         0.000000000
         0.000000000         0.000000000         0.000000000         0.000000000
         0.000000000         0.000000000         0.000000000         0.000000000
         0.000000000         0.000000000         0.000000000         0.000000000
         0.000000000         0.000000000         0.000000000         0.000000000
         0.000000000         0.000000000         0.000000000         0.000000000
         0.000000000         0.000000000         0.000000000         0.000000000
         0.000000000         0.000000000         0.000000000         0.000000000
         0.000000000         0.000000000         0.000000000         0.000000000
         0.000000000         0.000000000         0.000000000         0.000000000
         0.000000000         0.000000000         0.000000000         0.000000000
         0.000000000         0.000000000         0.000000000         0.000000000
         0.000000000         0.000000000         0.000000000         0.000000000
         0.000000000         0.000000000         0.000000000         0.000000000
         0.000000000         0.000000000         0.000000000         0.000000000
         0.000000000         0.000000000         0.000000000         0.000000000
         0.000000000         0.000000000         0.000000000         0.000000000
         0.000000000         0.000000000         0.000000000         0.000000000
         0.000000000         0.000000000         0.000000000         0.000000000
         0.000000000         0.000000000         0.000000000         0.000000000
         0.000000000         0.000000000         0.000000000         0.000000000
         0.000000000         0.000000000         0.000000000         0.000000000
         0.000000000         0.000000000         0.000000000         0.000000000
         0.000000000         0.393526758         0.108643256        -0.108643256
        -0.393526758         0.393526758         0.108643256        -0.108643256
        -0.393526758         0.393526758         0.108643256        -0.108643256
        -0.393526758         0.000000000        -0.000000000         0.000000000
$user-defined bonds
$frag
 atom   1 fragment 1 symmetry c1
 atom   2 fragment 1
 atom   3 fragment 1
 atom   4 fragment 1
 atom   5 fragment 1
 atom   6 fragment 1
 atom   7 fragment 1
 atom   8 fragment 1
 atom   9 fragment 1
 atom  10 fragment 1
 atom  11 fragment 1
 atom  12 fragment 1
 atom  13 fragment 1
 atom  14 fragment 1
 atom  15 fragment 1
 atom  16 fragment 1
 atom  17 fragment 1
 atom  18 fragment 1
 atom  19 fragment 1
 atom  20 fragment 1
 atom  21 fragment 1
 atom  22 fragment 1
 atom  23 fragment 1
 atom  24 fragment 1
 atom  25 fragment 1
 atom  26 fragment 1
 atom  27 fragment 1
 atom  28 fragment 1
 atom  29 fragment 1
 atom  30 fragment 1
 atom  31 fragment 1
 atom  32 fragment 1
   iteration   5
$end
