$hessapprox internal
  0.102616406545D+01 -0.158205452826D-02  0.432110812110D+00 -0.140425174236D-02
 -0.213697806214D-02  0.181044664879D+00 -0.302129791177D-03  0.386991072576D-03
 -0.422310359228D-02  0.218141886240D-02  0.177515385819D-02  0.153815706167D-02
 -0.719651433711D-02  0.155212569521D-02  0.421799545159D+00 -0.113897814623D-03
  0.914419855621D-03 -0.114679440303D-01  0.648117858068D-03 -0.518974482077D-02
  0.417157099267D+00  0.132720262621D-02  0.143149927870D-02 -0.115103428912D-01
  0.489493645204D-02 -0.576507384743D-02 -0.423755420469D-02  0.415894590489D+00
 -0.138988548542D-02  0.689999624747D-03 -0.835592161264D-03  0.490006434429D-03
  0.268840543991D-03  0.610727363906D-03  0.550661560216D-03  0.327660462912D+00
  0.102758673854D-01 -0.769306408031D-02 -0.868124200355D-02  0.197505412957D-02
 -0.261087339119D-02 -0.191394732836D-02 -0.311747953887D-02  0.607273400241D-03
  0.313893974344D+00  0.151929137615D-02 -0.817157873443D-03 -0.453896660681D-02
 -0.153714039361D-01  0.115189250493D-02 -0.296518710770D-02  0.535599844266D-02
  0.948195603838D-03  0.184014468038D-02  0.283838133523D+00  0.231819068390D-01
 -0.101406547267D-01 -0.851619107809D-02  0.190394109447D-02 -0.549478276921D-02
 -0.384064880304D-02 -0.615980850952D-02  0.123388088737D-02 -0.135491596400D-01
  0.146718113241D-02  0.301684953806D+00  0.193016701711D-02  0.683521619320D-04
  0.141832812098D-02 -0.870775497069D-02  0.140058263207D-02 -0.945428854386D-03
  0.383654301011D-02  0.123503555400D-02  0.129362777887D-02 -0.208807832575D-01
  0.144085032906D-02  0.322769640643D+00 -0.239234052153D-02  0.138348962477D-02
 -0.109522371874D-01  0.238443786611D-02 -0.560841218175D-02 -0.502137647609D-02
 -0.633276205695D-02  0.289315751521D-03 -0.329562698998D-02  0.244750908051D-02
 -0.581857412714D-02  0.154016835541D-02  0.417749526331D+00 -0.989762454722D-02
 -0.180490718753D-02  0.743348158361D-02 -0.167790599017D-02 -0.363322152225D-02
 -0.419152151821D-02 -0.354127361902D-02  0.744229958821D-04  0.123563284737D-02
 -0.140952683195D-02  0.113291446644D-02 -0.111078071223D-02 -0.365197920227D-02
  0.413636926804D+00 -0.106509796606D-01 -0.191903265404D-01 -0.405912685457D-02
  0.161620199662D-02 -0.177184053680D-02 -0.322241795277D-02 -0.405050174665D-02
  0.648759611163D-03 -0.912814016163D-02 -0.506317458913D-03 -0.365193135268D-02
 -0.181982261619D-02 -0.365361618924D-02 -0.144382222263D-02  0.313215793512D+00
  0.107562041668D-02  0.132379792825D-02 -0.225721643497D-01  0.391006203466D-02
 -0.277133559101D-02 -0.252294303356D-02 -0.432355730216D-02 -0.468314771058D-04
 -0.514317348399D-02  0.395651101837D-02  0.373444604431D-02  0.269442650722D-02
 -0.225808585680D-02  0.410009532313D-02 -0.138314839331D-01  0.327415772351D+00
 -0.136827958305D-03 -0.256637248359D-01 -0.964019225257D-03  0.401800887891D-03
 -0.171478763352D-02 -0.223672008206D-02 -0.263397294560D-02  0.494582133989D-03
 -0.106747397784D-01 -0.505523708170D-03 -0.198223767515D-01  0.356636078355D-03
 -0.343250303419D-02 -0.288948744485D-02 -0.185748509235D-01  0.313783286415D-02
  0.291716038171D+00  0.953837436590D-02  0.752508484687D-02 -0.146480741577D-01
  0.154728226244D-02 -0.260733032512D-02 -0.107868828913D-02 -0.266321651863D-02
 -0.667617762917D-03 -0.304373732131D-03  0.423624540866D-02 -0.168365128407D-01
  0.506171129082D-02 -0.104629653150D-02  0.112326630879D-03  0.200964160383D-01
  0.161804175016D-01 -0.928083924878D-03  0.313764982189D+00 -0.513959794197D-02
 -0.339426758666D-03  0.904002764909D-04  0.530786036501D-04 -0.422455578727D-02
 -0.432505178170D-02 -0.437985356830D-02  0.160586180788D-03 -0.156315463109D-04
  0.129392567021D-04 -0.131724765707D-02  0.650848645416D-04 -0.358069870092D-02
 -0.536775309424D-02 -0.458777277802D-03  0.232451448518D-02 -0.250799138373D-02
 -0.110023318766D-02  0.410910232453D+00 -0.516430543924D-02  0.831369898590D-03
  0.384485934478D-02 -0.764871336470D-03 -0.417764349029D-02 -0.437532261073D-02
 -0.410273070823D-02  0.202469895707D-03  0.120638567555D-02 -0.641615444701D-03
  0.230545587731D-02 -0.895213358023D-03 -0.346926925579D-02 -0.586146170903D-02
  0.248584244686D-03  0.217591711127D-02  0.779421005620D-03  0.167089717871D-02
 -0.505476818277D-02  0.406298358340D+00 -0.184617029573D-02 -0.117054524762D-01
  0.571853829369D-03  0.540406050647D-03  0.138705982080D-02  0.591884807404D-03
  0.122190952342D-02  0.832886481983D-03 -0.397493983895D-02 -0.264558085771D-02
  0.691244989206D-02 -0.319027445122D-02  0.869791196918D-03  0.887239789654D-03
 -0.218663411569D-01 -0.119080492639D-01 -0.581116949696D-02  0.249797195973D-01
  0.152454080314D-02  0.460304084355D-04  0.314965788386D+00 -0.485683118354D-02
 -0.554331928100D-02  0.197545086437D-01 -0.346496570343D-02  0.213953965850D-02
  0.158768394473D-02  0.264109847740D-02 -0.149651388724D-03  0.247519887815D-02
 -0.339791061488D-02 -0.818054519438D-02 -0.256492445294D-02  0.344701297266D-02
 -0.509050157808D-02  0.762573033959D-02  0.280796360526D-01 -0.998157864647D-02
 -0.120850257992D-01 -0.321647172894D-02 -0.612093295887D-03  0.139252264880D-01
  0.323044912310D+00  0.268449879818D-02 -0.537305308334D-03 -0.223558445177D-02
  0.676868133467D-03 -0.715680620536D-03 -0.531901771448D-03 -0.880670593225D-03
  0.293222488565D-03 -0.179702055793D-02  0.212653436534D-03 -0.232799020848D-02
 -0.182999941718D-03 -0.541275601460D-03  0.408599748291D-03 -0.180356251354D-02
 -0.275968889328D-02 -0.143904366680D-02  0.987366038564D-03  0.255543537346D-03
 -0.363406968333D-04 -0.202986791922D-02  0.926673909275D-03  0.316185623190D+00
  0.689124562092D-02 -0.101261560234D-01 -0.438381666200D-02  0.165383236889D-02
 -0.333764853383D-02 -0.381598707720D-02 -0.516945542877D-02  0.144591257222D-02
 -0.991363913682D-02 -0.110264045055D-02 -0.851816192021D-03 -0.343962273112D-02
 -0.290068595546D-02  0.246263261027D-02 -0.238433414324D-01 -0.178985022048D-01
 -0.656640728517D-02  0.257888171358D-01  0.170986600017D-02 -0.120969927348D-03
 -0.240251532656D-01  0.197122655060D-01 -0.355637448287D-02  0.307000919505D+00
 -0.340387373483D-02 -0.145948026298D-02  0.587218437660D-03 -0.782880777146D-04
 -0.429518838343D-02 -0.427548294848D-02 -0.430009476341D-02  0.234231480823D-03
 -0.525013864357D-03  0.463210677689D-03 -0.267947729438D-03  0.551181479448D-03
 -0.294131980264D-02 -0.483261130602D-02 -0.534512810982D-03 -0.801339563781D-03
 -0.257340468963D-02  0.134449307957D-03 -0.427631534919D-02 -0.471236513903D-02
 -0.960303785603D-03 -0.990018346101D-03  0.370367521505D-03 -0.903419090404D-03
  0.412223171797D+00 -0.264676263619D-02 -0.171332991040D-02  0.103843993061D-01
 -0.125505176015D-02  0.187575332824D-02  0.126952856321D-02  0.208673425738D-02
  0.655845454602D-03  0.194409649876D-02 -0.402226534929D-02  0.102702891861D-01
 -0.519035685241D-02  0.286982446725D-02 -0.109864729202D-02 -0.644948294754D-02
 -0.194537199734D-02  0.280007289661D-02  0.170310578518D-01  0.820824323906D-03
 -0.170184840312D-02 -0.117200220062D-01  0.181712914301D-02 -0.146462712917D-03
 -0.905649316223D-02 -0.561936131140D-04  0.325559829844D+00 -0.319967719563D-02
 -0.343111234143D-02  0.227106958720D-02  0.984718952121D-04  0.306465358046D-03
  0.136666864394D-03  0.201815814112D-03  0.577657428789D-03 -0.124526229932D-02
 -0.168191290584D-02  0.346443456228D-04 -0.222513621552D-02 -0.105399029188D-02
 -0.100907072720D-02 -0.755980404374D-02 -0.186053835495D-02 -0.350839004902D-02
  0.593863440823D-02 -0.118894479303D-03 -0.576790299871D-03 -0.478826598658D-02
 -0.198726363579D-02 -0.457493620773D-03 -0.519930934135D-02 -0.468829546239D-05
 -0.293472689987D-02  0.333473660020D+00 -0.142722207477D-02 -0.225378800332D-02
  0.111192756504D-02 -0.160276117987D-03  0.213334681354D-03  0.147859212570D-03
  0.306275147689D-04 -0.130645741659D-03 -0.722141189042D-03  0.152050859642D-03
 -0.331796153489D-02  0.363199258624D-03  0.375283911394D-03 -0.584349325936D-03
 -0.241524423159D-03  0.353164661044D-02 -0.424368117261D-02 -0.266390000274D-02
 -0.227071204402D-03  0.598268593173D-03  0.179505724435D-02 -0.255458685479D-02
  0.284801211114D-03  0.273773593950D-02  0.476487097182D-03  0.130913049124D-02
 -0.705622560367D-03  0.648888640779D-02 -0.191747354771D-02  0.166827436719D-02
 -0.269750404687D-02  0.419192764466D-03 -0.372275216522D-02 -0.343472526923D-02
 -0.336946059301D-02  0.383489496476D-03  0.316704001519D-03  0.124369794542D-03
  0.729246444552D-04  0.861244200678D-04 -0.230723889602D-02 -0.452939641875D-02
  0.292520045113D-03  0.190305606501D-02 -0.169637583136D-03  0.806385365777D-03
 -0.383149413598D-02 -0.490421043387D-02  0.922702668686D-03  0.127403499431D-02
  0.845101853972D-04 -0.324529382378D-03 -0.401555052706D-02 -0.412817680009D-03
  0.206937605653D-03  0.818031725461D-03  0.417078619070D+00 -0.151496187478D-02
  0.253417913148D-03 -0.314379561821D-02  0.878474770256D-03 -0.410258351611D-02
 -0.360728239238D-02 -0.353816748404D-02  0.612363546656D-03 -0.856647904103D-03
  0.779678486669D-04 -0.184190042522D-02 -0.530396674015D-04 -0.426965669024D-02
 -0.481442170309D-02 -0.247441296041D-02  0.192286015966D-03 -0.169939000207D-02
  0.176704512841D-03 -0.440730010770D-02 -0.531154727709D-02  0.481385600008D-03
 -0.396916927491D-03 -0.488308009099D-03 -0.277979201120D-02 -0.476905837462D-02
 -0.274181420456D-03 -0.118972264072D-03  0.174715620098D-03 -0.373343345576D-02
  0.414490805117D+00 -0.570958157921D-02  0.450127416322D-03  0.300256334424D-02
 -0.717586225276D-03 -0.376386775942D-02 -0.374997608541D-02 -0.355140726358D-02
  0.315791720428D-03  0.102176217331D-02 -0.350192827068D-03  0.165151374275D-02
 -0.637692512106D-03 -0.334452477348D-02 -0.563056093042D-02  0.701924835023D-04
  0.298811408032D-02 -0.115101220414D-03  0.668126081426D-03 -0.466229352291D-02
 -0.560353665472D-02  0.121010363448D-02 -0.242457474303D-02  0.453851178798D-04
  0.163335253407D-02 -0.454139159118D-02 -0.474290877601D-03 -0.452146304268D-04
  0.656901402472D-04 -0.433410185218D-02 -0.472276409472D-02  0.410028988281D+00
 -0.261504484782D-02 -0.979696340367D-02 -0.373302505673D-02  0.990714604684D-03
 -0.163249915234D-02 -0.213534198090D-02 -0.289198285164D-02  0.239852225117D-03
 -0.564671629351D-02  0.401209342561D-03 -0.610757660039D-02  0.256688585283D-03
 -0.267746923087D-02 -0.239502735604D-03 -0.125435446863D-01 -0.463650023825D-02
 -0.106890996893D-01  0.482656532789D-02 -0.412087583094D-03  0.978888751005D-03
 -0.683846006759D-02  0.305017295310D-02 -0.115652566502D-02 -0.825023404253D-02
 -0.425040374305D-03 -0.105760968680D-03 -0.266867850015D-02 -0.821108028032D-03
  0.345589598688D-03 -0.904182043997D-03  0.782582316928D-03  0.317873708518D+00
 -0.520833486800D-04  0.592773164927D-03 -0.749236148492D-02  0.115375517062D-02
 -0.188371847247D-02 -0.200903517776D-02 -0.266279205113D-02 -0.215130199549D-03
 -0.154855026023D-02  0.205286951142D-02  0.217894500406D-02  0.190428992872D-02
 -0.206943760788D-02  0.149515117248D-02 -0.317443270940D-02 -0.877915067942D-02
  0.268395327690D-02  0.339728667643D-02  0.240349066712D-03  0.505670133828D-03
 -0.393825139713D-02  0.908554531401D-02 -0.763251848739D-03 -0.593051492453D-02
 -0.363692865135D-03  0.440273507733D-03  0.536333535814D-03  0.115289036812D-02
 -0.859269343698D-03 -0.739553657816D-03  0.680008470815D-03 -0.114141458048D-02
  0.316473798903D+00  0.168123290623D-02  0.400014438114D-02  0.399452499444D-02
 -0.271815551056D-03  0.233274255540D-03  0.356089053126D-03  0.393959364253D-03
  0.211726691279D-03  0.105234924709D-02 -0.943061779217D-03 -0.874439114314D-03
 -0.131991237876D-02  0.446028374133D-03 -0.291009474430D-04  0.391795888270D-02
  0.400068491399D-02  0.226684154605D-02 -0.267288825070D-02  0.115823101259D-04
 -0.285874838225D-03  0.350069654196D-02 -0.146054025175D-02  0.104697098036D-03
  0.334646303703D-02  0.635121816510D-03 -0.673924951412D-04 -0.247197592544D-03
  0.172602291443D-03  0.431551915420D-03 -0.443255637738D-04 -0.304974127881D-03
  0.183769623266D-02  0.132775127553D-02  0.317444269881D+00  0.558370691195D-02
 -0.327954838079D-02  0.747604511225D-02 -0.169689003758D-02  0.907253452825D-03
  0.167052980198D-02  0.217312491935D-02 -0.541727224142D-05 -0.157907232294D-03
 -0.114464148127D-02 -0.145999190179D-01  0.932041375107D-04  0.772571740011D-03
 -0.265013570251D-02  0.101018386346D-01  0.179857828498D-01 -0.954435531949D-02
 -0.192356245458D-01 -0.186713559278D-02 -0.339947526563D-03  0.151774496894D-01
 -0.214222773650D-01  0.116582957866D-02  0.171793026999D-01 -0.655264080616D-03
  0.713038336386D-02  0.172319261193D-02 -0.384175233137D-02  0.272595754656D-03
  0.442153170197D-03 -0.132838029687D-02  0.172660597925D-02  0.690807941061D-02
 -0.266848696025D-02  0.309372958018D+00 -0.662992509685D-02  0.790952711331D-02
  0.120604948028D-02  0.812558205314D-04  0.116166930892D-02  0.529368188966D-03
  0.905479093733D-03  0.517823450028D-04  0.464459687393D-02 -0.915446920422D-03
  0.141445846391D-01 -0.199494360056D-02  0.135148364735D-02  0.739492849520D-03
  0.303768701477D-03 -0.498523621725D-02  0.120529073874D-01  0.103760806860D-01
  0.104936457651D-02 -0.938003336897D-03 -0.488335093133D-02  0.968927603840D-02
  0.810817616992D-04 -0.399337481863D-02  0.467902523942D-03 -0.555293995329D-02
 -0.649764583009D-03  0.257164126866D-02 -0.448803224010D-04  0.193111968974D-03
 -0.160394454352D-03  0.268811477463D-02 -0.237580254631D-02  0.107641031428D-03
  0.102312583401D-01  0.322386669584D+00 -0.263002002232D-02 -0.138481133063D-02
  0.339226742010D-02 -0.467482405691D-03  0.623667950446D-03  0.541195579539D-03
  0.739677764574D-03 -0.393185186420D-04  0.483390817989D-03 -0.685895801820D-03
 -0.403122664611D-03 -0.591977184046D-03  0.431976649798D-03 -0.107871870337D-02
 -0.510000380695D-03  0.302659027323D-02 -0.209989261494D-02 -0.424188698973D-03
 -0.418446178834D-03 -0.385938284045D-04  0.704561615085D-03 -0.315044710546D-02
  0.301475586105D-03  0.178372610452D-02  0.182958306235D-03 -0.498017060123D-03
 -0.850055003269D-03 -0.630354381265D-03  0.283343332710D-03  0.190624134749D-03
 -0.321003769714D-03 -0.288425922205D-03  0.144952801666D-02 -0.285113602036D-03
 -0.248979975001D-02  0.977169046707D-03  0.642168753904D-02 -0.485824558540D-02
  0.237874465360D-03 -0.110393815059D-02  0.722882268138D-05 -0.417300388678D-02
 -0.406538441183D-02 -0.392011931780D-02  0.187683463051D-03  0.422954360417D-03
  0.240407855971D-03  0.723467248462D-03  0.238721467160D-03 -0.386002215924D-02
 -0.535394401497D-02 -0.897706166515D-03  0.108759718606D-02 -0.470578801568D-03
  0.473352867193D-03 -0.475173125720D-02 -0.540079367675D-02  0.706426844295D-03
 -0.543153257187D-03 -0.973997193755D-04 -0.338514758508D-03 -0.502001305743D-02
 -0.157372214463D-03  0.698954301659D-04  0.192747411979D-03 -0.434427633787D-02
 -0.449809052391D-02 -0.500918335702D-02 -0.450276563577D-04 -0.395524681354D-03
  0.139579406175D-03  0.180401015564D-03 -0.135039783346D-03  0.509319684143D-04
  0.413879081820D+00 -0.277615589347D-02  0.126339586378D-02 -0.796030614100D-02
  0.103489432123D-02 -0.494113069732D-02 -0.474892843319D-02 -0.502139481967D-02
  0.112922576412D-04 -0.452310819211D-03  0.155186229117D-02  0.445308957627D-04
  0.186258667863D-02 -0.420997840768D-02 -0.395369276618D-02 -0.842644995778D-03
 -0.258586944973D-02  0.410008653921D-03 -0.119202189109D-04 -0.404050141807D-02
 -0.455241338936D-02  0.465657636229D-03  0.300745218007D-02 -0.166119036917D-03
 -0.144406771742D-02 -0.478819857493D-02  0.152995291387D-02  0.121476397388D-02
  0.567029742318D-03 -0.389758635879D-02 -0.392772967820D-02 -0.391633453741D-02
 -0.561623899813D-03 -0.240947778030D-02  0.915769208933D-03  0.269318846729D-02
 -0.340537633235D-03  0.761462387499D-03 -0.449398184993D-02  0.412881625412D+00
 -0.103678896011D-02  0.124776052711D-02 -0.709506143649D-02  0.135109605660D-02
 -0.541175122888D-02 -0.497316088415D-02 -0.540152929105D-02  0.104112381983D-03
 -0.139993385756D-02  0.135796595067D-02 -0.235268062676D-02  0.164026430559D-02
 -0.479539956941D-02 -0.407507047830D-02 -0.145335470203D-02 -0.224061104500D-02
 -0.832320213125D-03 -0.998563735667D-03 -0.435148627376D-02 -0.421481333243D-02
  0.751036104627D-03  0.302907222764D-02 -0.427276849348D-03 -0.239979852336D-02
 -0.428735526279D-02  0.131518561163D-02  0.389012555717D-03  0.476873956341D-03
 -0.385067617258D-02 -0.413955239092D-02 -0.390724528628D-02 -0.107551776821D-02
 -0.188235933764D-02  0.570159432348D-03  0.149589184555D-02  0.350776712964D-03
  0.677765742922D-03 -0.440436682643D-02 -0.523325034896D-02  0.410752935484D+00
 -0.333436970412D-02 -0.100394929687D-01  0.839809792355D-03 -0.463261171504D-04
 -0.115312165281D-02 -0.144426916805D-02 -0.191099004360D-02 -0.261623398825D-04
 -0.434891014183D-02  0.223517601242D-03 -0.113253446973D-01  0.855834833676D-03
 -0.275920447621D-02 -0.187753122054D-02 -0.590197480114D-02  0.430286675568D-02
 -0.136035018134D-01 -0.643730415810D-02 -0.168736165119D-02  0.848777695047D-03
  0.244688127206D-02 -0.841591665029D-02 -0.260737472988D-03  0.303004898687D-02
 -0.529356587402D-03  0.425713577889D-02 -0.137191286511D-02 -0.294313785442D-02
  0.958853533694D-04 -0.716847789063D-03 -0.211382683548D-04 -0.441512369560D-02
  0.259598585690D-02  0.247552511156D-03 -0.856732931007D-02  0.716729670871D-02
 -0.165329811520D-02 -0.179935193907D-03  0.400059322113D-03 -0.438702496076D-03
  0.315606527980D+00 -0.893541898518D-03  0.304039766604D-02  0.589030303113D-02
 -0.770582343337D-03  0.108294642524D-02  0.106823928157D-02  0.164728362788D-02
  0.260888375880D-03  0.257245499934D-02 -0.165023177761D-02  0.386102257015D-02
 -0.200837524689D-02  0.115664193444D-02 -0.726456374157D-03  0.261699815634D-02
  0.321839136349D-02  0.374514133333D-02  0.143779787238D-02 -0.124667939082D-03
 -0.104856588435D-02  0.945922049792D-03 -0.157553366479D-02  0.209949856304D-03
  0.191630921297D-02  0.226234003175D-03 -0.236212629258D-02 -0.232338311336D-03
  0.378365748613D-03 -0.145967756402D-03 -0.134878761356D-03 -0.805989624531D-03
  0.227349315288D-02  0.142630663310D-02 -0.106605745110D-02 -0.670104639742D-03
 -0.183415448900D-02 -0.323996576203D-03 -0.270406537397D-03  0.918603121021D-03
  0.100903703765D-02  0.187613835898D-02  0.318147179498D+00 -0.158621351101D-02
  0.138364221798D-03 -0.370088863818D-02  0.855969932153D-03 -0.454689049473D-03
 -0.508483529706D-03 -0.673483310735D-03 -0.401700460559D-04 -0.409647658744D-03
  0.753704779060D-03  0.216788686017D-02  0.603668147589D-03 -0.104306313331D-02
  0.540314719895D-03 -0.300834326702D-02 -0.477028796832D-02  0.130665999369D-02
  0.302446972672D-02  0.118494281350D-03  0.855721096837D-04 -0.287909211162D-02
  0.424779767905D-02 -0.383847957089D-03 -0.413815657497D-02 -0.264957281416D-03
 -0.743268730480D-03 -0.211962529315D-03  0.500992113880D-03 -0.279499134689D-03
 -0.779603379219D-04  0.227498372744D-03 -0.101073699514D-02 -0.176429290865D-02
  0.607866860567D-03  0.438307394669D-02 -0.183493900938D-02  0.582419159000D-03
 -0.518997619390D-04 -0.841229422948D-03 -0.623660812154D-03  0.122803640564D-02
  0.450550405641D-03  0.317752765292D+00  0.688758060843D-02 -0.161453816640D-04
 -0.755799107630D-02  0.109935329360D-02 -0.149943539388D-02 -0.965519449187D-03
 -0.160680882418D-02  0.532341684391D-04 -0.309795260532D-02  0.152802235625D-02
 -0.538675361091D-02  0.160696054827D-02 -0.162676869541D-02  0.163261203605D-02
 -0.872164572748D-03 -0.451920917226D-02 -0.118623587943D-02 -0.223703301823D-02
  0.485254709287D-03  0.672552470585D-03 -0.257693396298D-03  0.250180478253D-02
 -0.657495187622D-03 -0.377983475086D-02 -0.402010128123D-03  0.232176703909D-02
  0.887311282268D-03  0.673279814494D-04 -0.461030702100D-04  0.509866169442D-04
  0.771703738756D-03 -0.148057581479D-02 -0.198688359647D-02  0.403610659038D-03
  0.162154485441D-02  0.123170439405D-02  0.855763256744D-03  0.417191156506D-03
 -0.794698855613D-03 -0.123732291409D-02 -0.369506202617D-03  0.120170971997D-02
 -0.406675312199D-03  0.327646315288D+00  0.250371781240D-02 -0.198094285729D-02
 -0.214584599084D-02  0.664696676679D-03 -0.124065322796D-02 -0.974114835545D-03
 -0.136374289269D-02  0.994740083842D-04 -0.242793378074D-02  0.525919737047D-03
 -0.374110090196D-02  0.485434410903D-03 -0.175388563277D-02  0.124140239129D-03
 -0.299817444799D-02 -0.216445836207D-02 -0.266246259757D-02 -0.234076001406D-03
 -0.455809896183D-03  0.191176947221D-03 -0.119225202610D-02  0.114025066404D-02
 -0.688808266911D-03 -0.339740302234D-02 -0.482730455375D-03  0.494499334332D-03
 -0.500396375261D-03 -0.279229040875D-03 -0.449643629106D-03 -0.559300790626D-03
  0.828015994191D-04 -0.173066276850D-02 -0.461468553105D-03  0.174022922580D-03
  0.284573806147D-03  0.116710170867D-02  0.193663924519D-03 -0.889661143319D-04
 -0.560861445361D-03 -0.801241265782D-03 -0.110980030034D-02  0.738405129773D-03
 -0.944497226902D-04 -0.948184284361D-03  0.329857507864D+00 -0.132417670168D-02
  0.141724675405D-02  0.162633835427D-01 -0.547254181439D-02  0.105151019463D-01
  0.122934368472D-01  0.169983434680D-01  0.182660874498D-02  0.133767197374D-01
 -0.159990632998D-01  0.144606571200D-01 -0.167344959330D-01  0.161718633507D-01
 -0.110059369987D-01  0.588999366912D-02  0.338647264713D-01  0.221638828147D-02
  0.231926822890D-01 -0.254152521351D-03 -0.575296675190D-02 -0.337635921726D-02
 -0.294736476384D-01  0.326556347853D-02  0.730725040023D-02  0.350666531830D-03
 -0.187692802234D-01 -0.534294878977D-02 -0.137086700042D-02  0.288050068017D-02
  0.313381448620D-02 -0.446901496259D-02  0.657026880818D-02  0.133591753239D-01
 -0.637739248987D-02 -0.121970809021D-01 -0.286758722433D-02 -0.566473149816D-02
  0.114783932085D-02  0.119245153367D-01  0.104039285636D-01  0.228396169394D-04
 -0.999606296389D-02  0.567701515146D-02  0.117680664641D-01  0.362796344577D-02
 -0.292166153260D-01 -0.189121335109D-02 -0.386225831798D-02  0.751499932727D-02
 -0.265588377390D-03 -0.325755682691D-02 -0.458727290267D-02 -0.475192158049D-02
  0.315648996438D-03 -0.213666860962D-02 -0.229220935095D-02 -0.344033102511D-02
 -0.275421606337D-02 -0.351346234263D-02 -0.322944375464D-02 -0.480198017720D-02
  0.103423327855D-03 -0.458471391000D-02  0.199294364896D-02 -0.312140913877D-02
 -0.283705956368D-02 -0.320966469745D-02 -0.125942276791D-02 -0.741890753598D-03
 -0.402307311921D-02 -0.257753336616D-02 -0.222941395960D-02 -0.276463984210D-02
 -0.724679465358D-04 -0.327161809420D-02 -0.412842405430D-02 -0.304118662171D-02
 -0.202613719752D-02  0.103364660810D-02 -0.347043209052D-03 -0.696844099981D-03
  0.463454563891D-03 -0.441695821972D-03 -0.302745557490D-02 -0.241104113510D-02
 -0.286087178033D-02 -0.166487823342D-02 -0.571370895795D-03 -0.156798078324D-04
  0.279253233579D-03 -0.651097556379D-03 -0.101870177676D-01  0.395399816404D+00
 -0.176879012087D-01 -0.121834950452D-01  0.142916737840D-01 -0.269033560519D-02
 -0.540493228245D-03 -0.423046337850D-02 -0.476006182592D-02 -0.902800172592D-03
 -0.198740287805D-02 -0.167473140422D-02 -0.958843837646D-03 -0.233331715388D-02
 -0.366653057183D-02 -0.258074674786D-02 -0.107723251835D-01 -0.138700530077D-03
 -0.920108686286D-02  0.341014506734D-02 -0.176836657312D-02  0.770403277587D-03
 -0.548659177474D-02 -0.283936654329D-02 -0.557802511949D-03 -0.128294853474D-02
 -0.105804892502D-02 -0.106503913300D-02 -0.498122679435D-02 -0.176318560409D-02
 -0.197521807799D-02 -0.306314071632D-02 -0.122317010684D-02 -0.431256307275D-02
  0.265057706340D-02  0.269271687935D-03 -0.184065851566D-02  0.124571921379D-02
 -0.170560438842D-02 -0.111510462873D-02 -0.339052589188D-03 -0.516256596448D-03
 -0.478029022538D-02 -0.241355767449D-03 -0.209829231332D-03  0.165037538020D-02
  0.557285064468D-05 -0.155551392613D-01  0.189777033432D-02  0.404759982755D+00
 -0.260056334853D-02 -0.155104328389D-02  0.180297758065D-01 -0.226523660315D-02
  0.428723822884D-02  0.450285695965D-02  0.629807860822D-02  0.977344918119D-03
  0.420164552409D-02 -0.598813067473D-02  0.325352414364D-02 -0.650454867864D-02
  0.248034800202D-02 -0.347714202641D-02  0.333942370052D-03  0.960168697073D-02
 -0.120772962512D-02  0.312881931023D-02 -0.240561242427D-03 -0.262479018176D-02
  0.220322263578D-03 -0.206478400493D-01  0.968635061758D-03  0.423958822880D-02
  0.271761758751D-03 -0.559640046368D-02 -0.136203160367D-02 -0.260493089629D-02
 -0.310405011180D-03  0.940665164954D-03 -0.160860919634D-02  0.162188754704D-02
  0.672690839579D-02 -0.386061283473D-02 -0.692312406572D-02 -0.553454918481D-03
 -0.314280550278D-02  0.410869790144D-03  0.534971074186D-02  0.378337214064D-02
 -0.138769525775D-02 -0.412009574452D-02  0.294172184961D-02  0.543289729463D-02
  0.144356900658D-02 -0.332257338436D-01 -0.372199427443D-02 -0.647133825906D-02
 -0.262299801290D-02  0.100781472851D-02  0.914966582206D-03 -0.110656417614D-01
  0.163378152143D-02 -0.225444834296D-02 -0.154547225600D-02 -0.236600479797D-02
 -0.305874384866D-03 -0.187211453418D-02  0.289498213468D-02 -0.525545678741D-02
  0.318646257265D-02 -0.205729969390D-02 -0.895609865787D-03  0.271677221013D-03
 -0.526415438508D-03 -0.293813285157D-02 -0.516797195596D-02 -0.109693154027D-02
 -0.575855993884D-03  0.360082896923D-02 -0.223808755936D-03  0.825009896686D-04
  0.151894380970D-02 -0.143798509606D-02  0.470553706759D-02  0.938750546861D-03
 -0.464749989326D-03 -0.266185771159D-03 -0.564925485306D-03 -0.674051690565D-03
 -0.163194824468D-02 -0.162870433984D-02  0.555995993841D-03 -0.108324844587D-02
  0.251639535792D-02  0.275643954143D-03 -0.929101104370D-03 -0.178795076221D-02
 -0.213880591730D-02 -0.293901116413D-02  0.144334050883D-02 -0.234264821718D-03
 -0.993027969641D-03 -0.922051056912D-03  0.162855889720D-01 -0.195847880267D-03
 -0.190381709334D-02  0.480426612314D-02  0.365901304640D+00 -0.408052021621D-02
  0.107669112921D-02 -0.262197720413D-02  0.469665217019D-04 -0.107652149132D-02
 -0.105034055400D-02 -0.116546361048D-02 -0.256486964629D-03  0.437394936630D-03
  0.817028952689D-03  0.129627337477D-02  0.932610660550D-03 -0.162412907191D-02
 -0.169634143445D-02 -0.148508105695D-02 -0.211491732792D-02  0.136010481897D-03
  0.349066148663D-03 -0.127192973076D-02 -0.147160062798D-02 -0.156382598996D-03
 -0.478003179999D-03  0.264994824329D-03 -0.880246326817D-03 -0.143566595239D-02
  0.287184375388D-03 -0.181836130036D-03 -0.212772303719D-03 -0.103022249441D-02
 -0.643469830785D-03 -0.133168973199D-02 -0.104588491409D-02 -0.975262843551D-03
  0.242135791312D-03  0.189224150779D-02 -0.665063551161D-03 -0.129791328810D-03
 -0.121570890169D-02 -0.137384003117D-02 -0.156832880488D-02 -0.667671201082D-03
  0.110042662313D-03 -0.317457076098D-03  0.705609123531D-03 -0.345948108064D-04
  0.343481416136D-02 -0.343076029960D-03 -0.158068220509D-02  0.208121295244D-02
  0.177024046142D-03  0.366901410175D+00  0.378003221662D-02 -0.119168367065D-01
 -0.237878299707D-01  0.278007033545D-02 -0.563996306211D-02 -0.522815715262D-02
 -0.687360071634D-02 -0.839450593232D-03 -0.937710206237D-02  0.692849864183D-02
 -0.121437934522D-01  0.856018251381D-02 -0.102490929289D-01  0.235904265603D-02
 -0.110783780283D-01 -0.193983482201D-01 -0.925114146436D-02 -0.812681588329D-02
 -0.158398855546D-02  0.188943029419D-02 -0.237123371736D-02  0.280694282938D-02
 -0.226759033743D-02 -0.940545390586D-02 -0.403358060875D-02  0.107744946895D-01
  0.397101470342D-02 -0.276960852363D-02 -0.413395586405D-02 -0.145907777316D-02
  0.162564793404D-02 -0.782316752202D-02 -0.564270333591D-02  0.240450081521D-02
  0.503708156478D-02  0.455806866168D-02  0.189117692142D-02 -0.643323498882D-03
 -0.568682602862D-02 -0.573090122317D-02 -0.381237333622D-02  0.611187551409D-02
 -0.136113208958D-02 -0.486161341243D-02 -0.171735213770D-02  0.415549709207D-01
  0.229082984709D-02  0.415188964659D-02  0.252160525747D-01 -0.819483703120D-02
 -0.336799814712D-03  0.350027245016D+00  0.336247428549D-02 -0.343251423073D-02
 -0.269668742783D-01  0.432111090069D-02 -0.313699696947D-02 -0.303396038129D-02
 -0.460905188602D-02 -0.495251150983D-03 -0.614820476597D-02  0.657175919528D-02
 -0.890613088472D-03  0.680630107253D-02 -0.341534926941D-02  0.493067167071D-02
 -0.952702208522D-02 -0.210184449201D-01 -0.104876643825D-02  0.492424563135D-02
  0.217368245021D-02  0.209624174363D-02 -0.917493795100D-02  0.175977749034D-01
 -0.134649286467D-02 -0.144363945758D-01 -0.842419276117D-03  0.436856277176D-02
  0.239510848583D-02  0.191706011337D-02  0.122864687051D-03  0.669265831677D-04
  0.266772140068D-02 -0.540987977013D-02 -0.958929112542D-02  0.441313885840D-02
  0.149975428924D-01 -0.224103821795D-02  0.341729571524D-02  0.241455696172D-03
 -0.451161569121D-02 -0.373871819373D-02  0.230618631485D-02  0.469534347976D-02
 -0.419225902013D-02 -0.484328889292D-02 -0.216978131481D-02  0.442090166995D-01
  0.246560555140D-02  0.181075291996D-02  0.203984128402D-01 -0.306409224555D-02
 -0.479117521453D-03 -0.217263486187D-01  0.336050108000D+00  0.638978243553D-02
  0.945083124597D-04 -0.474734352069D-01  0.658192095555D-02 -0.156390834597D-02
 -0.359801151522D-03 -0.113448158818D-02 -0.587787736632D-03 -0.512110974213D-02
  0.771515548131D-02 -0.880843421508D-02  0.926796549803D-02 -0.589883139388D-02
  0.526534479945D-02 -0.585719006701D-02 -0.191419225615D-01 -0.731281665942D-03
 -0.798666059583D-02  0.183943244363D-02  0.123404425654D-02  0.124489228417D-02
  0.653066644090D-02 -0.102145556918D-02 -0.105282708544D-01 -0.574258259833D-02
  0.110316183767D-01  0.616386184927D-02 -0.103987471423D-02  0.624487765199D-03
  0.398182937673D-02  0.210027402091D-02 -0.679304366334D-02 -0.111402460568D-01
  0.299313616711D-02  0.138645342711D-01  0.691079627670D-03  0.302286835940D-02
  0.225175820860D-02 -0.278712616810D-02 -0.419894114350D-02 -0.184295869881D-02
  0.458740126321D-02 -0.231734197372D-02 -0.160979553799D-02 -0.152065891795D-02
  0.661881617312D-01  0.849617986396D-03 -0.342983113945D-02  0.309578847016D-01
 -0.158680108269D-02  0.412020300610D-02 -0.165043685169D-01 -0.220013675305D-01
  0.378366245425D+00 -0.876677795502D-02 -0.728567239425D-03  0.559209335047D-01
 -0.776015990945D-02  0.115464158762D-01  0.112425058821D-01  0.161138018096D-01
  0.307048489689D-02  0.135173411697D-01 -0.188217554561D-01  0.169251419489D-01
 -0.218110283834D-01  0.134332805137D-01 -0.111826414743D-01  0.273260905064D-02
  0.343721567750D-01  0.189761392403D-02  0.227092014337D-01 -0.113790929358D-02
 -0.763786328605D-02 -0.514469955278D-02 -0.336410545754D-01  0.264816510731D-02
  0.736445846256D-02  0.158826269692D-02 -0.244938336317D-01 -0.850494483147D-02
 -0.176821695470D-02  0.128784772956D-02  0.871281031103D-03 -0.587262003877D-02
  0.766950995478D-02  0.174224910177D-01 -0.767497782362D-02 -0.149245030975D-01
 -0.435609197071D-02 -0.713014365550D-02 -0.118778509794D-03  0.131822098562D-01
  0.109981999654D-01  0.100767317589D-02 -0.125684586055D-01  0.641190803506D-02
  0.136376615764D-01  0.417459023450D-02 -0.100833079541D+00 -0.108014922614D-01
 -0.145454405052D-01 -0.440689481979D-01  0.160189430719D-01  0.329931673681D-02
  0.544932415887D-01  0.528080181506D-01  0.682521189921D-01 -0.121648399445D+00
  0.596983689623D-01  0.103684236196D-01  0.117875123669D-01 -0.247239703964D-02
 -0.737527422299D-02 -0.498164251507D-02 -0.604350817591D-02  0.182524259930D-02
 -0.712302316550D-02 -0.226988169294D-02 -0.221734847611D-01 -0.320242039643D-02
  0.125575176547D-02  0.322633718645D-02  0.267036692246D-01  0.919854876671D-02
  0.737597646032D-02 -0.156019057706D-01 -0.843085438274D-03 -0.407600622746D-02
  0.945614475293D-02 -0.823355779978D-04 -0.234748271810D-02  0.697647774945D-03
 -0.354299665320D-02  0.289303538213D-02  0.616646697260D-02  0.369026842008D-02
 -0.598000811908D-02 -0.642430333602D-02 -0.278045215163D-02  0.103530436429D-01
  0.177362023932D-02 -0.361807650528D-02 -0.115498846514D-01  0.635542773042D-02
  0.372742684823D-02 -0.311051818398D-02 -0.363317157042D-02 -0.461627595982D-02
  0.833345747978D-02 -0.253542994892D-02  0.315469489847D-02 -0.659736191626D-02
 -0.169270943041D-02 -0.126587342351D-01  0.173970375745D-02  0.289993186553D-01
 -0.161883041000D-02  0.137350776624D-02  0.612312004363D-02  0.106865086416D-02
  0.369491145719D-02 -0.303566225801D-02 -0.669680669918D-02  0.537625863689D+00
 -0.366858365424D-01  0.507549026364D-02  0.183809922162D-01 -0.195814394791D-02
  0.671526240774D-02  0.494972100663D-02  0.610171082971D-02 -0.933997194017D-03
  0.773251285402D-02 -0.302289313556D-02  0.152568196627D-01 -0.355289463605D-02
 -0.382884181897D-02 -0.265621715319D-02 -0.138833059311D-01 -0.789277865635D-03
  0.189142878186D-02  0.618155445870D-02  0.395450499008D-03  0.180104357452D-02
 -0.725695124646D-03 -0.906990958661D-02  0.592338242679D-03  0.159918193594D-02
  0.464014695047D-02 -0.648261620294D-02 -0.793100835234D-02 -0.316534770530D-02
  0.348308333432D-02  0.380738760611D-02  0.434433511917D-03 -0.367358579270D-02
  0.427832671458D-02 -0.275700468922D-02  0.274323402913D-02 -0.702129566671D-02
 -0.434861532327D-02  0.278028906750D-02  0.670074453100D-02  0.582821767371D-02
 -0.444697811490D-02 -0.309226013831D-02 -0.165899345717D-07  0.746525981820D-02
  0.213851276523D-02 -0.308379549602D-01 -0.249963327603D-03 -0.170476745141D-01
 -0.119044362594D-01  0.260651693358D-02 -0.154427274455D-02  0.223867811475D-01
  0.147987208753D-01  0.218895322609D-01 -0.384676130697D-01  0.638650004290D-01
  0.351525387903D+00 -0.981372000660D-02 -0.233959321642D-02  0.699473898291D-01
 -0.987713121481D-02  0.130306276405D-01  0.114937914800D-01  0.166353248996D-01
  0.284958570588D-02  0.142427765925D-01 -0.207909763995D-01  0.175449672959D-01
 -0.240415400438D-01  0.169881501590D-01 -0.107003704717D-01  0.305662564394D-02
  0.521107382687D-01  0.139867791029D-03  0.257651367000D-01 -0.695148602917D-03
 -0.733496130331D-02 -0.171916895096D-02 -0.254242253907D-01  0.129858957132D-02
  0.149398366066D-01 -0.689232319390D-03 -0.266175794268D-01 -0.106985388130D-01
 -0.658363201962D-03  0.357740609805D-02  0.106435303978D-02 -0.533330990527D-02
  0.102714003269D-01  0.196252921152D-01 -0.643668491706D-02 -0.196522141408D-01
 -0.168888268486D-02 -0.777988236502D-02  0.630652648318D-03  0.151201867585D-01
  0.128351587291D-01  0.476254546799D-03 -0.133206406273D-01  0.675125743549D-02
  0.136947279933D-01  0.419886945178D-02 -0.119351963850D+00 -0.998033156650D-02
 -0.117609513456D-01 -0.572217026449D-01  0.178512602872D-01  0.245337307904D-02
  0.494039833433D-01  0.567725681460D-01  0.664778565013D-01 -0.151428736654D+00
 -0.444933467761D-02 -0.424983944884D-01 -0.134736335060D+00 -0.138314853657D-01
 -0.467578431328D-03 -0.473102595408D-03 -0.467597479488D-03 -0.189675511273D-02
 -0.251575291205D-02 -0.230517158525D-02 -0.310270014477D-03  0.162191282290D-02
  0.436511090438D-04  0.647426662628D-02 -0.206466580518D-03 -0.637036124598D-02
 -0.350622751027D-02 -0.712348934966D-02 -0.550550614829D-02  0.298226227720D-02
  0.369350858150D-02 -0.340638159715D-02 -0.298973011972D-02 -0.188983370712D-02
 -0.129251529012D-02 -0.888312368806D-03 -0.307485430522D-02 -0.444664825992D-02
 -0.797824341586D-03 -0.818204837891D-03 -0.146776287137D-02 -0.429216352472D-02
 -0.216230986395D-02 -0.261672083154D-02 -0.191140671552D-02 -0.543153170042D-03
 -0.705400920164D-03  0.542216686645D-02 -0.343681514491D-02 -0.597834373546D-03
 -0.229551272622D-02 -0.247977005537D-02 -0.287176534426D-02  0.535389348384D-03
 -0.465591039565D-03 -0.339529460506D-03  0.219430518716D-02  0.111412404766D-02
  0.254720312849D-04 -0.124777096028D-02 -0.144950141165D-02  0.466475344028D-02
 -0.103692640469D-02 -0.798271395258D-03  0.115097619915D-01 -0.112808164039D-02
  0.105824291422D-01 -0.447574629557D-03  0.156598253276D-01 -0.704028236603D-02
 -0.283189117146D-02  0.367558653201D+00  0.980227660702D-02 -0.174518778944D-01
 -0.384178230180D-01  0.450706999671D-02 -0.349519500287D-02 -0.269085489219D-02
 -0.376270992582D-02 -0.992685449403D-03 -0.100210429581D-01  0.916921656506D-02
 -0.139892137642D-01  0.121061262085D-01 -0.954952553395D-02  0.479933741721D-02
 -0.124026209866D-01 -0.160591962733D-01 -0.102945315696D-01 -0.115933018591D-01
 -0.753221726532D-03  0.321350103576D-02  0.239418290156D-02  0.786955748511D-02
 -0.387591915417D-02 -0.777578155918D-02 -0.795501038695D-02  0.150532366380D-01
  0.820662922958D-02 -0.360880823213D-02 -0.298917253860D-02  0.157912006283D-02
  0.359202145133D-02 -0.787129945515D-02 -0.770571965086D-02  0.400518951606D-02
  0.551142769962D-02  0.719185852969D-02  0.320785076895D-02  0.143697094337D-02
 -0.516011979995D-02 -0.460033093003D-02 -0.385874808732D-02  0.824419358717D-02
 -0.110602220665D-02 -0.597753889387D-02 -0.106373104002D-02  0.627010301485D-01
  0.352040997239D-02  0.448341864634D-02  0.337019665070D-01 -0.874859177523D-02
  0.168848345478D-02 -0.153102556345D-01 -0.310723285371D-01 -0.156996387489D-01
  0.773583699436D-01 -0.867664207992D-02  0.408711240662D-01  0.801829595229D-01
  0.213446558148D-01  0.349581698189D+00  0.235089776127D-01  0.155379300930D-01
  0.872440594856D-02 -0.183835082636D-02 -0.291999889367D-02 -0.204425784480D-02
 -0.118804997856D-02  0.490003408363D-03  0.505683933307D-02 -0.213096118181D-02
  0.145767720811D-02 -0.193584138495D-02  0.180674317667D-02 -0.110694601264D-03
  0.255014499066D-01  0.933066962567D-02  0.181104623832D-01 -0.112695071356D-01
 -0.236155838991D-02 -0.461665139480D-02  0.121722301372D-01  0.292926417416D-03
 -0.269885179236D-06  0.102874498976D-01 -0.373890104363D-02  0.566931956185D-03
  0.608488768279D-02  0.288308655096D-02 -0.540814624317D-02 -0.327442041112D-02
 -0.368181629207D-02  0.120577716310D-01  0.144736330256D-02 -0.311071272961D-02
 -0.476657477988D-02 -0.191885450176D-02  0.234886384458D-02 -0.315314412093D-02
 -0.378188029908D-02 -0.286378848319D-02  0.102379201436D-01 -0.342174430520D-02
  0.222223562803D-02 -0.962199850615D-03  0.212329392304D-02 -0.121051605521D-01
  0.194637240347D-02  0.182417076886D-01 -0.132923028249D-02  0.127193205863D-02
  0.267226354748D-02  0.105758789645D-01  0.488122696544D-02  0.325762422389D-02
 -0.847092939789D-02 -0.501388072720D-01  0.354535170012D-01 -0.774868007227D-02
  0.965657168889D-02  0.877663857269D-02  0.405888949746D+00  0.124421020646D-02
 -0.155113785278D-01  0.203012297426D-03 -0.773287211615D-03  0.313247134320D-03
 -0.163513617729D-03  0.211653588940D-02  0.100822652898D-02 -0.215896340132D-02
 -0.348608273823D-02 -0.353767774287D-02 -0.160812504651D-02 -0.350538712581D-02
 -0.339273455297D-02 -0.130560004855D-01  0.731895757876D-02 -0.934502739654D-02
  0.331892575950D-02 -0.443354364211D-02 -0.336343635976D-02 -0.629868372863D-03
  0.218946681909D-02 -0.325463707539D-02 -0.600771098865D-02 -0.896390843157D-02
 -0.293154241298D-02  0.496178253192D-03 -0.203617782740D-02 -0.281444951955D-02
 -0.745443128259D-03 -0.252191622177D-02 -0.323444831630D-02  0.980723154461D-03
  0.164560644300D-02 -0.126264797831D-02  0.393776588602D-02 -0.138411909600D-03
 -0.157572619876D-02 -0.108502442861D-02 -0.672388515535D-03 -0.252697335257D-02
  0.157303028928D-02  0.136511088400D-02  0.397347134611D-03  0.761102138405D-03
 -0.364686549344D-02 -0.507712235157D-02 -0.541660831015D-02  0.474814992928D-03
 -0.581443956668D-03  0.917265109055D-03  0.431951072928D-02 -0.410652652953D-02
  0.108168960506D-01 -0.299560366901D-02 -0.116282662328D-01  0.200681860011D-01
  0.529562076091D-02  0.113879982103D-01  0.204419326975D-01  0.327576273268D-02
  0.406861364849D+00  0.762703540281D-02 -0.175523813883D-01 -0.248523376419D-01
  0.358942824862D-02 -0.344489099868D-02 -0.453489106936D-02 -0.581610240195D-02
 -0.548677529833D-05 -0.121769606331D-01  0.297051342017D-02 -0.112873281108D-01
  0.427237663303D-02 -0.777646992541D-02  0.538721423057D-02 -0.249920343071D-01
 -0.139650405530D-01 -0.116839048408D-01  0.693263130829D-02  0.405541305571D-04
  0.542632822076D-02 -0.970925256850D-02  0.277954849688D-01 -0.589920246894D-02
 -0.214107996278D-01 -0.494373643942D-02  0.245766803182D-02 -0.106159586393D-02
 -0.224526232734D-03  0.240811121464D-03  0.119616589887D-02  0.510385646499D-02
 -0.106716663457D-01 -0.764548448604D-02  0.555531096844D-02  0.122537596629D-01
  0.350599919994D-02  0.307057770975D-02  0.283680786576D-02 -0.346151369469D-02
 -0.270352586551D-02 -0.254431013804D-02  0.760671594653D-02 -0.312211786646D-02
 -0.700618575406D-02 -0.213301620404D-02  0.398369953387D-01  0.823884596500D-04
  0.208028519580D-02  0.160646693507D-01 -0.580180170442D-02 -0.987392788518D-03
 -0.203266577402D-01 -0.304505426874D-01 -0.261368604294D-01  0.506234030063D-01
  0.558950639440D-02  0.237987972540D-01  0.720879980407D-01  0.995843665546D-02
 -0.100881963259D-01  0.198926126674D-01  0.242762160874D-01  0.369520158567D+00
$end
