$cbas
*
c cc-pV5Z
# c     (10s8p7d6f4g3h1i) / [10s8p7d6f4g3h1i]
# {1111111111/11111111/1111111/111111/1111/111/1}
*
   1  s
  247.06400000       1.0000000000
   1  s
  53.400400000       1.0000000000
   1  s
  13.932000000       1.0000000000
   1  s
  6.1517900000       1.0000000000
   1  s
  2.8382700000       1.0000000000
   1  s
  1.6979800000       1.0000000000
   1  s
 0.94476300000       1.0000000000
   1  s
 0.55580600000       1.0000000000
   1  s
 0.25743300000       1.0000000000
   1  s
 0.11849800000       1.0000000000
   1  p
  51.517500000       1.0000000000
   1  p
  14.097200000       1.0000000000
   1  p
  5.0531900000       1.0000000000
   1  p
  2.5407900000       1.0000000000
   1  p
  1.4205900000       1.0000000000
   1  p
 0.70514500000       1.0000000000
   1  p
 0.35361200000       1.0000000000
   1  p
 0.22379300000       1.0000000000
   1  d
  12.844800000       1.0000000000
   1  d
  4.9999100000       1.0000000000
   1  d
  3.0001500000       1.0000000000
   1  d
  1.6399800000       1.0000000000
   1  d
 0.75996400000       1.0000000000
   1  d
 0.41301300000       1.0000000000
   1  d
 0.21174900000       1.0000000000
   1  f
  7.5597500000       1.0000000000
   1  f
  3.1165400000       1.0000000000
   1  f
  2.0543600000       1.0000000000
   1  f
  1.1141800000       1.0000000000
   1  f
 0.60318400000       1.0000000000
   1  f
 0.33462700000       1.0000000000
   1  g
  4.2441000000       1.0000000000
   1  g
  2.1559900000       1.0000000000
   1  g
  1.0231500000       1.0000000000
   1  g
 0.59323500000       1.0000000000
   1  h
  2.7021900000       1.0000000000
   1  h
  1.5080800000       1.0000000000
   1  h
 0.86012500000       1.0000000000
   1  i
  1.7025800000       1.0000000000
*
f cc-pV5Z
# f     (10s8p7d6f4g3h1i) / [10s8p7d6f4g3h1i]
# {1111111111/11111111/1111111/111111/1111/111/1}
*
   1  s
  645.42400000       1.0000000000
   1  s
  138.61800000       1.0000000000
   1  s
  38.729500000       1.0000000000
   1  s
  21.723600000       1.0000000000
   1  s
  7.4803500000       1.0000000000
   1  s
  4.2844000000       1.0000000000
   1  s
  2.6019900000       1.0000000000
   1  s
  1.3407800000       1.0000000000
   1  s
 0.60387500000       1.0000000000
   1  s
 0.29991500000       1.0000000000
   1  p
  118.06600000       1.0000000000
   1  p
  32.033700000       1.0000000000
   1  p
  13.592500000       1.0000000000
   1  p
  6.2899100000       1.0000000000
   1  p
  3.4907900000       1.0000000000
   1  p
  1.6393200000       1.0000000000
   1  p
 0.88001700000       1.0000000000
   1  p
 0.53300300000       1.0000000000
   1  d
  27.767600000       1.0000000000
   1  d
  8.8807600000       1.0000000000
   1  d
  5.4950200000       1.0000000000
   1  d
  2.9711200000       1.0000000000
   1  d
  1.8197200000       1.0000000000
   1  d
 0.89052800000       1.0000000000
   1  d
 0.36758000000       1.0000000000
   1  f
  18.500300000       1.0000000000
   1  f
  8.6086100000       1.0000000000
   1  f
  4.9438800000       1.0000000000
   1  f
  2.8144900000       1.0000000000
   1  f
  1.5815200000       1.0000000000
   1  f
 0.80946500000       1.0000000000
   1  g
  9.1637000000       1.0000000000
   1  g
  4.9366900000       1.0000000000
   1  g
  2.7148700000       1.0000000000
   1  g
  1.3191900000       1.0000000000
   1  h
  7.1046500000       1.0000000000
   1  h
  4.1728700000       1.0000000000
   1  h
  2.2001000000       1.0000000000
   1  i
  4.2237200000       1.0000000000
*
i cc-pV5Z-PP
# i     (13s12p11d9f7g5h3i1k) / [13s12p11d9f7g5h3i1k]
# {1111111111111/111111111111/11111111111/111111111/1111111/11111/111/1}
*
   1  s
  44.676600000       1.0000000000
   1  s
  29.966100000       1.0000000000
   1  s
  17.193000000       1.0000000000
   1  s
  9.0023500000       1.0000000000
   1  s
  6.1651800000       1.0000000000
   1  s
  3.2433600000       1.0000000000
   1  s
  1.7620900000       1.0000000000
   1  s
  1.0425600000       1.0000000000
   1  s
 0.65101000000       1.0000000000
   1  s
 0.41055100000       1.0000000000
   1  s
 0.29865200000       1.0000000000
   1  s
 0.16628700000       1.0000000000
   1  s
 0.87442000000E-01   1.0000000000
   1  p
  33.255400000       1.0000000000
   1  p
  15.484100000       1.0000000000
   1  p
  9.5286900000       1.0000000000
   1  p
  6.0050200000       1.0000000000
   1  p
  3.0607800000       1.0000000000
   1  p
  1.7494300000       1.0000000000
   1  p
  1.0322700000       1.0000000000
   1  p
 0.65812000000       1.0000000000
   1  p
 0.45150900000       1.0000000000
   1  p
 0.29202100000       1.0000000000
   1  p
 0.15372900000       1.0000000000
   1  p
 0.83132300000E-01   1.0000000000
   1  d
  23.870600000       1.0000000000
   1  d
  13.872700000       1.0000000000
   1  d
  10.310900000       1.0000000000
   1  d
  5.3823800000       1.0000000000
   1  d
  2.8543400000       1.0000000000
   1  d
  1.4041300000       1.0000000000
   1  d
 0.85196500000       1.0000000000
   1  d
 0.59704200000       1.0000000000
   1  d
 0.41608500000       1.0000000000
   1  d
 0.24505500000       1.0000000000
   1  d
 0.10855900000       1.0000000000
   1  f
  11.515900000       1.0000000000
   1  f
  6.1330000000       1.0000000000
   1  f
  2.6468300000       1.0000000000
   1  f
  1.4079000000       1.0000000000
   1  f
 0.81553400000       1.0000000000
   1  f
 0.60131900000       1.0000000000
   1  f
 0.39783400000       1.0000000000
   1  f
 0.22553000000       1.0000000000
   1  g
  5.8146700000       1.0000000000
   1  g
  2.5365500000       1.0000000000
   1  g
  1.3629000000       1.0000000000
   1  g
 0.81932200000       1.0000000000
   1  g
 0.55383900000       1.0000000000
   1  g
 0.31028800000       1.0000000000
   1  h
  1.1597300000       1.0000000000
   1  h
 0.80395900000       1.0000000000
   1  h
 0.47083300000       1.0000000000
   1  i
  1.3739700000       1.0000000000
   1  i
 0.79181400000       1.0000000000
   1  k
  1.5903600000       1.0000000000
   1  f
  17.509300000       1.0000000000
   1  g
  8.8894800000       1.0000000000
   1  h
  5.2280200000       1.0000000000
   1  h
  2.3852300000       1.0000000000
   1  i
  2.7549600000       1.0000000000
*
$end
