$coord
    1.59201920505677     -1.46705936525664     -0.92248676622491  o
   -0.22101325703685      0.35328116470716     -0.00208812458586  c
    1.38428205829524      2.64347320098939      0.54942374574773  c
    3.82103333040951      2.09924565362349      0.28583703379680  c
    4.12482921506263     -0.60597086820511     -0.50720417813762  c
   -2.19158771227293      0.81050553925653     -2.12950646737413  c
    5.68142775605171     -1.00092594702945     -2.88149796186759  c
   -0.91345210022994      2.06169638432631     -4.40100569978760  c
   -4.31799090882143      2.53603157208330     -1.19738281332445  c
   -3.32601142575006     -1.69951142175498     -3.01520765414517  c
   -1.43670272010111     -0.63534662871380      2.44373421312042  c
    0.44238882741715     -1.65537909071719      4.37300095677893  c
   -0.87376462431854     -2.49066088263972      6.79491063528752  c
    0.60387821267854      4.43099218287033      1.14438181363888  h
    5.39687939550998      3.35192990844667      0.61270002783128  h
    4.96349773183859     -1.70756520469521      1.03634277568782  h
    4.95374151461806      0.15268992622005     -4.42084294099311  h
    7.64537675698325     -0.48329370782294     -2.53599726244419  h
    5.61560866514397     -2.97819736123005     -3.44336594472817  h
   -0.19629226709318      3.93500963963780     -3.93669342528441  h
    0.65319574146606      0.91418986903415     -5.07705119912751  h
   -2.27448456455776      2.26372792640075     -5.93502458244733  h
   -3.58775281168066      4.31516807898322     -0.45519917869031  h
   -5.57324198726026      2.98614192120577     -2.76836380860664  h
   -5.44863054062524      1.63697943637056      0.26785690542918  h
   -1.84917640873590     -2.97840323065893     -3.65441344905837  h
   -4.40304292331488     -2.63448731654646     -1.53235049440589  h
   -4.61306958862098     -1.34843705520061     -4.58641190619472  h
   -2.77962654989234     -2.13061605751194      1.98748929407609  h
   -2.51892800998611      0.89873791848228      3.30475990646132  h
    1.45110491165203     -3.24862832306818      3.54469467915055  h
    1.84817988672579     -0.21223999668306      4.81333386563569  h
   -2.27003954260324     -3.95484536327025      6.40379828957108  h
    0.47189662302578     -3.24715819120012      8.15603642456802  h
   -1.85453188903319     -0.91107431043280      7.68379329064632  h
$user-defined bonds
$redundant
     number_of_atoms            35
     degrees_of_freedom         99
     internal_coordinates       99
     frozen_coordinates          0
# definitions of redundant internals
   1 k  1.0000000000000 stre   3   14           val=   2.03917
   2 k  0.7071625602056 bend   4   14    3      val=   1.64390
       -0.7070509977671 bend   2   14    3
   3 k  1.0000000000000 outp  14    2    4    3 val=   1.86501
   4 k  1.0000000000000 stre   4   15           val=   2.03945
   5 k  0.7071213930096 bend   3   15    4      val=   1.81906
       -0.7070921690615 bend   5   15    4
   6 k  1.0000000000000 outp  15    5    3    4 val=  -0.93899
   7 k  1.0000000000000 stre   5   16           val=   2.07350
   8 k  0.2568559892554 bend   1   16    5      val=   4.55710
        0.5786825150845 bend   4   16    5
       -0.7740488017684 bend   7   16    5
   9 k  0.8047794482150 bend   1   16    5      val=   4.75708
       -0.5715382717762 bend   4   16    5
       -0.1602312192609 bend   7   16    5
  10 k  0.4082482904639 tors  17    7    5    1 val=  65.53949
        0.4082482904639 tors  17    7    5    4
        0.4082482904639 tors  19    7    5    1
        0.4082482904639 tors  19    7    5    4
        0.4082482904639 tors  18    7    5    1
        0.4082482904639 tors  18    7    5    4
  11 k  1.0000000000000 stre   7   17           val=   2.05668
  12 k  1.0000000000000 stre   7   19           val=   2.05661
  13 k  1.0000000000000 stre   7   18           val=   2.06020
  14 k  0.4189707535248 bend  19   17    7      val=   0.66127
        0.4184582411631 bend  18   17    7
        0.4027365469407 bend  18   19    7
       -0.4003714679193 bend   5   17    7
       -0.4048161314807 bend   5   19    7
       -0.4037153319123 bend   5   18    7
  15 k -0.3321210271677 bend  19   17    7      val=   0.25678
       -0.3470470437199 bend  18   17    7
        0.6993149350448 bend  18   19    7
       -0.4357826262395 bend   5   17    7
        0.2185848588976 bend   5   19    7
        0.2062201651394 bend   5   18    7
  16 k  0.6342561790976 bend  19   17    7      val=   0.05224
       -0.6258516476452 bend  18   17    7
       -0.0081713073154 bend  18   19    7
        0.0075942633970 bend   5   17    7
        0.3173266311633 bend   5   19    7
       -0.3243581052957 bend   5   18    7
  17 k  0.2231158603355 bend  19   17    7      val=  -0.03269
        0.2058207474964 bend  18   17    7
       -0.4335739756498 bend  18   19    7
       -0.6906729696335 bend   5   17    7
        0.3348778079851 bend   5   19    7
        0.3615223964608 bend   5   18    7
  18 k  0.3147012739553 bend  19   17    7      val=   0.10305
       -0.3268637778941 bend  18   17    7
        0.0115311059402 bend  18   19    7
        0.0145601462051 bend   5   17    7
       -0.6366594773028 bend   5   19    7
        0.6232518949594 bend   5   18    7
  19 k  0.3333333333333 tors  21    8    6    2 val=  56.56728
        0.3333333333333 tors  21    8    6    9
        0.3333333333333 tors  21    8    6   10
        0.3333333333333 tors  20    8    6    2
        0.3333333333333 tors  20    8    6    9
        0.3333333333333 tors  20    8    6   10
        0.3333333333333 tors  22    8    6    2
        0.3333333333333 tors  22    8    6    9
        0.3333333333333 tors  22    8    6   10
  20 k  1.0000000000000 stre   8   21           val=   2.05626
  21 k  1.0000000000000 stre   8   20           val=   2.05893
  22 k  1.0000000000000 stre   8   22           val=   2.06069
  23 k  0.4364806810445 bend  20   21    8      val=   1.07781
        0.4039852973015 bend  22   21    8
        0.4093589864624 bend  22   20    8
       -0.3980370415453 bend   6   21    8
       -0.3977700393288 bend   6   20    8
       -0.4025558647094 bend   6   22    8
  24 k -0.1811730617529 bend  20   21    8      val=   0.50394
        0.6717709408657 bend  22   21    8
       -0.4719814535746 bend  22   20    8
        0.3086092971781 bend   6   21    8
       -0.4292552236981 bend   6   20    8
        0.1167642359981 bend   6   22    8
  25 k -0.6602563597225 bend  20   21    8      val=   0.65880
        0.1851139666868 bend  22   21    8
        0.5113073309963 bend  22   20    8
       -0.3093700086521 bend   6   21    8
       -0.1070409718379 bend   6   20    8
        0.4014867372000 bend   6   22    8
  26 k  0.2542210376581 bend  20   21    8      val=   0.10436
        0.1724059470949 bend  22   21    8
       -0.4305227586759 bend  22   20    8
       -0.6840030443799 bend   6   21    8
        0.2609242925372 bend   6   20    8
        0.4293673910808 bend   6   22    8
  27 k -0.3336419995464 bend  20   21    8      val=   0.64400
        0.4079373636455 bend  22   21    8
       -0.0630761230894 bend  22   20    8
       -0.0883757960172 bend   6   21    8
        0.6339324766576 bend   6   20    8
       -0.5555275509763 bend   6   22    8
  28 k  0.3333333333333 tors  25    9    6    2 val=  54.72718
        0.3333333333333 tors  25    9    6    8
        0.3333333333333 tors  25    9    6   10
        0.3333333333333 tors  24    9    6    2
        0.3333333333333 tors  24    9    6    8
        0.3333333333333 tors  24    9    6   10
        0.3333333333333 tors  23    9    6    2
        0.3333333333333 tors  23    9    6    8
        0.3333333333333 tors  23    9    6   10
  29 k  1.0000000000000 stre   9   25           val=   2.05756
  30 k  1.0000000000000 stre   9   24           val=   2.06064
  31 k  1.0000000000000 stre   9   23           val=   2.06141
  32 k  0.4047751075213 bend  24   25    9      val=   1.34071
        0.4501642791684 bend  23   25    9
        0.4007762058578 bend  23   24    9
       -0.3941585914228 bend   6   25    9
       -0.4034154746351 bend   6   24    9
       -0.3934242322770 bend   6   23    9
  33 k -0.5889403539628 bend  24   25    9      val=   0.06219
        0.0033712214106 bend  23   25    9
        0.5890996727878 bend  23   24    9
       -0.3918604657044 bend   6   25    9
        0.0000541587146 bend   6   24    9
        0.3905698943167 bend   6   23    9
  34 k  0.3697634768832 bend  24   25    9      val=   1.18189
       -0.6752423788343 bend  23   25    9
        0.3704476797682 bend  23   24    9
       -0.2223332930494 bend   6   25    9
        0.4158432279532 bend   6   24    9
       -0.2184800542637 bend   6   23    9
  35 k  0.2941700851590 bend  24   25    9      val=  -0.16194
        0.1416454606821 bend  23   25    9
       -0.4432699041377 bend  23   24    9
       -0.6686518416496 bend   6   25    9
        0.2370088262819 bend   6   24    9
        0.4400498238546 bend   6   23    9
  36 k -0.3347197034948 bend  24   25    9      val=  -0.46146
        0.3943816464541 bend  23   25    9
       -0.0732114078458 bend  23   24    9
       -0.1242168664083 bend   6   25    9
        0.6623530553731 bend   6   24    9
       -0.5224217902533 bend   6   23    9
  37 k  0.3333333333333 tors  26   10    6    2 val=  63.08673
        0.3333333333333 tors  26   10    6    8
        0.3333333333333 tors  26   10    6    9
        0.3333333333333 tors  27   10    6    2
        0.3333333333333 tors  27   10    6    8
        0.3333333333333 tors  27   10    6    9
        0.3333333333333 tors  28   10    6    2
        0.3333333333333 tors  28   10    6    8
        0.3333333333333 tors  28   10    6    9
  38 k  1.0000000000000 stre  10   26           val=   2.05553
  39 k  1.0000000000000 stre  10   27           val=   2.05744
  40 k  1.0000000000000 stre  10   28           val=   2.06118
  41 k  0.4439530999624 bend  27   26   10      val=   1.12781
        0.4091425649476 bend  28   26   10
        0.3975672011889 bend  28   27   10
       -0.3924108943566 bend   6   26   10
       -0.4013110591936 bend   6   27   10
       -0.4030030407825 bend   6   28   10
  42 k -0.1718365569878 bend  27   26   10      val=   0.56196
        0.6611976061336 bend  28   26   10
       -0.4853203527558 bend  28   27   10
        0.3230554029430 bend   6   26   10
       -0.4252364841573 bend   6   27   10
        0.1120857604587 bend   6   28   10
  43 k -0.6592779445620 bend  27   26   10      val=   0.92297
        0.2070722588060 bend  28   26   10
        0.5072440514072 bend  28   27   10
       -0.3049301015065 bend   6   26   10
       -0.1172659344077 bend   6   27   10
        0.3980495918625 bend   6   28   10
  44 k  0.2589234476412 bend  27   26   10      val=   0.42770
        0.1663836616193 bend  28   26   10
       -0.4310163115563 bend  28   27   10
       -0.6791087546494 bend   6   26   10
        0.2471330257617 bend   6   27   10
        0.4441133093215 bend   6   28   10
  45 k -0.3247512487300 bend  27   26   10      val=   1.05703
        0.4138065293688 bend  28   26   10
       -0.0743991130931 bend  28   27   10
       -0.1012910577871 bend   6   26   10
        0.6381927411354 bend   6   27   10
       -0.5479194297024 bend   6   28   10
  46 k  1.0000000000000 stre  11   29           val=   2.06093
  47 k  1.0000000000000 stre  11   30           val=   2.06543
  48 k  0.0035593066889 bend  30   29   11      val=   0.09782
        0.4982853126543 bend  12   29   11
        0.5020399528328 bend  12   30   11
       -0.5054370300857 bend   2   29   11
       -0.4941541995235 bend   2   30   11
  49 k  0.0148710108194 bend  30   29   11      val=   0.17055
       -0.5075129953996 bend  12   29   11
        0.4951273066789 bend  12   30   11
       -0.4971594595257 bend   2   29   11
        0.4998908226030 bend   2   30   11
  50 k  0.9080311701882 bend  30   29   11      val=   3.38259
       -0.2067016205361 bend  12   29   11
       -0.2147671908886 bend  12   30   11
       -0.1962647895598 bend   2   29   11
       -0.2193376851597 bend   2   30   11
  51 k -0.0059986459504 bend  30   29   11      val=   0.59761
       -0.4942583080062 bend  12   29   11
        0.5030472339049 bend  12   30   11
        0.5018969491762 bend   2   29   11
       -0.5007151626243 bend   2   30   11
  52 k  1.0000000000000 stre  12   31           val=   2.05962
  53 k  1.0000000000000 stre  12   32           val=   2.06223
  54 k  0.0056439617004 bend  32   31   12      val=   0.08855
        0.4947508557789 bend  11   31   12
        0.5044051888029 bend  11   32   12
       -0.5018620310056 bend  13   31   12
       -0.4988984302902 bend  13   32   12
  55 k  0.0049517127758 bend  32   31   12      val=   0.25997
        0.5018826583942 bend  11   31   12
       -0.4938424065116 bend  11   32   12
        0.4998468844420 bend  13   31   12
       -0.5043431841398 bend  13   32   12
  56 k  0.9014830898645 bend  32   31   12      val=   0.97872
       -0.2235152359252 bend  11   31   12
       -0.2146940151093 bend  11   32   12
       -0.2129029432437 bend  13   31   12
       -0.2143548334704 bend  13   32   12
  57 k -0.0039898955321 bend  32   31   12      val=   0.46694
       -0.5019399211205 bend  11   31   12
        0.5022293635124 bend  11   32   12
        0.5013775568741 bend  13   31   12
       -0.4943951943619 bend  13   32   12
  58 k  0.5773502691896 tors  34   13   12   11 val=  59.08515
        0.5773502691896 tors  33   13   12   11
        0.5773502691896 tors  35   13   12   11
  59 k  1.0000000000000 stre  13   34           val=   2.05810
  60 k  1.0000000000000 stre  13   33           val=   2.06068
  61 k  1.0000000000000 stre  13   35           val=   2.06085
  62 k  0.4214724667584 bend  33   34   13      val=   1.35895
        0.4230161166477 bend  35   34   13
        0.4129634455105 bend  35   33   13
       -0.3962535098665 bend  12   34   13
       -0.3975308274234 bend  12   33   13
       -0.3972806497421 bend  12   35   13
  63 k -0.3339904843210 bend  33   34   13      val=   0.18395
       -0.3436958410971 bend  35   34   13
        0.6895650363996 bend  35   33   13
       -0.4449151737040 bend  12   34   13
        0.2232648526184 bend  12   33   13
        0.2168568181177 bend  12   35   13
  64 k  0.6441348817182 bend  33   34   13      val=   0.05182
       -0.6367486947824 bend  35   34   13
       -0.0055244781568 bend  35   33   13
        0.0025566391459 bend  12   34   13
        0.2981067759745 bend  12   33   13
       -0.3012252441317 bend  12   35   13
  65 k  0.2149722568060 bend  33   34   13      val=  -0.06120
        0.2257325776998 bend  35   34   13
       -0.4445680054699 bend  35   33   13
       -0.6841331568613 bend  12   34   13
        0.3536154184797 bend  12   33   13
        0.3348267913081 bend  12   35   13
  66 k -0.3026945875667 bend  33   34   13      val=  -0.02501
        0.2965753845152 bend  35   34   13
        0.0058598591233 bend  35   33   13
        0.0111185075044 bend  12   34   13
        0.6350228700849 bend  12   33   13
       -0.6457608096412 bend  12   35   13
  67 k  1.0000000000000 stre   5    7           val=   2.86640
  68 k  0.7086798437357 bend   1    7    5      val=  -2.35652
       -0.7055302113182 bend   4    7    5
  69 k  0.7055302113182 bend   1    7    5      val= 112.31730
        0.7086798437357 bend   4    7    5
  70 k  0.3333333333333 tors   8    6    2    1 val=  51.83333
        0.3333333333333 tors   8    6    2    3
        0.3333333333333 tors   8    6    2   11
        0.3333333333333 tors   9    6    2    1
        0.3333333333333 tors   9    6    2    3
        0.3333333333333 tors   9    6    2   11
        0.3333333333333 tors  10    6    2    1
        0.3333333333333 tors  10    6    2    3
        0.3333333333333 tors  10    6    2   11
  71 k  1.0000000000000 stre   6    8           val=   2.89116
  72 k  1.0000000000000 stre   6    9           val=   2.89273
  73 k  1.0000000000000 stre   6   10           val=   2.89337
  74 k  0.4252614727162 bend   9    8    6      val=   0.78285
        0.3327402856474 bend  10    8    6
        0.4731948692931 bend  10    9    6
       -0.4522105954444 bend   2    8    6
       -0.3285382817962 bend   2    9    6
       -0.4148389718523 bend   2   10    6
  75 k -0.4004162018870 bend   9    8    6      val=   0.40522
        0.5655412580821 bend  10    8    6
       -0.0320131801824 bend  10    9    6
        0.0430572894896 bend   2    8    6
       -0.5827163798695 bend   2    9    6
        0.4211802433893 bend   2   10    6
  76 k  0.3951082030505 bend   9    8    6      val=   0.45708
        0.2474309723909 bend  10    8    6
       -0.5266910051156 bend  10    9    6
        0.5400637150852 bend   2    8    6
       -0.2455284634531 bend   2    9    6
       -0.3915494402973 bend   2   10    6
  77 k  0.1345828311102 bend   9    8    6      val=   0.16930
       -0.5662973845069 bend  10    8    6
        0.4199363245122 bend  10    9    6
        0.4205852622701 bend   2    8    6
       -0.5391838882649 bend   2    9    6
        0.1312897140793 bend   2   10    6
  78 k  0.5688774977661 bend   9    8    6      val=   0.10531
       -0.1695781944315 bend  10    8    6
       -0.3959133688052 bend  10    9    6
       -0.3957358733641 bend   2    8    6
       -0.1617861054469 bend   2    9    6
        0.5550609043404 bend   2   10    6
  79 k  1.0000000000000 tors  13   12   11    2 val= 177.38572
  80 k  1.0000000000000 stre  12   13           val=   2.88021
  81 k  1.0000000000000 bend  11   13   12      val= 111.58455
  82 k  1.0000000000000 stre   2    6           val=   2.93566
  83 k  0.3300927149327 bend   1    6    2      val=   4.25738
        0.5262504353671 bend   3    6    2
       -0.7836448677968 bend  11    6    2
  84 k  0.7728629990584 bend   1    6    2      val=   1.04165
       -0.6273127443110 bend   3    6    2
       -0.0957157537261 bend  11    6    2
  85 k  0.7071067811865 tors  12   11    2    1 val=  -9.05385
        0.7071067811865 tors  12   11    2    3
  86 k  1.0000000000000 stre  11   12           val=   2.87985
  87 k  1.0000000000000 bend   2   12   11      val= 114.30239
  88 k  1.0000000000000 stre   2   11           val=   2.90471
  89 k  0.8545724348806 bend   1   11    2      val=  26.47773
       -0.5193322188564 bend   3   11    2
  90 k  0.5193322188564 bend   1   11    2      val= 109.99773
        0.8545724348806 bend   3   11    2
  91 k  1.0000000000000 stre   1    5           val=   2.70722
  92 k  1.0000000000000 stre   5    4           val=   2.83538
  93 k  1.0000000000000 stre   4    3           val=   2.51066
  94 k  1.0000000000000 stre   3    2           val=   2.85063
  95 k  1.0000000000000 stre   2    1           val=   2.72908
  96 k -0.5116672736017 bend   1    4    5      val=   3.50081
        0.1954395075848 bend   5    3    4
        0.1954395075848 bend   4    2    3
       -0.5116672736017 bend   3    1    2
        0.6324555320337 bend   2    5    1
  97 k  0.3717480344602 bend   1    4    5      val=   0.44038
       -0.6015009550075 bend   5    3    4
        0.6015009550075 bend   4    2    3
       -0.3717480344602 bend   3    1    2
  98 k -0.5116672736017 tors   4    3    2    1 val=   0.56823
        0.1954395075848 tors   3    2    1    5
        0.1954395075848 tors   2    1    5    4
       -0.5116672736017 tors   1    5    4    3
        0.6324555320337 tors   5    4    3    2
  99 k  0.3717480344602 tors   4    3    2    1 val=  -9.05139
       -0.6015009550075 tors   3    2    1    5
        0.6015009550075 tors   2    1    5    4
       -0.3717480344602 tors   1    5    4    3
        99 non zero eigenvalues  of BmBt
           1           6.033247186    1    0
         1
           2           5.954887953    2    0
         2
           3           5.016128988    3    0
         3
           4           4.371319148    4    0
         4
           5           4.296091278    5    0
         5
           6           4.192661919    6    0
         6
           7           4.108974151    7    0
         7
           8           4.028192559    8    0
         8
           9           3.945612665    9    0
         9
          10           3.925433452   10    0
        10
          11           3.768980799   11    0
        11
          12           3.668903760   12    0
        12
          13           3.510894978   13    0
        13
          14           3.441565972   14    0
        14
          15           3.421690775   15    0
        15
          16           3.363145449   16    0
        16
          17           3.289314050   17    0
        17
          18           3.252854383   18    0
        18
          19           3.234497026   19    0
        19
          20           3.172671110   20    0
        20
          21           3.136966137   21    0
        21
          22           3.073051395   22    0
        22
          23           3.006541737   23    0
        23
          24           2.784356083   24    0
        24
          25           2.625867593   25    0
        25
          26           2.552139626   26    0
        26
          27           2.327224288   27    0
        27
          28           2.206052515   28    0
        28
          29           2.149463765   29    0
        29
          30           1.950998662   30    0
        30
          31           1.785550835   31    0
        31
          32           1.748716831   32    0
        32
          33           1.658985694   33    0
        33
          34           1.462806406   34    0
        34
          35           1.421452565   35    0
        35
          36           1.068669714   36    0
        36
          37           0.949787503   37    0
        37
          38           0.900049828   38    0
        38
          39           0.890838904   39    0
        39
          40           0.881703232   40    0
        40
          41           0.865668992   41    0
        41
          42           0.863457356   42    0
        42
          43           0.857687779   43    0
        43
          44           0.835721787   44    0
        44
          45           0.811751251   45    0
        45
          46           0.790257016   46    0
        46
          47           0.769931538   47    0
        47
          48           0.768277914   48    0
        48
          49           0.734649979   49    0
        49
          50           0.701975982   50    0
        50
          51           0.701103110   51    0
        51
          52           0.698945805   52    0
        52
          53           0.697519780   53    0
        53
          54           0.696858873   54    0
        54
          55           0.693395269   55    0
        55
          56           0.691837444   56    0
        56
          57           0.686663764   57    0
        57
          58           0.673720931   58    0
        58
          59           0.650350729   59    0
        59
          60           0.593734106   60    0
        60
          61           0.503376780   61    0
        61
          62           0.449504170   62    0
        62
          63           0.441344511   63    0
        63
          64           0.427081050   64    0
        64
          65           0.403370487   65    0
        65
          66           0.374367654   66    0
        66
          67           0.371178174   67    0
        67
          68           0.368670595   68    0
        68
          69           0.363080580   69    0
        69
          70           0.347456519   70    0
        70
          71           0.325498364   71    0
        71
          72           0.315648485   72    0
        72
          73           0.311281419   73    0
        73
          74           0.309596464   74    0
        74
          75           0.302135990   75    0
        75
          76           0.286975490   76    0
        76
          77           0.263345759   77    0
        77
          78           0.258867993   78    0
        78
          79           0.254879824   79    0
        79
          80           0.218589692   80    0
        80
          81           0.174122683   81    0
        81
          82           0.154051642   82    0
        82
          83           0.134527360   83    0
        83
          84           0.108464886   84    0
        84
          85           0.104196097   85    0
        85
          86           0.084128343   86    0
        86
          87           0.076149159   87    0
        87
          88           0.065914313   88    0
        88
          89           0.052194150   89    0
        89
          90           0.046936156   90    0
        90
          91           0.040573000   91    0
        91
          92           0.036258739   92    0
        92
          93           0.030342771   93    0
        93
          94           0.028936707   94    0
        94
          95           0.023145710   95    0
        95
          96           0.014386577   96    0
        96
          97           0.009529293   97    0
        97
          98           0.006338849   98    0
        98
          99           0.003133203   99    0
        99
$end
