$energy      SCF               SCFKIN            SCFPOT            RIRPA
     1 -542.1910020588      0.00000000      0.00000000     -4.613281148955
     2 -542.1913085382      0.00000000      0.00000000     -4.613019436551
     3 -542.1914545551      0.00000000      0.00000000     -4.612868118486
     4 -542.1914420027      0.00000000      0.00000000     -4.612888137821
     5 -542.1914421300      0.00000000      0.00000000     -4.612888261795
     6 -542.1914402430      0.00000000      0.00000000     -4.612890302350
     7 -542.1914341355      0.00000000      0.00000000     -4.612896667942
     8 -542.1914523064      0.00000000      0.00000000     -4.612878371871
     9 -542.1914547922      0.00000000      0.00000000     -4.612876029329
    10 -542.1914456920      0.00000000      0.00000000     -4.612884948667
    11 -542.1914438718      0.00000000      0.00000000     -4.612886926490
    12 -542.1914454518      0.00000000      0.00000000     -4.612885271524
    13 -542.1914457833      0.00000000      0.00000000     -4.612885070581
$end
