$coord
   -0.00000022827926      0.00000488923362      1.05233843874494  c
    4.43089663442448     -1.76574103003299      0.96325356933116  c
    3.38724858851899      2.46580656125440     -1.00698119708581  c
   -2.44414139965263      0.23046554171438     -0.45946755551543  c
   -3.38724250117356     -2.46580660778837     -1.00698065115016  c
   -4.43090222326698      1.76573731641140      0.96325460200948  c
    2.44414016974145     -0.23046314584622     -0.45946862532571  c
    3.75527129298811     -3.68584848288822      1.35825614371401  h
    6.17425409985816     -1.90322212624085     -0.15211932858117  h
    4.87334599255986     -0.86676765914821      2.77551073736386  h
    5.11010868036745      2.40938447485415     -2.15888772874246  h
    1.97146565739139      3.58909711195710     -2.02629054814152  h
    3.82553650105903      3.43624895678661      0.77396039847508  h
   -1.99685514609271      1.15057782297953     -2.27176336888360  h
   -3.82552840389916     -3.43625048540049      0.77396065683035  h
   -5.11010279186008     -2.40938857917782     -2.15888703813037  h
   -1.97145704701347     -3.58909364320061     -2.02629014032572  h
   -4.87335012953684      0.86676199346128      2.77551114407338  h
   -3.75528198287345      3.68584609990356      1.35825889112527  h
   -6.17425956145579      1.90321441282254     -0.15211889172288  h
    1.99685231036459     -1.15057420791646     -2.27176454378109  h
    0.00000148783045      0.00001078626161      3.35671503571858  o
$user-defined bonds
$redundant
     number_of_atoms            22
     degrees_of_freedom         60
     internal_coordinates       60
     frozen_coordinates          0
# definitions of redundant internals
   1 k  0.4082482904639 tors  10    2    7    1 val=  60.10956
        0.4082482904639 tors  10    2    7    3
        0.4082482904639 tors   8    2    7    1
        0.4082482904639 tors   8    2    7    3
        0.4082482904639 tors   9    2    7    1
        0.4082482904639 tors   9    2    7    3
   2 k  1.0000000000000 stre   2   10           val=   2.07079
   3 k  1.0000000000000 stre   2    8           val=   2.07348
   4 k  1.0000000000000 stre   2    9           val=   2.07419
   5 k  0.4065805282870 bend   8   10    2      val=   1.06285
        0.4201800187348 bend   9   10    2
        0.4229504601365 bend   9    8    2
       -0.4023814810223 bend   7   10    2
       -0.4017282153931 bend   7    8    2
       -0.3949145715614 bend   7    9    2
   6 k  0.3550573566929 bend   8   10    2      val=   0.19622
        0.3455564024493 bend   9   10    2
       -0.6867146115938 bend   9    8    2
        0.4320470724095 bend   7   10    2
       -0.2154654058977 bend   7    8    2
       -0.2232892171418 bend   7    9    2
   7 k -0.6228848276996 bend   8   10    2      val=   0.16708
        0.6197600088165 bend   9   10    2
       -0.0098881587300 bend   9    8    2
        0.0088007121632 bend   7   10    2
       -0.3352606927533 bend   7    8    2
        0.3396131071828 bend   7    9    2
   8 k -0.2310879512924 bend   8   10    2      val=  -0.07848
       -0.2038330888956 bend   9   10    2
        0.4335034941938 bend   9    8    2
        0.6913917948644 bend   7   10    2
       -0.3182015262923 bend   7    8    2
       -0.3712820030920 bend   7    9    2
   9 k -0.3278854250038 bend   8   10    2      val=   0.71378
        0.3465125528261 bend   9   10    2
       -0.0164485525619 bend   9    8    2
       -0.0288663770059 bend   7   10    2
        0.6367684822951 bend   7    8    2
       -0.6048489697080 bend   7    9    2
  10 k  0.4082482904639 tors  11    3    7    1 val=  61.30388
        0.4082482904639 tors  11    3    7    2
        0.4082482904639 tors  13    3    7    1
        0.4082482904639 tors  13    3    7    2
        0.4082482904639 tors  12    3    7    1
        0.4082482904639 tors  12    3    7    2
  11 k  1.0000000000000 stre   3   11           val=   2.07324
  12 k  1.0000000000000 stre   3   13           val=   2.07500
  13 k  1.0000000000000 stre   3   12           val=   2.07490
  14 k  0.4075729681577 bend  13   11    3      val=   1.10987
        0.4215122502337 bend  12   11    3
        0.4221014776167 bend  12   13    3
       -0.4005320392131 bend   7   11    3
       -0.3981257055105 bend   7   13    3
       -0.3988885173824 bend   7   12    3
  15 k  0.5154482330502 bend  13   11    3      val=   0.55748
       -0.6567058384381 bend  12   11    3
        0.1568981518030 bend  12   13    3
       -0.0960722975181 bend   7   11    3
        0.4117287197877 bend   7   13    3
       -0.3157263145813 bend   7   12    3
  16 k  0.4894030927712 bend  13   11    3      val=   0.35715
        0.2158437427013 bend  12   11    3
       -0.6904672713500 bend  12   13    3
        0.3869022864801 bend   7   11    3
       -0.1217054404079 bend   7   13    3
       -0.2695281900075 bend   7   12    3
  17 k  0.2342831318002 bend  13   11    3      val=   0.59997
       -0.4266989389127 bend  12   11    3
        0.1991106120666 bend  12   13    3
        0.3302228178596 bend   7   11    3
       -0.6953821003925 bend   7   13    3
        0.3616504097407 bend   7   12    3
  18 k  0.3448146977948 bend  13   11    3      val=   0.53753
        0.0071153478861 bend  12   11    3
       -0.3464482265700 bend  12   13    3
       -0.6312971316695 bend   7   11    3
        0.0256541966404 bend   7   13    3
        0.6015244101915 bend   7   12    3
  19 k  1.0000000000000 stre   4   14           val=   2.08113
  20 k  0.4505110254113 bend   1   14    4      val=   2.13413
       -0.8003529560176 bend   6   14    4
        0.3955691618122 bend   5   14    4
  21 k -0.6897719621135 bend   1   14    4      val=   0.34933
       -0.0307433768549 bend   6   14    4
        0.7233736828650 bend   5   14    4
  22 k  0.4082482904639 tors  16    5    4    1 val=  61.30389
        0.4082482904639 tors  16    5    4    6
        0.4082482904639 tors  15    5    4    1
        0.4082482904639 tors  15    5    4    6
        0.4082482904639 tors  17    5    4    1
        0.4082482904639 tors  17    5    4    6
  23 k  1.0000000000000 stre   5   16           val=   2.07324
  24 k  1.0000000000000 stre   5   15           val=   2.07500
  25 k  1.0000000000000 stre   5   17           val=   2.07490
  26 k  0.4075728981817 bend  15   16    5      val=   1.10987
        0.4215122847938 bend  17   16    5
        0.4221016503012 bend  17   15    5
       -0.4005320646743 bend   4   16    5
       -0.3981253884885 bend   4   15    5
       -0.3988886604773 bend   4   17    5
  27 k  0.5154444907876 bend  15   16    5      val=   0.55747
       -0.6567075463886 bend  17   16    5
        0.1569033338487 bend  17   15    5
       -0.0960750620156 bend   4   16    5
        0.4117296487923 bend   4   15    5
       -0.3157242436434 bend   4   17    5
  28 k  0.4894069087176 bend  15   16    5      val=   0.35715
        0.2158388979980 bend  17   16    5
       -0.6904659230641 bend  17   15    5
        0.3869016885461 bend   4   16    5
       -0.1217023684698 bend   4   15    5
       -0.2695308401775 bend   4   17    5
  29 k  0.2342833934047 bend  15   16    5      val=   0.59997
       -0.4266987556367 bend  17   16    5
        0.1991105199960 bend  17   15    5
        0.3302224555273 bend   4   16    5
       -0.6953822360661 bend   4   15    5
        0.3616505771721 bend   4   17    5
  30 k  0.3448148381352 bend  15   16    5      val=   0.53753
        0.0071156010120 bend  17   16    5
       -0.3464484802414 bend  17   15    5
       -0.6312972369155 bend   4   16    5
        0.0256544302148 bend   4   15    5
        0.6015240602301 bend   4   17    5
  31 k  0.4082482904639 tors  18    6    4    1 val=  60.10951
        0.4082482904639 tors  18    6    4    5
        0.4082482904639 tors  19    6    4    1
        0.4082482904639 tors  19    6    4    5
        0.4082482904639 tors  20    6    4    1
        0.4082482904639 tors  20    6    4    5
  32 k  1.0000000000000 stre   6   18           val=   2.07079
  33 k  1.0000000000000 stre   6   19           val=   2.07348
  34 k  1.0000000000000 stre   6   20           val=   2.07419
  35 k  0.4065798320178 bend  19   18    6      val=   1.06285
        0.4201804420417 bend  20   18    6
        0.4229506441070 bend  20   19    6
       -0.4023815035836 bend   4   18    6
       -0.4017281664148 bend   4   19    6
       -0.3949146678134 bend   4   20    6
  36 k  0.3550575513602 bend  19   18    6      val=   0.19622
        0.3455565571849 bend  20   18    6
       -0.6867146112801 bend  20   19    6
        0.4320468086442 bend   4   18    6
       -0.2154649474166 bend   4   19    6
       -0.2232896218776 bend   4   20    6
  37 k -0.6228849088862 bend  19   18    6      val=   0.16706
        0.6197598977298 bend  20   18    6
       -0.0098890375556 bend  20   19    6
        0.0088005428238 bend   4   18    6
       -0.3352603784577 bend   4   19    6
        0.3396134500671 bend   4   20    6
  38 k -0.2310900455530 bend  19   18    6      val=  -0.07846
       -0.2038308300217 bend  20   18    6
        0.4335031715684 bend  20   19    6
        0.6913918365693 bend   4   18    6
       -0.3181984224343 bend   4   19    6
       -0.3712848988374 bend   4   20    6
  39 k -0.3278845754788 bend  19   18    6      val=   0.71379
        0.3465132589923 bend  20   18    6
       -0.0164506109859 bend  20   19    6
       -0.0288699922417 bend   4   18    6
        0.6367704640685 bend   4   19    6
       -0.6048467107803 bend   4   20    6
  40 k  1.0000000000000 stre   7   21           val=   2.08113
  41 k  0.4505123431161 bend   1   21    7      val=   2.13415
       -0.8003528830507 bend   2   21    7
        0.3955678087162 bend   3   21    7
  42 k -0.6897710447483 bend   1   21    7      val=   0.34933
       -0.0307448198496 bend   2   21    7
        0.7233744962875 bend   3   21    7
  43 k  1.0000000000000 stre   1   22           val=   2.30438
  44 k  0.7071067811865 bend   7   22    1      val=  -0.00002
       -0.7071067811865 bend   4   22    1
  45 k  1.0000000000000 outp  22    4    7    1 val=  -0.00001
  46 k  0.7071067811865 tors   2    7    1    4 val= 148.90056
        0.7071067811865 tors   3    7    1    4
  47 k  1.0000000000000 stre   7    2           val=   2.88590
  48 k  1.0000000000000 stre   7    3           val=   2.90845
  49 k -0.7571447088010 bend   3    2    7      val=   1.54420
        0.6370012228085 bend   1    2    7
        0.1447802889731 bend   1    3    7
  50 k  0.3823844746064 bend   3    2    7      val=  21.60107
        0.6118728338498 bend   1    2    7
       -0.6923826606557 bend   1    3    7
  51 k  0.5296357271887 bend   3    2    7      val= 109.75941
        0.4688721332487 bend   1    2    7
        0.7068556565157 bend   1    3    7
  52 k  0.7071067811865 tors   6    4    1    7 val= 148.90023
        0.7071067811865 tors   5    4    1    7
  53 k  1.0000000000000 stre   4    6           val=   2.88590
  54 k  1.0000000000000 stre   4    5           val=   2.90845
  55 k -0.7571291592482 bend   5    6    4      val=   1.54483
        0.6370276842889 bend   1    6    4
        0.1447451749300 bend   1    5    4
  56 k  0.3824172649811 bend   5    6    4      val=  21.60036
        0.6118411396441 bend   1    6    4
       -0.6923925586568 bend   1    5    4
  57 k  0.5296342810472 bend   5    6    4      val= 109.75943
        0.4688775418896 bend   1    6    4
        0.7068531523953 bend   1    5    4
  58 k  1.0000000000000 stre   1    7           val=   2.88314
  59 k  1.0000000000000 stre   1    4           val=   2.88314
  60 k  1.0000000000000 bend   4    7    1      val= 116.74951
        60 non zero eigenvalues  of BmBt
           1           5.301113856    1    0
         1
           2           4.704472259    2    0
         2
           3           4.462985133    3    0
         3
           4           4.418955356    4    0
         4
           5           3.687619289    5    0
         5
           6           3.609406684    6    0
         6
           7           3.416987592    7    0
         7
           8           3.323352970    8    0
         8
           9           3.275642603    9    0
         9
          10           3.245918815   10    0
        10
          11           3.195931665   11    0
        11
          12           3.158030630   12    0
        12
          13           3.121911410   13    0
        13
          14           3.039882149   14    0
        14
          15           2.946566991   15    0
        15
          16           2.317916249   16    0
        16
          17           2.244218024   17    0
        17
          18           2.196989528   18    0
        18
          19           1.902502849   19    0
        19
          20           1.349770871   20    0
        20
          21           1.214475013   21    0
        21
          22           0.884009191   22    0
        22
          23           0.878523373   23    0
        23
          24           0.871683965   24    0
        24
          25           0.858821969   25    0
        25
          26           0.710219832   26    0
        26
          27           0.702311971   27    0
        27
          28           0.699544346   28    0
        28
          29           0.697348712   29    0
        29
          30           0.691337718   30    0
        30
          31           0.690580869   31    0
        31
          32           0.687031002   32    0
        32
          33           0.686528890   33    0
        33
          34           0.638471737   34    0
        34
          35           0.554287246   35    0
        35
          36           0.553939536   36    0
        36
          37           0.523109425   37    0
        37
          38           0.515946234   38    0
        38
          39           0.453069399   39    0
        39
          40           0.403052475   40    0
        40
          41           0.382283934   41    0
        41
          42           0.373866272   42    0
        42
          43           0.350008276   43    0
        43
          44           0.340733304   44    0
        44
          45           0.329569545   45    0
        45
          46           0.309642917   46    0
        46
          47           0.280172370   47    0
        47
          48           0.275778320   48    0
        48
          49           0.268577669   49    0
        49
          50           0.240582742   50    0
        50
          51           0.230641372   51    0
        51
          52           0.103410473   52    0
        52
          53           0.078384070   53    0
        53
          54           0.071191988   54    0
        54
          55           0.068846066   55    0
        55
          56           0.054042586   56    0
        56
          57           0.030219496   57    0
        57
          58           0.020215871   58    0
        58
          59           0.018173396   59    0
        59
          60           0.012992322   60    0
        60
$end
