$hessapprox internal
  0.742389402384D-02 -0.290622592801D-04  0.419306682686D+00 -0.154255131148D-05
 -0.318081613712D-02  0.416119278573D+00 -0.265832292963D-04 -0.349781955682D-02
 -0.352874631714D-02  0.415255424763D+00  0.241409867731D-03  0.396641980610D-02
  0.142769906286D-02  0.202088054834D-02  0.295722636810D+00  0.804779290146D-04
  0.120870686733D-02  0.149209399941D-03  0.273945195794D-03 -0.920126135267D-02
  0.317566983989D+00  0.705729514683D-05  0.256109042126D-04 -0.170079272658D-04
  0.468294211797D-04 -0.146953537909D-02 -0.503301258895D-03  0.319126353791D+00
 -0.101254980958D-05  0.356351608839D-03 -0.359512653404D-03 -0.369850810303D-03
 -0.174840832123D-02 -0.400057295335D-03 -0.152909548736D-03  0.331070297690D+00
 -0.492581017684D-04 -0.245039381135D-03 -0.718854570654D-05 -0.823018169873D-04
  0.425420969532D-02  0.138855192581D-02  0.199696301486D-03  0.401119980945D-03
  0.331383492726D+00 -0.579044892675D-05 -0.797008752068D-04 -0.349686143577D-04
 -0.673546113530D-04  0.957511837371D-03  0.316917616772D-03  0.402921149934D-04
  0.850896675111D-04 -0.133845275269D-03  0.684931426691D-02 -0.304296634222D-04
 -0.343925717598D-02 -0.350467723799D-02 -0.369003138839D-02  0.325723809714D-02
  0.723620531680D-03  0.769558498359D-04 -0.193338934192D-03 -0.233275205682D-03
 -0.957472555847D-04  0.415983182784D+00 -0.506871036225D-04 -0.269853177288D-02
 -0.312692592403D-02 -0.333337218775D-02  0.374979033610D-02  0.106926823946D-02
  0.653206645560D-04  0.267080538749D-03 -0.224051295022D-03 -0.916303440965D-04
 -0.334015655822D-02  0.415820222851D+00  0.223853542126D-04 -0.321879194424D-02
 -0.321724783285D-02 -0.346354609193D-02  0.184752558130D-02  0.268922462144D-03
 -0.153369233376D-05 -0.463694122982D-03 -0.139991254651D-03 -0.469667050265D-04
 -0.345258266624D-02 -0.322859925433D-02  0.415403370205D+00  0.344860459245D-03
  0.476963673459D-02  0.181978303708D-02  0.244613336232D-02 -0.364936218178D-01
 -0.114850944687D-01 -0.184531034588D-02 -0.243126499151D-02  0.519291419480D-02
  0.119378500952D-02  0.400125630533D-02  0.439208407674D-02  0.254511150296D-02
  0.278610604282D+00  0.812637835901D-04  0.934568393477D-03  0.131117389200D-03
  0.179935874546D-03 -0.714568384392D-02 -0.217731287908D-02 -0.401200380759D-03
 -0.350301023151D-03  0.103820553437D-02  0.250868075860D-03  0.540921882504D-03
  0.771938850679D-03  0.291402663461D-03 -0.881178594488D-02  0.317760782394D+00
  0.393652052951D-04 -0.298788013613D-03 -0.114385785303D-03 -0.204319761151D-03
  0.230646254386D-03  0.354727993760D-04  0.519942248838D-05 -0.192362484474D-03
 -0.139797698136D-03 -0.489203113602D-05 -0.215738254398D-03 -0.376858374782D-03
  0.561708046108D-04  0.556817729341D-03  0.133532732767D-03  0.318726450290D+00
 -0.514329479975D-04 -0.105658563536D-02 -0.510304001895D-04 -0.593486581891D-04
  0.568370875536D-02  0.161692198077D-02  0.366149556514D-03 -0.170097019872D-04
 -0.934517127052D-03 -0.218441504639D-03 -0.424957041821D-03 -0.863889260207D-03
 -0.821981909817D-04  0.716999603002D-02  0.124794163483D-02  0.480374169500D-04
  0.328126121543D+00 -0.285897173694D-04  0.294420147044D-03  0.271129409198D-03
  0.310369386414D-03  0.421789935096D-03  0.160028320850D-03  0.232071841970D-04
  0.139056798685D-03  0.354928004372D-05 -0.161401412303D-04  0.299732335500D-03
  0.333146418089D-03  0.165103012039D-03  0.396482099161D-03  0.558651745275D-04
 -0.154429609218D-03 -0.137496189880D-03  0.329785495847D+00 -0.701496650602D-05
 -0.789576202906D-03 -0.227160416123D-02 -0.265512011242D-02  0.110432063766D-02
  0.632539625318D-03 -0.221913195209D-03  0.807100286627D-03  0.305519727267D-03
  0.578811873267D-04 -0.229807163621D-02 -0.114863107481D-02 -0.239250959879D-02
  0.107241258344D-02  0.474465051581D-03 -0.423108497322D-03 -0.110033625564D-02
  0.393025331205D-03  0.415174226427D+00  0.137940931501D-03  0.139899823105D-02
  0.520711298087D-03  0.560793661515D-03 -0.103752130090D-01 -0.322598254859D-02
 -0.571901730997D-03 -0.751698148849D-03  0.143345478405D-02  0.355704709122D-03
  0.106691634384D-02  0.113831638925D-02  0.872863095972D-03 -0.125537654019D-01
 -0.237791986719D-02  0.351670914055D-03  0.196765256598D-02  0.181386127326D-04
  0.469646069407D-03  0.332997930811D+00 -0.386073748951D-04 -0.828168041921D-03
 -0.241658825219D-04 -0.393341670312D-03  0.102535918411D-01  0.332697536076D-02
  0.452103269349D-03  0.656176168333D-03 -0.153497175259D-02 -0.310944542643D-03
 -0.731430571611D-03 -0.973441621742D-03 -0.237637410593D-04  0.130320926680D-01
  0.269081473387D-02  0.139695683361D-03 -0.216384982329D-02 -0.274273928342D-03
  0.313421529487D-03  0.400685316083D-02  0.332226693635D+00 -0.578593058317D-05
 -0.797983244794D-04 -0.350327614486D-04 -0.673465077511D-04  0.955790946272D-03
  0.316271199924D-03  0.402219837582D-04  0.848044568032D-04 -0.133575418844D-03
 -0.280283139829D-04 -0.956897439692D-04 -0.916772961877D-04 -0.469855330406D-04
  0.119168763268D-02  0.250331191371D-03 -0.491076048555D-05 -0.217943530401D-03
 -0.160407404682D-04  0.574859043435D-04  0.355056670811D-03 -0.310365962538D-03
  0.684939090067D-02 -0.300532801648D-04 -0.340612806642D-02 -0.349594426278D-02
 -0.368432682209D-02  0.321925646696D-02  0.720449744333D-03  0.720532726476D-04
 -0.177919721500D-03 -0.224012352170D-03 -0.931762773075D-04 -0.373125870317D-02
 -0.331359944062D-02 -0.344676112081D-02  0.394862022327D-02  0.538639647576D-03
 -0.219432423550D-03 -0.434523847819D-03  0.301411208098D-03 -0.224628915880D-02
  0.105482908515D-02 -0.713648434882D-03 -0.931286227729D-04  0.416008028554D+00
 -0.509118970674D-04 -0.271121198197D-02 -0.313202407656D-02 -0.333681594391D-02
  0.374114918939D-02  0.106205954091D-02  0.656658450430D-04  0.258422286562D-03
 -0.222483399004D-03 -0.918906590954D-04 -0.334440749338D-02 -0.267650598525D-02
 -0.323235089560D-02  0.438366587615D-02  0.765217143925D-03 -0.377318882989D-03
 -0.854957248732D-03  0.335685623229D-03 -0.116864243673D-02  0.113418409247D-02
 -0.971258737914D-03 -0.919315567280D-04 -0.331819335875D-02  0.415799681809D+00
  0.224911905487D-04 -0.320344884173D-02 -0.321396438303D-02 -0.346211858678D-02
  0.183763779871D-02  0.270302378621D-03 -0.367662316850D-05 -0.455111766495D-03
 -0.136390627108D-03 -0.459339687300D-04 -0.344809181188D-02 -0.321668968653D-02
 -0.297282927955D-02  0.253005389583D-02  0.292503558630D-03  0.540043594736D-04
 -0.891628512388D-04  0.166104648944D-03 -0.236598506404D-02  0.870093205285D-03
 -0.176671350705D-04 -0.459570695655D-04 -0.344190045377D-02 -0.322060732738D-02
  0.415407199995D+00  0.344702143191D-03  0.476230062526D-02  0.181697741797D-02
  0.244285489945D-02 -0.364585789983D-01 -0.114744707763D-01 -0.184317968830D-02
 -0.243023980166D-02  0.518681294799D-02  0.119255372537D-02  0.399583599492D-02
  0.438545259481D-02  0.254224299427D-02 -0.449808424736D-01 -0.880305018243D-02
  0.557800446467D-03  0.716437825272D-02  0.394697212134D-03  0.106604596788D-02
 -0.125412361776D-01  0.130193381233D-01  0.119045732735D-02  0.394320997980D-02
  0.437700993640D-02  0.252717370017D-02  0.278698416742D+00  0.811606065117D-04
  0.928823564421D-03  0.129020588973D-03  0.177984079853D-03 -0.713190985324D-02
 -0.217405034670D-02 -0.400151458627D-03 -0.351622155049D-03  0.103571140988D-02
  0.250264043189D-03  0.537798017493D-03  0.767043533341D-03  0.289569938944D-03
 -0.879400931636D-02 -0.163099895271D-02  0.133996319854D-03  0.124731007119D-02
  0.554410793152D-04  0.467435236161D-03 -0.237318166528D-02  0.268553027748D-02
  0.249728680178D-03  0.535449471948D-03  0.760358302471D-03  0.290630835089D-03
 -0.878528362379D-02  0.317765897510D+00  0.392677897621D-04 -0.306171654007D-03
 -0.117443723919D-03 -0.207800498714D-03  0.262417633403D-03  0.450624107205D-04
  0.719967800891D-05 -0.191614265333D-03 -0.145583992972D-03 -0.601786066471D-05
 -0.221292716700D-03 -0.383556062562D-03  0.531907639071D-04  0.596754478199D-03
  0.141578761666D-03  0.255315068027D-03  0.431314221502D-04 -0.156409066374D-03
 -0.430056610016D-03  0.363126885878D-03  0.128110521625D-03 -0.603608304210D-05
 -0.224981023349D-03 -0.384051823275D-03  0.510105887794D-04  0.597728075429D-03
  0.142034219297D-03  0.318728912015D+00 -0.514551868172D-04 -0.105778061899D-02
 -0.522027157029D-04 -0.607588236298D-04  0.569073532422D-02  0.161933637079D-02
  0.366464670310D-03 -0.161597782307D-04 -0.935602092989D-03 -0.218635019369D-03
 -0.426627463223D-03 -0.865154726263D-03 -0.834879233041D-04  0.717854585733D-02
  0.124994551064D-02  0.481090682380D-04 -0.735678606132D-03 -0.137840382234D-03
 -0.110040895151D-02  0.197014887518D-02 -0.216619490411D-02 -0.218137265615D-03
 -0.436162602321D-03 -0.856244993435D-03 -0.904398200319D-04  0.717292462758D-02
  0.124930856092D-02  0.432015216401D-04  0.328122589445D+00 -0.285460200487D-04
  0.300106108097D-03  0.273715590493D-03  0.312964451884D-03  0.406938408086D-03
  0.156077975796D-03  0.221197220792D-04  0.139731793304D-03  0.643583458229D-05
 -0.155446287420D-04  0.303552189990D-03  0.338157781275D-03  0.167429518181D-03
  0.377531575694D-03  0.525137511414D-04 -0.155235116777D-03 -0.136163078317D-03
  0.937049636632D-04  0.399599657250D-03  0.128813688652D-04 -0.268696787472D-03
 -0.154458201710D-04  0.305266796453D-03  0.340697685594D-03  0.168457911791D-03
  0.375748672273D-03  0.520890935557D-04 -0.157216694004D-03 -0.136505365857D-03
  0.329787388265D+00  0.542378679638D-05 -0.318013634089D-04 -0.251376039960D-05
 -0.276132139871D-04  0.251865266942D-03  0.834586210086D-04  0.774546206503D-05
 -0.106310430487D-05 -0.511119657324D-04 -0.618479282692D-05 -0.321792090983D-04
 -0.530866881646D-04  0.214505660674D-04  0.358067916587D-03  0.836913689213D-04
  0.396820845035D-04 -0.527703830553D-04 -0.290809658722D-04 -0.986549245217D-05
  0.141626549342D-03 -0.424996958683D-04 -0.617974530933D-05 -0.318153034067D-04
 -0.533091217388D-04  0.215450863600D-04  0.357903992182D-03  0.835868474628D-04
  0.395812917264D-04 -0.527944317635D-04 -0.290371662355D-04  0.742377904351D-02
 -0.287400524464D-04 -0.257574164732D-02 -0.317344242399D-02 -0.349242460280D-02
  0.393468930872D-02  0.120471271028D-02  0.219880777229D-04  0.366330563392D-03
 -0.237967753515D-03 -0.777670862298D-04 -0.342924995850D-02 -0.267895042814D-02
 -0.321322143221D-02  0.472677941805D-02  0.931624677682D-03 -0.301099505423D-03
 -0.106187610534D-02  0.295573676210D-03 -0.753614249276D-03  0.138895422223D-02
 -0.813947371338D-03 -0.778713908543D-04 -0.339567299306D-02 -0.269185772541D-02
 -0.319763273934D-02  0.471945627176D-02  0.925838520447D-03 -0.308473879489D-03
 -0.106304865313D-02  0.301280885245D-03 -0.314855831261D-04  0.419355332829D+00
 -0.136135094086D-05 -0.316053137199D-02 -0.334499735924D-02 -0.352643888048D-02
  0.141215753350D-02  0.150241609807D-03 -0.197881880132D-04 -0.348435601773D-03
 -0.246778669481D-05 -0.335598363601D-04 -0.349851761710D-02 -0.311094804942D-02
 -0.321483312505D-02  0.179665644041D-02  0.132096721336D-03 -0.116897560824D-03
 -0.594499787924D-04  0.271986343608D-03 -0.223770623138D-02  0.516008813503D-03
 -0.157526175614D-04 -0.336304057992D-04 -0.348930444767D-02 -0.311628816595D-02
 -0.321129432014D-02  0.179384955056D-02  0.129949982171D-03 -0.119957726816D-03
 -0.606021037783D-04  0.274599940957D-03 -0.234374805712D-05 -0.315284015541D-02
  0.416128551509D+00 -0.267519729146D-04 -0.350153359219D-02 -0.353052300993D-02
 -0.363925714405D-02  0.201388974805D-02  0.269991302235D-03  0.465432223906D-04
 -0.373081061814D-03 -0.803682901112D-04 -0.672987503461D-04 -0.369089181299D-02
 -0.333631204042D-02 -0.346498625966D-02  0.243816933772D-02  0.176002337670D-03
 -0.205434201355D-03 -0.556343360668D-04  0.312495967682D-03 -0.266054466617D-02
  0.557669026058D-03 -0.390854563329D-03 -0.672873065224D-04 -0.368531860720D-02
 -0.333961558798D-02 -0.346361648782D-02  0.243486534310D-02  0.174063569163D-03
 -0.208948840047D-03 -0.570573103623D-04  0.315101475464D-03 -0.277849020347D-04
 -0.349622524708D-02 -0.352831083022D-02  0.415253868780D+00  0.241473275941D-03
  0.396684724872D-02  0.142756097993D-02  0.202054873509D-02 -0.293499789893D-01
 -0.920012757346D-02 -0.146943949687D-02 -0.174752278442D-02  0.425359185514D-02
  0.957494245483D-03  0.325679920942D-02  0.375000532555D-02  0.184734380094D-02
 -0.364911979635D-01 -0.714450630195D-02  0.231060020985D-03  0.568266710447D-02
  0.421089914384D-03  0.110523087598D-02 -0.103742816021D-01  0.102528922928D-01
  0.955772268985D-03  0.321885591247D-02  0.374131915942D-02  0.183747245569D-02
 -0.364561460890D-01 -0.713073603053D-02  0.262843222871D-03  0.568969781419D-02
  0.406234459466D-03  0.251929936828D-03  0.393514201225D-02  0.141204745777D-02
  0.201352937218D-02  0.295726906484D+00  0.805053612542D-04  0.120872934658D-02
  0.149293086331D-03  0.273911649478D-03 -0.919845755850D-02 -0.281725709837D-02
 -0.503136414527D-03 -0.399626394829D-03  0.138790608349D-02  0.316842617550D-03
  0.723412068668D-03  0.106921957809D-02  0.269004497944D-03 -0.114816247366D-01
 -0.217628776576D-02  0.357743002563D-04  0.161617002255D-02  0.159561889628D-03
  0.632718778837D-03 -0.322483995234D-02  0.332598114660D-02  0.316195758072D-03
  0.720257558256D-03  0.106198931984D-02  0.270390364653D-03 -0.114709973682D-01
 -0.217302717663D-02  0.453693709489D-04  0.161858619838D-02  0.155609456227D-03
  0.834864847751D-04  0.120474617473D-02  0.150336924150D-03  0.269943140128D-03
 -0.919731892394D-02  0.317569193232D+00  0.709803295002D-05  0.238042693570D-04
 -0.174537509323D-04  0.470224312079D-04 -0.148058267551D-02 -0.507863067632D-03
 -0.539921315067D-04 -0.155656139108D-03  0.201159086146D-03  0.405040012318D-04
  0.771995816742D-04  0.641337296807D-04 -0.147676094641D-05 -0.185842533990D-02
 -0.404928259931D-03  0.539534139713D-05  0.370211055400D-03  0.236780837639D-04
 -0.226904283879D-03 -0.576032025791D-03  0.455593288824D-03  0.404346130188D-04
  0.721961181435D-04  0.645320940604D-04 -0.366705159667D-05 -0.185628521865D-02
 -0.403865059533D-03  0.740230574834D-05  0.370523972047D-03  0.225831593716D-04
  0.779126512869D-05  0.201122034433D-04 -0.203006800682D-04  0.467616592294D-04
 -0.148049480920D-02 -0.507701271803D-03  0.319125823948D+00 -0.866737608348D-06
  0.362634679540D-03 -0.355819465829D-03 -0.365268452770D-03 -0.178563866413D-02
 -0.412138414190D-03 -0.154878311735D-03  0.304649579607D-03  0.407252633930D-03
  0.862607153663D-04 -0.186934356399D-03  0.273202903927D-03 -0.459647044594D-03
 -0.247734187091D-02 -0.360271400412D-03 -0.193081052162D-03 -0.942172525380D-05
  0.140910637705D-03  0.810017065466D-03 -0.765066683417D-03  0.669197029383D-03
  0.859754595464D-04 -0.171601847610D-03  0.264612398707D-03 -0.451091268735D-03
 -0.247629734098D-02 -0.361573197796D-03 -0.192322707735D-03 -0.857107957957D-05
  0.141579191037D-03 -0.909322068954D-06  0.372549006831D-03 -0.344793383086D-03
 -0.368453686885D-03 -0.178476810300D-02 -0.411713741696D-03 -0.157624870916D-03
  0.331064740866D+00 -0.492627123500D-04 -0.243556593128D-03 -0.650858597732D-05
 -0.816695301221D-04  0.425195917576D-02  0.138808635317D-02  0.199474601489D-03
  0.401515956926D-03 -0.558839390502D-03 -0.133734726974D-03 -0.232358451438D-03
 -0.222770227969D-03 -0.139433205725D-03  0.518994508071D-02  0.103776104050D-02
 -0.140064068704D-03 -0.934595964072D-03  0.380047441310D-05  0.307536734995D-03
  0.143265031943D-02 -0.153406619413D-02 -0.133464951000D-03 -0.223079873619D-03
 -0.221202815368D-03 -0.135822704895D-03  0.518384187456D-02  0.103526548737D-02
 -0.145853269119D-03 -0.935680754300D-03  0.668938486855D-05 -0.511173605782D-04
 -0.236474804054D-03 -0.177691863806D-05 -0.797329770547D-04  0.425134021088D-02
  0.138743976683D-02  0.200935662750D-03  0.407649121527D-03  0.331384626699D+00
 -0.733239351589D-05 -0.804220391667D-03 -0.227774835585D-02 -0.266199806794D-02
  0.116828451711D-02  0.651695637992D-03 -0.217980560813D-03  0.808699014880D-03
  0.294451343205D-03  0.556105072576D-04 -0.230892360020D-02 -0.116180716898D-02
 -0.239877297852D-02  0.115252382418D-02  0.490138487083D-03 -0.421442579773D-03
 -0.111027653842D-02  0.389921870306D-03  0.142406699082D-02  0.492237761583D-03
  0.290023535870D-03  0.552172647507D-04 -0.225713583596D-02 -0.118185350450D-02
 -0.237227620749D-02  0.114612425250D-02  0.483091501776D-03 -0.428409017716D-03
 -0.111035641277D-02  0.396500005774D-03 -0.101931419197D-04 -0.768243476692D-03
 -0.224386210445D-02 -0.266746363554D-02  0.116920956730D-02  0.651880646238D-03
 -0.222952231725D-03  0.811654066150D-03  0.296464811427D-03  0.415148495342D+00
  0.138223589793D-03  0.141169064240D-02  0.527058045278D-03  0.568679920523D-03
 -0.104482308421D-01 -0.324931613731D-02 -0.575945221724D-03 -0.756290166705D-03
  0.144577990996D-02  0.358076469067D-03  0.107865894779D-02  0.115039671168D-02
  0.879734640830D-03 -0.126445001968D-01 -0.239721155265D-02  0.349956383992D-03
  0.198168629247D-02  0.219556532037D-04  0.477188104448D-03 -0.328304927199D-02
  0.403272934229D-02  0.357427943157D-03  0.106644198272D-02  0.114637956235D-02
  0.876933727872D-03 -0.126319357586D-01 -0.239244031971D-02  0.361429303225D-03
  0.198418493036D-02  0.166894550603D-04  0.141923226255D-03  0.140154709390D-02
  0.522282860250D-03  0.565637789160D-03 -0.104473272439D-01 -0.324818523262D-02
 -0.580080095016D-03 -0.769686207120D-03  0.144497768822D-02  0.499849241244D-03
  0.332945417272D+00 -0.388807483037D-04 -0.840899112387D-03 -0.302967326074D-04
 -0.400492770532D-03  0.103133167611D-01  0.334531088499D-02  0.455542605331D-03
  0.658558664768D-03 -0.154502495484D-02 -0.312974309202D-03 -0.741936061872D-03
 -0.985249623781D-03 -0.300951671244D-04  0.131067281814D-01  0.270584418928D-02
  0.141057512411D-03 -0.217411032312D-02 -0.277032891741D-03  0.303783530325D-03
  0.402819244188D-02 -0.326814050325D-02 -0.312394255443D-03 -0.724103663451D-03
 -0.983118273722D-03 -0.240006964062D-04  0.130939394729D-01  0.270053822834D-02
  0.129451580146D-03 -0.217646125468D-02 -0.271447877289D-03 -0.427845336909D-04
 -0.826633699305D-03 -0.218638552549D-04 -0.398049993548D-03  0.103126325677D-01
  0.334432262966D-02  0.459045702791D-03  0.671614656787D-03 -0.154412128578D-02
  0.280320565427D-03  0.405413446541D-02  0.332184165475D+00 -0.741917632630D-04
 -0.227410239725D-02 -0.504057874939D-02 -0.558557408352D-02  0.154617202903D-03
  0.298129734200D-03 -0.491687531525D-03  0.104671860520D-02  0.108839531623D-02
  0.137078457397D-03 -0.486954460049D-02 -0.268356405342D-02 -0.538639710265D-02
 -0.577822353279D-03 -0.172140491149D-04 -0.123292054335D-02 -0.132952394265D-02
  0.124880665809D-02  0.181728662187D-02 -0.175801655601D-03  0.103502424591D-02
  0.136586760500D-03 -0.478484662964D-02 -0.270809583127D-02 -0.534208082536D-02
 -0.591858353732D-03 -0.290726960981D-04 -0.124938737084D-02 -0.133120933950D-02
  0.126266237424D-02 -0.797253655145D-04 -0.221473661814D-02 -0.498591787794D-02
 -0.558734747096D-02  0.153138929496D-03  0.296955059879D-03 -0.499087017905D-03
  0.105667054747D-02  0.109269046151D-02  0.178904481443D-02 -0.153846344140D-03
  0.101266695278D-02  0.104673456505D+01 -0.364844451124D-06 -0.164893740437D-04
 -0.676406481554D-05 -0.798165447035D-05  0.823040727732D-04  0.253193214238D-04
  0.491984942879D-05  0.319625075015D-05 -0.142562713204D-04 -0.284029564153D-05
 -0.128849486168D-04 -0.150237818869D-04 -0.708291814341D-05  0.102834233766D-03
  0.208478333590D-04  0.219939437412D-05 -0.138703155078D-04 -0.427846826006D-05
 -0.133964200704D-04  0.293547525347D-04 -0.299012707132D-04 -0.283857482697D-05
 -0.128283794327D-04 -0.151046135064D-04 -0.709401301549D-05  0.102795572201D-03
  0.208207209809D-04  0.218071607709D-05 -0.138764428970D-04 -0.427339061301D-05
 -0.378276549600D-06 -0.164371784097D-04 -0.674383054232D-05 -0.805358357855D-05
  0.823290924397D-04  0.253297529741D-04  0.493687278454D-05  0.323563313258D-05
 -0.142606104619D-04 -0.134708533354D-04  0.294272817456D-04 -0.299770436183D-04
 -0.313443972179D-04  0.433061543556D+00 -0.220711059316D-06 -0.115605017766D-04
 -0.466834780814D-05 -0.456872584892D-05  0.328377758669D-04  0.857362320366D-05
  0.230045274385D-05 -0.148094475335D-05 -0.577402197073D-05 -0.132550997150D-05
 -0.703527571475D-05 -0.100475913988D-04 -0.432242145163D-05  0.418082859558D-04
  0.683564861645D-05  0.942267327294D-06 -0.297933998839D-05 -0.119097183004D-05
 -0.130089135949D-04  0.112824000183D-04 -0.123472302941D-04 -0.132275693361D-05
 -0.713146905149D-05 -0.999725064246D-05 -0.438591036033D-05  0.417854839719D-04
  0.683705915873D-05  0.924998973112D-06 -0.298880155526D-05 -0.119033826710D-05
 -0.225040135445D-06 -0.116183369346D-04 -0.474409841317D-05 -0.455437447697D-05
  0.328344059806D-04  0.857137494430D-05  0.232577566506D-05 -0.144356710480D-05
 -0.577657213365D-05 -0.130484224485D-04  0.113477964043D-04 -0.123935901463D-04
 -0.235525663299D-04 -0.581493655627D-07  0.176539107924D+00 -0.185426897088D-03
 -0.535463416881D-03 -0.630937852274D-03 -0.586550149795D-04  0.179414913155D-04
 -0.148075650445D-03  0.176837020562D-03  0.361585279255D-03  0.268945568665D-03
 -0.625726779629D-04 -0.303110760490D-03  0.143494841772D-03 -0.133099760341D-02
 -0.119574013248D-02 -0.559214827406D-03 -0.973621114562D-03  0.211668791236D-03
  0.512400897612D-03 -0.707697445928D-03 -0.143780436029D-02 -0.129866716571D-02
 -0.625028338727D-04 -0.306239181515D-03  0.144782673829D-03 -0.133310256380D-02
 -0.119594815327D-02 -0.559022465475D-03 -0.974126736061D-03  0.211539801312D-03
  0.512558128893D-03 -0.185371480544D-03 -0.538262425912D-03 -0.632736707956D-03
 -0.579400046539D-04  0.175989857230D-04 -0.148373477241D-03  0.177222738823D-03
  0.362150536297D-03  0.269011378270D-03 -0.707478268269D-03 -0.143678152955D-02
 -0.129941345266D-02 -0.787644957566D-04 -0.196116939421D-06  0.448452710914D-06
  0.125744234874D-01  0.115975860324D-03 -0.248191757347D-02 -0.340240268947D-02
 -0.331258696499D-02 -0.126285528636D-01 -0.455327804151D-02 -0.701362736503D-03
 -0.184290306647D-02  0.202939233290D-02  0.395367786882D-03 -0.274923507659D-02
 -0.240929570775D-02 -0.291934942493D-02 -0.153927669323D-01 -0.352614115039D-02
  0.438486863161D-04  0.314924713551D-02  0.609558114878D-03 -0.317081118595D-02
 -0.432386920619D-02  0.500902643478D-02  0.394695987594D-03 -0.277394373956D-02
 -0.240914697073D-02 -0.292886601430D-02 -0.153797910455D-01 -0.352023237968D-02
  0.545531169551D-04  0.315008335286D-02  0.605253595418D-03  0.120089661148D-03
 -0.249925426329D-02 -0.341637273238D-02 -0.331326113207D-02 -0.126294429597D-01
 -0.455255317938D-02 -0.704825478169D-03 -0.185355612784D-02  0.202896876364D-02
 -0.314841724849D-02 -0.434704504039D-02  0.502855235282D-02 -0.693944140121D-02
  0.291060789855D-04  0.120907873387D-04 -0.107528562593D-02  0.364858775259D+00
 -0.227747136524D-04 -0.260682236609D-02 -0.391047509043D-02 -0.368440118606D-02
 -0.900002738139D-02 -0.327513891768D-02 -0.521243872309D-03 -0.926889551379D-03
  0.181774080408D-02  0.281971653319D-03 -0.324824223830D-02 -0.230776205939D-02
 -0.397709603961D-02 -0.117313523904D-01 -0.280436710306D-02 -0.706177485620D-03
  0.208003765155D-02  0.953763047396D-03 -0.229915519350D-02 -0.383955704985D-02
  0.317972717285D-02  0.281408362980D-03 -0.324918817795D-02 -0.231268708629D-02
 -0.397541937715D-02 -0.117250591369D-01 -0.280259798933D-02 -0.702159176343D-03
  0.208023383884D-02  0.953685460023D-03 -0.209631257438D-04 -0.260778632743D-02
 -0.390955098128D-02 -0.368517937765D-02 -0.900107133393D-02 -0.327496875852D-02
 -0.525185274954D-03 -0.932231689387D-03  0.181837978229D-02 -0.228888364953D-02
 -0.385120775993D-02  0.318870155329D-02 -0.449995032110D-02  0.143104739932D-04
  0.384347617124D-05  0.167879521655D-02 -0.886050327355D-02  0.351486762975D+00
 -0.129275023016D-03 -0.824124561662D-03 -0.228755328779D-04  0.344497118725D-03
  0.268262087141D-02  0.565540486120D-03  0.314339173280D-03 -0.759181177106D-04
 -0.349477226814D-03 -0.158989738676D-03 -0.276544219783D-04 -0.282099435542D-03
 -0.373971641346D-03  0.283985319055D-02  0.178048821734D-03 -0.454718199803D-03
  0.183528134074D-04  0.210609423661D-03 -0.133652099404D-02  0.157634911652D-03
 -0.181140032971D-02 -0.158518432471D-03 -0.467175172979D-04 -0.269018782221D-03
 -0.384859892094D-03  0.283684725439D-02  0.179306702161D-03 -0.457696234673D-03
  0.168903027489D-04  0.210780577137D-03 -0.129634556445D-03 -0.836752654968D-03
 -0.367131728029D-04  0.350457151698D-03  0.268079506641D-02  0.564481639017D-03
  0.318329725433D-03 -0.704258017414D-04 -0.349692616822D-03 -0.134121821463D-02
  0.167372006714D-03 -0.181739207938D-02 -0.944055162199D-03 -0.792982976152D-05
  0.914840792504D-06  0.286265599504D-02  0.176410011007D-02  0.246170211029D-02
  0.364080254326D+00 -0.266631630094D-05 -0.300423047986D-03  0.184212422653D-02
  0.182496383755D-02  0.485436482520D-02  0.109557204706D-02  0.388939699313D-03
 -0.963411739625D-03 -0.103842283708D-02 -0.237132068560D-03  0.140636878869D-02
 -0.129658847589D-03  0.217284666454D-02  0.695438922302D-02  0.913881198798D-03
  0.488874614687D-03  0.593579003373D-04 -0.241309624506D-03 -0.154656316398D-02
  0.226181023825D-02 -0.169462150773D-02 -0.235965345931D-03  0.135709643464D-02
 -0.916085504145D-04  0.214680936780D-02  0.694718594480D-02  0.917919299466D-03
  0.481606090512D-03  0.556174494767D-04 -0.241109665457D-03 -0.345810171314D-05
 -0.332185324660D-03  0.180611401736D-02  0.184338976972D-02  0.484884138550D-02
  0.109267334247D-02  0.399028562543D-03 -0.949926657161D-03 -0.103897291524D-02
 -0.155851422539D-02  0.228574627711D-02 -0.170813109197D-02 -0.331075308482D-03
 -0.201966645678D-04  0.328870574971D-05 -0.153069402872D-02  0.683926566808D-02
  0.408740269115D-02  0.183714603186D-03  0.366298416317D+00 -0.124301102619D-03
 -0.222844322339D-02  0.250657891916D-02  0.384614991179D-02 -0.417942799397D-02
 -0.308872875901D-02  0.618214986766D-03 -0.378703365190D-02 -0.176074176682D-03
 -0.221699216468D-03  0.276183693912D-02 -0.482383397976D-03  0.273149020639D-02
 -0.459951044490D-02 -0.278546106765D-02  0.281784600253D-03  0.458656248263D-02
  0.841844275858D-04 -0.835592537977D-02 -0.244037976844D-02 -0.753619463239D-03
 -0.219892621750D-03  0.258437013339D-02 -0.396779089803D-03  0.264063744465D-02
 -0.458895091475D-02 -0.276355867855D-02  0.291293150744D-03  0.458184567682D-02
  0.702980607182D-04 -0.117399427274D-03 -0.234883018470D-02  0.238700030202D-02
  0.387924041756D-02 -0.418926070929D-02 -0.309255059866D-02  0.638274910937D-03
 -0.378064533156D-02 -0.180526137600D-03 -0.833323712173D-02 -0.243659779813D-02
 -0.742363164881D-03 -0.999274530070D-02  0.169691142159D-04  0.354238281109D-04
  0.417817147370D-02  0.615819896451D-02  0.433088577182D-02  0.728021092823D-02
  0.118977762213D-01  0.403151670915D+00 -0.185726068139D-03 -0.548699322265D-03
 -0.635177139861D-03 -0.630753352154D-04  0.682358142160D-04 -0.133939174628D-03
  0.180180804333D-03  0.360989874302D-03  0.260090284493D-03 -0.644981172828D-04
 -0.311020957719D-03  0.131993111600D-03 -0.133502684006D-02 -0.113206027540D-02
 -0.547804503746D-03 -0.972188637410D-03  0.205557712614D-03  0.510229648570D-03
 -0.721862099800D-03 -0.142013499506D-02 -0.131746296327D-02 -0.644251344364D-04
 -0.314230710250D-03  0.133314916451D-03 -0.133719591721D-02 -0.113229970717D-02
 -0.547616613321D-03 -0.972715898532D-03  0.205418113115D-03  0.510388712669D-03
 -0.185678019961D-03 -0.551543399993D-03 -0.637045297010D-03 -0.623608292120D-04
  0.678951541405D-04 -0.134237186449D-03  0.180595383655D-03  0.361600754042D-03
  0.260152628226D-03 -0.721699069485D-03 -0.141903114857D-02 -0.131827179821D-02
 -0.104853015059D-03 -0.272904814684D-06  0.429833901626D-06  0.505425747998D-02
 -0.105426918745D-02  0.168852614393D-02  0.286161791870D-02 -0.153236078835D-02
  0.421593155826D-02  0.125750786869D-01  0.115794726098D-03 -0.249103746090D-02
 -0.340564291584D-02 -0.331550420266D-02 -0.126110720287D-01 -0.454984667956D-02
 -0.699980553796D-03 -0.184590361471D-02  0.202641405669D-02  0.394527121370D-03
 -0.275370432712D-02 -0.241704164948D-02 -0.292202318145D-02 -0.153696823844D-01
 -0.352364920628D-02  0.442596971296D-04  0.314950923755D-02  0.609598763837D-03
 -0.318228090021D-02 -0.431785478286D-02  0.500242305758D-02  0.393858574363D-03
 -0.277854916672D-02 -0.241679536168D-02 -0.293161506030D-02 -0.153567294761D-01
 -0.351773155526D-02  0.549411813039D-04  0.315033347616D-02  0.605297074000D-03
  0.119905525363D-03 -0.250846029405D-02 -0.341971453214D-02 -0.331613136555D-02
 -0.126119767794D-01 -0.454912935234D-02 -0.703414675537D-03 -0.185651409329D-02
  0.202598947568D-02 -0.315992564155D-02 -0.434095601475D-02  0.502190331783D-02
 -0.695615380070D-02  0.290431905467D-04  0.120967058573D-04 -0.107546269429D-02
 -0.937838944668D-02 -0.885786007767D-02  0.176746138712D-02  0.685136616246D-02
  0.620005472306D-02 -0.105445352008D-02  0.364876715087D+00 -0.224863728905D-04
 -0.258534096771D-02 -0.390563747523D-02 -0.368049001041D-02 -0.905847733466D-02
 -0.328949634868D-02 -0.526173285058D-03 -0.921557943825D-03  0.182980458437D-02
  0.284600569336D-03 -0.323857320599D-02 -0.229012953999D-02 -0.397343877756D-02
 -0.118067886614D-01 -0.281631638623D-02 -0.709682112290D-03  0.208246764942D-02
  0.957639501937D-03 -0.226914596174D-02 -0.385989317598D-02  0.320344460768D-02
  0.284032786134D-03 -0.323923065153D-02 -0.229514088049D-02 -0.397158188483D-02
 -0.118004875138D-01 -0.281456662665D-02 -0.705670899082D-03  0.208267695831D-02
  0.957585668091D-03 -0.206778293347D-04 -0.258612138667D-02 -0.390450417251D-02
 -0.368126668540D-02 -0.905952510726D-02 -0.328932891023D-02 -0.530164728920D-03
 -0.926940274083D-03  0.183045583544D-02 -0.225886302649D-02 -0.387160181754D-02
  0.321245386831D-02 -0.444450613997D-02  0.143380935251D-04  0.382083709477D-05
  0.167696344176D-02 -0.888903878378D-02 -0.663304656647D-02  0.245739406469D-02
  0.407891333166D-02  0.424338491199D-02  0.168668037823D-02 -0.888642177228D-02
  0.351467244739D+00 -0.129120082539D-03 -0.813685037725D-03 -0.193140470450D-04
  0.348743418497D-03  0.263078407667D-02  0.549617340606D-03  0.311051797929D-03
 -0.775603041439D-04 -0.339908487872D-03 -0.157161538521D-03 -0.199921197577D-04
 -0.272725250812D-03 -0.370401222615D-03  0.277484316526D-02  0.164656323305D-03
 -0.456811938532D-03  0.266581423241D-04  0.214062616072D-03 -0.132670591539D-02
  0.138919800519D-03 -0.179226121079D-02 -0.156690689820D-03 -0.390772111880D-04
 -0.259573091774D-03 -0.381272701170D-03  0.277184846885D-02  0.165928296184D-03
 -0.459793710609D-03  0.251965494481D-04  0.214238907161D-03 -0.129474693687D-03
 -0.826336039761D-03 -0.331576110147D-04  0.354767979004D-03  0.262893596436D-02
  0.548548054495D-03  0.315034217273D-03 -0.720786171220D-04 -0.340118674558D-03
 -0.133137927819D-02  0.148640026661D-03 -0.179822557192D-02 -0.919899273995D-03
 -0.790920930908D-05  0.943808633760D-06  0.286303737660D-02  0.174506102633D-02
  0.245317356774D-02  0.192202778884D-02  0.197893551166D-03  0.726818713045D-02
  0.286203353862D-02  0.174846382626D-02  0.244887859647D-02  0.364090787924D+00
 -0.271496527670D-05 -0.299064730553D-03  0.184034343280D-02  0.182242904599D-02
  0.485863091395D-02  0.109794275175D-02  0.388569896431D-03 -0.960757657518D-03
 -0.103807472616D-02 -0.237051490637D-03  0.140457878759D-02 -0.129248423354D-03
  0.217057707638D-02  0.695890367875D-02  0.915618387614D-03  0.487904301674D-03
  0.560643963824D-04 -0.240658585657D-03 -0.154052132692D-02  0.226341629493D-02
 -0.169492714479D-02 -0.235885201761D-03  0.135542172078D-02 -0.912306206266D-04
  0.214460017858D-02  0.695168169839D-02  0.919640644257D-03  0.480615902785D-03
  0.523238013820D-04 -0.240442999375D-03 -0.351420243667D-05 -0.330747945488D-03
  0.180440849390D-02  0.184085131289D-02  0.485310776819D-02  0.109504296863D-02
  0.398649969225D-03 -0.947262535655D-03 -0.103862013272D-02 -0.155250788895D-02
  0.228737777964D-02 -0.170846331877D-02 -0.320728869404D-03 -0.202371176342D-04
  0.325970450806D-05 -0.153171960497D-02  0.683659090510D-02  0.408712773929D-02
  0.180215848320D-03  0.400786170180D-02  0.118745181881D-01 -0.153342274891D-02
  0.684866764363D-02  0.407871625603D-02  0.194426456967D-03  0.366285692888D+00
 -0.124030026648D-03 -0.221463601725D-02  0.250618166981D-02  0.384692340994D-02
 -0.428097379409D-02 -0.312065926719D-02  0.611536471101D-03 -0.379097478745D-02
 -0.156561208658D-03 -0.218083029013D-03  0.276963002687D-02 -0.470605708436D-03
  0.273136820486D-02 -0.472691944229D-02 -0.281247485866D-02  0.277082883742D-03
  0.460319982091D-02  0.919702065083D-04 -0.834146925786D-02 -0.247741572500D-02
 -0.715063015033D-03 -0.216276700806D-03  0.259212042556D-02 -0.384839814796D-03
  0.264055034950D-02 -0.471635070249D-02 -0.279054721600D-02  0.286568626568D-03
  0.459848056446D-02  0.781025280362D-04 -0.117121818158D-03 -0.233506539443D-02
  0.238658791408D-02  0.388016018717D-02 -0.429085737068D-02 -0.312450526699D-02
  0.631584083139D-03 -0.378459057031D-02 -0.161000365022D-03 -0.831875685466D-02
 -0.247363516386D-02 -0.703775402082D-03 -0.995555221859D-02  0.169770699078D-04
  0.354752612572D-04  0.417798628161D-02  0.611107760192D-02  0.430431243833D-02
  0.729121560865D-02  0.119310921970D-01  0.413354717926D-01  0.421580328026D-02
  0.615301744763D-02  0.421685812302D-02  0.727924603180D-02  0.119078973529D-01
  0.403114152341D+00 -0.105115229241D-03 -0.458968490310D-02 -0.380588149752D-02
 -0.371125623837D-02  0.469533001069D-02  0.839373305124D-03  0.319388882106D-03
 -0.625315533859D-03 -0.515966692186D-03 -0.212826193943D-03 -0.409340858171D-02
 -0.402130762200D-02 -0.390108013288D-02  0.557887287166D-02  0.492450265983D-03
 -0.395913189555D-03 -0.310826344198D-04  0.384816994529D-03 -0.417398601329D-02
  0.109234281551D-02 -0.185979927683D-02 -0.212501271534D-03 -0.410394824644D-02
 -0.401683900015D-02 -0.390953222668D-02  0.557395429519D-02  0.491522521359D-03
 -0.400742567877D-03 -0.337026835167D-04  0.387089063467D-03 -0.106259196909D-03
 -0.459468513983D-02 -0.381543467524D-02 -0.371001565600D-02  0.469417534485D-02
  0.838929263668D-03  0.322668131990D-03 -0.616839342611D-03 -0.515700154455D-03
 -0.418369453522D-02  0.110661119279D-02 -0.187102904065D-02 -0.738666275610D-02
 -0.125474545139D-04 -0.411879540499D-05  0.153186720492D-02 -0.170419073835D-02
 -0.214611264247D-02  0.157511877625D-02  0.249502541542D-02  0.105890948342D-01
  0.152713698870D-02 -0.170492425946D-02 -0.214843935170D-02  0.158134784587D-02
  0.248834098079D-02  0.105921153466D-01  0.374437826043D+00 -0.105308648206D-03
 -0.459765333218D-02 -0.381011510011D-02 -0.371464515514D-02  0.468795827117D-02
  0.834191337446D-03  0.319223233240D-03 -0.630675206519D-03 -0.513944401046D-03
 -0.212871728518D-03 -0.409675085371D-02 -0.402796512642D-02 -0.390452710568D-02
  0.557114977623D-02  0.487420031000D-03 -0.396967959114D-03 -0.255478893746D-04
  0.387439648692D-03 -0.418495681418D-02  0.108907247892D-02 -0.185705034943D-02
 -0.212542245166D-03 -0.410749323370D-02 -0.402330613515D-02 -0.391307267672D-02
  0.556620021557D-02  0.486512339573D-03 -0.401838658159D-03 -0.281858997937D-04
  0.389722594805D-03 -0.106455230766D-03 -0.460278650652D-02 -0.381981455353D-02
 -0.371329038936D-02  0.468676622752D-02  0.833728627160D-03  0.322539112975D-03
 -0.622138790941D-03 -0.513674971012D-03 -0.419471500432D-02  0.110344868524D-02
 -0.186833688596D-02 -0.739661995748D-02 -0.126371939541D-04 -0.409560896052D-05
  0.153195939381D-02 -0.170560981163D-02 -0.214959831580D-02  0.158350400737D-02
  0.252249587998D-02  0.106421578055D-01  0.152723484002D-02 -0.170627739458D-02
 -0.215194328709D-02  0.158981170799D-02  0.251579870257D-02  0.106453522082D-01
 -0.275777777092D-02  0.374438879267D+00  0.641172620721D-04  0.194848187187D-03
  0.838574897770D-03  0.960037582458D-03 -0.433421749990D-02 -0.166838047279D-02
 -0.126433697662D-03 -0.110783787312D-02  0.412995973572D-03  0.925515888136D-04
  0.994452427511D-03  0.278099564210D-03  0.116960185463D-02 -0.484284488885D-02
 -0.123230781421D-02  0.378447550277D-03  0.151365937241D-02 -0.528739998439D-04
 -0.121471334199D-02 -0.120940556653D-02  0.155101783212D-02  0.927013736728D-04
  0.956791337458D-03  0.294337782691D-03  0.115167947627D-02 -0.483720113314D-02
 -0.122659869590D-02  0.383441653279D-03  0.151337303890D-02 -0.569266625780D-04
  0.665087655474D-04  0.168960498972D-03  0.814125709076D-03  0.966245218177D-03
 -0.433613537645D-02 -0.166887714208D-02 -0.123820694454D-03 -0.111035333617D-02
  0.411968675781D-03 -0.120405611368D-02 -0.121609255830D-02  0.155939987528D-02
 -0.159262087657D-02  0.114973347534D-04  0.100520747678D-04 -0.942709589278D-03
  0.182306251114D-03 -0.674427938700D-03  0.804650107030D-03  0.372908294065D-02
  0.656981316912D-02 -0.930238833935D-03  0.192779462786D-03 -0.696606402344D-03
  0.797284126475D-03  0.372544161807D-02  0.655629173452D-02  0.212001794389D-02
  0.213049885663D-02  0.365789547779D+00
$end
