$coord
  -10.49964130260634      9.07910479726614      0.00000000000000      C
    2.62586950332024    -13.63057276863390      0.00000000000000      C
    0.28265935522107    -10.28451262839533     -2.38172994470516      C
    0.28265935522107    -10.28451262839533      2.38172994470516      C
   -8.76595168965777      5.37900619382070      2.38167816621308      C
   -8.76595168965777      5.37900619382070     -2.38167816621308      C
    1.88671319843533    -10.82152475530935      0.00000000000000      C
   -8.43321780827354      7.03764874063964      0.00000000000000      C
    5.58516377184613      3.22863502395206      0.00000000000000      C
    3.50107814253368      7.06918864533422      0.00000000000000      C
    7.87144176714218     -0.49520099455372      0.00000000000000      C
    5.87454110295660     -4.76788865123716      0.00000000000000      C
   -1.19768735560285      7.47290876067123      0.00000000000000      C
    5.60938571264994     -2.03388260178207      0.00000000000000      C
    1.03850061777694      5.87789952398350      0.00000000000000      C
   -0.80683003815230     10.12174826132784      0.00000000000000      C
    8.36483599467822     -5.75151956315492      0.00000000000000      C
   -5.76831828233039      8.16669482326894      0.00000000000000      C
    4.19441596212690     -9.07488371632545      0.00000000000000      C
    3.22730484582870      1.86624500933524      0.00000000000000      C
    3.83559176785395     -6.46114984433127      0.00000000000000      C
   -3.68257007209318      6.55126690830202      0.00000000000000      C
    1.73878714880276     11.06068091751994      0.00000000000000      C
   10.44944224350053     -4.01498742437432      0.00000000000000      C
    3.30642068098434     -0.78909892817406      0.00000000000000      C
    0.96638149309401      3.26104042314941      0.00000000000000      C
   -5.33310342674993     10.79722760341120      0.00000000000000      C
    6.69104918378681    -10.01069643491041      0.00000000000000      C
   -2.89835003847643     11.75882638900071      0.00000000000000      C
    8.73948305362614     -8.38093116886815      0.00000000000000      C
    5.66848689294275      5.78370386441160      0.00000000000000      N
    7.84019099052386      2.02452108820725      0.00000000000000      N
    3.78120866643683      9.67652655074746      0.00000000000000      N
   10.27025048841433     -1.55432551485221      0.00000000000000      N
    1.92116252526193     -5.72491732349589      0.00000000000000      H
   -3.99993670173829      4.52488160540704      0.00000000000000      H
   -6.91591920649635     12.09722151150153      0.00000000000000      H
    7.02757177680554    -12.03110358964053      0.00000000000000      H
    1.53645343131522     -1.82894068448510      0.00000000000000      H
   -0.81841821585947      2.24707185021101      0.00000000000000      H
   -2.58391834226418     13.78902553688585      0.00000000000000      H
   10.65567654440110     -9.12173455892470      0.00000000000000      H
   12.35622282015378     -4.80071035706979      0.00000000000000      H
    2.01032300993726     13.10501483785445      0.00000000000000      H
    0.90745001019498    -14.78326896098286      0.00000000000000      H
  -12.35581218269646      8.16463880139337      0.00000000000000      H
   -7.38509810726954      3.83950501243110     -2.42904414811681      H
   -7.38509810726954      3.83950501243110      2.42904414811681      H
   -0.36521732626491     -8.32073753798134     -2.42976848008823      H
   -0.36521732626491     -8.32073753798134      2.42976848008823      H
    3.72704042686461    -14.12997178947124     -1.68037193904381      H
    3.72704042686461    -14.12997178947124      1.68037193904381      H
  -10.38334605348840     10.28291410918159      1.68013288870626      H
  -10.38334605348840     10.28291410918159     -1.68013288870626      H
   -8.53663722039569      6.50964588237617      4.09996745721772      H
   -8.53663722039569      6.50964588237617     -4.09996745721772      H
    1.37770964526103    -10.64937033980461     -4.09963996770390      H
    1.37770964526103    -10.64937033980461      4.09963996770390      H
   -1.38392627684566    -11.51348175212272     -2.39285400570953      H
   -1.38392627684566    -11.51348175212272      2.39285400570953      H
  -10.66107246798889      4.54481065568259     -2.39361084096796      H
  -10.66107246798889      4.54481065568259      2.39361084096796      H
$end
