$coord
   -0.66783210606400      1.57591195794400      0.00000000000000      c
    0.56754830693600      4.17422704694400      0.00000000000000      c
    1.31660378293600     -0.54062934105600      0.00000000000000      c
    0.12930207493600     -3.17817242405600      0.00000000000000      c
   -1.40340842306400      6.24357089294400      0.00000000000000      n
   -2.58211335906400      6.12094905594400     -1.56679281200000      h
   -2.58211335906400      6.12094905594400      1.56679281200000      h
   -1.88439454106400      1.36938490794400     -1.66855125000000      h
   -1.88439454106400      1.36938490794400      1.66855125000000      h
    2.53749247893600     -0.31331599105600     -1.66122876400000      h
    2.53749247893600     -0.31331599105600      1.66122876400000      h
   -0.54908601506400      7.97687844894400      0.00000000000000      h
    1.72360393593600      4.48401968994400     -1.67596659300000      h
    1.72360393593600      4.48401968994400      1.67596659300000      h
    1.57434669893600     -4.65162212105600      0.00000000000000      h
   -1.05557793106400     -3.46650515305600      1.67069705800000      h
   -1.05557793106400     -3.46650515305600     -1.67069705800000      h
$user-defined bonds
$redundant
     number_of_atoms            17
     degrees_of_freedom         45
     internal_coordinates       45
     frozen_coordinates          0
# definitions of redundant internals
   1 k  1.0000000000000 tors   12    5    2    1 val=  60.00000
        1.0000000000000 tors    6    5    2    1
        1.0000000000000 tors    7    5    2    1
   2 k  1.0000000000000 stre    5   12           val=   1.93241
   3 k  1.0000000000000 stre    5    6           val=   1.96449
   4 k  1.0000000000000 stre    5    7           val=   1.96449
   5 k  0.4383910969397 bend    6   12    5      val=   1.51067
        0.4383910969397 bend    7   12    5
        0.3813973902781 bend    7    6    5
       -0.3906796389069 bend    2   12    5
       -0.3984544783790 bend    2    6    5
       -0.3984544783790 bend    2    7    5
   6 k -0.3269197278587 bend    6   12    5      val=   0.06507
       -0.3269197278587 bend    7   12    5
        0.7141326959007 bend    7    6    5
       -0.4434645379964 bend    2   12    5
        0.1995002246350 bend    2    6    5
        0.1995002246350 bend    2    7    5
   7 k -0.6467989912010 bend    6   12    5      val=  -0.00000
        0.6467989912010 bend    7   12    5
       -0.2857465047578 bend    2    6    5
        0.2857465047578 bend    2    7    5
   8 k  0.2092695790331 bend    6   12    5      val=   1.90155
        0.2092695790331 bend    7   12    5
       -0.4333510956347 bend    7    6    5
       -0.6840918997220 bend    2   12    5
        0.3582161269608 bend    2    6    5
        0.3582161269608 bend    2    7    5
   9 k -0.2857465047578 bend    6   12    5      val=   0.00000
        0.2857465047578 bend    7   12    5
        0.6467989912010 bend    2    6    5
       -0.6467989912010 bend    2    7    5
  10 k  1.0000000000000 stre    1    8           val=   2.07527
  11 k  1.0000000000000 stre    1    9           val=   2.07527
  12 k  0.0225019107806 bend    9    8    1      val=   0.34544
       -0.5019347267444 bend    2    8    1
       -0.5019347267444 bend    2    9    1
        0.4978035376468 bend    3    8    1
        0.4978035376468 bend    3    9    1
  13 k  0.5109333520216 bend    2    8    1      val=   0.00000
       -0.5109333520216 bend    2    9    1
        0.4888221658149 bend    3    8    1
       -0.4888221658149 bend    3    9    1
  14 k  0.9009521329407 bend    9    8    1      val=   0.83736
       -0.2056438509670 bend    2    8    1
       -0.2056438509670 bend    2    9    1
       -0.2277130510847 bend    3    8    1
       -0.2277130510847 bend    3    9    1
  15 k  0.4888221658149 bend    2    8    1      val=   0.00000
       -0.4888221658149 bend    2    9    1
       -0.5109333520216 bend    3    8    1
        0.5109333520216 bend    3    9    1
  16 k  1.0000000000000 stre    3   10           val=   2.07411
  17 k  1.0000000000000 stre    3   11           val=   2.07411
  18 k  0.0279337546471 bend   11   10    3      val=   0.46429
       -0.5018217899890 bend    4   10    3
       -0.5018217899890 bend    4   11    3
        0.4977798145445 bend    1   10    3
        0.4977798145445 bend    1   11    3
  19 k  0.5121303617057 bend    4   10    3      val=   0.00000
       -0.5121303617057 bend    4   11    3
        0.4875679364142 bend    1   10    3
       -0.4875679364142 bend    1   11    3
  20 k  0.9041781253267 bend   11   10    3      val=   1.70652
       -0.1996555340318 bend    4   10    3
       -0.1996555340318 bend    4   11    3
       -0.2266464792819 bend    1   10    3
       -0.2266464792819 bend    1   11    3
  21 k  0.4875679364142 bend    4   10    3      val=   0.00000
       -0.4875679364142 bend    4   11    3
       -0.5121303617057 bend    1   10    3
        0.5121303617057 bend    1   11    3
  22 k  1.0000000000000 stre    2   13           val=   2.05944
  23 k  1.0000000000000 stre    2   14           val=   2.05944
  24 k  0.1545823654123 bend   14   13    2      val=   2.71367
       -0.5056372843076 bend    1   13    2
       -0.5056372843076 bend    1   14    2
        0.4820612853879 bend    5   13    2
        0.4820612853879 bend    5   14    2
  25 k -0.5482367121239 bend    1   13    2      val=   0.00000
        0.5482367121239 bend    1   14    2
       -0.4465831473305 bend    5   13    2
        0.4465831473305 bend    5   14    2
  26 k -0.8840916329309 bend   14   13    2      val=  -0.28788
        0.1470017136702 bend    1   13    2
        0.1470017136702 bend    1   14    2
        0.2959416977528 bend    5   13    2
        0.2959416977528 bend    5   14    2
  27 k  0.4465831473305 bend    1   13    2      val=   0.00000
       -0.4465831473305 bend    1   14    2
       -0.5482367121239 bend    5   13    2
        0.5482367121239 bend    5   14    2
  28 k  1.0000000000000 tors   15    4    3    1 val=  60.00000
        1.0000000000000 tors   16    4    3    1
        1.0000000000000 tors   17    4    3    1
  29 k  1.0000000000000 stre    4   15           val=   2.06378
  30 k  1.0000000000000 stre    4   16           val=   2.06841
  31 k  1.0000000000000 stre    4   17           val=   2.06841
  32 k  0.4192614656893 bend   16   15    4      val=   1.56533
        0.4192614656893 bend   17   15    4
        0.4235356689052 bend   17   16    4
       -0.3982456650263 bend    3   15    4
       -0.3939908464857 bend    3   16    4
       -0.3939908464857 bend    3   17    4
  33 k  0.3444504547889 bend   16   15    4      val=   0.01714
        0.3444504547889 bend   17   15    4
       -0.6823011497264 bend   17   16    4
        0.4433724315686 bend    3   15    4
       -0.2242696996904 bend    3   16    4
       -0.2242696996904 bend    3   17    4
  34 k -0.6396610851215 bend   16   15    4      val=  -0.00000
        0.6396610851215 bend   17   15    4
       -0.3013862906325 bend    3   16    4
        0.3013862906325 bend    3   17    4
  35 k -0.2219261591886 bend   16   15    4      val=   0.12578
       -0.2219261591886 bend   17   15    4
        0.4457285883627 bend   17   16    4
        0.6843203572602 bend    3   15    4
       -0.3424392164247 bend    3   16    4
       -0.3424392164247 bend    3   17    4
  36 k  0.3013862906325 bend   16   15    4      val=  -0.00000
       -0.3013862906325 bend   17   15    4
       -0.6396610851215 bend    3   16    4
        0.6396610851215 bend    3   17    4
  37 k  1.0000000000000 tors    4    3    1    2 val= 180.00000
  38 k  1.0000000000000 stre    3    4           val=   2.89246
  39 k  1.0000000000000 bend    1    4    3      val= 112.60994
  40 k  1.0000000000000 tors    5    2    1    3 val= 180.00000
  41 k  1.0000000000000 stre    2    5           val=   2.85777
  42 k  1.0000000000000 bend    1    5    2      val= 110.96600
  43 k  1.0000000000000 stre    1    2           val=   2.87705
  44 k  1.0000000000000 stre    1    3           val=   2.90133
  45 k  1.0000000000000 bend    3    2    1      val= 111.41608
        45 non zero eigenvalues  of BmBt
           1           5.465834184    1    0
         1
           2           4.834678617    2    0
         2
           3           4.316160049    3    0
         3
           4           3.968873299    4    0
         4
           5           3.860908871    5    0
         5
           6           3.649537369    6    0
         6
           7           3.476714316    7    0
         7
           8           3.188682455    8    0
         8
           9           3.047769569    9    0
         9
          10           2.887576996   10    0
        10
          11           2.466131479   11    0
        11
          12           2.428059856   12    0
        12
          13           2.307349997   13    0
        13
          14           2.141308375   14    0
        14
          15           1.432239123   15    0
        15
          16           0.902197394   16    0
        16
          17           0.879282405   17    0
        17
          18           0.800465161   18    0
        18
          19           0.779954827   19    0
        19
          20           0.772320277   20    0
        20
          21           0.760793530   21    0
        21
          22           0.760201902   22    0
        22
          23           0.747692919   23    0
        23
          24           0.721141615   24    0
        24
          25           0.686070266   25    0
        25
          26           0.678759765   26    0
        26
          27           0.509764828   27    0
        27
          28           0.476070879   28    0
        28
          29           0.436868224   29    0
        29
          30           0.404744114   30    0
        30
          31           0.350357898   31    0
        31
          32           0.346543130   32    0
        32
          33           0.316017681   33    0
        33
          34           0.294321265   34    0
        34
          35           0.281134905   35    0
        35
          36           0.267795820   36    0
        36
          37           0.245294635   37    0
        37
          38           0.194577118   38    0
        38
          39           0.176543862   39    0
        39
          40           0.161440851   40    0
        40
          41           0.072978836   41    0
        41
          42           0.060836552   42    0
        42
          43           0.037937337   43    0
        43
          44           0.034095968   44    0
        44
          45           0.016886321   45    0
        45
$frag
 atom   1 fragment 1 symmetry cs
 atom   2 fragment 1
 atom   3 fragment 1
 atom   4 fragment 1
 atom   5 fragment 1
 atom   6 fragment 1
 atom   7 fragment 1
 atom   8 fragment 1
 atom   9 fragment 1
 atom  10 fragment 1
 atom  11 fragment 1
 atom  12 fragment 1
 atom  13 fragment 1
 atom  14 fragment 1
 atom  15 fragment 1
 atom  16 fragment 1
 atom  17 fragment 1
   iteration   5
$end
