$coord
   -1.26891735107592     -3.19933791647801     -1.81793936454808  c
    1.60525491454326     -3.02874950053062     -2.08126543299162  c
    2.09662285647849     -0.18481477754975     -2.01047794484362  c
    0.08385780320751      0.75143941376087     -0.34883765823101  n
   -1.85231279775605     -1.18436008058175      0.15079514916550  c
   -1.90353954136741     -5.05232451286732     -1.21883957070125  h
    2.48014259098452     -3.93254045448161     -0.45654552405495  h
    1.91769735064864      0.63794977423818     -3.89314455675437  h
   -2.17452399445581     -2.69806519652673     -3.59901702802374  h
    2.32277284882538     -3.89333408157345     -3.79871657104658  h
    3.95161239995811      0.27843382021225     -1.26177406413766  h
   -3.70905547803365     -0.33438009716749     -0.06831243227693  h
   -2.09081033791736      3.87238963142149      1.61826581808600  o
   -0.26872057948859      3.19110368607118      0.32769233318179  c
    1.70363730657732      5.04852708036695     -0.56357461530432  c
    1.88697669079729      5.01289227025540     -2.61308010313186  h
    1.13374067420135      6.91990534558906      0.04424477079557  h
    3.54128479245407      4.59576964153855      0.24683919588288  h
   -0.76430741627935     -4.31935668537773      3.30126295483808  o
   -1.58574984592172     -2.20389089227717      2.84605294619946  c
   -2.37975445287000     -0.55289059354984      4.63163219142623  n
   -2.69406290931644      1.26078958085610      4.11550821564755  h
   -2.03184552419349     -0.98515545534865      6.44923129082287  h
$user-defined bonds
$redundant
     number_of_atoms            23
     degrees_of_freedom         63
     internal_coordinates       63
     frozen_coordinates          0
# definitions of redundant internals
   1 k  1.0000000000000 stre   1    6           val=   2.04822
   2 k  1.0000000000000 stre   1    9           val=   2.06001
   3 k  0.0344177442872 bend   9    6    1      val=   0.66363
        0.5107656557242 bend   5    6    1
        0.4812225589153 bend   5    9    1
       -0.5219534685802 bend   2    6    1
       -0.4836561684079 bend   2    9    1
   4 k  0.0648315771667 bend   9    6    1      val=   0.62653
       -0.5026743372442 bend   5    6    1
        0.4806548312192 bend   5    9    1
       -0.5098086051820 bend   2    6    1
        0.5021767583095 bend   2    9    1
   5 k -0.8758798527439 bend   9    6    1      val=   5.28625
        0.2242274477064 bend   5    6    1
        0.2859278782965 bend   5    9    1
        0.1886490741211 bend   2    6    1
        0.2553689693336 bend   2    9    1
   6 k -0.0000743571232 bend   9    6    1      val=   0.14071
       -0.4896223328249 bend   5    6    1
        0.5243094159025 bend   5    9    1
        0.4758144838684 bend   2    6    1
       -0.5088911268700 bend   2    9    1
   7 k  1.0000000000000 stre   2   10           val=   2.05231
   8 k  1.0000000000000 stre   2    7           val=   2.05475
   9 k  0.0112167072660 bend   7   10    2      val=   0.23544
        0.5024333165200 bend   3   10    2
        0.4948883804259 bend   3    7    2
       -0.5275456777619 bend   1   10    2
       -0.4735145158524 bend   1    7    2
  10 k  0.0484043738213 bend   7   10    2      val=   0.44317
       -0.5120990223368 bend   3   10    2
        0.4834680122126 bend   3    7    2
       -0.4911876422551 bend   1   10    2
        0.5102989213977 bend   1    7    2
  11 k -0.8777470067815 bend   7   10    2      val=   5.48669
        0.2246587128108 bend   3   10    2
        0.2616339852286 bend   3    7    2
        0.2071593142267 bend   1   10    2
        0.2602332245252 bend   1    7    2
  12 k -0.0049177767687 bend   7   10    2      val=   1.07986
       -0.4829224431535 bend   3   10    2
        0.5205298531330 bend   3    7    2
        0.4857879072954 bend   1   10    2
       -0.5097259170310 bend   1    7    2
  13 k  1.0000000000000 stre   3   11           val=   2.05332
  14 k  1.0000000000000 stre   3    8           val=   2.06237
  15 k  0.0256471431118 bend   8   11    3      val=   0.98967
        0.5009309449866 bend   4   11    3
        0.4992398216970 bend   4    8    3
       -0.5169457805680 bend   2   11    3
       -0.4815984559671 bend   2    8    3
  16 k  0.0319633093018 bend   8   11    3      val=   0.37083
       -0.5149517401296 bend   4   11    3
        0.4907502072014 bend   4    8    3
       -0.4910192522019 bend   2   11    3
        0.5018639061488 bend   2    8    3
  17 k -0.8781807748488 bend   8   11    3      val=   5.76027
        0.2357511786839 bend   4   11    3
        0.2625414951750 bend   4    8    3
        0.2093318077437 bend   2   11    3
        0.2459106870658 bend   2    8    3
  18 k -0.0030401328492 bend   8   11    3      val=   0.56712
       -0.4854585024365 bend   4   11    3
        0.5083760841444 bend   4    8    3
        0.4956330799922 bend   2   11    3
       -0.5101199928368 bend   2    8    3
  19 k  1.0000000000000 stre   5   12           val=   2.05377
  20 k  0.2973255677759 bend   4   12    5      val=   5.70906
        0.5483028110146 bend   1   12    5
       -0.7816402843893 bend  20   12    5
  21 k  0.7847034796570 bend   4   12    5      val=   1.69151
       -0.6067016603748 bend   1   12    5
       -0.1270965944182 bend  20   12    5
  22 k  1.0000000000000 stre  14   13           val=   2.33447
  23 k  0.7071163604526 bend   4   13   14      val=   0.34067
       -0.7070972017908 bend  15   13   14
  24 k  1.0000000000000 outp  13   15    4   14 val=  -0.40831
  25 k  0.5773502691896 tors  17   15   14    4 val=  57.34196
        0.5773502691896 tors  16   15   14    4
        0.5773502691896 tors  18   15   14    4
  26 k  1.0000000000000 stre  15   17           val=   2.04848
  27 k  1.0000000000000 stre  15   16           val=   2.05800
  28 k  1.0000000000000 stre  15   18           val=   2.05881
  29 k  0.4289589497802 bend  16   17   15      val=   0.66998
        0.4007600607861 bend  18   17   15
        0.4073135823313 bend  18   16   15
       -0.3989493493056 bend  14   17   15
       -0.4047959807059 bend  14   16   15
       -0.4079961634913 bend  14   18   15
  30 k  0.2165640022089 bend  16   17   15      val=   0.93762
        0.4689840743587 bend  18   17   15
       -0.6808529104884 bend  18   16   15
        0.4199435850799 bend  14   17   15
       -0.2781244971615 bend  14   16   15
       -0.1260453674421 bend  14   18   15
  31 k -0.6988800034935 bend  16   17   15      val=   0.48386
        0.5647254456250 bend  18   17   15
        0.1654255326776 bend  18   16   15
       -0.0761144936845 bend  14   17   15
       -0.2521664140210 bend  14   16   15
        0.3096853054471 bend  14   18   15
  32 k  0.1668610771101 bend  16   17   15      val=   1.72762
        0.2591138515539 bend  18   17   15
       -0.4166368423392 bend  18   16   15
       -0.6942585761872 bend  14   17   15
        0.4079329606000 bend  14   16   15
        0.2881438243844 bend  14   18   15
  33 k  0.2987533092991 bend  16   17   15      val=   0.18533
       -0.2758926165196 bend  18   17   15
       -0.0278031031301 bend  18   16   15
       -0.0804222324694 bend  14   17   15
       -0.5969872962855 bend  14   16   15
        0.6862908599038 bend  14   18   15
  34 k  1.0000000000000 stre  20   19           val=   2.31456
  35 k  0.7071101759167 bend  21   19   20      val=   0.85432
       -0.7071033864401 bend   5   19   20
  36 k  1.0000000000000 outp  19    5   21   20 val=  -0.78302
  37 k  0.7071067811865 tors  23   21   20    5 val=  87.80274
        0.7071067811865 tors  22   21   20    5
  38 k  1.0000000000000 stre  21   23           val=   1.90041
  39 k  1.0000000000000 stre  21   22           val=   1.91170
  40 k  0.8191061300143 bend  22   23   21      val=   1.71191
       -0.4055525096400 bend  20   23   21
       -0.4056997777887 bend  20   22   21
  41 k  0.0093078415209 bend  22   23   21      val=   2.67544
       -0.6977457801268 bend  20   23   21
        0.7162849924446 bend  20   22   21
  42 k  1.0000000000000 outp  22   23   20   21 val=  18.97928
  43 k  0.7071067811865 tors  15   14    4    3 val=  91.20394
        0.7071067811865 tors  15   14    4    5
  44 k  1.0000000000000 stre  14   15           val=   2.85212
  45 k  1.0000000000000 bend   4   15   14      val= 116.32552
  46 k  0.7071067811865 tors  21   20    5    1 val= 130.44408
        0.7071067811865 tors  21   20    5    4
  47 k  1.0000000000000 stre  20   21           val=   2.55823
  48 k  1.0000000000000 bend   5   21   20      val= 113.21010
  49 k  1.0000000000000 stre   4   14           val=   2.55616
  50 k  0.7076581183654 bend   3   14    4      val=   2.17720
       -0.7065550137898 bend   5   14    4
  51 k  1.0000000000000 outp  14    5    3    4 val=  -8.92022
  52 k  1.0000000000000 stre   5   20           val=   2.89394
  53 k  0.7610114858545 bend   4   20    5      val=   8.11883
       -0.6487384052124 bend   1   20    5
  54 k  0.6487384052124 bend   4   20    5      val= 111.16245
        0.7610114858545 bend   1   20    5
  55 k  1.0000000000000 stre   1    5           val=   2.87687
  56 k  1.0000000000000 stre   5    4           val=   2.78311
  57 k  1.0000000000000 stre   4    3           val=   2.77288
  58 k  1.0000000000000 stre   3    2           val=   2.88694
  59 k  1.0000000000000 stre   2    1           val=   2.89125
  60 k -0.5116672736017 bend   1    4    5      val=   0.85138
        0.1954395075848 bend   5    3    4
        0.1954395075848 bend   4    2    3
       -0.5116672736017 bend   3    1    2
        0.6324555320337 bend   2    5    1
  61 k  0.3717480344602 bend   1    4    5      val=  -2.88277
       -0.6015009550075 bend   5    3    4
        0.6015009550075 bend   4    2    3
       -0.3717480344602 bend   3    1    2
  62 k -0.5116672736017 tors   4    3    2    1 val=  -8.96789
        0.1954395075848 tors   3    2    1    5
        0.1954395075848 tors   2    1    5    4
       -0.5116672736017 tors   1    5    4    3
        0.6324555320337 tors   5    4    3    2
  63 k  0.3717480344602 tors   4    3    2    1 val=  31.29200
       -0.6015009550075 tors   3    2    1    5
        0.6015009550075 tors   2    1    5    4
       -0.3717480344602 tors   1    5    4    3
        63 non zero eigenvalues  of BmBt
           1           6.874315506    1    0
         1
           2           5.339114466    2    0
         2
           3           4.883414378    3    0
         3
           4           4.639806401    4    0
         4
           5           4.139336930    5    0
         5
           6           4.077872495    6    0
         6
           7           3.909611333    7    0
         7
           8           3.845140399    8    0
         8
           9           3.741317820    9    0
         9
          10           3.694928032   10    0
        10
          11           3.541997111   11    0
        11
          12           3.352606884   12    0
        12
          13           3.071336574   13    0
        13
          14           2.820844416   14    0
        14
          15           2.770393692   15    0
        15
          16           2.609546103   16    0
        16
          17           2.505486756   17    0
        17
          18           2.396708120   18    0
        18
          19           2.270560491   19    0
        19
          20           2.108394891   20    0
        20
          21           1.985051832   21    0
        21
          22           1.780483527   22    0
        22
          23           1.616180948   23    0
        23
          24           1.462167883   24    0
        24
          25           1.298417416   25    0
        25
          26           1.054524448   26    0
        26
          27           0.950260553   27    0
        27
          28           0.936519458   28    0
        28
          29           0.850231688   29    0
        29
          30           0.805014991   30    0
        30
          31           0.780401317   31    0
        31
          32           0.771827898   32    0
        32
          33           0.696766527   33    0
        33
          34           0.695042459   34    0
        34
          35           0.652690323   35    0
        35
          36           0.607732966   36    0
        36
          37           0.488199296   37    0
        37
          38           0.478177294   38    0
        38
          39           0.398470042   39    0
        39
          40           0.355548975   40    0
        40
          41           0.345571577   41    0
        41
          42           0.324014398   42    0
        42
          43           0.319257575   43    0
        43
          44           0.311707720   44    0
        44
          45           0.299638012   45    0
        45
          46           0.284548989   46    0
        46
          47           0.277303473   47    0
        47
          48           0.272031226   48    0
        48
          49           0.262441656   49    0
        49
          50           0.242651106   50    0
        50
          51           0.226093124   51    0
        51
          52           0.185496276   52    0
        52
          53           0.181285125   53    0
        53
          54           0.148314514   54    0
        54
          55           0.108803693   55    0
        55
          56           0.083935370   56    0
        56
          57           0.067743455   57    0
        57
          58           0.061149058   58    0
        58
          59           0.054519529   59    0
        59
          60           0.032473777   60    0
        60
          61           0.021353886   61    0
        61
          62           0.014558023   62    0
        62
          63           0.008585416   63    0
        63
$end
