$energy      SCF               SCFKIN            SCFPOT            RIRPA
     1 -530.7923213395      0.00000000      0.00000000     -3.523247355428
     2 -530.7932351625      0.00000000      0.00000000     -3.522434415362
     3 -530.7967501542      0.00000000      0.00000000     -3.519885762179
     4 -530.7962916915      0.00000000      0.00000000     -3.520513077677
     5 -530.7963949833      0.00000000      0.00000000     -3.520461849902
     6 -530.7969047498      0.00000000      0.00000000     -3.519946381520
     7 -530.7966376975      0.00000000      0.00000000     -3.520243599663
     8 -530.7965544513      0.00000000      0.00000000     -3.520343431128
     9 -530.7963486602      0.00000000      0.00000000     -3.520542484101
    10 -530.7964849712      0.00000000      0.00000000     -3.520419061388
    11 -530.7965028678      0.00000000      0.00000000     -3.520401782674
    12 -530.7965083449      0.00000000      0.00000000     -3.520397043496
    13 -530.7965019333      0.00000000      0.00000000     -3.520403619958
    14 -530.7965039410      0.00000000      0.00000000     -3.520401759120
    15 -530.7965050842      0.00000000      0.00000000     -3.520400594464
    16 -530.7965042077      0.00000000      0.00000000     -3.520401519567
$end
