$hessapprox internal
  0.421926250355D+00 -0.396778780963D-02  0.413712097205D+00  0.739155305133D-03
  0.788648479952D-03  0.335767236889D+00 -0.111611114770D-03 -0.127971729060D-03
 -0.572324410914D-03  0.336120312781D+00 -0.286051172001D-03 -0.337300590664D-03
  0.824472486761D-03  0.216806545786D-03  0.318414465867D+00  0.205940603373D-02
  0.217498358274D-02  0.343285938363D-02  0.223882181615D-02 -0.340899459868D-03
  0.325112135102D+00 -0.425425990455D-02 -0.365552197752D-02  0.111680495836D-02
 -0.340913567035D-04 -0.584838737266D-03  0.178194217874D-02  0.418261971665D+00
 -0.420105256901D-02 -0.353925616422D-02  0.704974053717D-03  0.445693091234D-04
 -0.289006032985D-03  0.158855553035D-02 -0.378650123351D-02  0.418582893170D+00
  0.569179602332D-03  0.738892858610D-03 -0.396619500838D-03 -0.352914057790D-03
  0.551374143366D-03  0.108954888504D-02  0.759092637206D-03  0.525690896459D-03
  0.336104966612D+00 -0.460979568050D-03 -0.587562392058D-03  0.196700577787D-02
  0.588709637740D-03 -0.188106636494D-02 -0.289262496295D-02 -0.125390064503D-02
 -0.598155066955D-03  0.106397589589D-02  0.331843182011D+00 -0.504556772141D-03
 -0.389581337724D-03  0.117040694394D-02  0.895186859175D-03 -0.619029413149D-03
 -0.418078897495D-02 -0.630442897234D-03 -0.374631765463D-03  0.677079040303D-03
 -0.166994951410D-02  0.317435324386D+00  0.459581041855D-03  0.318333079115D-03
 -0.136534691627D-02 -0.125643216964D-02  0.310788508104D-03  0.516098793742D-02
  0.373693582190D-03  0.497863701024D-03 -0.741421775868D-03  0.948476483336D-03
  0.247475760685D-02  0.332776454219D+00 -0.466982115072D-02 -0.402924096812D-02
  0.244102993763D-04 -0.531830747337D-03 -0.834611760820D-04  0.316886130671D-02
 -0.429355369463D-02 -0.408887667289D-02  0.373261874132D-03  0.139964645054D-03
  0.430501953542D-03 -0.358842429040D-03  0.416920412440D+00 -0.426416700497D-02
 -0.366478288092D-02  0.138963745005D-02  0.265742803835D-03 -0.382287946794D-03
  0.528257752291D-03 -0.392276865958D-02 -0.388404082395D-02  0.813906000410D-03
 -0.107651364099D-02 -0.127715657133D-02  0.124914891114D-02 -0.427468215393D-02
  0.410594048931D+00  0.448559619717D-03  0.294365003602D-03 -0.139305636705D-02
 -0.558491568186D-03  0.157302900228D-02  0.193593735790D-02  0.898483700560D-03
  0.116794725028D-03 -0.850470156246D-03  0.335888072672D-02  0.115292687489D-02
 -0.714749923672D-03 -0.238055525005D-03  0.723562509347D-03  0.335419721095D+00
  0.616038151120D-03  0.112008409919D-03 -0.710269669764D-03 -0.922231942082D-03
 -0.290790203356D-03  0.362832283892D-02  0.632673651814D-04  0.600344980476D-04
 -0.272074801415D-03  0.773668898314D-04  0.196037938418D-02 -0.273833012747D-02
 -0.300740387813D-03  0.102351990408D-02  0.926515978558D-04  0.334077500839D+00
 -0.664314249749D-04 -0.138905100530D-03 -0.225126043667D-03 -0.187232935572D-03
  0.184498823914D-05  0.691158885731D-03 -0.122180752163D-03 -0.973714460552D-04
 -0.526696621247D-04  0.149573695815D-03  0.364575822939D-03 -0.380288770393D-03
 -0.135159277064D-03 -0.326885065798D-04 -0.974970635484D-04 -0.498658537507D-03
  0.318856922878D+00  0.130854760269D-02  0.131953255233D-02  0.387515653726D-02
  0.235712265217D-02 -0.891152619883D-03 -0.121471994862D-01  0.846312018951D-03
  0.810080013172D-03  0.124500217860D-02 -0.448868413419D-02 -0.507379197171D-02
  0.548225092668D-02  0.267501499213D-02 -0.476232436861D-03  0.329538609741D-02
  0.520768688014D-02  0.911251202203D-03  0.323678373760D+00 -0.515574308688D-02
 -0.456859760447D-02  0.114668806433D-02  0.970141811928D-05 -0.665018008288D-03
  0.184572633471D-02 -0.491588527984D-02 -0.446373901765D-02  0.593251435602D-03
 -0.158094980638D-02 -0.673676914669D-03  0.229768103974D-03 -0.527714385244D-02
 -0.476693132063D-02  0.102628404120D-02 -0.508209092584D-04 -0.155725074548D-03
  0.863804861704D-03  0.413607958827D+00  0.668863978621D-03  0.646994724529D-03
  0.321082741265D-04 -0.112232421834D-04  0.632653194573D-04 -0.158498842332D-02
  0.380072812566D-03  0.656355676091D-03 -0.223815372827D-03 -0.467612823489D-03
  0.396322478487D-03 -0.484062825485D-03  0.838040253514D-03  0.351731451685D-03
 -0.721384346488D-04 -0.737218856021D-03  0.350989616394D-04 -0.160555760314D-02
  0.247338386791D-03  0.334802029482D+00 -0.759762828988D-03 -0.570499238736D-03
  0.891571620995D-03  0.841890632081D-03 -0.496443336844D-03 -0.214970637956D-02
 -0.613646186936D-03 -0.406520147387D-03  0.348322828668D-03 -0.117533845227D-02
 -0.151551859837D-02  0.179588984635D-02 -0.271713499756D-03 -0.904028057565D-03
  0.944957333874D-03  0.157773168658D-02  0.188374492529D-03 -0.288752280957D-02
 -0.325768833215D-03  0.564437441478D-03  0.337482192378D+00 -0.195621253141D-02
 -0.118329368641D-02 -0.579796444964D-03 -0.671785973678D-03  0.214856123267D-02
  0.273554915108D-02 -0.121437246490D-02 -0.202840868540D-02 -0.596056139968D-03
  0.349060177604D-02  0.176638132640D-02 -0.131641059426D-02 -0.280148334714D-02
 -0.130914649786D-02 -0.316016501547D-02 -0.791911129267D-03 -0.215137354125D-03
  0.367811544012D-02 -0.220427008930D-02 -0.414444460814D-03  0.168988644560D-02
  0.968444292335D+00  0.128625352731D-02  0.315770128576D-03 -0.827431776521D-03
  0.945836101539D-03 -0.756322648637D-03  0.175739617701D-02  0.650364103825D-03
  0.172083172002D-02 -0.796938974804D-03 -0.193211913173D-02  0.188637529120D-03
 -0.108030851892D-02  0.921518134871D-03  0.809429262028D-03  0.398244538630D-03
  0.278373210150D-03 -0.113059822377D-03  0.565485567416D-03  0.223980320119D-02
  0.183408963927D-02  0.213884687630D-02  0.707084045613D-02  0.467325445094D+00
  0.190786960452D-02 -0.117492906750D-02 -0.238021787027D-02 -0.748753291686D-03
 -0.461053745399D-03 -0.610711869598D-03 -0.102553243335D-02 -0.209026886921D-02
 -0.117448850023D-02 -0.149018109942D-02  0.194779537308D-02 -0.358823415408D-02
  0.772130150147D-03 -0.323800796945D-03  0.163089918840D-02 -0.186129741123D-02
  0.339801714146D-04  0.580413953790D-02  0.114330982561D-03 -0.188541649832D-02
  0.208153546790D-02 -0.151838578581D-02  0.306558427051D-01  0.264754078225D+00
 -0.184052033282D-03  0.331266747678D-03  0.421723748065D-03  0.665092073646D-04
 -0.460421228937D-03 -0.140884086131D-03  0.455211709510D-04  0.646077594942D-03
  0.292696618401D-03 -0.426383621131D-03  0.291207853451D-03 -0.337407834065D-04
  0.278825746112D-03  0.356331250307D-03  0.457589606366D-03 -0.189957884597D-02
 -0.103967540882D-03  0.908165405146D-03  0.108775732784D-03 -0.397876537560D-03
 -0.107719024274D-03  0.564752564413D-03 -0.904941776123D-04 -0.467909247579D-02
  0.492206755460D-02 -0.421408075984D-02 -0.354488533240D-02  0.821736476349D-03
  0.911432838508D-05 -0.252598947821D-03  0.165305228944D-02 -0.380119192203D-02
 -0.374812516324D-02  0.684136973014D-03 -0.515062125250D-03 -0.700565977103D-03
  0.712867636517D-03 -0.417328847722D-02 -0.395361679813D-02  0.275153245183D-03
  0.863281623001D-03 -0.553158716678D-04  0.603353421826D-03 -0.467136076336D-02
  0.765795764538D-03 -0.789600074575D-03 -0.130560375455D-02  0.792580503884D-03
  0.516653099048D-03  0.453398303976D-03  0.423297819988D+00 -0.420477524426D-02
 -0.376363053940D-02  0.860175609844D-03  0.388112548425D-05 -0.697911234330D-03
  0.148923700407D-02 -0.403249879640D-02 -0.387286355379D-02  0.676693590022D-03
 -0.758475796020D-03 -0.326312164838D-03  0.608123319507D-03 -0.421247912591D-02
 -0.384187951342D-02  0.802308781030D-03 -0.107180551486D-02 -0.223612825372D-03
  0.205312520955D-02 -0.473701396866D-02  0.492985588339D-03 -0.529987171215D-03
 -0.191492729471D-02  0.172669141060D-02 -0.162260872986D-02 -0.177828252043D-02
 -0.361727894010D-02  0.415556322680D+00 -0.375124657966D-02 -0.309070476699D-02
  0.322815090385D-03 -0.357630708844D-03  0.105729978059D-03  0.285191418706D-02
 -0.330912007685D-02 -0.315545863750D-02  0.317037738846D-03 -0.209864574616D-03
 -0.940721114896D-04 -0.435003906875D-03 -0.393605904388D-02 -0.336700028735D-02
 -0.240988708388D-03  0.931430078023D-03 -0.687112538376D-04  0.103288346312D-02
 -0.418918948538D-02  0.504315393730D-03 -0.167625334898D-03 -0.172723730943D-02
 -0.168844059239D-03 -0.349531949828D-03  0.194946793955D-02 -0.347790379038D-02
 -0.214784751999D-02  0.414811213202D+00  0.274342596586D-03  0.283379910117D-03
 -0.652166982892D-03 -0.276397137129D-03  0.452298954548D-03  0.114245966852D-02
  0.434190232548D-03  0.306235977839D-03 -0.443803857480D-03  0.105402605910D-02
  0.708737767128D-03 -0.779162153856D-03  0.184092339762D-04  0.567153883722D-03
 -0.771081343392D-03 -0.367931409255D-03 -0.800064692578D-04  0.157058287505D-02
  0.562430578844D-03 -0.908846059389D-04  0.580303911468D-03 -0.120417844638D-02
  0.594930135474D-03  0.202998412886D-03 -0.102555914226D-04  0.339015689802D-03
  0.429595920862D-03  0.594663442142D-04  0.326454820572D+00 -0.345080724761D-03
 -0.614699297026D-03 -0.357815136125D-03 -0.278029115335D-03 -0.543405223110D-03
  0.230412999425D-02 -0.486203822118D-03 -0.344123995143D-03 -0.560289432497D-04
  0.356157860028D-03  0.113794579512D-02 -0.783418697089D-03 -0.712566006239D-03
  0.215877179705D-03  0.303751742662D-03 -0.340354116962D-02 -0.411229196062D-03
  0.478416459565D-02 -0.233704676429D-03  0.126337066141D-03  0.685459690217D-03
 -0.731853437663D-03  0.138171016866D-02 -0.436021065096D-02 -0.328849894752D-02
  0.850761653203D-04 -0.281411477655D-02  0.171998556221D-02 -0.740572140053D-04
  0.316090259829D+00 -0.663424772509D-03 -0.125980298169D-02  0.146951711037D-02
  0.908180744153D-03 -0.217697972457D-02 -0.378074874833D-02 -0.147117828157D-02
 -0.136884457744D-02  0.103175715460D-02 -0.141086612062D-02 -0.303019185836D-03
  0.260926235014D-02 -0.189234081088D-03 -0.708066853947D-03  0.268635251003D-02
 -0.637782887300D-02 -0.492579443275D-03  0.305742939144D-02 -0.101814141464D-02
 -0.239884772409D-03 -0.727425465570D-03 -0.447299223052D-03  0.449614028773D-02
 -0.795306700208D-02 -0.104989096272D-01  0.292365964348D-03 -0.850443539545D-02
  0.648547517905D-02  0.896100575952D-03 -0.133563978403D-01  0.274973231760D+00
 -0.392162681718D-03 -0.149744425880D-03  0.212837639964D-03  0.305562877187D-03
  0.420983455912D-03 -0.231987520496D-02 -0.179769976554D-03 -0.399220618261D-03
  0.266298891596D-04  0.291175580722D-03 -0.873700702899D-03  0.120455585513D-02
  0.980844803097D-05 -0.749535437416D-03 -0.378527891046D-03  0.209418326745D-02
  0.276322448127D-03 -0.300376356454D-02 -0.315497615226D-03  0.167479796316D-04
 -0.714671939389D-03 -0.734893726794D-03 -0.416496321821D-03  0.241576319008D-02
  0.105040999700D-02 -0.553850690955D-03  0.623941775609D-03 -0.853899562199D-03
  0.877393275393D-04  0.205526819679D-02  0.446131634707D-02  0.331975755932D+00
 -0.281069224936D-03 -0.958907502084D-03  0.124346466002D-02  0.373112123891D-03
 -0.235067730739D-02 -0.295233425008D-02 -0.151620037719D-02 -0.139165767482D-02
  0.983186710805D-03 -0.155668806082D-02  0.953465014016D-03  0.102905013562D-02
 -0.764645099228D-04 -0.253230638991D-03  0.270525703054D-02 -0.902290344046D-02
 -0.757851825490D-03  0.495212123191D-02 -0.143020093551D-02 -0.993668639869D-03
  0.167986036180D-03 -0.122459725741D-02  0.528721576346D-02 -0.104435973291D-01
 -0.123777002576D-01  0.105622378194D-02 -0.958001318253D-02  0.752810597022D-02
  0.622235702194D-03 -0.161147605441D-01 -0.501057573745D-01  0.588081665649D-02
  0.277002009270D+00 -0.339145703346D-02 -0.373959945784D-02 -0.357758148467D-03
 -0.211245097573D-03  0.129078393716D-02  0.207502938077D-02 -0.324897380947D-02
 -0.423008781267D-02 -0.955734189074D-04  0.242075719816D-02  0.823978879803D-04
  0.439005285642D-03 -0.469661360034D-02 -0.368631052023D-02 -0.222435975391D-02
  0.651966277625D-03 -0.245267771880D-03  0.330507629131D-02 -0.381913765801D-02
  0.386640575983D-03  0.609379970016D-03 -0.694829697221D-02  0.550378891075D-02
  0.889999723318D-02  0.170108166650D-02 -0.371547613470D-02 -0.334291861374D-02
 -0.373058994635D-02 -0.116923711480D-03  0.523260428262D-04  0.907880917894D-03
 -0.869570030174D-03  0.129418811048D-02  0.100537020684D+01 -0.456874582895D-03
 -0.847854715009D-03 -0.810307662166D-04  0.611713878473D-04 -0.112433975879D-02
  0.706260548127D-03 -0.104784648158D-02  0.210849681247D-03 -0.310609943475D-03
 -0.241869350084D-02  0.481211631997D-03 -0.152890648872D-02 -0.568530364705D-03
 -0.451376869026D-03  0.135654272383D-02 -0.181652447917D-02 -0.179816621262D-03
  0.434724059951D-03 -0.516267386491D-03 -0.305117525495D-03  0.103213611561D-02
  0.419474014018D-03  0.489988551276D-02  0.577090238725D-02 -0.228487294413D-03
 -0.388270639854D-03 -0.680947934055D-03 -0.572657092667D-03  0.413316429214D-03
 -0.366468307897D-03 -0.757501491277D-03  0.728804887818D-03 -0.238274336579D-02
  0.206819004884D-02  0.448564853992D+00  0.107129547370D-02  0.747680736661D-03
 -0.498383769500D-03  0.164556922750D-03  0.281715562800D-04 -0.610709713102D-03
  0.794772481374D-03  0.951005040859D-03 -0.487907409430D-03 -0.470806679618D-03
  0.165820129310D-03 -0.367229416292D-03  0.130847990928D-02  0.111720077886D-02
  0.180987882543D-03 -0.824275654066D-03  0.230171829970D-04 -0.112668105411D-02
  0.184897083972D-02  0.311456555412D-03  0.192979622504D-02  0.187982867866D-02
  0.281862874593D-02 -0.316213561093D-02  0.645336700370D-03  0.757794050746D-03
  0.682726546040D-03  0.123987127824D-02  0.160338764326D-03 -0.601067492158D-03
 -0.110660987857D-02  0.726743752284D-03 -0.108931959292D-02 -0.108203429585D-02
 -0.523571535534D-03  0.189108853797D+00 -0.122153306155D-02 -0.452765011634D-03
 -0.181320594853D-03  0.178387061705D-03 -0.303522163334D-03 -0.764311304542D-03
 -0.788269658339D-03 -0.186449879674D-04  0.609506751547D-03  0.624587239204D-03
  0.319091289569D-03  0.157802611628D-02  0.172575357497D-03 -0.184731237559D-02
 -0.108715629104D-02  0.902053240851D-03  0.223151911616D-03 -0.172425857230D-02
 -0.197502919785D-02  0.200006799222D-02 -0.231842444593D-02  0.135017116042D-02
 -0.171047892561D-02 -0.984630713867D-02 -0.392367161090D-03 -0.724875454040D-03
 -0.385794713746D-03 -0.732884840866D-03 -0.468774755343D-04  0.842734455121D-03
  0.127390757917D-02 -0.825226943721D-03  0.273162566180D-02 -0.813644441524D-03
  0.400629982069D-03 -0.179766605567D-01  0.472733195797D-01 -0.189765967731D-02
 -0.158233322543D-02  0.522339962296D-03 -0.122146270307D-03  0.520261779191D-03
  0.252865286896D-02 -0.154059809404D-02 -0.176562264025D-02  0.417393624225D-03
  0.842069958882D-03  0.299274273010D-03  0.151885941446D-03 -0.234161191601D-02
 -0.161750881238D-02 -0.809741594102D-03 -0.664942853655D-03 -0.178890355223D-03
  0.274711869302D-02 -0.218776777449D-02  0.458301690482D-03  0.388377083476D-03
 -0.944705133982D-03  0.329476976645D-02 -0.210669692837D-02  0.185730593533D-03
 -0.162623325073D-02 -0.249527585836D-02 -0.114637594528D-02 -0.217746069263D-03
 -0.129477136532D-02 -0.348505048079D-02 -0.201445880342D-03 -0.392138983038D-02
 -0.414276769039D-02 -0.289687926702D-03  0.893260597356D-03  0.198725864523D-03
  0.513578957306D+00 -0.224044704888D-02 -0.218400994767D-02  0.523944859553D-04
 -0.415148598776D-03  0.309682643783D-03  0.250528467242D-02 -0.226482170110D-02
 -0.215892289101D-02  0.230529771411D-03  0.508285511138D-03  0.920513098236D-03
 -0.586262385661D-03 -0.265220468034D-02 -0.230931677196D-02 -0.882104700971D-03
 -0.155667043947D-02 -0.236584005274D-03  0.285994568460D-02 -0.306848947554D-02
  0.316283069397D-03  0.709019347832D-03 -0.194975204340D-02  0.346518033860D-02
 -0.182450946830D-02 -0.381144432793D-04 -0.201737375618D-02 -0.284983440881D-02
 -0.183050021347D-02 -0.176473743525D-03 -0.135007839649D-02 -0.280724670595D-02
  0.185007153285D-03 -0.375630168237D-02 -0.470743706630D-02 -0.437345609132D-03
 -0.580193932054D-03  0.318537189389D-02 -0.842893369882D-03  0.500821973618D+00
 -0.412623337668D-03 -0.487342577148D-03  0.101961130847D-02  0.874825163444D-03
 -0.567376370495D-03 -0.400683268532D-02 -0.678168425096D-03 -0.454729630057D-03
  0.401904408926D-03 -0.194302784668D-02 -0.189556511050D-02  0.187815982318D-02
  0.163763239444D-03 -0.125289278926D-02  0.119466159536D-02  0.252604891714D-02
  0.350324150165D-03 -0.522466212262D-02 -0.605570063600D-03  0.225330736699D-04
 -0.122868303864D-02  0.125681350951D-02  0.203714106836D-02  0.942240039997D-02
  0.904168989683D-03 -0.771128022228D-03  0.458983491371D-03 -0.952390457010D-03
  0.753674075688D-03  0.250246228139D-02  0.403730663042D-02 -0.126710019466D-02
  0.553993989032D-02  0.109882511630D-02  0.123113563829D-02 -0.178416717521D-02
  0.380891413012D-03  0.101924939257D-03  0.714546212803D-03  0.342156982572D+00
 -0.800773991771D-03 -0.104564010079D-02  0.166371084141D-02  0.137797723051D-02
 -0.128455628290D-02 -0.520144530436D-02 -0.129704955751D-02 -0.479836611036D-03
  0.780865734930D-03 -0.345463825773D-02 -0.267916275594D-02  0.288929320160D-02
  0.916223999830D-04 -0.207759722069D-02  0.201392142074D-02  0.268582623539D-02
  0.400595178177D-03 -0.735063767505D-02 -0.114501116233D-02  0.575611098521D-03
 -0.159782932990D-02  0.302365844174D-02  0.187347268072D-02  0.320778022203D-02
  0.132141706252D-02 -0.132976009839D-02  0.143267031927D-03 -0.121943131670D-02
  0.131908936474D-02  0.313418706296D-02  0.413676970530D-02 -0.148755644752D-02
  0.588728532206D-02  0.370873416912D-03  0.124307363102D-02 -0.209764493706D-02
  0.264672437380D-02  0.328189508309D-03  0.105685569835D-02 -0.264020517292D-02
  0.370765838169D+00 -0.797336313654D-05 -0.215106979536D-03  0.317372987057D-03
 -0.451315191792D-03 -0.221441112388D-03  0.175449009233D-02 -0.174514061903D-03
 -0.761166566091D-03  0.479010491210D-04 -0.350042539740D-03  0.977213388536D-04
 -0.133035384264D-02 -0.943579388932D-03  0.805660760771D-03  0.117294749526D-02
 -0.154636865277D-02 -0.278979845328D-03  0.352439240489D-02  0.111996978204D-03
 -0.159670392358D-02  0.549863351725D-03 -0.197080805056D-02 -0.137459251458D-02
  0.863988041833D-02 -0.182026240793D-02  0.117011509891D-03 -0.148266176453D-02
  0.772056215582D-03 -0.621968917307D-04 -0.286003169251D-02 -0.683799083070D-02
  0.140456908599D-02 -0.876273422494D-02  0.177571344333D-02 -0.971241896271D-03
  0.349363962805D-02 -0.107471084658D-01 -0.127415610027D-02 -0.271001671454D-02
  0.144255664518D-02 -0.323469764753D-03  0.433215154553D-01 -0.278827466025D-04
  0.113776623507D-02  0.546028085447D-04 -0.847556710142D-03 -0.189462133448D-03
  0.459985287386D-02  0.975129830625D-03  0.207248514480D-02  0.289539819814D-03
  0.105505097576D-02  0.176949175329D-02 -0.125209882349D-02  0.674730820720D-04
  0.154659081775D-02 -0.111014784034D-02 -0.421440650523D-02 -0.565395283001D-03
  0.263650191515D-02  0.183482260379D-03  0.705910968597D-03  0.710090519064D-03
  0.142742255565D-02 -0.199143476760D-01 -0.715566785401D-01  0.138392844091D-03
  0.108665686913D-02 -0.864216835662D-04  0.178728664011D-02 -0.634956174128D-03
 -0.179002878621D-02 -0.336602220143D-02  0.141121754738D-02 -0.520857386552D-02
 -0.421396921776D-02 -0.586746601095D-02  0.163974983265D-02  0.856222440084D-02
  0.972965705659D-03  0.329790806375D-04 -0.272131108435D-02  0.183653878984D-02
 -0.885680133245D-02  0.632775888339D-01 -0.257224479028D-02 -0.217342890267D-02
  0.672853518865D-03 -0.469663412836D-03 -0.110026110229D-03  0.355241474646D-02
 -0.236138742995D-02 -0.225296712274D-02  0.643629148795D-03 -0.243435934056D-03
  0.346651952348D-03 -0.697026358527D-03 -0.310756349147D-02 -0.211924063960D-02
 -0.393447148496D-04 -0.120131451314D-02 -0.301879942657D-03  0.300406090507D-02
 -0.328848682012D-02  0.840022978322D-04  0.146831772065D-03 -0.644330216660D-03
 -0.151267259987D-02 -0.685696209356D-02  0.495001649571D-03 -0.218842575904D-02
 -0.279229782912D-02 -0.203730531279D-02 -0.264510966611D-04 -0.106635624977D-02
 -0.164955510969D-02  0.264332693406D-03 -0.230698760326D-02 -0.325118049987D-02
 -0.170350799837D-02 -0.745096564040D-03  0.695317492494D-03 -0.517768229846D-03
 -0.183893322113D-02 -0.985555983100D-04 -0.330761854580D-03 -0.534877094827D-03
  0.266035746853D-02  0.387667511948D+00  0.302863688297D-02  0.368121729509D-02
  0.693669806982D-03 -0.124671476399D-02  0.183245100627D-02 -0.110955162425D-02
  0.319077876434D-02  0.163152205935D-02  0.104053994073D-02  0.277164702564D-02
  0.785214927834D-03 -0.417916244637D-03  0.265240176654D-02  0.274679750324D-02
 -0.224661089315D-02 -0.660692272191D-03  0.111846892396D-04 -0.633268074256D-03
  0.116546053058D-02 -0.244289314381D-02 -0.916788750377D-03 -0.280551711579D-02
 -0.168530532526D-01 -0.240960253916D-01  0.188283764136D-02  0.319125187348D-02
  0.214264504349D-02  0.260243818674D-02 -0.131348484539D-02 -0.676388512666D-03
 -0.638970202302D-03  0.145093533230D-03 -0.639663698419D-03 -0.356935498979D-02
 -0.551919399042D-02 -0.634837045525D-02  0.488767946000D-02  0.884457363855D-03
 -0.629223454841D-03 -0.154619583629D-02 -0.202157650638D-02  0.190352304125D-02
  0.141291723441D-01  0.451823713070D-02  0.414537010838D+00 -0.504854261455D-03
 -0.165009653537D-03 -0.164339161298D-02  0.705611630071D-03 -0.447048333540D-03
  0.238967549088D-02 -0.132675300197D-03  0.155036732677D-02 -0.550486346310D-03
  0.814003528283D-03  0.168479209092D-02  0.122727310974D-04  0.453300546277D-03
 -0.521412593621D-03 -0.190307742237D-02 -0.101809254327D-02 -0.130863638066D-03
  0.145896006663D-02  0.397895952428D-03  0.374755525953D-02  0.731404292237D-03
  0.284656450542D-02  0.136802255023D-01 -0.422834456319D-02 -0.581551919123D-03
  0.411752684166D-04 -0.162261025386D-03  0.389070896692D-03 -0.287215032375D-04
 -0.682907293492D-03 -0.166121623896D-02 -0.196781982985D-04 -0.932727756660D-03
 -0.112619244329D-02  0.386240133261D-02 -0.574995673454D-02  0.186970560249D-01
  0.102214787163D-02  0.390369138016D-02  0.228447390783D-02  0.609444923958D-02
 -0.140542074776D-01  0.331674695752D-02 -0.811288655244D-03 -0.103676169930D-01
  0.351381421470D-01 -0.208264288633D-02 -0.156242607836D-02 -0.926058448058D-05
 -0.343399805379D-03  0.102593892704D-02  0.307884731013D-02 -0.134437281075D-02
 -0.189882642434D-02  0.376798776285D-03  0.293665292261D-02  0.103410759220D-02
  0.678760770191D-03 -0.242531886522D-02 -0.147883986040D-02 -0.201109871714D-02
 -0.179721573772D-02 -0.278773054816D-03  0.474862045086D-02 -0.213736012835D-02
  0.100488413095D-02  0.239271546964D-03 -0.385914064794D-02  0.210282163661D-04
 -0.171057893023D-01 -0.657934433454D-03 -0.153819238493D-02 -0.367696556527D-02
  0.293139230799D-04 -0.649171836077D-03 -0.361258772041D-02 -0.996539014812D-02
  0.474562341931D-03 -0.110362114332D-01 -0.792107942508D-02 -0.796871467944D-03
  0.559115071598D-03  0.356105383267D-02 -0.126154650646D-02 -0.173179284586D-02
  0.560289300422D-03  0.212873560826D-02 -0.439508928091D-02  0.101890008030D-01
 -0.943743530620D-04  0.364313372899D-02  0.399970834341D-03  0.621557851133D+00
  0.827976993921D-03 -0.338953497022D-04 -0.120763628778D-02  0.270360175749D-02
 -0.861681812720D-03  0.838194314162D-02  0.142434530750D-02  0.295996555825D-02
 -0.827696403351D-03 -0.780563763386D-03 -0.571836268288D-03  0.592528394091D-03
  0.198434479013D-04  0.148983194399D-02 -0.630388621187D-03  0.220431619125D-02
 -0.371199410998D-03  0.638468561417D-02  0.506875719994D-02  0.683851339530D-02
  0.317011661531D-02  0.173508885552D-01  0.415679608299D-01  0.555404592734D-01
 -0.520243428043D-03  0.367221428848D-03  0.105280077308D-02  0.718564769657D-03
  0.987212354590D-03  0.719532359974D-04  0.357075007275D-03 -0.141265265611D-02
  0.367059452646D-02  0.860220752424D-02  0.121592278024D-01  0.778919407144D-02
 -0.688791611459D-02  0.832567900646D-02  0.889128465355D-02  0.402253013556D-02
  0.458307178033D-02 -0.341725961274D-02 -0.344946353336D-01 -0.785789169543D-03
 -0.288175281230D-01  0.243389715755D-01 -0.182471235056D-02  0.471830989218D+00
 -0.393642677662D-02 -0.355077536995D-02  0.181295209969D-02  0.132174288749D-02
 -0.336825069212D-03 -0.110603772926D-02 -0.343295556550D-02 -0.392769493641D-02
  0.136604460392D-02 -0.561150561091D-03 -0.273779301013D-02  0.408722969504D-02
 -0.358750854345D-02 -0.427626651813D-02  0.760451991866D-03  0.326775476779D-02
  0.226637663974D-03 -0.120628702704D-02 -0.370987264702D-02  0.208891498594D-02
 -0.217393265210D-02  0.899087525609D-03  0.788190938593D-02  0.173559820610D-01
  0.379728663275D-05 -0.398105102544D-02 -0.444712244383D-02 -0.217585470660D-02
  0.872574225820D-03 -0.696933108908D-03 -0.583777407761D-02 -0.141560005269D-02
 -0.360548915494D-02 -0.381025175960D-02  0.261032467522D-02 -0.657157482973D-03
 -0.255801059620D-02 -0.704894322168D-03 -0.296719226527D-03 -0.904769659119D-03
 -0.273143685585D-02  0.123518158691D-02 -0.642377850847D-02 -0.105764544633D-02
  0.992932325712D-03 -0.478717425950D-03 -0.496447115993D-02  0.983826144404D-02
  0.616685163161D+00  0.827048217421D-03  0.358878168641D-02  0.208116469359D-02
 -0.197894358331D-02  0.338716554083D-02 -0.369080547307D-02  0.315508907048D-02
 -0.493470849136D-03  0.115833213141D-02  0.601143007452D-02 -0.861670821386D-03
  0.175878282337D-02  0.118059216443D-02  0.291968769711D-02 -0.148444250165D-02
  0.236641712541D-02  0.563423130265D-03 -0.133863972835D-02  0.253082615414D-03
 -0.555413662279D-02 -0.426872333811D-02 -0.127981723566D-01 -0.398474976099D-01
 -0.467891668311D-01  0.130701278493D-02  0.191754200436D-02  0.109572454322D-02
  0.260363865741D-02 -0.228391543120D-02 -0.440492279536D-03 -0.243754950217D-02
 -0.774026119414D-03 -0.291468882869D-02 -0.480813276652D-02 -0.967476655856D-02
 -0.251364982240D-02 -0.768128809949D-02 -0.172106485255D-02 -0.328644318644D-02
 -0.484986133263D-02 -0.495880608084D-02  0.109622864950D-01  0.322667005770D-01
  0.817583439107D-02  0.368447941777D-01 -0.393465576690D-01  0.330981955892D-02
 -0.808564758437D-01 -0.854044892830D-02  0.480227355038D+00  0.140109004861D-02
  0.298444410341D-02 -0.527304686386D-02 -0.660793647241D-02  0.217721037273D-02
  0.122889633076D-01  0.192940775538D-02  0.222039552341D-02 -0.383002514699D-03
  0.648355632961D-02  0.913818568446D-02 -0.927554190511D-02  0.248204365169D-02
  0.261589769458D-02 -0.511802975227D-02 -0.795819652171D-02 -0.351371267273D-03
  0.107083994132D-01 -0.223265728975D-02 -0.115556815403D-02  0.568123047795D-03
 -0.450852912079D-02 -0.513771549915D-01 -0.783041846314D-01  0.241266468580D-02
  0.260013435199D-02  0.352547595382D-02 -0.129026584858D-02 -0.388261469111D-02
 -0.958966244080D-03  0.162707904615D-01  0.418894564653D-02  0.150561136217D-01
 -0.618477930530D-02 -0.154106124435D-01 -0.416462118306D-02  0.177906175316D-01
 -0.771606463981D-03 -0.168493055014D-02 -0.107404250922D-02  0.342466882380D-02
 -0.787851406674D-02  0.419451007669D-01  0.192179001841D-02  0.393096663480D-01
 -0.118774547767D-01  0.178186712473D-01 -0.984956203318D-01  0.272634938713D-03
  0.901733803278D-01  0.161074664738D+00 -0.128193863776D-02 -0.132860765005D-02
  0.279535124097D-03  0.127204054935D-03 -0.578273049528D-03  0.626741162669D-02
 -0.145667915441D-02 -0.125460628376D-02  0.975968207239D-03 -0.960584571076D-03
  0.407908852014D-03 -0.878905950207D-03 -0.199017225852D-02 -0.136029246421D-02
 -0.325408788879D-03 -0.566285092887D-03 -0.434528565660D-03  0.413960093812D-02
 -0.191239384759D-02  0.271116322543D-02  0.102513414110D-02  0.824132969609D-02
  0.110667298970D-01  0.131269227872D-01  0.317703614805D-03 -0.119838173787D-02
 -0.170512675992D-02 -0.146738911859D-02  0.316558396848D-03 -0.126442303418D-02
 -0.292688583598D-03  0.300267041570D-03  0.137772424442D-02 -0.116301024174D-03
 -0.394450520589D-04  0.241101426509D-02  0.544694876229D-03  0.313309161629D-02
  0.174142883749D-02  0.796637031309D-03 -0.310092656758D-03 -0.259765228170D-02
 -0.100566173414D-01 -0.150017779365D-02 -0.209710989233D-02  0.936665491833D-02
  0.136053245443D-02  0.248264833744D-01  0.381480482337D-02 -0.151261878899D-01
 -0.273774323655D-01  0.363607998347D+00 -0.751909067452D-03 -0.418243119988D-02
 -0.345653353544D-02  0.136096409001D-02 -0.295082265166D-02  0.112300748308D-01
 -0.297632320919D-02  0.504729689566D-04 -0.276781473460D-02 -0.558298867730D-02
  0.208246550306D-02 -0.591284527130D-02 -0.325666497651D-02 -0.120055850247D-02
  0.190566965965D-02 -0.256087839652D-02 -0.100707623919D-02  0.943078381480D-02
  0.137739608078D-02  0.485378796940D-02  0.735131457698D-02  0.131609956711D-01
  0.526570110251D-01  0.834354352825D-01 -0.148436827728D-02 -0.205005254796D-02
  0.110368170551D-03 -0.460541953372D-02  0.191475697163D-02  0.132113076667D-02
  0.102632767691D-01  0.100047451455D-02  0.991559295416D-02  0.109304528129D-01
  0.123785100776D-01  0.980750936665D-02 -0.893644790046D-02  0.294576548857D-02
  0.267771095894D-02  0.824292397906D-02  0.710741692157D-02 -0.262534790780D-02
 -0.583455696294D-01 -0.103122973005D-01 -0.488583692081D-01  0.310346362758D-01
 -0.740426802721D-02  0.108298549436D+00  0.180693177016D-01 -0.101747093158D+00
 -0.149996598600D+00  0.197531474653D-01  0.499949470773D+00  0.621118717301D-02
  0.725429481423D-02 -0.871235994044D-03 -0.474198408345D-02  0.445860671696D-02
  0.374329577765D-02  0.649596724264D-02  0.206818309214D-02  0.109531012785D-02
  0.885738028837D-02  0.519260804644D-02 -0.396026717162D-02  0.505753981001D-02
  0.631613470940D-02 -0.581233873704D-02 -0.478790866725D-02 -0.308496937996D-03
  0.537648101683D-02  0.112065177799D-02 -0.453775061506D-02 -0.425709924111D-03
 -0.725947054188D-02 -0.458030576720D-01 -0.808642636421D-01  0.496512562340D-03
  0.678516175706D-02  0.496516788268D-02  0.436494937478D-02 -0.378216495143D-02
 -0.244544441408D-02  0.284163745604D-02  0.228454536087D-02  0.164626391119D-02
 -0.103204395332D-01 -0.185480576889D-01 -0.824765509731D-02  0.178755195245D-01
  0.104840736719D-02 -0.216471482089D-02 -0.316539272079D-02 -0.108839550981D-02
 -0.468416519679D-02  0.455541544839D-01  0.743567685897D-02  0.389473437477D-01
 -0.163738865328D-01  0.131870191581D-01 -0.807835336309D-01  0.787991920785D-03
  0.906377389992D-01  0.978464143811D-01 -0.980816129110D-02 -0.133105202024D+00
  0.474998728828D+00 -0.965316199607D-03 -0.600526134191D-03  0.160052078017D-02
  0.176430679179D-03 -0.290303891430D-03  0.301849811275D-02 -0.770648625490D-03
 -0.808678739913D-03  0.918988866863D-03 -0.109810094343D-02 -0.474190152117D-03
 -0.223380899430D-03 -0.177700661977D-02 -0.447523746052D-03  0.561009370131D-03
 -0.712384612784D-03 -0.327009272180D-03  0.202367489808D-02 -0.137049915165D-02
 -0.510499483996D-04  0.320182822859D-03  0.305632912884D-02  0.232163622120D-02
 -0.251357037572D-02  0.234549868498D-03 -0.614088273984D-03 -0.159481410990D-02
 -0.364755297151D-03  0.183973767468D-03 -0.103492736411D-02 -0.314334575775D-02
 -0.529507639560D-04 -0.365821747476D-02 -0.184925481716D-03 -0.142203738201D-02
 -0.561993385569D-03 -0.812754587390D-03  0.206875597301D-02  0.157347885568D-03
 -0.371763791525D-03 -0.100546371038D-02  0.129213417876D-03 -0.687195156812D-03
  0.500446547822D-03  0.280472234740D-02  0.782299354190D-03  0.150934750304D-02
  0.990335865213D-02  0.189760081142D-02  0.212487543711D-02 -0.948387883087D-02
  0.387689501777D-02  0.720024376267D-03  0.175492244819D-02  0.375419089793D+00
 -0.357381215514D-02 -0.456820903716D-02  0.756361127175D-03  0.274062283034D-02
 -0.137321999837D-02 -0.163443715720D-02 -0.383837598282D-02 -0.300009862353D-02
  0.347935911048D-03 -0.233620854264D-02 -0.309588990417D-02  0.480908421617D-02
 -0.312359043338D-02 -0.522541305693D-02  0.711553945713D-03  0.391919942559D-02
  0.155442766164D-03 -0.322148109872D-02 -0.253957642863D-02  0.501037665604D-02
 -0.344249233179D-03  0.919546995638D-02  0.258838513632D-01  0.315544317481D-01
 -0.190299056478D-02 -0.440077835071D-02 -0.316861163203D-02 -0.315080936314D-02
  0.212095257513D-02  0.177385860326D-02 -0.371356243236D-03 -0.230813808231D-02
  0.306151554198D-02 -0.260637493473D-03  0.767704106869D-02  0.182817315219D-02
  0.230818628691D-02  0.120591606075D-02  0.275148816397D-02 -0.900766630304D-04
 -0.724929941217D-03 -0.537107014628D-02 -0.151578486857D-01 -0.430165616610D-02
 -0.194885893604D-01  0.232696645315D-01 -0.254582437513D-02  0.467858412737D-01
 -0.251451659172D-02 -0.516224556296D-01 -0.430284020213D-01  0.108488325219D-01
  0.683713160033D-01 -0.386117127248D-01  0.859198016737D-03  0.425063356267D+00
 -0.203532596261D-02 -0.194389845002D-02  0.144413418102D-02  0.121407661036D-03
 -0.475501008540D-03 -0.178245416708D-02 -0.243569474540D-02 -0.261845726385D-02
  0.910661109946D-03 -0.167405313116D-02 -0.911079392230D-03  0.119432251093D-02
 -0.168249431321D-02 -0.281586390486D-02  0.113104335749D-02  0.296794991728D-03
  0.125151432082D-03 -0.252757513997D-02 -0.361587724526D-02 -0.132371443825D-03
 -0.843529075603D-03  0.853258901173D-03  0.123115954905D-03 -0.152692551536D-02
 -0.851897999648D-03 -0.199738107180D-02 -0.232095739317D-02 -0.175009155356D-02
  0.501394151815D-03  0.472184083907D-04 -0.137833183701D-02 -0.323093518152D-03
 -0.120962525319D-02 -0.219602642913D-02 -0.240246278060D-02  0.412035756631D-03
  0.200148115413D-02  0.208246520897D-04 -0.701969661185D-03 -0.164134563527D-02
 -0.252878435205D-02 -0.159693466846D-02  0.194512672857D-02 -0.130431852366D-02
  0.244568810399D-02  0.268171969920D-02  0.150667677717D-02  0.292193154291D-02
 -0.127159066089D-02  0.292886910827D-02  0.828724563662D-02  0.133890095021D-02
 -0.331840793217D-02  0.114935638031D-01 -0.688035310098D-03 -0.154565623837D-02
  0.405484583544D+00 -0.226072084814D-02 -0.842721075256D-03 -0.176353171825D-02
 -0.231191322677D-02  0.188247126366D-02  0.686410931053D-02 -0.108028242660D-02
 -0.195906311353D-02  0.320766618155D-04  0.479098475819D-02  0.318614943992D-02
 -0.266544655627D-02 -0.231519844818D-02 -0.919832269613D-03 -0.325654200147D-02
 -0.162201113343D-02 -0.201524161627D-03  0.757070170871D-02 -0.295607569370D-02
  0.150412484531D-03 -0.118335467266D-03 -0.550665680210D-02 -0.109275088527D-01
 -0.132066881022D-01  0.996274204826D-03 -0.129890472611D-02 -0.181575968305D-02
 -0.185974981833D-02 -0.184845436194D-02 -0.207061715967D-02  0.115074776146D-02
  0.881112569089D-03  0.122416721181D-02 -0.560232065498D-02 -0.357189879921D-02
 -0.878128979572D-03  0.308373641777D-02 -0.153484077571D-02 -0.191895802577D-02
  0.112334312999D-02  0.244313063478D-02 -0.851739314038D-03  0.746393033276D-02
  0.464213639678D-04  0.138834322109D-01 -0.742283485196D-02 -0.220732386678D-03
 -0.246749129916D-01 -0.170557975140D-02  0.223782536001D-01  0.240863421603D-01
 -0.415332279114D-02 -0.370320285219D-01  0.296327228292D-01 -0.404502112154D-03
 -0.130190014642D-01  0.305572235875D-02  0.370555283505D+00 -0.312780110043D-02
 -0.234433552226D-02  0.891791079242D-04 -0.601393553575D-03  0.729141901932D-03
  0.199819503789D-02 -0.243874534838D-02 -0.274445697325D-02  0.951437465295D-04
  0.123848176032D-02  0.296138246916D-03 -0.292344471076D-03 -0.320594713630D-02
 -0.247881361528D-02 -0.746136975381D-03  0.342208309723D-03 -0.104906149027D-04
  0.215371377069D-02 -0.325722222451D-02 -0.352386684804D-03 -0.271168582175D-03
 -0.382863380386D-02 -0.165991570513D-02  0.127727080792D-02  0.730779473005D-03
 -0.269064846472D-02 -0.254375010276D-02 -0.265580004939D-02 -0.383417179448D-03
 -0.896567862748D-04  0.827581926209D-03 -0.460947654235D-03  0.704149517944D-03
 -0.329806728814D-02 -0.462215650099D-03  0.186403999526D-02 -0.341036433784D-02
 -0.147690933025D-02 -0.216309143576D-02 -0.124055632034D-03 -0.179675359813D-03
  0.223872422939D-02 -0.116452545016D-03 -0.123932727661D-02  0.380685856182D-02
 -0.494254102723D-02 -0.176245884002D-02 -0.392807591194D-02 -0.191103765228D-02
  0.635590775584D-02  0.355738609847D-02 -0.191757901387D-02 -0.691490813750D-02
  0.569049415939D-02 -0.299673037603D-03 -0.610025811309D-02 -0.122618306535D-02
 -0.108081054717D-02  0.361441114670D+00 -0.205429041444D-02 -0.286518412951D-02
 -0.193427523933D-03  0.111637451302D-02 -0.115467851771D-02  0.243810368089D-05
 -0.236411881947D-02 -0.102202856954D-02 -0.729117771352D-03 -0.221382995364D-02
 -0.831017361887D-03  0.649299196559D-03 -0.209118333064D-02 -0.232816819228D-02
  0.127574268866D-02  0.493172787991D-03 -0.285620389993D-04 -0.314798888008D-03
 -0.906742881745D-03  0.143939263909D-02  0.898080844115D-03  0.146020455795D-02
  0.135413442697D-01  0.169537514129D-01 -0.367324155932D-03 -0.245476731116D-02
 -0.142347909453D-02 -0.223212893466D-02  0.109048228614D-02  0.136368137928D-02
  0.164760253647D-02 -0.679544514720D-03  0.132906772593D-02  0.120631280586D-02
  0.499026753214D-02  0.115122827139D-02 -0.101544492077D-02 -0.666508838310D-03
  0.104736450524D-03  0.103514867366D-02  0.132357533456D-02 -0.144425256066D-02
 -0.986396281639D-02 -0.329348014552D-02 -0.144588371557D-01  0.977816389153D-02
 -0.276733213599D-02  0.257555220293D-01  0.146629759243D-04 -0.283855968972D-01
 -0.307936534964D-01  0.141725006841D-02  0.381896736062D-01 -0.348326893115D-01
 -0.159296353185D-02  0.149736398896D-01 -0.306977365556D-02 -0.103556529140D-01
 -0.291994207958D-02  0.374546047079D+00  0.165259045179D-02  0.197710758048D-02
  0.163686195415D-02  0.123867311006D-02  0.139984752808D-03 -0.323609255704D-02
  0.189673042307D-02  0.104134236053D-02  0.134343866691D-02  0.302651693603D-04
 -0.224356897133D-02  0.354724614756D-02  0.219186905559D-02  0.824465864520D-03
 -0.193630510147D-03  0.307316910132D-02  0.291288592621D-03 -0.446353798294D-02
  0.149390528320D-02  0.137937527336D-02 -0.186074312739D-02  0.662790893496D-02
  0.111937231803D-02 -0.625149318007D-04 -0.280357385603D-03  0.144787052757D-02
  0.123620520075D-02  0.217557018619D-02  0.405847245912D-03  0.522508943104D-03
 -0.208532984384D-02 -0.131416030129D-02  0.908818624378D-03  0.941891164540D-03
 -0.175453281004D-03 -0.213561477371D-02  0.309071613508D-02  0.337927933596D-02
  0.365165086608D-02 -0.221119540731D-02 -0.312490083601D-02 -0.116063906052D-02
  0.311554416022D-02  0.319987483593D-02  0.427239393648D-02  0.413683886086D-02
  0.346134089348D-02  0.188899968219D-02 -0.986245105151D-03 -0.140260019714D-02
  0.843447864155D-02  0.708358267802D-02  0.248563369571D-02  0.151177665017D-01
  0.443265638539D-02 -0.195999375165D-02  0.266080269565D-02  0.532961842379D-02
  0.957631919248D-03 -0.347996517710D-02  0.367241900747D+00 -0.616501946801D-03
 -0.154958423564D-02 -0.301854304926D-04  0.167966937992D-02 -0.578220312366D-04
  0.575344738475D-02 -0.546092891162D-03 -0.126311809000D-02 -0.168605161900D-02
 -0.476153639030D-03 -0.657995533299D-03 -0.205112508251D-02 -0.395986687830D-02
  0.118076512766D-02  0.705942485785D-03  0.707660082194D-03 -0.790419141896D-03
  0.731952005177D-02  0.216497662545D-02  0.415398283571D-03  0.391994772226D-02
 -0.216896167408D-02  0.354976489117D-01  0.517093079321D-01 -0.870043224124D-03
 -0.601328456373D-03 -0.104951330535D-02 -0.870374903249D-03  0.465537519135D-03
 -0.970379367520D-03 -0.286602716045D-02 -0.535911560523D-03 -0.405447132895D-02
  0.388949105967D-02  0.858147090597D-02  0.252421237055D-02 -0.983752077482D-02
 -0.250232317963D-03 -0.989147086175D-03  0.589083972296D-02  0.506987015107D-02
  0.346467997309D-02 -0.345613857913D-01 -0.272231399118D-02 -0.273872271043D-01
  0.809868901468D-02 -0.145448600717D-01  0.707441845945D-01  0.778249517427D-02
 -0.628636968837D-01 -0.885115419576D-01  0.194234106864D-01  0.972607525159D-01
 -0.793950948094D-01  0.798652541787D-02  0.418986714219D-01 -0.231635050220D-02
 -0.268595152548D-01 -0.449932794890D-02  0.226861566984D-01  0.352034820092D-02
  0.714434633154D-01 -0.376511533557D-02 -0.844557494843D-03 -0.213796777884D-02
  0.130203243694D-02 -0.221199733068D-03  0.642593530056D-02 -0.199077922723D-02
  0.359702675640D-02 -0.325825727195D-03 -0.129562911896D-02  0.168696003031D-02
 -0.364378510889D-02 -0.234687812006D-02 -0.191057057657D-02 -0.424126396110D-02
 -0.176582312130D-03 -0.351429488004D-03  0.182188346309D-02  0.501937853529D-03
  0.332713017269D-02  0.330498360889D-02  0.490033464352D-02  0.347053909030D-01
  0.451283555901D-01 -0.478568472723D-03 -0.206531227779D-02 -0.222913586197D-02
 -0.126437174577D-02  0.904757421518D-04 -0.124307991253D-02 -0.121974549042D-02
 -0.844754970510D-03  0.811156705390D-03  0.357423339585D-02  0.148653560828D-01
  0.141193495715D-01 -0.117920476377D-01  0.121840432602D-02  0.605202302962D-03
  0.519742832184D-02  0.470497898787D-02  0.775743661075D-03 -0.284289667655D-01
 -0.247490565303D-02 -0.178867689140D-01  0.142914355926D-01 -0.920850259842D-02
  0.679865736545D-01  0.825883280113D-02 -0.642848715025D-01 -0.767232944315D-01
  0.184654885290D-01  0.813557242059D-01 -0.971032698336D-01  0.649151736484D-02
  0.194700835187D-01 -0.104742476508D-01 -0.180802792601D-01 -0.257630125875D-02
  0.167680605263D-01 -0.233359094790D-02  0.485142612478D-01  0.922102556511D-01
$end
