$energy      SCF               SCFKIN            SCFPOT            RIRPA
     1 -423.0664417712      0.00000000      0.00000000     -2.881240480927
     2 -423.0670520138      0.00000000      0.00000000     -2.880655481329
     3 -423.0674059722      0.00000000      0.00000000     -2.880270937186
     4 -423.0672098548      0.00000000      0.00000000     -2.880502335299
     5 -423.0672099730      0.00000000      0.00000000     -2.880502572391
     6 -423.0672137741      0.00000000      0.00000000     -2.880498618684
     7 -423.0672173508      0.00000000      0.00000000     -2.880495057706
     8 -423.0672170223      0.00000000      0.00000000     -2.880495376901
$end
