$hessapprox internal
  0.106265459245D+01  0.255428861444D-02  0.456528893078D+00 -0.347020925877D-03
  0.181999507486D-03  0.182421371701D+00 -0.295975493988D-03  0.310109316227D-03
  0.944593276516D-04  0.820122666985D-02 -0.526757292733D-02  0.515558312601D-03
 -0.596863220584D-04 -0.150575864596D-03  0.424546670359D+00 -0.599066478372D-02
  0.927592741231D-03 -0.792185243084D-04 -0.246252958608D-03 -0.314322174786D-02
  0.418515712546D+00 -0.595979885039D-02  0.792190113554D-03 -0.145318134884D-03
 -0.191043147938D-03 -0.307003658768D-02 -0.329622084692D-02  0.418332325028D+00
  0.666016528747D-02 -0.324596105035D-02  0.366153384580D-03  0.831323369980D-03
  0.665781948483D-03  0.193343238158D-02  0.160532267770D-02  0.317302582556D+00
  0.190698242823D-02 -0.109848505383D-02  0.138944620749D-03  0.291739733392D-03
  0.206683385314D-04  0.464209465905D-03  0.347086683590D-03 -0.367450698709D-02
  0.320740051355D+00 -0.256738248998D-03  0.507936414796D-03  0.131620056146D-03
 -0.256638049003D-03 -0.326765378939D-03 -0.479098859188D-03 -0.346831512532D-03
  0.126954958644D-02  0.445818345077D-03  0.318696524822D+00 -0.160603760537D-02
  0.522211335130D-03 -0.183829074501D-04 -0.132010250105D-03 -0.452168325841D-03
 -0.622512723451D-03 -0.571136804622D-03  0.162113489825D-02  0.553054739412D-03
 -0.219162169102D-03  0.333944890566D+00 -0.205879593633D-03  0.288234397116D-03
  0.650985001084D-04 -0.138859321236D-03 -0.174775757309D-03 -0.265898137499D-03
 -0.193858739472D-03  0.738285763923D-03  0.258711213190D-03 -0.310808842062D-03
 -0.126524614554D-03  0.336677951341D+00 -0.798919487359D-02  0.202654723813D-02
 -0.413529065656D-04 -0.238749824199D-03 -0.288537041497D-02 -0.343200342429D-02
 -0.339291626338D-02  0.558675132762D-02  0.176204637527D-02 -0.247927594808D-03
 -0.105401839239D-02 -0.165974237117D-03  0.417735497103D+00 -0.809464006406D-02
  0.174788144394D-02 -0.226023257029D-03 -0.423217937291D-03 -0.322707897842D-02
 -0.384712743703D-02 -0.367944109722D-02  0.483990631289D-02  0.146474251302D-02
 -0.689697114871D-03 -0.104208900511D-02 -0.397403816787D-03 -0.517402282272D-02
  0.415085887991D+00 -0.101173793034D-01  0.501267464853D-02 -0.606667706257D-03
 -0.137572882292D-02 -0.129291707019D-02 -0.316744240518D-02 -0.260944089074D-02
  0.163464753689D-01  0.564848020025D-02 -0.218780181363D-02 -0.242142792146D-02
 -0.126113133390D-02 -0.834769707315D-02 -0.754103755370D-02  0.317332641755D+00
  0.296438353683D-03  0.231511936723D-03 -0.264246465393D-03 -0.103698516532D-03
  0.103576933194D-03  0.118432167046D-03  0.251178897459D-03  0.116567987750D-03
  0.859022584954D-04 -0.182389999940D-03 -0.322704431293D-04  0.210744884199D-04
  0.167238157095D-02 -0.513139461122D-04 -0.276157153387D-03  0.352157591020D+00
 -0.123835525012D-01  0.592253198351D-02 -0.826065242622D-03 -0.160921182304D-02
 -0.954937509326D-03 -0.340244773857D-02 -0.275095021715D-02  0.199292444913D-01
  0.686995563111D-02 -0.246508186974D-02 -0.299588997854D-02 -0.143422126990D-02
 -0.107098516896D-01 -0.871337595250D-02 -0.305438653834D-01 -0.140728024903D-02
  0.283423588395D+00 -0.220076086375D-02  0.860176822183D-03 -0.131216331699D-03
 -0.185547536804D-03 -0.466333356852D-03 -0.731701815382D-03 -0.655457444409D-03
  0.264379908821D-02  0.908981385673D-03 -0.259055956447D-03 -0.386768227823D-03
 -0.137650365647D-03 -0.132396620860D-02 -0.150667494234D-02 -0.393236904562D-02
  0.167090046098D-02 -0.515160681053D-02  0.342167022397D+00 -0.630345954232D-02
  0.109993226864D-02 -0.291895066084D-03 -0.237973853022D-03 -0.280726345474D-02
 -0.314689708815D-02 -0.306109316022D-02  0.281550933887D-02  0.780913930483D-03
 -0.347597652925D-03 -0.712438984212D-03 -0.206876762647D-03 -0.386335236220D-02
 -0.392198551755D-02 -0.431946044502D-02  0.238690110046D-03 -0.504276577046D-02
 -0.929104625470D-03  0.412190483006D+00 -0.481615245673D-02  0.846535800691D-03
  0.101826436708D-03 -0.630145925604D-04 -0.240846649815D-02 -0.257677868278D-02
 -0.258693615018D-02  0.179632992309D-02  0.458926855196D-03 -0.868982051212D-04
 -0.518108952695D-03 -0.677792484606D-04 -0.274497279480D-02 -0.315269372258D-02
 -0.278775307732D-02  0.465286517286D-04 -0.340387315771D-02 -0.659625466985D-03
 -0.258202122158D-02  0.409897203668D+00 -0.269017821891D-03  0.502083744701D-03
 -0.154548443324D-03 -0.186533046064D-03  0.309622579940D-03  0.764474084163D-04
  0.183534088583D-03  0.164739302430D-02  0.589910715544D-03 -0.309325435872D-03
 -0.260463172567D-03 -0.144012696721D-03 -0.231076880593D-03 -0.370393343451D-03
 -0.265239327825D-02  0.210873760223D-02 -0.330336116257D-02 -0.437621034154D-04
 -0.343206449208D-04 -0.145308835599D-04  0.336873378467D+00  0.499644922440D-03
 -0.542064352495D-03  0.181733769861D-02  0.692495106829D-03  0.185675394141D-03
  0.450001516735D-03  0.134935874069D-03 -0.278290846149D-02 -0.916757153050D-03
  0.105238736681D-02  0.474555902914D-03  0.657125518718D-03  0.242282613824D-02
  0.972440172271D-03  0.377927628319D-02  0.563430524638D-02  0.420851550813D-02
  0.144902918018D-02 -0.138669997744D-03  0.734402678707D-03  0.169631954032D-02
  0.347233813542D+00  0.548723194939D-02 -0.264579654737D-02  0.470485387101D-03
  0.622324556366D-03  0.137908170604D-03  0.122057146636D-02  0.982768834803D-03
 -0.900762349758D-02 -0.310873026222D-02  0.832942403095D-03  0.134653283875D-02
  0.490921630718D-03  0.467679981345D-02  0.375942384845D-02  0.136780529473D-01
 -0.686471781805D-03  0.168314959421D-01  0.214120737664D-02  0.211573062880D-02
  0.141702243413D-02  0.118199045302D-02 -0.223185338998D-02  0.308725238409D+00
 -0.146279982906D-02  0.104047267394D-02 -0.653008888453D-03 -0.587376116693D-03
 -0.129664355220D-02 -0.143472274108D-02 -0.112162068749D-02  0.255391857285D-02
  0.873781325868D-03 -0.112573465549D-02 -0.438345525802D-03 -0.579271487404D-03
 -0.601707378988D-03 -0.202072221627D-02 -0.382744969040D-02  0.333451634072D-02
 -0.533017977584D-02  0.177441283539D-03 -0.876766292639D-03 -0.812850932404D-03
  0.184366468186D-03 -0.443359447525D-04  0.140067235070D-02  0.337799861030D+00
 -0.290925367929D-02  0.108459227213D-02  0.159489807239D-03  0.358451275035D-04
 -0.188914251396D-02 -0.184081250352D-02 -0.196739924932D-02  0.232279787143D-02
  0.687828818502D-03  0.157697000847D-03 -0.501076647123D-03  0.112882422775D-04
 -0.189307789941D-02 -0.283030149715D-02 -0.316612111025D-02 -0.143147179462D-02
 -0.497682280830D-02 -0.799597900121D-03 -0.195614871917D-02 -0.848689430046D-03
 -0.701801336071D-03 -0.115910818553D-02  0.228636913709D-02  0.311544629358D-03
  0.417661755482D+00  0.601024710669D-03 -0.158647381334D-03 -0.618927611786D-03
 -0.209071000121D-03 -0.169487506698D-03 -0.111793526163D-03  0.192412890651D-04
 -0.441088793000D-03 -0.167988381435D-03 -0.380940480276D-03  0.107469772318D-04
 -0.197694970516D-03  0.190887584534D-03  0.115389416039D-03  0.712490076726D-03
  0.230790653907D-03  0.936217945005D-03  0.208419628285D-03  0.324445940643D-03
 -0.138196074419D-03  0.117373285423D-03 -0.260250633641D-02 -0.693664278386D-03
  0.748911572502D-03  0.232099036008D-03  0.336394640890D+00 -0.303171438357D-03
  0.463789633630D-03 -0.543511615685D-03 -0.348630431315D-03 -0.234084514659D-03
 -0.376215759649D-03 -0.196569419262D-03  0.150775744655D-02  0.519898925813D-03
 -0.620945042662D-03 -0.252417114435D-03 -0.339257774131D-03 -0.572957291747D-03
 -0.684336682476D-03 -0.226335109985D-02  0.490657473028D-04 -0.279322023824D-02
 -0.250500962798D-03 -0.114114899704D-03 -0.281270006778D-03 -0.279659093859D-03
 -0.172740213007D-02  0.987621001679D-03  0.168290753083D-03  0.197538880865D-03
  0.676100899313D-03  0.335930547782D+00 -0.852209574941D-03  0.357615961210D-03
  0.166675244588D-03  0.383180890655D-04 -0.441306608876D-04 -0.125123410973D-03
 -0.160417798383D-03  0.104306159425D-02  0.371520269025D-03  0.113377871078D-03
 -0.119379094489D-03  0.628902229674D-04 -0.340362801884D-03 -0.512967775875D-03
 -0.151223636895D-02  0.112014566092D-02 -0.219190530785D-02 -0.679416152546D-04
 -0.372006951173D-03 -0.101787573636D-03  0.637564292305D-04  0.167327111292D-02
  0.970583896573D-03  0.217942992215D-03 -0.223150423068D-03 -0.144298224465D-03
 -0.248156155691D-03  0.730849918091D-02 -0.622178165298D-02  0.732803576880D-03
  0.156761072627D-03 -0.581627248390D-04 -0.313369251634D-02 -0.331251405467D-02
 -0.329944007063D-02  0.126146829594D-02  0.235811690310D-03 -0.122149540911D-03
 -0.490372101212D-03 -0.611087617331D-04 -0.315933119861D-02 -0.365745460004D-02
 -0.208610736045D-02  0.116664486492D-02 -0.226023672951D-02 -0.442632731003D-03
 -0.320888538132D-02 -0.257069223072D-02  0.439538935650D-03  0.184468525402D-02
  0.753969018609D-03 -0.103559720404D-02 -0.223387512497D-02 -0.375918903453D-03
 -0.444738971187D-03  0.920491398181D-04  0.416795957863D+00 -0.642955404752D-02
  0.753192583176D-03 -0.133711778002D-03 -0.216171623038D-03 -0.321804615763D-02
 -0.349691694228D-02 -0.339315062932D-02  0.153125917587D-02  0.309217395789D-03
 -0.412626870757D-03 -0.581768744372D-03 -0.221943202985D-03 -0.365826130451D-02
 -0.379129008124D-02 -0.259553328880D-02  0.214015225873D-03 -0.244593536197D-02
 -0.694953367424D-03 -0.323854599422D-02 -0.282737872824D-02  0.247521446839D-03
  0.422210045229D-03  0.847798118697D-03 -0.154241815403D-02 -0.265616039697D-02
 -0.979846001129D-04 -0.335927327753D-03 -0.164652228592D-03 -0.343255761225D-02
  0.415096588007D+00 -0.521892973650D-02  0.105677943047D-02 -0.208820598367D-03
 -0.265901793519D-03 -0.279556057753D-02 -0.302561060747D-02 -0.292457893765D-02
  0.236675284748D-02  0.636917058962D-03 -0.469920479705D-03 -0.656467068870D-03
 -0.271337968327D-03 -0.311638645221D-02 -0.367633978444D-02 -0.369144878298D-02
  0.250938093846D-03 -0.443728262529D-02 -0.731661684907D-03 -0.280160248859D-02
 -0.220313791403D-02 -0.532923447622D-04 -0.195973236599D-03  0.165853586803D-02
 -0.774741321447D-03 -0.901049808033D-03  0.201641587440D-03 -0.130919258753D-03
 -0.187789932839D-03 -0.304388576897D-02 -0.325369256801D-02  0.412418027514D+00
  0.786858753026D-02 -0.368194178801D-02  0.388059085140D-03  0.918205499443D-03
  0.686100093678D-03  0.217984500615D-02  0.182792671590D-02 -0.122907761512D-01
 -0.422338411192D-02  0.137218691485D-02  0.186564174945D-02  0.812086597283D-03
  0.672967422317D-02  0.551571115592D-02  0.188247358691D-01  0.107874619623D-02
  0.227534936406D-01  0.324703721756D-02  0.327807744743D-02  0.211968934111D-02
  0.206371976623D-02 -0.283608920008D-02 -0.104810875237D-01  0.334288557327D-02
  0.289171638658D-02 -0.468712687315D-03  0.177014748852D-02  0.134962428755D-02
  0.150898606441D-02  0.166872264413D-02  0.279216529194D-02  0.309984338819D+00
  0.258569512188D-02 -0.963332774856D-03  0.120940440515D-03  0.196236923945D-03
 -0.231303003322D-04  0.452096894591D-03  0.376023638385D-03 -0.346976415783D-02
 -0.119814717252D-02  0.225323777544D-03  0.503692059276D-03  0.131346227383D-03
  0.204540874706D-02  0.141115260658D-02  0.529967661240D-02 -0.416001971640D-03
  0.633822994312D-02  0.859614157565D-03  0.909874970743D-03  0.693872887496D-03
  0.365195657707D-03 -0.148550027650D-02 -0.299816582211D-02  0.769475803371D-03
  0.168525338800D-02 -0.145747744029D-03  0.514958586287D-03  0.390562675478D-03
  0.201910802967D-03  0.180607405944D-03  0.834888629864D-03 -0.399800323827D-02
  0.318968061298D+00 -0.113412985705D-02  0.311293095598D-03  0.178618687647D-03
  0.595280562034D-05 -0.272432736546D-03 -0.356672031025D-03 -0.363956416146D-03
  0.829313429111D-03  0.289007987840D-03  0.183985967620D-04 -0.103469383540D-03
  0.206000009633D-04 -0.396735843390D-03 -0.624598249815D-03 -0.125542566466D-02
  0.129668555732D-02 -0.172011202553D-02 -0.399154753935D-06 -0.515890357814D-03
 -0.288252440604D-03  0.161660196971D-03  0.190832591321D-02  0.683886500534D-03
  0.156941832823D-05 -0.604333350766D-03 -0.247785597433D-03 -0.334584954946D-03
  0.164536618475D-03 -0.604214322935D-04 -0.336394754181D-03 -0.451070405703D-03
  0.107255587578D-02  0.185588118836D-03  0.318829669883D+00 -0.272422720788D-02
  0.677482388765D-03 -0.776091241950D-04 -0.166429505222D-03  0.123813845395D-03
 -0.416880407847D-03 -0.344933129436D-03  0.287661401047D-02  0.970549134649D-03
 -0.191283032791D-03 -0.455503026128D-03 -0.118306274079D-03 -0.242178641999D-02
 -0.109681674973D-02 -0.458038389001D-02 -0.129770187542D-02 -0.473972354333D-02
 -0.112188256254D-02 -0.887210252406D-03 -0.844419000340D-03 -0.526284621004D-03
  0.870574791531D-03  0.254872873570D-02 -0.188169874823D-02 -0.252367979654D-02
 -0.489302669471D-04 -0.664936342524D-03 -0.598824201697D-03 -0.293622007002D-03
  0.627577940913D-04 -0.108705155703D-02  0.302705662621D-02  0.627855698354D-03
 -0.342052787704D-03  0.329826287692D+00  0.174315028247D-03 -0.230174561480D-03
 -0.623138928165D-05  0.378790576354D-04 -0.184058320492D-03 -0.764109858290D-04
 -0.731402075137D-04 -0.914268421677D-03 -0.318453841028D-03  0.353971321060D-04
  0.126879860983D-03  0.433686889932D-04  0.532631524647D-03  0.180350152106D-03
  0.137885491795D-02  0.148151257141D-02  0.158103397720D-02  0.470414268283D-03
  0.632285590687D-04 -0.486243444547D-04  0.478182919678D-03  0.629156376037D-03
 -0.934641999510D-03  0.592337528487D-03 -0.243831798065D-03 -0.388668630121D-04
  0.106739446555D-03  0.271009058313D-03  0.442973895753D-04 -0.835947153694D-04
 -0.121881205295D-04 -0.927589341048D-03 -0.416089281970D-03  0.267703719766D-03
  0.129268121970D-03  0.330885228890D+00 -0.649255142492D-03  0.162423113215D-03
  0.209871341287D-03  0.460486573242D-04 -0.188579413633D-04 -0.963937100958D-04
 -0.129777314842D-03  0.525109320307D-03  0.182854218411D-03  0.926322411157D-04
 -0.621467404691D-04  0.469987998525D-04 -0.366532702518D-03 -0.265623485952D-03
 -0.826802372456D-03 -0.583176231588D-04 -0.976885844011D-03 -0.176010189032D-03
 -0.287022716183D-03 -0.100996156311D-03 -0.746540616437D-04  0.111112681844D-02
  0.547825431532D-03 -0.426795694178D-03 -0.376357918841D-03 -0.281558894366D-03
 -0.317688537777D-03  0.109657390210D-04  0.348370039228D-04 -0.592442979856D-04
 -0.257467392946D-03  0.578830100018D-03  0.133337367015D-03  0.685966518790D-04
  0.394158635743D-05  0.514106404654D-04  0.731926259117D-02 -0.633625123126D-02
  0.693264217825D-03 -0.139236033075D-03 -0.222919816402D-03 -0.317726738443D-02
 -0.346376828999D-02 -0.335121124061D-02  0.138203886898D-02  0.256297692229D-03
 -0.435238560104D-03 -0.567403839608D-03 -0.231835611303D-03 -0.362995290462D-02
 -0.368966612609D-02 -0.241484365617D-02  0.901981381565D-04 -0.210240617949D-02
 -0.693033094074D-03 -0.318439798639D-02 -0.282316877780D-02  0.259343058988D-03
  0.378139156022D-03  0.699194536351D-03 -0.168736129358D-02 -0.279727811582D-02
 -0.127985918809D-03 -0.360934214518D-03 -0.172276183736D-03 -0.339760332231D-02
 -0.339643099711D-02 -0.326479749397D-02  0.145894729643D-02  0.773003789564D-04
 -0.336772813166D-03  0.256859342884D-03 -0.111728672798D-03 -0.335964969505D-04
  0.415458090075D+00 -0.581221325591D-02  0.700532396939D-03 -0.236581946661D-03
 -0.244354377844D-03 -0.309177024286D-02 -0.332386612290D-02 -0.320462657600D-02
  0.135632734913D-02  0.256706664829D-03 -0.467138846987D-03 -0.553104190950D-03
 -0.252972585741D-03 -0.334388382668D-02 -0.357232351390D-02 -0.229935386383D-02
  0.154066785838D-03 -0.217644418817D-02 -0.616857522483D-03 -0.297873129165D-02
 -0.263667614944D-02  0.220816966723D-03 -0.228074605532D-03  0.671321906341D-03
 -0.126494729978D-02 -0.217648156709D-02  0.652153685481D-04 -0.163599556775D-03
 -0.174901130252D-03 -0.333687529091D-02 -0.334966803236D-02 -0.296921071191D-02
  0.149086496989D-02  0.194913112569D-03 -0.387338088263D-03 -0.680870806176D-04
 -0.112440211753D-03 -0.125280551194D-03 -0.329700254807D-02  0.414933747715D+00
 -0.544071268690D-02  0.998295744938D-03  0.585285960843D-04 -0.130421513228D-03
 -0.275761615374D-02 -0.296441454331D-02 -0.294021107302D-02  0.215603243424D-02
  0.567277061223D-03 -0.220329098620D-03 -0.599457483722D-03 -0.138293520379D-03
 -0.309250384327D-02 -0.361286685832D-02 -0.335702148714D-02  0.221708084702D-03
 -0.407542213767D-02 -0.722955993099D-03 -0.290999786707D-02 -0.215790908730D-02
 -0.141649778036D-04  0.797788416791D-03  0.163157209969D-02 -0.932905206385D-03
 -0.103322671996D-02 -0.118360795461D-03 -0.329782441934D-03 -0.100215883360D-03
 -0.291135417425D-02 -0.321482909319D-02 -0.253430147213D-02  0.254351262967D-02
  0.773276570261D-03 -0.316652995855D-03 -0.965914295657D-03 -0.188043404826D-04
 -0.127469872190D-03 -0.321441470417D-02 -0.300062727291D-02  0.413233780162D+00
  0.724826740803D-02 -0.338086624603D-02  0.354865392933D-03  0.825537222332D-03
  0.687583503145D-03  0.202903144743D-02  0.170930891102D-02 -0.111775206961D-01
 -0.384260195090D-02  0.122592718074D-02  0.169652454892D-02  0.716443646220D-03
  0.598492124262D-02  0.509483820532D-02  0.171004487865D-01 -0.243525872190D-04
  0.208387784351D-01  0.277961870491D-02  0.302754785526D-02  0.195517721737D-02
  0.166113093736D-02 -0.317771445418D-02 -0.947556590052D-02  0.264285090271D-02
  0.271011748511D-02 -0.439726646831D-03  0.159086740621D-02  0.110350466649D-02
  0.132359502017D-02  0.158810020602D-02  0.254547842750D-02 -0.128776432773D-01
 -0.362269386065D-02  0.841034646727D-03  0.295564906969D-02 -0.988812893874D-03
  0.534754385295D-03  0.141566605868D-02  0.142112929346D-02  0.232389244160D-02
  0.312327821756D+00  0.222805777107D-02 -0.834436311835D-03  0.175736442263D-03
  0.189979896092D-03 -0.118211673875D-03  0.329594483807D-03  0.257707720420D-03
 -0.315456290897D-02 -0.108606254921D-02  0.214462921262D-03  0.463054948495D-03
  0.133431823334D-03  0.198552076846D-02  0.118230361281D-02  0.481790810068D-02
  0.405717395763D-03  0.563184352461D-02  0.922055596668D-03  0.741209993141D-03
  0.607103761602D-03  0.492049670908D-03 -0.606305475275D-03 -0.277023236888D-02
  0.896379916071D-03  0.147195740954D-02 -0.225966100447D-03  0.395717107787D-03
  0.495091490266D-03  0.225873827718D-03  0.616182060071D-04  0.695289431856D-03
 -0.355597310083D-02 -0.959574362743D-03  0.312933533631D-03  0.432117036055D-03
 -0.267229577076D-03  0.153312530589D-03 -0.496946961056D-04  0.589606850200D-04
  0.681832262591D-03 -0.330755559128D-02  0.318977837893D+00  0.686034900340D-05
  0.562860469303D-04 -0.144391557131D-03 -0.800260504598D-04  0.274431276502D-04
 -0.208190534282D-04  0.234075867477D-04  0.263680804648D-03  0.889219185657D-04
 -0.140594825577D-03 -0.534001946179D-04 -0.767877060649D-04 -0.155248469130D-03
 -0.524375690617D-04 -0.427747587794D-03 -0.188220369155D-03 -0.413913897871D-03
 -0.905618468540D-04  0.354218869039D-04 -0.539024296863D-04 -0.749186679882D-04
 -0.531830786705D-03  0.159689719871D-03 -0.847312983891D-04 -0.897637807371D-04
  0.160694218604D-03  0.596788318466D-04 -0.986239431568D-04 -0.619212341775D-04
  0.301255561884D-04 -0.139132327838D-04  0.272961883328D-03  0.597029906376D-04
 -0.104264153017D-03  0.141884658008D-04 -0.587260852117D-05 -0.633327819480D-04
  0.401106316780D-04  0.537665646765D-04 -0.641607012449D-04  0.271863179800D-03
  0.127030774519D-04  0.318745342985D+00 -0.122032376743D-02  0.186450991911D-03
 -0.233395110363D-03 -0.103773428650D-03  0.200756697578D-03 -0.827721770015D-04
 -0.237846876586D-04  0.115943263810D-02  0.383839254100D-03 -0.109463659700D-03
 -0.201068102936D-03 -0.616022534757D-04 -0.122804689172D-02 -0.311490015080D-03
 -0.187737955388D-02 -0.604645362531D-03 -0.169757378293D-02 -0.518052474371D-03
 -0.263843752704D-03 -0.472357246827D-03 -0.163197095693D-03 -0.248582897178D-03
  0.984940410204D-03 -0.785645818247D-03 -0.164842399594D-02  0.207980569294D-03
 -0.130732478226D-03 -0.398081328650D-03 -0.121380132938D-03  0.247680871598D-03
 -0.463486551075D-03  0.117070951191D-02  0.161029934513D-03 -0.234339469155D-03
  0.505468552436D-03  0.630988988081D-04 -0.549614710202D-04  0.371374318021D-03
  0.188005709198D-03 -0.507454242088D-03  0.118480313063D-02  0.379173782377D-04
  0.833674392867D-04  0.329998480476D+00 -0.194587264154D-04  0.148787405130D-04
 -0.644306806326D-04 -0.721059896775D-04 -0.758633617464D-06 -0.559976972010D-04
 -0.112204567148D-04  0.108148253341D-03  0.328375489746D-04 -0.150194796051D-03
 -0.381739675957D-04 -0.784295866919D-04 -0.133215139963D-03 -0.182596415041D-04
 -0.259684285599D-03 -0.263108272721D-03 -0.813395027129D-04 -0.838782353836D-04
  0.304269177735D-05 -0.718521711762D-04 -0.509267333565D-04 -0.186847380327D-03
  0.106836773701D-04 -0.353639273316D-03 -0.268545221749D-03  0.286855935137D-05
 -0.697172498477D-04 -0.543705776899D-04 -0.382634252920D-04  0.341620468218D-04
 -0.113296854276D-03  0.519532397482D-04 -0.683249182702D-04 -0.540573546032D-04
  0.232972516929D-03 -0.316115782883D-04  0.958488428770D-05  0.545530229746D-04
  0.987100903941D-05 -0.985257896158D-04  0.815512355723D-04 -0.104056698025D-03
  0.147737151201D-04  0.189124661636D-03  0.330625701731D+00  0.303563283761D-03
  0.508105642681D-04 -0.374281444948D-03 -0.173157579910D-03  0.159557663661D-04
 -0.266825058743D-04  0.700564037794D-04  0.280999753811D-03  0.917726142455D-04
 -0.308628249378D-03 -0.747660968025D-04 -0.168604555041D-03 -0.117913328665D-03
 -0.252541463237D-04 -0.441332674945D-03 -0.329772574268D-03 -0.409180476278D-03
 -0.852437624873D-04  0.177635163653D-03 -0.558504021649D-04 -0.121754213959D-03
 -0.160367670005D-02  0.743518709877D-04  0.109064882017D-03  0.134497235059D-03
  0.457274026783D-03  0.289041684650D-03 -0.187827180172D-03 -0.178688935150D-03
  0.213539372260D-04  0.102584710593D-03  0.292362586259D-03  0.929525060589D-04
 -0.239771577813D-03 -0.700548340490D-04 -0.384630815743D-04 -0.180670399426D-03
  0.192652041005D-04  0.114806669565D-03 -0.633003435389D-04  0.302643422416D-03
 -0.705803048257D-05  0.867377155596D-04  0.121786461604D-03  0.948532206585D-05
  0.240514896568D-01 -0.273341513240D-02 -0.832666287161D-03  0.918353592980D-04
  0.193481487130D-03 -0.317894429287D-02 -0.279873028936D-02 -0.285901568618D-02
 -0.412675503347D-02 -0.169527303757D-02  0.171868722318D-03  0.107499656878D-03
  0.118361903481D-03 -0.759028108233D-03 -0.159756595482D-02  0.581530994912D-02
  0.197781934873D-03  0.792868196479D-02  0.604782893851D-03 -0.197780846393D-02
 -0.188558131998D-02  0.118157028904D-02 -0.101369396220D-02 -0.402675892186D-02
 -0.491817503144D-03 -0.792881456869D-03 -0.420318343783D-03  0.380115037797D-03
  0.425976533393D-03 -0.312925279610D-02 -0.312354121688D-02 -0.209666908476D-02
 -0.484308661015D-02 -0.157672785454D-02 -0.386562390561D-05  0.140074723402D-02
 -0.684245356975D-03  0.203848125447D-03 -0.314801147314D-02 -0.302383213965D-02
 -0.215478406094D-02 -0.433113920256D-02 -0.156219534318D-02  0.153900565825D-03
  0.728825299486D-03  0.383526315531D-04  0.158671214878D-03  0.393943388126D+00
  0.809250964695D-03  0.473343002762D-03 -0.276621637048D-03 -0.209258691389D-03
  0.105618970402D-02  0.680813390493D-03  0.785243928431D-03  0.195162237853D-02
  0.671619226633D-03 -0.305269749289D-03 -0.410249004210D-03 -0.171379661080D-03
 -0.514398673798D-03  0.155819789104D-03 -0.335347222239D-02 -0.432427085373D-03
 -0.357216026778D-02 -0.657086914465D-03  0.449428812990D-03  0.404677711133D-03
 -0.309248531110D-03 -0.833769817526D-05  0.161921120988D-02 -0.807714749794D-03
 -0.261769895391D-03  0.270625867919D-03 -0.269404440813D-03 -0.410365187926D-03
  0.685975908900D-03  0.933473016443D-03  0.427445805704D-03  0.213914418236D-02
  0.585762946894D-03 -0.324347139027D-03 -0.835104586888D-04  0.126332225969D-03
 -0.139603616081D-03  0.102117117383D-02  0.930224189854D-03  0.390635343002D-03
  0.200811777922D-02  0.444071816729D-03  0.293020312870D-04  0.161239357651D-03
  0.989661371819D-04  0.898148666934D-04  0.253631814867D-02  0.400449332915D+00
  0.186258482889D-02  0.176849440786D-03 -0.197718990345D-02 -0.849531617721D-03
 -0.136922373902D-04 -0.112749348708D-03  0.357834502723D-03  0.106147310226D-02
  0.343411362178D-03 -0.150286763447D-02 -0.305161381838D-03 -0.825570302785D-03
 -0.288285646080D-03 -0.552202795592D-04 -0.153219106049D-02 -0.151434592665D-02
 -0.152781896528D-02 -0.257282261858D-03  0.101205866108D-02 -0.191884786790D-03
 -0.580714897135D-03 -0.885760604395D-02  0.855502332736D-04  0.119848175068D-02
  0.132785766285D-02  0.252411372695D-02  0.176644205910D-02 -0.915099188164D-03
 -0.100462536255D-02 -0.156974911227D-04  0.753687156139D-03  0.115500757474D-02
  0.514464459469D-03 -0.123762018031D-02 -0.693678986107D-03 -0.217136059828D-03
 -0.100813769232D-02 -0.735651159038D-04  0.547622821176D-03 -0.194463755711D-03
  0.120571288105D-02  0.153674074295D-04  0.463769389202D-03  0.400597123656D-03
  0.104122330589D-05  0.142980352363D-02  0.521209279140D-03  0.371936007348D-03
  0.150917459942D-01 -0.618652320475D-02 -0.332221698513D-03  0.419542201695D-04
  0.177315512083D-03 -0.383377295910D-02 -0.378791959940D-02 -0.385277468030D-02
 -0.227857357306D-02 -0.112193969579D-02  0.265215436478D-03 -0.240692264613D-03
  0.164662954945D-03 -0.301255997043D-02 -0.310735056232D-02  0.296530207004D-02
  0.480152261100D-03  0.482890564178D-02 -0.362921957297D-04 -0.332280967618D-02
 -0.309876309989D-02  0.120345342768D-02  0.142964030916D-03 -0.239844294737D-02
 -0.124222737020D-02 -0.313087610397D-02 -0.394274583278D-03  0.701426554777D-04
  0.102230587467D-03 -0.404165401795D-02 -0.388112165676D-02 -0.343133021282D-02
 -0.276079251077D-02 -0.115219848652D-02 -0.148859639745D-03  0.147937916527D-02
 -0.477016391980D-03  0.168484225731D-03 -0.377615334589D-02 -0.381410474434D-02
 -0.347093442447D-02 -0.239008003849D-02 -0.118904310740D-02  0.175813742139D-03
  0.932802598526D-03  0.207216174256D-03  0.147701066029D-03 -0.532481646087D-02
  0.265548537551D-02  0.231524247950D-03  0.362927334818D+00 -0.594544360127D-02
 -0.309401427477D-03 -0.108432416457D-03  0.749469385463D-04 -0.377847085495D-02
 -0.377715687631D-02 -0.379029596425D-02 -0.208182835763D-02 -0.105756813316D-02
  0.679169672622D-04 -0.288369229938D-03  0.477095386566D-04 -0.319390475863D-02
 -0.307598538331D-02  0.261819720866D-02 -0.656985669490D-03  0.464340596907D-02
 -0.257346041667D-03 -0.321225842775D-02 -0.308923212372D-02  0.920427642177D-03
 -0.106361585392D-02 -0.226644774783D-02 -0.166222511769D-02 -0.296273264260D-02
 -0.237905279468D-03  0.133054815926D-03 -0.897414471222D-04 -0.416515825056D-02
 -0.382301054472D-02 -0.340077950448D-02 -0.266222163332D-02 -0.108690971345D-02
 -0.382215083804D-03  0.163520124788D-02 -0.635055113464D-03  0.105589265186D-03
 -0.370327992538D-02 -0.372438872057D-02 -0.348995523862D-02 -0.218465775458D-02
 -0.125241725753D-02  0.226387435064D-03  0.109509879077D-02  0.233355620648D-03
  0.273362858843D-03 -0.516205277070D-02  0.274335200280D-02  0.895090263966D-03
 -0.538657621821D-02  0.363193789614D+00  0.245493916344D-02 -0.601709662380D-03
 -0.143439379527D-02 -0.698485111598D-03  0.450550388479D-03  0.247406864134D-03
  0.656188443859D-03 -0.809316354476D-03 -0.340299530533D-03 -0.136686533326D-02
 -0.104954390550D-03 -0.777628066143D-03 -0.692530973592D-03  0.111657691982D-02
  0.728126411436D-03 -0.718439048671D-02  0.313095740492D-02 -0.101063261388D-02
  0.128331385222D-02 -0.766595945472D-04 -0.130369573568D-02 -0.971914406662D-02
 -0.121717135992D-02 -0.247270021053D-02  0.108458570538D-03  0.142782746453D-02
  0.954673020184D-03 -0.131046447824D-02 -0.874045508438D-03  0.789560856083D-03
  0.334129323352D-03 -0.187244054472D-02 -0.563747673537D-03 -0.156736809199D-02
  0.229966045257D-02 -0.118109772717D-02 -0.438061119945D-03  0.940836531002D-03
  0.961890051373D-03 -0.218740823311D-03 -0.904302348775D-03 -0.142599451250D-02
  0.544420473192D-03  0.200746875535D-02  0.351911310121D-03  0.119131227629D-02
  0.210119080676D-03  0.157783937061D-02  0.599286599411D-02  0.136103747725D-02
  0.255338557882D-02  0.370711283435D+00  0.429025378350D-03 -0.130094817896D-03
 -0.291355228422D-03 -0.682260044012D-04 -0.115051854386D-04  0.351599453930D-04
  0.639955309784D-04 -0.247663810253D-03 -0.969523956855D-04 -0.108064023731D-03
  0.221697921095D-04 -0.787198521740D-04 -0.114266715000D-03  0.150351104904D-03
  0.466553967844D-03 -0.162362367565D-02  0.686481172003D-03 -0.176048542839D-03
  0.213830677487D-03  0.115705547224D-04 -0.329123434208D-03 -0.251802244730D-02
 -0.191357090454D-03 -0.459874153763D-06  0.583364548087D-03  0.434009150866D-03
  0.424493323665D-03 -0.291499752412D-03 -0.334108784440D-03 -0.137510156302D-04
  0.207983654460D-03 -0.403807137015D-03  0.699325207256D-04 -0.376445170428D-03
  0.713314121483D-04 -0.277212076698D-03 -0.169383167006D-03 -0.155928821034D-04
  0.106762094420D-03  0.116309667754D-04 -0.199995620847D-03 -0.120132838377D-03
  0.123914700736D-03  0.129824624260D-03  0.451876114885D-04  0.334084779408D-03
 -0.119400560597D-03  0.174073651184D-03  0.181107836697D-02 -0.245318740517D-03
  0.548056599261D-04  0.210007569637D-02  0.361762302451D+00 -0.943723003679D-02
 -0.627939690649D-03 -0.254551399502D-02 -0.913066745749D-03  0.791280571594D-03
 -0.133594509134D-02 -0.634268708315D-03  0.296033508086D-02  0.742358193999D-03
 -0.126810821442D-02 -0.102368565284D-02 -0.592474914042D-03 -0.914259638695D-02
 -0.769244124168D-03 -0.636246113602D-02 -0.383820741807D-02 -0.273980822109D-03
 -0.291815728358D-02 -0.166347261017D-02 -0.505881422920D-02  0.516405273236D-03
 -0.386508179988D-02  0.143595058476D-02 -0.748904439446D-02 -0.180707477958D-01
  0.161558183848D-02 -0.580055470784D-03 -0.294769166548D-02 -0.174096368793D-02
  0.224635366063D-02 -0.492634272394D-02  0.157411821076D-02 -0.228899510592D-02
 -0.155521295548D-02  0.895100298653D-02  0.575652682201D-04  0.135197487039D-05
  0.346218381733D-02  0.134285754353D-02 -0.540748421468D-02  0.251067661317D-02
 -0.319611494154D-02  0.110488279625D-02  0.732882659638D-02  0.203036615701D-02
  0.137171987084D-02  0.172797116376D-02  0.437832732793D-02  0.412381433091D-02
  0.642659774181D-02  0.796786631380D-02  0.189743301412D-01  0.699641886607D-03
  0.450424006713D+00 -0.956893855076D-04  0.237245884312D-04 -0.140529097668D-03
 -0.632706460018D-04 -0.905952371405D-04 -0.109764830529D-03 -0.806422014563D-04
  0.149809337689D-03  0.424651535176D-04 -0.109239970792D-03 -0.362030305817D-04
 -0.684259618211D-04 -0.259693820758D-03 -0.111765434034D-03 -0.209685879564D-03
 -0.775213735750D-03 -0.146077197331D-03 -0.157931301824D-03 -0.333352319766D-04
 -0.105356796234D-03 -0.187271529641D-03 -0.105058593694D-02  0.112180014920D-03
 -0.163819530514D-03  0.942879790256D-04  0.183964794340D-03  0.126349496593D-03
 -0.157572083842D-03 -0.247583276406D-03 -0.103996523910D-03 -0.540564451459D-04
  0.102064568509D-03  0.843530597448D-04 -0.192549965364D-03  0.289375647635D-04
 -0.112252143863D-03 -0.779946590607D-04 -0.965078853551D-04 -0.536934692411D-04
 -0.126036821220D-03  0.175078964253D-03 -0.130986495711D-04  0.498690280017D-04
  0.765527274943D-04  0.214184521253D-04  0.135017312885D-03 -0.480420520534D-04
  0.573769562729D-04  0.729689664843D-03 -0.116720429196D-03  0.142795072404D-04
  0.989949232433D-03  0.250349017678D-03  0.678704618322D-03  0.117692700908D-01
  0.266618959546D-02 -0.189670714425D-02  0.465823492214D-03  0.917242352039D-04
 -0.258539739713D-02 -0.180204866089D-02 -0.172800721301D-02 -0.825092732644D-02
 -0.307451912113D-02 -0.426617406659D-03  0.634488950486D-03 -0.151485900775D-03
  0.292800912898D-02  0.848561661823D-03  0.113623824319D-01  0.297960701985D-04
  0.154059520664D-01  0.175812874382D-02 -0.121546481253D-03 -0.315092620787D-03
  0.160827601812D-02 -0.614486219763D-03 -0.811124316783D-02 -0.139250119920D-02
  0.121054161715D-02 -0.142282213325D-02 -0.265877662877D-04  0.128920317820D-02
 -0.176885344792D-02 -0.209863874693D-02 -0.918848874364D-03 -0.982333386631D-02
 -0.341013947829D-02  0.550657075447D-03  0.308697486969D-02 -0.114702943836D-02
  0.728251408543D-03 -0.224534246217D-02 -0.227406538255D-02 -0.594691333986D-03
 -0.892189323212D-02 -0.322501701227D-02  0.448166511063D-04  0.146277068833D-02
 -0.178778443395D-03 -0.286573987996D-03 -0.640939552729D-02  0.339358911336D-02
 -0.190193533084D-02 -0.457355064353D-02 -0.471556251593D-02 -0.292017671951D-02
 -0.505871046692D-03  0.388183364432D-02 -0.170105757533D-03  0.620401057351D+00
 -0.358280802453D-02  0.391447707521D-02 -0.638942248294D-03 -0.577546053925D-03
  0.274190302917D-02  0.113798109069D-02  0.124961017431D-02  0.140220168670D-01
  0.492109577897D-02 -0.356684435568D-03 -0.205084913639D-02 -0.305486793888D-03
 -0.532377016822D-02 -0.330061559028D-02 -0.211692573587D-01 -0.873525923924D-04
 -0.268296010299D-01 -0.351911304004D-02 -0.979260457124D-03  0.270147011960D-03
 -0.223933961994D-02  0.254129392419D-02  0.127984300140D-01 -0.735132863267D-03
 -0.295647221687D-03  0.151015071002D-02 -0.103859040656D-02 -0.185565363738D-02
  0.130724243313D-02  0.137587819289D-02  0.471131768739D-03  0.164749747807D-01
  0.556452566304D-02 -0.131707426566D-02 -0.501827223096D-02  0.139403796174D-02
 -0.107090158448D-02  0.158128275665D-02  0.179242831512D-02  0.255300897039D-03
  0.149650122688D-01  0.511607342047D-02 -0.202303978842D-03 -0.234730692375D-02
  0.621483253665D-04  0.152055499115D-03  0.105759742711D-01 -0.241531982682D-02
  0.138294593653D-02  0.752006461351D-02  0.758298099374D-02  0.352119399596D-02
  0.662731565858D-03 -0.877568870861D-02  0.317909024275D-04  0.188682330151D-01
  0.383338431690D+00  0.552171781371D-03  0.283249108350D-03 -0.374094571625D-03
 -0.191276224417D-03  0.457253389121D-04  0.653560917494D-04  0.316397021825D-03
 -0.273525603043D-03 -0.322373440275D-04 -0.393327681056D-03 -0.374901131567D-04
  0.557351625474D-05  0.298295693250D-02 -0.307944474944D-04  0.598054372913D-04
  0.170529223156D-01 -0.146710182862D-02  0.295829418286D-02  0.359397959883D-03
  0.439563361899D-05  0.378170245021D-02  0.102109939200D-01 -0.170197184339D-02
  0.529844218432D-02 -0.282941649573D-02  0.156884099387D-03 -0.102233676896D-03
  0.203619507741D-02  0.197427674011D-02  0.308714332539D-03  0.224315951081D-03
  0.124437883585D-02 -0.105022421695D-02  0.232635330465D-02 -0.176953809895D-02
  0.250367924046D-02  0.197138486228D-04  0.111368750917D-03  0.128091116313D-03
  0.268154639316D-03 -0.599376726660D-03  0.393821083701D-03 -0.338347719641D-03
 -0.781192698421D-03 -0.441470845007D-03 -0.674536279405D-03 -0.143133481150D-04
 -0.448239410870D-03 -0.328066158120D-02  0.800020722009D-03 -0.121031930127D-02
 -0.127283993110D-01 -0.294575145677D-02 -0.442280407148D-02 -0.139140129632D-02
 -0.675355689743D-03  0.969325266890D-03  0.374212359883D-01 -0.738823260667D-02
  0.475881562330D-03 -0.132528005473D-02 -0.766682714522D-03 -0.374935742725D-02
 -0.444607486661D-02 -0.398739946910D-02  0.134115757862D-02  0.870941809461D-04
 -0.144139013095D-02 -0.963997738001D-03 -0.765505226913D-03 -0.565201824354D-02
 -0.417756941943D-02 -0.308738407452D-02 -0.253813439395D-02 -0.710236938226D-03
 -0.147207306504D-02 -0.348707679108D-02 -0.413695948470D-02  0.163631986762D-03
 -0.452785144027D-02 -0.523965048288D-04 -0.376331759186D-02 -0.543488022151D-02
  0.871316952832D-03  0.801668068515D-04 -0.107514308711D-02 -0.493545013763D-02
 -0.371966258436D-02 -0.439575674296D-02  0.826563140995D-03 -0.582820180508D-03
 -0.130964508223D-02  0.236693116095D-02 -0.609505018625D-03 -0.318012468316D-03
 -0.341414929400D-02 -0.356430197855D-02 -0.473808583214D-02  0.125562119655D-02
 -0.119648434726D-02  0.466399270638D-03  0.228818340089D-02  0.449518178940D-03
  0.837947559164D-03 -0.364848078303D-02  0.307216455832D-02  0.370502233209D-02
 -0.330597758447D-02 -0.254160706911D-02  0.759075581166D-02  0.965086681045D-03
  0.237275471804D-01  0.371460102250D-03 -0.389524422540D-02  0.428654776965D-02
 -0.436135958954D-02  0.366393820277D+00  0.227386804044D-02  0.398951543389D-03
 -0.201258285804D-02 -0.864331659071D-03  0.287444080643D-02  0.187032272631D-02
  0.235208829634D-02  0.379123413237D-02  0.128412494621D-02 -0.130679490782D-02
 -0.850866377490D-03 -0.742867779202D-03 -0.227314601738D-02  0.128402905470D-02
 -0.655868357385D-02 -0.517427813583D-02 -0.542013420213D-02 -0.206824743048D-02
  0.190340037379D-02  0.361212933673D-03 -0.136110398791D-02 -0.778364356761D-02
  0.289826465518D-02 -0.239559517437D-02 -0.214100404286D-02  0.227336201538D-02
  0.664800395616D-03 -0.210437725265D-02  0.887949699397D-03  0.300513231319D-02
  0.111887654284D-02  0.356599566514D-02  0.878969878452D-03 -0.184428783193D-02
  0.158886977780D-02 -0.298870273290D-03 -0.804616940869D-03  0.337939007187D-02
  0.314155393311D-02  0.357841688847D-03  0.392225411277D-02 -0.232260289663D-04
  0.608719671753D-03  0.205251978395D-02  0.668984470344D-03  0.139892004609D-02
  0.571853758416D-02  0.149904926119D-02  0.680986843981D-02  0.675899876212D-02
  0.794513187445D-02  0.119820484642D-01  0.195951781756D-02  0.279590427664D-01
  0.922682517403D-03  0.617252589577D-02 -0.543844170088D-02 -0.835189575029D-02
  0.140505444222D-01  0.376720009707D+00  0.128706090705D-01 -0.777535175148D-02
  0.853587386411D-03  0.155931962525D-02 -0.177724077630D-02  0.112099324253D-02
  0.637089624440D-03 -0.272818929004D-01 -0.968442788706D-02  0.187657909095D-02
  0.342683964727D-02  0.119758181718D-02  0.117759791662D-01  0.901676794137D-02
  0.403999360707D-01  0.549801103563D-03  0.513545597574D-01  0.631903041607D-02
  0.435619037658D-02  0.207002910032D-02  0.484775387676D-02 -0.587679727984D-02
 -0.242764628093D-01  0.291559894660D-02  0.346753269265D-02 -0.196635723096D-02
  0.278588574201D-02  0.292479895657D-02 -0.139773946365D-03  0.349412627182D-03
  0.256528234797D-02 -0.318029496504D-01 -0.984044345698D-02  0.191651352030D-02
  0.888687423028D-02 -0.273094036760D-02  0.162032643214D-02  0.398418513844D-04
 -0.165394787047D-03  0.239532599647D-02 -0.288620167793D-01 -0.913474509180D-02
  0.641509016500D-03  0.411558635760D-02  0.207958281174D-03  0.411165110856D-03
 -0.142398676780D-01  0.746001748634D-02  0.744621358609D-03 -0.891586537447D-02
 -0.857068515900D-02 -0.272165637629D-02 -0.942998475655D-03  0.162798968108D-01
  0.128111979392D-03 -0.263316420646D-01  0.436620104832D-01 -0.443732641376D-03
 -0.365738456927D-04  0.157198049642D-01  0.370780697222D+00 -0.492043566153D-02
 -0.265230197906D-03 -0.263435725010D-03 -0.550595516714D-03 -0.383687884242D-02
 -0.417972990022D-02 -0.372687088841D-02 -0.238325338933D-02 -0.115756568500D-02
 -0.141977601335D-02 -0.464075363281D-03 -0.624321270327D-03 -0.207159882353D-02
 -0.282827762146D-02  0.185221890898D-02  0.431814578184D-02  0.522672647128D-02
  0.585263822976D-03 -0.289448538582D-02 -0.330544459190D-02  0.219527168156D-02
  0.365164802309D-02 -0.390411740689D-02 -0.326809167509D-02 -0.599658226432D-02
 -0.105420617814D-02 -0.112467593572D-02  0.773252885969D-03 -0.325114828804D-02
 -0.338057548983D-02 -0.429711935435D-02 -0.305571281765D-02 -0.267873985726D-02
  0.530943396443D-03  0.341623269173D-02  0.303686085673D-04  0.571726333232D-03
 -0.320903868425D-02 -0.375764538382D-02 -0.387332355153D-02 -0.302060083162D-02
 -0.240598122040D-02  0.459550884094D-04  0.244806713197D-02  0.117488439448D-03
 -0.424454392356D-03 -0.544287038199D-02  0.345475066683D-02 -0.314220745783D-02
 -0.334003812368D-02 -0.385658761631D-02 -0.228187914615D-02 -0.126616943594D-02
  0.222441316194D-01 -0.587432133565D-03 -0.810161100912D-02  0.107316180294D-01
  0.750088356732D-02 -0.210691856415D-02  0.849125148705D-02 -0.106028379170D-01
  0.385917223610D+00  0.696817590302D-03  0.173397873866D-02 -0.200242094649D-03
 -0.520116848700D-03  0.255008687689D-02  0.150751235573D-02  0.181671474443D-02
  0.605858994022D-02  0.217600171065D-02 -0.810286176106D-03 -0.104605211510D-02
 -0.353186448118D-03 -0.400125145732D-03 -0.217481396310D-03 -0.102256463596D-01
  0.709723080306D-02 -0.121249395681D-01 -0.474069293746D-03  0.640551103195D-03
  0.845900162713D-03  0.728808480614D-03  0.811701758427D-02  0.460424652639D-02
 -0.428697263664D-03 -0.278160610180D-02 -0.136567559247D-03 -0.163727816145D-02
  0.157435481549D-03  0.294675671786D-02  0.233850347414D-02  0.522093004612D-03
  0.741521245781D-02  0.124630795371D-02  0.669646119713D-03 -0.117451328823D-02
  0.171284778907D-02 -0.201860972423D-04  0.248485894864D-02  0.202568585747D-02
  0.886836815547D-03  0.604058173572D-02  0.170599652467D-02 -0.325873488116D-03
 -0.259891699087D-03 -0.347005193720D-04 -0.719654840829D-03  0.645753704015D-02
 -0.503518914497D-03 -0.393203440554D-02  0.713370814380D-02  0.609458788806D-02
 -0.449819666690D-02 -0.151211653806D-02  0.681471929108D-02 -0.771001904079D-03
  0.898033270233D-02 -0.891934365651D-02  0.132417131760D-01  0.357662542479D-02
 -0.430329102228D-02  0.213682784143D-01  0.124733524943D-01  0.378299042415D+00
$end
