$coord
    1.30828618988464      2.05657390819943      0.61386098215670      c
    2.42253215594030      3.76423388548341      0.47718567599091      h
    2.49101283578015     -0.29644148775414      0.54215500657037      c
    4.52238556981047     -0.41475020926317      0.35603727625007      h
    1.05450197767747     -2.49812430985521      0.72074128819010      c
    1.97272143821450     -4.32288799454397      0.67579520658660      h
   -1.56384732291291     -2.34594734778504      0.96694454465148      c
   -2.67717680769892     -4.05393786084637      1.10613091890266      h
   -2.74654947228856      0.00693803312086      1.03629004253824      c
   -4.77766711218820      0.12416013942676      1.22802442442961      h
   -1.31045126612262      2.20795806212671      0.86214799616111      c
   -2.22748697197439      4.03345014742257      0.91789071244059      h
$user-defined bonds
$frag
 atom   1 fragment  1 symmetry  c1
 atom   2 fragment  1
 atom   3 fragment  1
 atom   4 fragment  1
 atom   5 fragment  1
 atom   6 fragment  1
 atom   7 fragment  1
 atom   8 fragment  1
 atom   9 fragment  1
 atom  10 fragment  1
 atom  11 fragment  1
 atom  12 fragment  1
   iteration     4
$redundant
     number_of_atoms            12
     degrees_of_freedom         30
     internal_coordinates       30
     frozen_coordinates          0
# definitions of redundant internals
   1 k  1.0000000000000 stre    1    2           val=   2.04361
   2 k -0.7071067811843 bend    3    2    1      val=   0.01543
        0.7071067811888 bend   11    2    1
   3 k  1.0000000000000 outp    2   11    3    1 val=   0.00915
   4 k  1.0000000000000 stre    3    4           val=   2.04331
   5 k  0.7071067846632 bend    1    4    3      val=   0.02375
       -0.7071067777099 bend    5    4    3
   6 k  1.0000000000000 outp    4    5    1    3 val=  -0.22274
   7 k  1.0000000000000 stre    5    6           val=   2.04326
   8 k  0.7071067842198 bend    7    6    5      val=   0.01922
       -0.7071067781533 bend    3    6    5
   9 k  1.0000000000000 outp    6    3    7    5 val=   0.21395
  10 k  1.0000000000000 stre    7    8           val=   2.04355
  11 k -0.7071067810578 bend    5    8    7      val=   0.01753
        0.7071067813153 bend    9    8    7
  12 k  1.0000000000000 outp    8    9    5    7 val=  -0.05609
  13 k  1.0000000000000 stre    9   10           val=   2.04351
  14 k  0.7071067814197 bend   11   10    9      val=   0.00880
       -0.7071067809534 bend    7   10    9
  15 k  1.0000000000000 outp   10    7   11    9 val=   0.08032
  16 k  1.0000000000000 stre   11   12           val=   2.04364
  17 k  0.7071067812811 bend    9   12   11      val=   0.00379
       -0.7071067810920 bend    1   12   11
  18 k  1.0000000000000 outp   12    1    9   11 val=   0.04819
  19 k  1.0000000000000 stre    1    3           val=   2.63451
  20 k  1.0000000000000 stre    3    5           val=   2.63493
  21 k  1.0000000000000 stre    5    7           val=   2.63430
  22 k  1.0000000000000 stre    7    9           val=   2.63432
  23 k  1.0000000000000 stre    9   11           val=   2.63386
  24 k  1.0000000000000 stre   11    1           val=   2.63483
  25 k -0.5000000000000 bend    1    5    3      val=   0.00920
       -0.5000000000000 bend    3    7    5
        1.0000000000000 bend    5    9    7
       -0.5000000000000 bend    7   11    9
       -0.5000000000000 bend    9    1   11
        1.0000000000000 bend   11    3    1
  26 k  0.8660254037844 bend    1    5    3      val=  -0.00868
       -0.8660254037844 bend    3    7    5
        0.8660254037844 bend    7   11    9
       -0.8660254037844 bend    9    1   11
  27 k -1.0000000000000 bend    1    5    3      val=  -0.00282
        1.0000000000000 bend    3    7    5
       -1.0000000000000 bend    5    9    7
        1.0000000000000 bend    7   11    9
       -1.0000000000000 bend    9    1   11
        1.0000000000000 bend   11    3    1
  28 k -0.5000000000000 tors    3    5    7    9 val=   0.08235
       -0.5000000000000 tors    5    7    9   11
        1.0000000000000 tors    7    9   11    1
       -0.5000000000000 tors    9   11    1    3
       -0.5000000000000 tors   11    1    3    5
        1.0000000000000 tors    1    3    5    7
  29 k  0.8660254037844 tors    3    5    7    9 val=   0.00409
       -0.8660254037844 tors    5    7    9   11
        0.8660254037844 tors    9   11    1    3
       -0.8660254037844 tors   11    1    3    5
  30 k -1.0000000000000 tors    3    5    7    9 val=  -0.01011
        1.0000000000000 tors    5    7    9   11
       -1.0000000000000 tors    7    9   11    1
        1.0000000000000 tors    9   11    1    3
       -1.0000000000000 tors   11    1    3    5
        1.0000000000000 tors    1    3    5    7
        30 non zero eigenvalues  of BmBt
           1          11.036300130    1    0
         1
           2           5.088097608    2    0
         2
           3           5.086028632    3    0
         3
           4           4.376030417    4    0
         4
           5           4.375771362    5    0
         5
           6           3.553555406    6    0
         6
           7           3.502306756    7    0
         7
           8           3.502185953    8    0
         8
           9           3.186383154    9    0
         9
          10           2.618031368   10    0
        10
          11           1.989075661   11    0
        11
          12           1.890827186   12    0
        12
          13           1.890654740   13    0
        13
          14           1.576966750   14    0
        14
          15           1.576890697   15    0
        15
          16           0.994600203   16    0
        16
          17           0.994483709   17    0
        17
          18           0.542624480   18    0
        18
          19           0.478954438   19    0
        19
          20           0.404339506   20    0
        20
          21           0.381962528   21    0
        21
          22           0.358711322   22    0
        22
          23           0.358703469   23    0
        23
          24           0.279029650   24    0
        24
          25           0.279022710   25    0
        25
          26           0.260195181   26    0
        26
          27           0.260136255   27    0
        27
          28           0.150069652   28    0
        28
          29           0.108529509   29    0
        29
          30           0.108520196   30    0
        30
$end
