$coord
   39.18725081764958     24.74029453173884      4.00810912785045       c
   37.91546513021755     22.14948000355263      3.77378308737263       c
   35.03363277756694     22.26853274992442      4.05535228117259       c
   33.74294982880605     19.68527712626975      3.82102624069477       c
   30.85922775002255     19.81566822943886      4.07613926863433       c
   29.56287562286300     17.23808178418284      3.82858514522631       c
   26.67726381794663     17.37792151801638      4.05535228117259       c
   25.37335278625553     14.80600425115902      3.78890089643571       c
   22.48774098133915     14.95907206792275      3.99866049718602       c
   21.17249159285075     12.39093425333116      3.72653993405049       c
   18.28876951406726     12.55534042689221      3.93818926093368       c
   16.96218176878153      9.99287179069928      3.67551732846258       c
   14.08034941613093     10.16483686879188      3.90606391667462       c
   12.74809249244655      7.60425795873183      3.66417897166526       c
    9.86814986592883      7.77811276295731      3.92685090413637       c
    8.53400321611156      5.21564412676438      3.71142212498740       c
    5.65595031572673      5.38571947872408      4.00621940171756       c
    4.34070092723832      2.81380221186672      3.80590843163169       c
    2.28845834692451      3.00088509902240      4.00432967558468       h
   38.81875422173689     25.57933293474007      5.86570991647704       h
   41.23760367183051     24.59667534563953      3.76811390897397       h
   38.46915488715304     26.04798501569571      2.57191726685736       h
   38.38222748504030     21.31233132668429      1.93318983394201       h
   38.68647339243489     20.86635595932327      5.21186467449860       h
   34.56120124434553     23.10568142679276      5.89594553460321       h
   34.26073478921671     23.55165679415377      2.61538096791373       h
   34.22860944495766     18.84245927100275      1.98610216566281       h
   34.50073000809319     18.40782226043905      5.27044618461806       h
   30.37356813387094     20.65281690630719      5.91484279593206       h
   30.10333729686830     21.10257172593398      2.63238850310970       h
   30.06365304807770     16.39337420278296      1.99744052246012       h
   30.30175854082129     15.95495773995349      5.28556399368114       h
   26.17648639273193     18.21318046875183      5.89027635620455       h
   25.94216035225411     18.67049419291016      2.60593233724930       h
   25.88168911600177     13.96507612202490      1.95964599980241       h
   26.09711789515073     13.51532130239812      5.24776947102343       h
   21.97940465159292     15.79433101865821      5.83169484608510       h
   21.76586559857684     16.25353446894942      2.54546110099696       h
   21.67893819646410     11.55189585032994      1.89728503741719       h
   21.89247724948018     11.09647185230450      5.18351878250532       h
   17.78610236271967     13.39626855602633      5.76933388369987       h
   17.56878385743783     13.85169255405176      2.48310013861174       h
   17.45540028946469      9.14816420929940      1.84248297956350       h
   17.68594687767673      8.69651966353973      5.12871672465164       h
   13.59468979997932     11.01521362859041      5.73909826557370       h
   13.35280485496996     11.45740954368565      2.45286452048556       h
   13.21863429953508      6.75577092506617      1.82925489663330       h
   13.48697541040483      6.31168528383805      5.11359891558855       h
    9.40327723723896      8.63604842728739      5.76177497916833       h
    9.12359776957189      9.06312653331955      2.47743096021308       h
    8.98375803573835      4.35959818856718      1.87271859768967       h
    9.29178339539871      3.92874063026925      5.15517289051204       h
    5.21186467449860      6.24932432145282      5.84114347674952       h
    4.90005986257247      6.66506407068766      2.55868918392716       h
    4.72431533221411      1.92563092941047      1.97476380886550       h
    5.00966397827984      1.52500898923871      5.28367426754826       h
    9.39004915430876      8.90249981202427     -3.87960775081423       c
    8.09936620554787      6.31924418836959     -4.11393379129205       c
    5.21753385289726      6.43829693474139     -3.83236459749208       c
    3.94574816546522      3.84748240655517     -4.06669063796990       c
   12.27188150695937      8.77210870885516     -4.13661050488667       c
   13.57012336025180     11.35158488024406     -3.88716665534577       c
   16.45384543903530     11.20985542027764     -4.11393379129205       c
   17.75964619685928     13.78177268713500     -3.84748240655517       c
   20.64525800177566     13.62870487037126     -4.05724200730548       c
   21.95861766413117     16.19684268496285     -3.78512144416994       c
   24.84422946904755     16.03243651140180     -3.99677077105314       c
   26.16892748820039     18.59679487372761     -3.73409883858203       c
   29.05075984085099     18.42294006950214     -3.96464542679408       c
   30.38301676453537     20.98540870569507     -3.72276048178472       c
   33.26295939105309     20.80966417533670     -3.98732214038871       c
   34.59710604087036     23.37213281152964     -3.77000363510686       c
   37.47515894125519     23.20205745956993     -4.06480091183702       c
   38.79040832974360     25.77397472642729     -3.86637966788403       c
   40.84265091005741     25.58878156540450     -4.06480091183702       h
   38.12144527870208     27.06276794905530     -5.34414550380060       h
   37.91924458248332     22.33845261684119     -5.89972498686898       h
   38.23104939440945     21.92271286760635     -2.61727069404662       h
   34.14735122124358     24.23006847585972     -1.93318983394201       h
   33.83932586158321     24.65903630802476     -5.21564412676438       h
   33.72783201974296     19.95172851100662     -5.82035648928778       h
   34.00751148741004     19.52465040497447     -2.53601247033253       h
   29.91247495744685     21.83389573936072     -1.88783640675276       h
   29.64413384657708     22.27609165445596     -5.17218042570801       h
   29.53641945700261     17.57256330970360     -5.79767977569315       h
   29.78019412814485     17.13225712074124     -2.51144603060502       h
   25.67759869365012     19.43961272899461     -1.90106448968296       h
   25.44516237930518     19.89125727475428     -5.18729823477109       h
   25.34500689426225     15.19150838226768     -5.82791539381932       h
   25.56232539954409     14.73797411037513     -2.54168164873119       h
   21.45217106051782     17.03777081409696     -1.95586654753664       h
   21.24052173363463     17.49130508598951     -5.24210029262477       h
   21.15359433152189     12.79344591963580     -5.89027635620455       h
   21.36713338453797     12.33424246934459     -2.60404261111642       h
   17.24942014098015     14.62270081626911     -2.02011723605475       h
   17.03588108796407     15.07245563589589     -5.30635098114289       h
   16.95462286424999     10.37459646954218     -5.95074759245689       h
   17.18894890472781      9.91728274538386     -2.66451384736876       h
   13.06934593503711     12.19440273551106     -2.05791175871247       h
   12.82935071616063     12.63281919834052     -5.34414550380060       h
   12.75754112311098      7.93684975811970     -5.97531403218440       h
   13.02777196011363      7.48520521236003     -2.69285973936204       h
    8.90438953815715      9.74531766729126     -2.04468367578227       h
    8.57179773876928      5.48209551150125     -5.95641677085555       h
    8.87037446776521      5.03612014414024     -2.67585220416607       h
    4.75077149807451      7.27544561160973     -1.99177134406147       h
    4.44652559067992      7.72142097897074     -5.27044618461806       h
    1.89539531128430      3.99110159265448     -3.82858514522631       h
    4.31424476137792      3.00844400355394     -5.92618115272938       h
    4.66384409596177      2.53979192259830     -2.63238850310970       h
    8.63037924888873     10.17995467785496     -5.33091742087040       h
   38.40679392476782     26.66214600888354     -2.03334531898495       h
$end
