$coord
   -1.18608995967983      0.16528918400144      0.00278032571342      o
    0.64931374296246      0.23111979695021     -0.00113467660786      h
   -1.84802220338573     -2.41612069689609      0.00234025007105      c
   -3.89924596242143     -2.53609434082751      0.00946560040510      h
   -1.16196177011925     -3.41355562499208     -1.67313319551142      h
   -1.15016352957024     -3.41707238075894      1.67084431764529      h
$redundant
     number_of_atoms             6
     degrees_of_freedom         12
     internal_coordinates       12
     frozen_coordinates          0
# definitions of redundant internals
   1 k  1.0000000000000 stre    1    2           val=   1.83659
   2 k  1.0000000000000 bend    3    2    1      val= 106.43616
   3 k  1.0000000000000 tors    4    3    1    2 val=  59.91932
        1.0000000000000 tors    5    3    1    2
        1.0000000000000 tors    6    3    1    2
   4 k  1.0000000000000 stre    3    4           val=   2.05474
   5 k  1.0000000000000 stre    3    5           val=   2.06707
   6 k  1.0000000000000 stre    3    6           val=   2.06708
   7 k  0.3978079351223 bend    5    4    3      val=   1.33836
        0.3977704312971 bend    6    4    3
        0.4593442241679 bend    6    5    3
       -0.4068916941634 bend    1    4    3
       -0.3917741924743 bend    1    5    3
       -0.3917684849436 bend    1    6    3
   8 k  0.3725559329730 bend    5    4    3      val=   2.04836
        0.3632998590891 bend    6    4    3
       -0.6441255561959 bend    6    5    3
        0.4491255762840 bend    1    4    3
       -0.2343542998711 bend    1    5    3
       -0.2401704309597 bend    1    6    3
   9 k -0.6020004442265 bend    5    4    3      val=   0.01998
        0.6077810869720 bend    6    4    3
       -0.0050278117866 bend    6    5    3
        0.0033709368016 bend    1    4    3
       -0.3679552423885 bend    1    5    3
        0.3643760598102 bend    1    6    3
  10 k  0.2376682848031 bend    5    4    3      val=   1.69091
        0.2365379068862 bend    6    4    3
       -0.4492937724421 bend    6    5    3
       -0.6823766234297 bend    1    4    3
        0.3309678671433 bend    1    5    3
        0.3324471774051 bend    1    6    3
  11 k  0.3659073345317 bend    5    4    3      val=  -0.00280
       -0.3664461951976 bend    6    4    3
        0.0004974418368 bend    6    5    3
        0.0009582638958 bend    1    4    3
       -0.6053656588036 bend    1    5    3
        0.6044503800845 bend    1    6    3
  12 k  1.0000000000000 stre    1    3           val=   2.66493
        12 non zero eigenvalues  of BmBt
           1           3.579829390    1    0
         1
           2           3.527919103    2    0
         2
           3           3.260518829    3    0
         3
           4           2.453077070    4    0
         4
           5           2.147744556    5    0
         5
           6           1.240465436    6    0
         6
           7           0.849640957    7    0
         7
           8           0.690249133    8    0
         8
           9           0.688550397    9    0
         9
          10           0.461163004   10    0
        10
          11           0.433576363   11    0
        11
          12           0.257485292   12    0
        12
$user-defined bonds
$frag
 atom   1 fragment  1 symmetry  c1
 atom   2 fragment  1
 atom   3 fragment  1
 atom   4 fragment  1
 atom   5 fragment  1
 atom   6 fragment  1
   iteration     4
$end
