$coord
    4.22975174226409      0.48107566589709      0.53388399087099      n
    4.99257054558250      1.50137570761398      1.96100533650158      h
    5.01966458471960      1.17532561286456     -1.06415520521086      h
    4.93330214646991     -2.18567337599781      0.82443457865930      c
    4.12773570657003     -3.26476857460155     -0.72774007411641      h
    6.96551106352704     -2.53846530650713      0.87315813776476      h
    4.11226797124974     -2.91209735223869      2.56267270771802      h
$redundant
     number_of_atoms             7
     degrees_of_freedom         15
     internal_coordinates       15
     frozen_coordinates          0
# definitions of redundant internals
   1 k  1.0000000000000 stre    1    2           val=   1.91300
   2 k  1.0000000000000 stre    1    3           val=   1.91303
   3 k  0.8619004808338 bend    3    2    1      val=   7.81559
       -0.3583957536807 bend    4    2    1
       -0.3587200090349 bend    4    3    1
   4 k  0.5063237260006 bend    3    2    1      val= 108.23768
        0.6468321026722 bend    4    2    1
        0.5703021264571 bend    4    3    1
   5 k  0.0276377572773 bend    3    2    1      val=   6.96941
       -0.6731721285795 bend    4    2    1
        0.7389691736984 bend    4    3    1
   6 k  1.0000000000000 tors    5    4    1    2 val=  59.79858
        1.0000000000000 tors    5    4    1    3
        1.0000000000000 tors    7    4    1    2
        1.0000000000000 tors    7    4    1    3
        1.0000000000000 tors    6    4    1    2
        1.0000000000000 tors    6    4    1    3
   7 k  1.0000000000000 stre    4    5           val=   2.05490
   8 k  1.0000000000000 stre    4    7           val=   2.05506
   9 k  1.0000000000000 stre    4    6           val=   2.06318
  10 k  0.3531602714941 bend    7    5    4      val=   1.24892
        0.4490058368614 bend    6    5    4
        0.4479718508188 bend    6    7    4
       -0.4061888225204 bend    1    5    4
       -0.4065040139619 bend    1    7    4
       -0.3778332027086 bend    1    6    4
  11 k  0.7000272963998 bend    7    5    4      val=   2.21658
       -0.2828092366390 bend    6    5    4
       -0.2854548643856 bend    6    7    4
        0.2238138706919 bend    1    5    4
        0.2216381664350 bend    1    7    4
       -0.4992795958486 bend    1    6    4
  12 k  0.0021290195372 bend    7    5    4      val=  -0.00106
       -0.6307342506804 bend    6    5    4
        0.6299085074915 bend    6    7    4
       -0.3203573443812 bend    1    5    4
        0.3205538818916 bend    1    7    4
       -0.0011938129720 bend    1    6    4
  13 k  0.4936007327785 bend    7    5    4      val=   1.68474
       -0.2258043115123 bend    6    5    4
       -0.2310811988382 bend    6    7    4
       -0.3440292680562 bend    1    5    4
       -0.3348911620507 bend    1    7    4
        0.6492025734296 bend    1    6    4
  14 k -0.0033003954391 bend    7    5    4      val=   0.03452
        0.3220030349733 bend    6    5    4
       -0.3188900283459 bend    6    7    4
       -0.6275430635092 bend    1    5    4
        0.6330696512407 bend    1    7    4
       -0.0049822483854 bend    1    6    4
  15 k  1.0000000000000 stre    1    4           val=   2.77326
        15 non zero eigenvalues  of BmBt
           1           4.205889320    1    0
         1
           2           3.737278083    2    0
         2
           3           3.244834618    3    0
         3
           4           2.817355509    4    0
         4
           5           2.328623722    5    0
         5
           6           1.319416445    6    0
         6
           7           1.266461834    7    0
         7
           8           0.870487282    8    0
         8
           9           0.730148430    9    0
         9
          10           0.696659106   10    0
        10
          11           0.692214490   11    0
        11
          12           0.511427641   12    0
        12
          13           0.387345161   13    0
        13
          14           0.262382264   14    0
        14
          15           0.231725510   15    0
        15
$user-defined bonds
$frag
 atom   1 fragment  1 symmetry  c1
 atom   2 fragment  1
 atom   3 fragment  1
 atom   4 fragment  1
 atom   5 fragment  1
 atom   6 fragment  1
 atom   7 fragment  1
   iteration     5
$end
