$coord
   -0.00000198295186      0.00000937758461      1.06522301284547      c
    4.42703960695194     -1.75083438709780      0.98571326093112      c
    3.37514976040549      2.44110254831102     -1.03642762826668      c
   -2.43569374068120      0.23997859620040     -0.44404509690959      c
   -3.37513577031500     -2.44110406683947     -1.03643493256274      c
   -4.42705243432870      1.75082888804267      0.98569800912549      c
    2.43569304493280     -0.23997553360595     -0.44403850561872      c
    3.76869765364353     -3.65704846405646      1.38745159114784      h
    6.15561610042431     -1.87930958262916     -0.12225258147248      h
    4.85706330404482     -0.84341788895703      2.77757292224895      h
    5.06540008829813      2.35984209137756     -2.20432947113243      h
    1.95803047749148      3.54474015110817     -2.04069059058346      h
    3.84079797508596      3.42385028691289      0.71028081426306      h
   -1.98672141795648      1.17659153834322     -2.22701828594356      h
   -3.84078645929638     -3.42385216078798      0.71027242507512      h
   -5.06538278138583     -2.35985184903832     -2.20434175228739      h
   -1.95800928391633     -3.54473725643192     -2.04069196942448      h
   -4.85708128314523      0.84341033561205      2.77755590072605      h
   -3.76871975309944      3.65704494003097      1.38744149721612      h
   -6.15562469019594      1.87929777485399     -0.12227547783865      h
    1.98672406454011     -1.17658873308124     -2.22701254435591      h
   -0.00000247854612      0.00002339414779      3.36234940281703      o
$user-defined bonds
$redundant
     number_of_atoms            22
     degrees_of_freedom         60
     internal_coordinates       60
     frozen_coordinates          0
# definitions of redundant internals
   1 k  1.0000000000000 tors   10    2    7    1 val=  60.69323
        1.0000000000000 tors   10    2    7    3
        1.0000000000000 tors    8    2    7    1
        1.0000000000000 tors    8    2    7    3
        1.0000000000000 tors    9    2    7    1
        1.0000000000000 tors    9    2    7    3
   2 k  1.0000000000000 stre    2   10           val=   2.05404
   3 k  1.0000000000000 stre    2    8           val=   2.05632
   4 k  1.0000000000000 stre    2    9           val=   2.05720
   5 k  0.4062102785752 bend    8   10    2      val=   1.03120
        0.4189519170214 bend    9   10    2
        0.4232658868658 bend    9    8    2
       -0.4028021870526 bend    7   10    2
       -0.4022639058739 bend    7    8    2
       -0.3952880442872 bend    7    9    2
   6 k  0.3473272533073 bend    8   10    2      val=   0.23126
        0.3564734721643 bend    9   10    2
       -0.6888223085803 bend    9    8    2
        0.4279741424157 bend    7   10    2
       -0.2194129458822 bend    7    8    2
       -0.2156626127963 bend    7    9    2
   7 k -0.6293070090260 bend    8   10    2      val=   0.22687
        0.6155485505184 bend    9   10    2
        0.0017535196084 bend    9    8    2
        0.0031027971043 bend    7   10    2
       -0.3302919852917 bend    7    8    2
        0.3405395316504 bend    7    9    2
   8 k -0.2265619837497 bend    8   10    2      val=  -0.07963
       -0.2047814800475 bend    9   10    2
        0.4294409898275 bend    9    8    2
        0.6942139745148 bend    7   10    2
       -0.3221934430917 bend    7    8    2
       -0.3695578331223 bend    7    9    2
   9 k -0.3266565411497 bend    8   10    2      val=   0.77536
        0.3438717128872 bend    9   10    2
       -0.0143703681239 bend    9    8    2
       -0.0249656779231 bend    7   10    2
        0.6358312155947 bend    7    8    2
       -0.6082241543390 bend    7    9    2
  10 k  1.0000000000000 tors   11    3    7    1 val=  61.98879
        1.0000000000000 tors   11    3    7    2
        1.0000000000000 tors   13    3    7    1
        1.0000000000000 tors   13    3    7    2
        1.0000000000000 tors   12    3    7    1
        1.0000000000000 tors   12    3    7    2
  11 k  1.0000000000000 stre    3   11           val=   2.05610
  12 k  1.0000000000000 stre    3   13           val=   2.05757
  13 k  1.0000000000000 stre    3   12           val=   2.05786
  14 k  0.4062269685083 bend   13   11    3      val=   1.10357
        0.4204527322028 bend   12   11    3
        0.4236213166463 bend   12   13    3
       -0.4010892185805 bend    7   11    3
       -0.3984784924575 bend    7   13    3
       -0.3988564402261 bend    7   12    3
  15 k  0.5073141957689 bend   13   11    3      val=   0.52280
       -0.6624366075796 bend   12   11    3
        0.1697970021838 bend   12   13    3
       -0.1034253976856 bend    7   11    3
        0.4113962333067 bend    7   13    3
       -0.3082780434832 bend    7   12    3
  16 k  0.5017553167625 bend   13   11    3      val=   0.45227
        0.2050515919546 bend   12   11    3
       -0.6879538178618 bend   12   13    3
        0.3811910074922 bend    7   11    3
       -0.1136005887346 bend    7   13    3
       -0.2733190686232 bend    7   12    3
  17 k  0.2267731854147 bend   13   11    3      val=   0.52634
       -0.4244450670236 bend   12   11    3
        0.2034907369172 bend   12   13    3
        0.3419185877401 bend    7   11    3
       -0.6971293421452 bend    7   13    3
        0.3522984347440 bend    7   12    3
  18 k  0.3456497891380 bend   13   11    3      val=   0.58656
        0.0002809429857 bend   12   11    3
       -0.3397405188759 bend   12   13    3
       -0.6274758989629 bend    7   11    3
        0.0132364438803 bend    7   13    3
        0.6092629292415 bend    7   12    3
  19 k  1.0000000000000 stre    4   14           val=   2.06345
  20 k  0.4563851939530 bend    1   14    4      val=   1.97746
       -0.8005612341230 bend    6   14    4
        0.3883481236725 bend    5   14    4
  21 k -0.6852781887023 bend    1   14    4      val=   0.44561
       -0.0378565135811 bend    6   14    4
        0.7272968365588 bend    5   14    4
  22 k  1.0000000000000 tors   16    5    4    1 val=  61.98881
        1.0000000000000 tors   16    5    4    6
        1.0000000000000 tors   15    5    4    1
        1.0000000000000 tors   15    5    4    6
        1.0000000000000 tors   17    5    4    1
        1.0000000000000 tors   17    5    4    6
  23 k  1.0000000000000 stre    5   16           val=   2.05610
  24 k  1.0000000000000 stre    5   15           val=   2.05757
  25 k  1.0000000000000 stre    5   17           val=   2.05786
  26 k  0.4062258570218 bend   15   16    5      val=   1.10358
        0.4204533907015 bend   17   16    5
        0.4236220125036 bend   17   15    5
       -0.4010892145742 bend    4   16    5
       -0.3984785851570 bend    4   15    5
       -0.3988560504499 bend    4   17    5
  27 k  0.5073172362719 bend   15   16    5      val=   0.52282
       -0.6624348249225 bend   17   16    5
        0.1697938986554 bend   17   15    5
       -0.1034234507345 bend    4   16    5
        0.4113955057926 bend    4   15    5
       -0.3082802039420 bend    4   17    5
  28 k  0.5017528947288 bend   15   16    5      val=   0.45230
        0.2050559517425 bend   17   16    5
       -0.6879541433696 bend   17   15    5
        0.3811913884452 bend    4   16    5
       -0.1136027684650 bend    4   15    5
       -0.2733179874782 bend    4   17    5
  29 k  0.2267733920790 bend   15   16    5      val=   0.52633
       -0.4244451136764 bend   17   16    5
        0.2034907470941 bend   17   15    5
        0.3419190046052 bend    4   16    5
       -0.6971293808736 bend    4   15    5
        0.3522977584101 bend    4   17    5
  30 k  0.3456504457982 bend   15   16    5      val=   0.58656
        0.0002805937130 bend   17   16    5
       -0.3397404173514 bend   17   15    5
       -0.6274757964373 bend    4   16    5
        0.0132359794007 bend    4   15    5
        0.6092627291565 bend    4   17    5
  31 k  1.0000000000000 tors   18    6    4    1 val=  60.69308
        1.0000000000000 tors   18    6    4    5
        1.0000000000000 tors   19    6    4    1
        1.0000000000000 tors   19    6    4    5
        1.0000000000000 tors   20    6    4    1
        1.0000000000000 tors   20    6    4    5
  32 k  1.0000000000000 stre    6   18           val=   2.05404
  33 k  1.0000000000000 stre    6   19           val=   2.05632
  34 k  1.0000000000000 stre    6   20           val=   2.05720
  35 k  0.4062094534112 bend   19   18    6      val=   1.03122
        0.4189518664445 bend   20   18    6
        0.4232670220877 bend   20   19    6
       -0.4028023736230 bend    4   18    6
       -0.4022638612014 bend    4   19    6
       -0.3952875856260 bend    4   20    6
  36 k  0.3473325366398 bend   19   18    6      val=   0.23127
        0.3564694308331 bend   20   18    6
       -0.6888216153203 bend   20   19    6
        0.4279738251586 bend    4   18    6
       -0.2194106769720 bend    4   19    6
       -0.2156659359989 bend    4   20    6
  37 k -0.6293043568007 bend   19   18    6      val=   0.22687
        0.6155508253686 bend   20   18    6
        0.0017478140395 bend   20   19    6
        0.0031061405001 bend    4   18    6
       -0.3302937822974 bend    4   19    6
        0.3405385768348 bend    4   20    6
  38 k -0.2265636531626 bend   19   18    6      val=  -0.07959
       -0.2047800736995 bend   20   18    6
        0.4294409761825 bend   20   19    6
        0.6942139973109 bend    4   18    6
       -0.3221906615285 bend    4   19    6
       -0.3695599870361 bend    4   20    6
  39 k -0.3266561046818 bend   19   18    6      val=   0.77538
        0.3438728626410 bend   20   18    6
       -0.0143718582967 bend   20   19    6
       -0.0249686488530 bend    4   18    6
        0.6358324276954 bend    4   19    6
       -0.6082223144276 bend    4   20    6
  40 k  1.0000000000000 stre    7   21           val=   2.06345
  41 k  0.4563870791562 bend    1   21    7      val=   1.97752
       -0.8005610945181 bend    2   21    7
        0.3883461959685 bend    3   21    7
  42 k -0.6852768718209 bend    1   21    7      val=   0.44559
       -0.0378585848652 bend    2   21    7
        0.7272979695416 bend    3   21    7
  43 k  1.0000000000000 stre    1   22           val=   2.29713
  44 k -0.7071067811865 bend    4   22    1      val=  -0.00003
        0.7071067811865 bend    7   22    1
  45 k  1.0000000000000 outp   22    7    4    1 val=   0.00006
  46 k  1.0000000000000 tors    2    7    1    4 val= 148.06130
        1.0000000000000 tors    3    7    1    4
  47 k  1.0000000000000 stre    7    2           val=   2.87964
  48 k  1.0000000000000 stre    7    3           val=   2.90201
  49 k -0.7491607044850 bend    3    2    7      val=   2.05127
        0.6496289068835 bend    1    2    7
        0.1293851699266 bend    1    3    7
  50 k  0.3935198649731 bend    3    2    7      val=  20.39006
        0.5936213219312 bend    1    2    7
       -0.7019656986065 bend    1    3    7
  51 k  0.5328230050656 bend    3    2    7      val= 109.90721
        0.4749694826933 bend    1    2    7
        0.7003596474547 bend    1    3    7
  52 k  1.0000000000000 tors    6    4    1    7 val= 148.06070
        1.0000000000000 tors    5    4    1    7
  53 k  1.0000000000000 stre    4    6           val=   2.87964
  54 k  1.0000000000000 stre    4    5           val=   2.90201
  55 k -0.7491566257657 bend    5    6    4      val=   2.05147
        0.6496352659476 bend    1    6    4
        0.1293768577007 bend    1    5    4
  56 k  0.3935271113585 bend    5    6    4      val=  20.38975
        0.5936130065549 bend    1    6    4
       -0.7019686681574 bend    1    5    4
  57 k  0.5328233879037 bend    5    6    4      val= 109.90724
        0.4749711777424 bend    1    6    4
        0.7003582066463 bend    1    5    4
  58 k  1.0000000000000 stre    1    4           val=   2.87543
  59 k  1.0000000000000 stre    1    7           val=   2.87543
  60 k  1.0000000000000 bend    7    4    1      val= 116.67913
        60 non zero eigenvalues  of BmBt
           1           5.336676605    1    0
         1
           2           4.719517867    2    0
         2
           3           4.495366557    3    0
         3
           4           4.442785176    4    0
         4
           5           3.713728109    5    0
         5
           6           3.620941669    6    0
         6
           7           3.435964168    7    0
         7
           8           3.345298778    8    0
         8
           9           3.286235137    9    0
         9
          10           3.266999376   10    0
        10
          11           3.216231185   11    0
        11
          12           3.177129128   12    0
        12
          13           3.138887608   13    0
        13
          14           3.065230483   14    0
        14
          15           2.961235988   15    0
        15
          16           2.321693078   16    0
        16
          17           2.250563194   17    0
        17
          18           2.211342143   18    0
        18
          19           1.915762658   19    0
        19
          20           1.363724925   20    0
        20
          21           1.223845908   21    0
        21
          22           0.887649409   22    0
        22
          23           0.882512007   23    0
        23
          24           0.876293679   24    0
        24
          25           0.864599643   25    0
        25
          26           0.718973673   26    0
        26
          27           0.712538632   27    0
        27
          28           0.709801793   28    0
        28
          29           0.707868826   29    0
        29
          30           0.701641996   30    0
        30
          31           0.700891731   31    0
        31
          32           0.697677171   32    0
        32
          33           0.697229108   33    0
        33
          34           0.643505621   34    0
        34
          35           0.558735066   35    0
        35
          36           0.558605742   36    0
        36
          37           0.532013897   37    0
        37
          38           0.524630487   38    0
        38
          39           0.460529241   39    0
        39
          40           0.409727242   40    0
        40
          41           0.387616308   41    0
        41
          42           0.379396365   42    0
        42
          43           0.354880948   43    0
        43
          44           0.345492675   44    0
        44
          45           0.333965534   45    0
        45
          46           0.314263994   46    0
        46
          47           0.282843989   47    0
        47
          48           0.279771183   48    0
        48
          49           0.270995407   49    0
        49
          50           0.243707837   50    0
        50
          51           0.232986429   51    0
        51
          52           0.104334896   52    0
        52
          53           0.079767352   53    0
        53
          54           0.071997652   54    0
        54
          55           0.069655086   55    0
        55
          56           0.054767572   56    0
        56
          57           0.030627537   57    0
        57
          58           0.020401178   58    0
        58
          59           0.018386487   59    0
        59
          60           0.012998486   60    0
        60
$end
