$coord
   -0.10479206039080     -1.79144318313696      0.01891668015460      n
   -0.10831172066673     -3.69954198370779      0.10403484146018      h
   -2.48302399398694     -0.63333222512171     -0.12205026964803      c
   -4.40097684706675     -1.90465660772800     -0.23263045157974      o
   -2.35905619844488      2.10903245809421     -0.12568304704054      c
   -4.09002756896303      3.16592051170145     -0.27798332507924      h
   -0.10030685777536      3.27192376560096      0.06461996179147      c
    0.09091574848469      5.30338385411150      0.08205130019808      h
    2.10879505746931      1.94186570456810      0.25543225937519      n
    3.77313142287461      2.82944869449220      0.49439070079585      h
    2.22108393732929     -0.66859398374831      0.33290579061294      c
    4.18504693900351     -1.82635496259403      0.63338423227461      o
$redundant
     number_of_atoms            16
     degrees_of_freedom         42
     internal_coordinates       42
     frozen_coordinates          0
# definitions of redundant internals
   1 k  1.0000000000000 stre   16   15           val=   2.00694
   2 k  1.0000000000000 stre   15   13           val=   2.29175
   3 k  0.8660254037844 linc   16   14   15   12 val=   0.72706
        0.8660254037844 linc   15   14   13   12
   4 k  0.8660254037844 linc   16   14   15   12 val=  -0.49687
       -0.8660254037844 linc   15   14   13   12
   5 k  0.8660254037844 linp   16   14   15   12 val=  -0.87234
        0.8660254037844 linp   15   14   13   12
   6 k  0.8660254037844 linp   16   14   15   12 val=  -0.07420
       -0.8660254037844 linp   15   14   13   12
   7 k  1.0000000000000 stre    1    2           val=   1.91000
   8 k  0.7071378036752 bend   11    2    1      val=  -0.31452
       -0.7070757573368 bend    3    2    1
   9 k  1.0000000000000 outp    2    3   11    1 val=  -6.99658
  10 k  1.0000000000000 stre    3    4           val=   2.30370
  11 k -0.7071067088855 bend    1    4    3      val=   2.74695
        0.7071068534876 bend    5    4    3
  12 k  1.0000000000000 outp    4    5    1    3 val=   0.13746
  13 k  1.0000000000000 stre    5    6           val=   2.03383
  14 k  0.7071068899243 bend    7    6    5      val=   1.39749
       -0.7071066724488 bend    3    6    5
  15 k  1.0000000000000 outp    6    3    7    5 val=   0.10594
  16 k  1.0000000000000 stre    7    8           val=   2.04051
  17 k  0.7071069696219 bend    5    8    7      val=   3.50027
       -0.7071065927511 bend    9    8    7
  18 k  1.0000000000000 outp    8    9    5    7 val=  -0.13979
  19 k  1.0000000000000 stre    9   10           val=   1.90129
  20 k  0.7072510461943 bend    7   10    9      val=   3.01949
       -0.7069624867396 bend   11   10    9
  21 k  1.0000000000000 outp   10   11    7    9 val=  -4.37854
  22 k  1.0000000000000 tors   13   14   12   11 val=  12.08569
  23 k  1.0000000000000 stre   14   13           val=   2.00881
  24 k  1.0000000000000 bend   12   13   14      val= 108.64163
  25 k  1.0000000000000 tors   14   12   11    1 val= 174.55179
        1.0000000000000 tors   14   12   11    9
  26 k  1.0000000000000 stre   12   14           val=   5.49210
  27 k  1.0000000000000 bend   11   14   12      val=  84.30066
  28 k  1.0000000000000 stre   11   12           val=   2.29953
  29 k  0.7071070479516 bend    1   12   11      val=   0.64089
       -0.7071065144214 bend    9   12   11
  30 k  1.0000000000000 outp   12    9    1   11 val=  -0.34261
  31 k  1.0000000000000 stre    1   11           val=   2.60175
  32 k  1.0000000000000 stre   11    9           val=   2.61402
  33 k  1.0000000000000 stre    9    7           val=   2.58565
  34 k  1.0000000000000 stre    7    5           val=   2.54764
  35 k  1.0000000000000 stre    5    3           val=   2.74517
  36 k  1.0000000000000 stre    3    1           val=   2.64898
  37 k -0.5000000000000 bend    1    9   11      val=   3.86691
       -0.5000000000000 bend   11    7    9
        1.0000000000000 bend    9    5    7
       -0.5000000000000 bend    7    3    5
       -0.5000000000000 bend    5    1    3
        1.0000000000000 bend    3   11    1
  38 k  0.8660254037844 bend    1    9   11      val=  -1.06650
       -0.8660254037844 bend   11    7    9
        0.8660254037844 bend    7    3    5
       -0.8660254037844 bend    5    1    3
  39 k -1.0000000000000 bend    1    9   11      val=   3.91577
        1.0000000000000 bend   11    7    9
       -1.0000000000000 bend    9    5    7
        1.0000000000000 bend    7    3    5
       -1.0000000000000 bend    5    1    3
        1.0000000000000 bend    3   11    1
  40 k -0.5000000000000 tors   11    9    7    5 val=   0.98364
       -0.5000000000000 tors    9    7    5    3
        1.0000000000000 tors    7    5    3    1
       -0.5000000000000 tors    5    3    1   11
       -0.5000000000000 tors    3    1   11    9
        1.0000000000000 tors    1   11    9    7
  41 k  0.8660254037844 tors   11    9    7    5 val=   2.43110
       -0.8660254037844 tors    9    7    5    3
        0.8660254037844 tors    5    3    1   11
       -0.8660254037844 tors    3    1   11    9
  42 k -1.0000000000000 tors   11    9    7    5 val=   3.24080
        1.0000000000000 tors    9    7    5    3
       -1.0000000000000 tors    7    5    3    1
        1.0000000000000 tors    5    3    1   11
       -1.0000000000000 tors    3    1   11    9
        1.0000000000000 tors    1   11    9    7
        42 non zero eigenvalues  of BmBt
           1          11.372033613    1    0
         1
           2           5.876208252    2    0
         2
           3           4.765942816    3    0
         3
           4           4.435940670    4    0
         4
           5           4.393860790    5    0
         5
           6           3.635474035    6    0
         6
           7           3.561862164    7    0
         7
           8           3.441220168    8    0
         8
           9           3.434212330    9    0
         9
          10           3.204553317   10    0
        10
          11           2.675930313   11    0
        11
          12           2.615788205   12    0
        12
          13           2.207797337   13    0
        13
          14           2.038156117   14    0
        14
          15           1.921003804   15    0
        15
          16           1.912160673   16    0
        16
          17           1.756120336   17    0
        17
          18           1.584957441   18    0
        18
          19           1.526198802   19    0
        19
          20           1.426486254   20    0
        20
          21           1.099906418   21    0
        21
          22           0.985097088   22    0
        22
          23           0.896010078   23    0
        23
          24           0.768142942   24    0
        24
          25           0.559365781   25    0
        25
          26           0.549891766   26    0
        26
          27           0.463458866   27    0
        27
          28           0.430101553   28    0
        28
          29           0.390303970   29    0
        29
          30           0.382138123   30    0
        30
          31           0.355265163   31    0
        31
          32           0.295693781   32    0
        32
          33           0.285018241   33    0
        33
          34           0.275626085   34    0
        34
          35           0.251486558   35    0
        35
          36           0.145233531   36    0
        36
          37           0.120023782   37    0
        37
          38           0.102328660   38    0
        38
          39           0.066756299   39    0
        39
          40           0.028985349   40    0
        40
          41           0.015025169   41    0
        41
          42           0.004529653   42    0
        42
$user-defined bonds
$frag
 atom   1 fragment  1 symmetry  c1
 atom   2 fragment  1
 atom   3 fragment  1
 atom   4 fragment  1
 atom   5 fragment  1
 atom   6 fragment  1
 atom   7 fragment  1
 atom   8 fragment  1
 atom   9 fragment  1
 atom  10 fragment  1
 atom  11 fragment  1
 atom  12 fragment  1
   iteration     4
$end
