$coord
    1.57693909202332     -1.48041776644732     -0.92643667258703  o
   -0.23383186394791      0.34472166574713     -0.00600075835475  c
    1.36640209701808      2.63076942066491      0.54609889463193  c
    3.80333331684316      2.08669128575554      0.28770933104630  c
    4.11000180347635     -0.61766363462889     -0.49790493142591  c
   -2.18808241359288      0.80636944037336     -2.12767565216887  c
    5.66481759750945     -1.01146695359743     -2.86972072865941  c
   -0.90047404433902      2.08319893221155     -4.37337633334552  c
   -4.32064691280566      2.50901367008187     -1.18343124703797  c
   -3.30086557069974     -1.69980248056465     -3.03733896641364  c
   -1.45035832287920     -0.63703962168486      2.43118729309028  c
    0.43518432475007     -1.66529672716684      4.34269929892653  c
   -0.85299927685298     -2.44857255425126      6.79329575428763  c
    0.59491292783667      4.41908782657793      1.12623195893700  h
    5.37104366832452      3.33703847803832      0.61224832276257  h
    4.94528137972302     -1.71533399852238      1.04240569140767  h
    4.92268202460772      0.13870556313235     -4.40238108591394  h
    7.62625348603066     -0.48516889156705     -2.53234118321845  h
    5.60219058490077     -2.98796033755619     -3.43012128874923  h
   -0.22988842510394      3.96727655236113     -3.89292209407965  h
    0.69740187076382      0.96718585267995     -5.02008808138584  h
   -2.24031093345510      2.25924613815239     -5.92733701420229  h
   -3.59365396722411      4.25968931043130     -0.37849299172076  h
   -5.54718608625429      3.00679229889098     -2.76038965262218  h
   -5.47345814056294      1.56893776312992      0.23563133398603  h
   -1.81277044657380     -2.94532496046013     -3.70915126561551  h
   -4.34778594790051     -2.66487268035321     -1.55447301903267  h
   -4.60737921196414     -1.33930199394181     -4.58801120503676  h
   -2.80272174487537     -2.11897391540242      1.98093817376474  h
   -2.50855912584050      0.90563636593767      3.29964857088254  h
    1.39770076441647     -3.28540649615127      3.52195718934929  h
    1.86768981410533     -0.24336518873042      4.74192400644801  h
   -2.28001808108015     -3.89076633227543      6.43936386403579  h
    0.50031462824189     -3.21238876077191      8.14034640714231  h
   -1.79115886461867     -0.84123727009280      7.67590808087150  h
$user-defined bonds
$redundant
     number_of_atoms            35
     degrees_of_freedom         99
     internal_coordinates       99
     frozen_coordinates          0
# definitions of redundant internals
   1 k  1.0000000000000 stre   3   14           val=   2.03220
   2 k  0.7071428548926 bend   4   14    3      val=   1.38634
       -0.7070707056401 bend   2   14    3
   3 k  1.0000000000000 outp  14    2    4    3 val=   1.55049
   4 k  1.0000000000000 stre   4   15           val=   2.03136
   5 k  0.7071202294145 bend   3   15    4      val=   1.78652
       -0.7070933327028 bend   5   15    4
   6 k  1.0000000000000 outp  15    5    3    4 val=  -0.90854
   7 k  1.0000000000000 stre   5   16           val=   2.06764
   8 k  0.2411092844368 bend   1   16    5      val=   4.37946
        0.5884606800048 bend   4   16    5
       -0.7717385185713 bend   7   16    5
   9 k  0.8096478407052 bend   1   16    5      val=   4.90977
       -0.5604151897695 bend   4   16    5
       -0.1743708379201 bend   7   16    5
  10 k  0.4082482904639 tors  17    7    5    1 val=  65.34386
        0.4082482904639 tors  17    7    5    4
        0.4082482904639 tors  19    7    5    1
        0.4082482904639 tors  19    7    5    4
        0.4082482904639 tors  18    7    5    1
        0.4082482904639 tors  18    7    5    4
  11 k  1.0000000000000 stre   7   17           val=   2.05492
  12 k  1.0000000000000 stre   7   19           val=   2.05536
  13 k  1.0000000000000 stre   7   18           val=   2.05865
  14 k  0.4143778401493 bend  19   17    7      val=   0.60126
        0.4172753256613 bend  18   17    7
        0.4071838293072 bend  18   19    7
       -0.4020871730146 bend   5   17    7
       -0.4050211033543 bend   5   19    7
       -0.4033081309284 bend   5   18    7
  15 k -0.3358036580678 bend  19   17    7      val=   0.08580
       -0.3517753869823 bend  18   17    7
        0.6978346749405 bend  18   19    7
       -0.4315046183881 bend   5   17    7
        0.2187241612458 bend   5   19    7
        0.2061073807256 bend   5   18    7
  16 k  0.6347458113644 bend  19   17    7      val=   0.12021
       -0.6233958563146 bend  18   17    7
       -0.0071797119470 bend  18   19    7
        0.0076265167153 bend   5   17    7
        0.3182316549165 bend   5   19    7
       -0.3272525982684 bend   5   18    7
  17 k  0.2213893994288 bend  19   17    7      val=   0.09852
        0.2064387636517 bend  18   17    7
       -0.4299629079824 bend  18   19    7
       -0.6932628609899 bend   5   17    7
        0.3382882319290 bend   5   19    7
        0.3583983065700 bend   5   18    7
  18 k  0.3180024037710 bend  19   17    7      val=   0.11567
       -0.3274356940740 bend  18   17    7
        0.0094384273820 bend  18   19    7
        0.0110146439231 bend   5   17    7
       -0.6344446024162 bend   5   19    7
        0.6236425078640 bend   5   18    7
  19 k  0.3333333333333 tors  21    8    6    2 val=  55.39570
        0.3333333333333 tors  21    8    6    9
        0.3333333333333 tors  21    8    6   10
        0.3333333333333 tors  20    8    6    2
        0.3333333333333 tors  20    8    6    9
        0.3333333333333 tors  20    8    6   10
        0.3333333333333 tors  22    8    6    2
        0.3333333333333 tors  22    8    6    9
        0.3333333333333 tors  22    8    6   10
  20 k  1.0000000000000 stre   8   21           val=   2.05352
  21 k  1.0000000000000 stre   8   20           val=   2.05676
  22 k  1.0000000000000 stre   8   22           val=   2.05936
  23 k  0.4352091649127 bend  20   21    8      val=   1.00529
        0.4039972776253 bend  22   21    8
        0.4089035782733 bend  22   20    8
       -0.3988827700909 bend   6   21    8
       -0.3986134601806 bend   6   20    8
       -0.4027119208693 bend   6   22    8
  24 k -0.2005155001949 bend  20   21    8      val=   0.51048
        0.6772663009538 bend  22   21    8
       -0.4580163644031 bend  22   20    8
        0.2988424540144 bend   6   21    8
       -0.4308205257550 bend   6   20    8
        0.1281084071395 bend   6   22    8
  25 k -0.6557882435002 bend  20   21    8      val=   0.60790
        0.1652633633009 bend  22   21    8
        0.5244482701734 bend  22   20    8
       -0.3173397966186 bend   6   21    8
       -0.0944776986449 bend   6   20    8
        0.3974333029457 bend   6   22    8
  26 k  0.2453336463901 bend  20   21    8      val=   0.14044
        0.1818793673457 bend  22   21    8
       -0.4309832499078 bend  22   20    8
       -0.6865796974875 bend   6   21    8
        0.2772557700819 bend   6   20    8
        0.4155987162348 bend   6   22    8
  27 k -0.3393031083443 bend  20   21    8      val=   0.64908
        0.4024771698802 bend  22   21    8
       -0.0519144377121 bend  22   20    8
       -0.0713615126920 bend   6   21    8
        0.6278837278780 bend   6   20    8
       -0.5664450355705 bend   6   22    8
  28 k  0.3333333333333 tors  25    9    6    2 val=  53.35000
        0.3333333333333 tors  25    9    6    8
        0.3333333333333 tors  25    9    6   10
        0.3333333333333 tors  24    9    6    2
        0.3333333333333 tors  24    9    6    8
        0.3333333333333 tors  24    9    6   10
        0.3333333333333 tors  23    9    6    2
        0.3333333333333 tors  23    9    6    8
        0.3333333333333 tors  23    9    6   10
  29 k  1.0000000000000 stre   9   25           val=   2.05583
  30 k  1.0000000000000 stre   9   24           val=   2.05888
  31 k  1.0000000000000 stre   9   23           val=   2.05944
  32 k  0.4037535781637 bend  24   25    9      val=   1.26294
        0.4486966446821 bend  23   25    9
        0.4013251126569 bend  23   24    9
       -0.3950732555533 bend   6   25    9
       -0.4041363467137 bend   6   24    9
       -0.3939333181305 bend   6   23    9
  33 k -0.5930572550818 bend  24   25    9      val=   0.03037
        0.0073647664604 bend  23   25    9
        0.5870733703836 bend  23   24    9
       -0.3882382681916 bend   6   25    9
       -0.0028706081799 bend   6   24    9
        0.3909431121232 bend   6   23    9
  34 k  0.3648556623512 bend  24   25    9      val=   1.11186
       -0.6762199015665 bend  23   25    9
        0.3742421793845 bend  23   24    9
       -0.2246456060689 bend   6   25    9
        0.4153415528190 bend   6   24    9
       -0.2158136411838 bend   6   23    9
  35 k  0.3119182862902 bend  24   25    9      val=  -0.13887
        0.1182754501378 bend  23   25    9
       -0.4362564158374 bend  23   24    9
       -0.6617418956401 bend   6   25    9
        0.1981341797735 bend   6   24    9
        0.4703602348980 bend   6   23    9
  36 k -0.3165056789260 bend  24   25    9      val=  -0.43139
        0.4017841780075 bend  23   25    9
       -0.0987170524345 bend  23   24    9
       -0.1630019650997 bend   6   25    9
        0.6750443908212 bend   6   24    9
       -0.4963809050150 bend   6   23    9
  37 k  0.3333333333333 tors  26   10    6    2 val=  62.07375
        0.3333333333333 tors  26   10    6    8
        0.3333333333333 tors  26   10    6    9
        0.3333333333333 tors  27   10    6    2
        0.3333333333333 tors  27   10    6    8
        0.3333333333333 tors  27   10    6    9
        0.3333333333333 tors  28   10    6    2
        0.3333333333333 tors  28   10    6    8
        0.3333333333333 tors  28   10    6    9
  38 k  1.0000000000000 stre  10   26           val=   2.05355
  39 k  1.0000000000000 stre  10   27           val=   2.05580
  40 k  1.0000000000000 stre  10   28           val=   2.05950
  41 k  0.4434043435378 bend  27   26   10      val=   1.01602
        0.4076164022083 bend  28   26   10
        0.3968792732101 bend  28   27   10
       -0.3933055970633 bend   6   26   10
       -0.4018725265184 bend   6   27   10
       -0.4043976743592 bend   6   28   10
  42 k -0.1867482361600 bend  27   26   10      val=   0.58307
        0.6674556788076 bend  28   26   10
       -0.4743254891884 bend  28   27   10
        0.3138259134878 bend   6   26   10
       -0.4261199957197 bend   6   27   10
        0.1207409984059 bend   6   28   10
  43 k -0.6559242409755 bend  27   26   10      val=   0.85077
        0.1916287767836 bend  28   26   10
        0.5190459147239 bend  28   27   10
       -0.3114833108549 bend   6   26   10
       -0.1080080846010 bend   6   27   10
        0.3936312247997 bend   6   28   10
  44 k  0.2497140697489 bend  27   26   10      val=   0.49288
        0.1759396518842 bend  28   26   10
       -0.4305052737236 bend  28   27   10
       -0.6829475983991 bend   6   26   10
        0.2642836239999 bend   6   27   10
        0.4302209612361 bend   6   28   10
  45 k -0.3305708601668 bend  27   26   10      val=   1.00520
        0.4076938695818 bend  28   26   10
       -0.0626384744175 bend  28   27   10
       -0.0841792802656 bend   6   26   10
        0.6325884021948 bend   6   27   10
       -0.5597595901986 bend   6   28   10
  46 k  1.0000000000000 stre  11   29           val=   2.05615
  47 k  1.0000000000000 stre  11   30           val=   2.06249
  48 k  0.0048182890520 bend  30   29   11      val=   0.11351
        0.4997404441447 bend  12   29   11
        0.5002477684390 bend  12   30   11
       -0.5073963424866 bend   2   29   11
       -0.4924808568663 bend   2   30   11
  49 k  0.0252429320211 bend  30   29   11      val=   0.35916
       -0.5076617922904 bend  12   29   11
        0.4928600970469 bend  12   30   11
       -0.4989420440283 bend   2   29   11
        0.4997880155338 bend   2   30   11
  50 k  0.9066603718606 bend  30   29   11      val=   3.09754
       -0.2032869156540 bend  12   29   11
       -0.2217887043975 bend  12   30   11
       -0.1918232308009 bend   2   29   11
       -0.2250666984436 bend   2   30   11
  51 k -0.0058256162345 bend  30   29   11      val=   0.59946
       -0.4935590676712 bend  12   29   11
        0.5057273747959 bend  12   30   11
        0.4991483616334 bend   2   29   11
       -0.5014541298820 bend   2   30   11
  52 k  1.0000000000000 stre  12   31           val=   2.05543
  53 k  1.0000000000000 stre  12   32           val=   2.05751
  54 k  0.0051888994428 bend  32   31   12      val=   0.08769
        0.4950074545002 bend  11   31   12
        0.5042810499952 bend  11   32   12
       -0.5009727508938 bend  13   31   12
       -0.4996675102400 bend  13   32   12
  55 k  0.0070379288686 bend  32   31   12      val=   0.28805
        0.5014289530565 bend  11   31   12
       -0.4950103077608 bend  11   32   12
        0.4997046875213 bend  13   31   12
       -0.5037653154731 bend  13   32   12
  56 k  0.9016621778764 bend  32   31   12      val=   1.16046
       -0.2237484196455 bend  11   31   12
       -0.2136219127670 bend  11   32   12
       -0.2144281093727 bend  13   31   12
       -0.2129042648468 bend  13   32   12
  57 k -0.0033540525547 bend  32   31   12      val=   0.38950
       -0.5021933918166 bend  11   31   12
        0.5012569327597 bend  11   32   12
        0.5017655110563 bend  13   31   12
       -0.4947356939033 bend  13   32   12
  58 k  0.5773502691896 tors  34   13   12   11 val=  59.05502
        0.5773502691896 tors  33   13   12   11
        0.5773502691896 tors  35   13   12   11
  59 k  1.0000000000000 stre  13   34           val=   2.05656
  60 k  1.0000000000000 stre  13   33           val=   2.05951
  61 k  1.0000000000000 stre  13   35           val=   2.05978
  62 k  0.4218179080266 bend  33   34   13      val=   1.32013
        0.4237497904808 bend  35   34   13
        0.4108401600534 bend  35   33   13
       -0.3963101869805 bend  12   34   13
       -0.3980822166247 bend  12   33   13
       -0.3977246722615 bend  12   35   13
  63 k -0.3330003025652 bend  33   34   13      val=   0.24471
       -0.3421951509818 bend  35   34   13
        0.6905486553300 bend  35   33   13
       -0.4456391264244 bend  12   34   13
        0.2227765958637 bend  12   33   13
        0.2166383832406 bend  12   35   13
  64 k  0.6447662479991 bend  33   34   13      val=   0.05988
       -0.6373686415546 bend  35   34   13
       -0.0050949622291 bend  35   33   13
        0.0023152496976 bend  12   34   13
        0.2967865464320 bend  12   33   13
       -0.2998735184036 bend  12   35   13
  65 k  0.2145883718709 bend  33   34   13      val=  -0.08568
        0.2256539069391 bend  35   34   13
       -0.4451581841843 bend  35   33   13
       -0.6835958590712 bend  12   34   13
        0.3543014546666 bend  12   33   13
        0.3347140819811 bend  12   35   13
  66 k -0.3014928059318 bend  33   34   13      val=  -0.02261
        0.2950965490929 bend  35   34   13
        0.0061317250116 bend  35   33   13
        0.0115505392168 bend  12   34   13
        0.6354613856789 bend  12   33   13
       -0.6465585271173 bend  12   35   13
  67 k  1.0000000000000 stre   5    7           val=   2.86322
  68 k -0.7037104163794 bend   1    7    5      val=   3.22974
        0.7104869104207 bend   4    7    5
  69 k  0.7104869104207 bend   1    7    5      val= 112.11783
        0.7037104163794 bend   4    7    5
  70 k  0.3333333333333 tors   8    6    2    1 val=  51.16436
        0.3333333333333 tors   8    6    2    3
        0.3333333333333 tors   8    6    2   11
        0.3333333333333 tors   9    6    2    1
        0.3333333333333 tors   9    6    2    3
        0.3333333333333 tors   9    6    2   11
        0.3333333333333 tors  10    6    2    1
        0.3333333333333 tors  10    6    2    3
        0.3333333333333 tors  10    6    2   11
  71 k  1.0000000000000 stre   6    8           val=   2.88642
  72 k  1.0000000000000 stre   6    9           val=   2.88763
  73 k  1.0000000000000 stre   6   10           val=   2.88906
  74 k  0.4302949339419 bend   9    8    6      val=   0.62994
        0.3125573812806 bend  10    8    6
        0.4795009640200 bend  10    9    6
       -0.4603037860153 bend   2    8    6
       -0.3102783697430 bend   2    9    6
       -0.4231793196559 bend   2   10    6
  75 k -0.4097301702316 bend   9    8    6      val=   0.36963
        0.5610352227375 bend  10    8    6
        0.0084327873985 bend  10    9    6
        0.0014666491464 bend   2    8    6
       -0.5772848464889 bend   2    9    6
        0.4289867241548 bend   2   10    6
  76 k  0.3796930514746 bend   9    8    6      val=   0.48507
        0.2818810531195 bend  10    8    6
       -0.5223368488921 bend  10    9    6
        0.5344052568993 bend   2    8    6
       -0.2796244054939 bend   2    9    6
       -0.3738471453605 bend   2   10    6
  77 k  0.0882625920474 bend   9    8    6      val=   0.16717
       -0.5499013540490 bend  10    8    6
        0.4494798678366 bend  10    9    6
        0.4521437370924 bend   2    8    6
       -0.5252784798450 bend   2    9    6
        0.0862242639266 bend   2   10    6
  78 k  0.5775195467363 bend   9    8    6      val=   0.20871
       -0.2142680185452 bend  10    8    6
       -0.3597934197934 bend  10    9    6
       -0.3612825647336 bend   2    8    6
       -0.2048460457156 bend   2    9    6
        0.5644661995317 bend   2   10    6
  79 k  1.0000000000000 tors  13   12   11    2 val= 176.13790
  80 k  1.0000000000000 stre  12   13           val=   2.87721
  81 k  1.0000000000000 bend  11   13   12      val= 111.71589
  82 k  1.0000000000000 stre   2    6           val=   2.92125
  83 k  0.3317636183150 bend   1    6    2      val=   4.11972
        0.5246839193447 bend   3    6    2
       -0.7839895958134 bend  11    6    2
  84 k  0.7716014263073 bend   1    6    2      val=   0.94859
       -0.6290520526351 bend   3    6    2
       -0.0944709161387 bend  11    6    2
  85 k  0.7071067811865 tors  12   11    2    1 val=  -9.37512
        0.7071067811865 tors  12   11    2    3
  86 k  1.0000000000000 stre  11   12           val=   2.87515
  87 k  1.0000000000000 bend   2   12   11      val= 113.91247
  88 k  1.0000000000000 stre   2   11           val=   2.89546
  89 k  0.8404963924925 bend   1   11    2      val=  23.45076
       -0.5418171409314 bend   3   11    2
  90 k  0.5418171409314 bend   1   11    2      val= 109.97738
        0.8404963924925 bend   3   11    2
  91 k  1.0000000000000 stre   1    5           val=   2.71005
  92 k  1.0000000000000 stre   5    4           val=   2.83280
  93 k  1.0000000000000 stre   4    3           val=   2.51026
  94 k  1.0000000000000 stre   3    2           val=   2.84457
  95 k  1.0000000000000 stre   2    1           val=   2.73079
  96 k -0.5116672736017 bend   1    4    5      val=   3.38431
        0.1954395075848 bend   5    3    4
        0.1954395075848 bend   4    2    3
       -0.5116672736017 bend   3    1    2
        0.6324555320337 bend   2    5    1
  97 k  0.3717480344602 bend   1    4    5      val=   0.40757
       -0.6015009550075 bend   5    3    4
        0.6015009550075 bend   4    2    3
       -0.3717480344602 bend   3    1    2
  98 k -0.5116672736017 tors   4    3    2    1 val=   0.49589
        0.1954395075848 tors   3    2    1    5
        0.1954395075848 tors   2    1    5    4
       -0.5116672736017 tors   1    5    4    3
        0.6324555320337 tors   5    4    3    2
  99 k  0.3717480344602 tors   4    3    2    1 val=  -9.25000
       -0.6015009550075 tors   3    2    1    5
        0.6015009550075 tors   2    1    5    4
       -0.3717480344602 tors   1    5    4    3
        99 non zero eigenvalues  of BmBt
           1           6.048139036    1    0
         1
           2           5.964858468    2    0
         2
           3           5.015554142    3    0
         3
           4           4.373886446    4    0
         4
           5           4.303277633    5    0
         5
           6           4.199029504    6    0
         6
           7           4.111700124    7    0
         7
           8           4.035758099    8    0
         8
           9           3.949982637    9    0
         9
          10           3.927854406   10    0
        10
          11           3.772026284   11    0
        11
          12           3.670799508   12    0
        12
          13           3.515961432   13    0
        13
          14           3.449920474   14    0
        14
          15           3.431385977   15    0
        15
          16           3.366470221   16    0
        16
          17           3.293921239   17    0
        17
          18           3.254928461   18    0
        18
          19           3.235270476   19    0
        19
          20           3.172278947   20    0
        20
          21           3.138529847   21    0
        21
          22           3.074824470   22    0
        22
          23           3.010086856   23    0
        23
          24           2.783319066   24    0
        24
          25           2.631452734   25    0
        25
          26           2.555857676   26    0
        26
          27           2.328410264   27    0
        27
          28           2.207437416   28    0
        28
          29           2.150746320   29    0
        29
          30           1.954439530   30    0
        30
          31           1.787031469   31    0
        31
          32           1.752188959   32    0
        32
          33           1.660815580   33    0
        33
          34           1.464731182   34    0
        34
          35           1.420617907   35    0
        35
          36           1.072063660   36    0
        36
          37           0.950839927   37    0
        37
          38           0.900498062   38    0
        38
          39           0.891442713   39    0
        39
          40           0.882115112   40    0
        40
          41           0.866222440   41    0
        41
          42           0.864017397   42    0
        42
          43           0.858088083   43    0
        43
          44           0.835519057   44    0
        44
          45           0.812304514   45    0
        45
          46           0.792573114   46    0
        46
          47           0.771908044   47    0
        47
          48           0.769157754   48    0
        48
          49           0.736113503   49    0
        49
          50           0.703301550   50    0
        50
          51           0.702589621   51    0
        51
          52           0.700849253   52    0
        52
          53           0.699313973   53    0
        53
          54           0.698653423   54    0
        54
          55           0.694850577   55    0
        55
          56           0.692928987   56    0
        56
          57           0.688107164   57    0
        57
          58           0.675865131   58    0
        58
          59           0.651689239   59    0
        59
          60           0.594519434   60    0
        60
          61           0.504221374   61    0
        61
          62           0.450458821   62    0
        62
          63           0.441663383   63    0
        63
          64           0.428016289   64    0
        64
          65           0.404009817   65    0
        65
          66           0.374380880   66    0
        66
          67           0.371392317   67    0
        67
          68           0.368701410   68    0
        68
          69           0.363445007   69    0
        69
          70           0.348846129   70    0
        70
          71           0.326750260   71    0
        71
          72           0.315823416   72    0
        72
          73           0.311424007   73    0
        73
          74           0.309703227   74    0
        74
          75           0.302802846   75    0
        75
          76           0.287729861   76    0
        76
          77           0.263788711   77    0
        77
          78           0.259277277   78    0
        78
          79           0.254396312   79    0
        79
          80           0.219009757   80    0
        80
          81           0.174189275   81    0
        81
          82           0.154313182   82    0
        82
          83           0.134981887   83    0
        83
          84           0.108751348   84    0
        84
          85           0.104841672   85    0
        85
          86           0.084482197   86    0
        86
          87           0.076310723   87    0
        87
          88           0.066430102   88    0
        88
          89           0.052481974   89    0
        89
          90           0.047199883   90    0
        90
          91           0.040954863   91    0
        91
          92           0.036323478   92    0
        92
          93           0.030289185   93    0
        93
          94           0.028910542   94    0
        94
          95           0.023297895   95    0
        95
          96           0.014470807   96    0
        96
          97           0.009551325   97    0
        97
          98           0.006380723   98    0
        98
          99           0.003133565   99    0
        99
$end
