$energy      SCF               SCFKIN            SCFPOT            RIRPA
     1 -290.4079678486      0.00000000      0.00000000     -2.301285949607
     2 -290.4082716083      0.00000000      0.00000000     -2.300977227106
     3 -290.4082624607      0.00000000      0.00000000     -2.301006842225
     4 -290.4082520162      0.00000000      0.00000000     -2.301018026387
     5 -290.4082453876      0.00000000      0.00000000     -2.301024105666
     6 -290.4082422277      0.00000000      0.00000000     -2.301026613904
     7 -290.4082409710      0.00000000      0.00000000     -2.301027725605
     8 -290.4082417727      0.00000000      0.00000000     -2.301027864275
     9 -290.4082420053      0.00000000      0.00000000     -2.301027837414
    10 -290.4082419855      0.00000000      0.00000000     -2.301027703510
    11 -290.4082419163      0.00000000      0.00000000     -2.301027818056
    12 -290.4082419253      0.00000000      0.00000000     -2.301027826762
    13 -290.3718201041      0.00000000      0.00000000     -2.313176071194
    14 -290.3718094592      0.00000000      0.00000000     -2.313187024024
    15 -290.3717860125      0.00000000      0.00000000     -2.313210842251
    16 -290.3717633478      0.00000000      0.00000000     -2.313233792118
    17 -290.3717564313      0.00000000      0.00000000     -2.313240983303
    18 -290.3717581079      0.00000000      0.00000000     -2.313239712102
    19 -290.3717587959      0.00000000      0.00000000     -2.313239048410
    20 -290.3717582707      0.00000000      0.00000000     -2.313239617214
$end
