$hessapprox internal
  0.794388836522D-02 -0.588653884037D-03  0.428685782320D+00  0.186261235153D-03
  0.215660304140D-02  0.418679402548D+00 -0.221728654933D-03  0.161394790381D-02
 -0.123332610476D-02  0.415408778218D+00  0.181426014770D-03 -0.253559514765D-02
 -0.546754521012D-03  0.273075939102D-02  0.300650454880D+00  0.546998376622D-03
 -0.602527421408D-02 -0.224356716657D-02  0.299625256086D-04 -0.160458017668D-01
  0.309631768443D+00  0.783531452184D-03 -0.253827618418D-02 -0.257358726993D-02
 -0.228689514668D-02  0.529008110099D-02  0.651720962388D-02  0.309951904624D+00
 -0.174489191422D-03  0.238963546734D-02  0.123893866235D-02 -0.138339345785D-02
  0.145494619221D-01  0.103051452263D-01 -0.604126299731D-02  0.319899727546D+00
 -0.106059588275D-02  0.602127404060D-02  0.166056129051D-02  0.170878200805D-02
 -0.198294622037D-02 -0.427158611962D-02 -0.162309654880D-03  0.581562443227D-02
  0.324540915144D+00 -0.562111612879D-03  0.119449938026D-01  0.248337815193D-02
  0.198773007200D-02 -0.511030631886D-02 -0.841937910252D-02 -0.488454779370D-02
  0.323733722504D-02  0.700303746620D-02  0.437329376185D+00 -0.998936900375D-03
  0.927822803955D-02 -0.179142510197D-03  0.895923047346D-03 -0.174608888023D-02
 -0.784933046434D-02 -0.579869600452D-02  0.422917644116D-02  0.538367731864D-02
  0.123779001650D-01  0.405212983233D+00  0.722668813704D-03 -0.581851680253D-02
 -0.302144187439D-02  0.183639941486D-02 -0.146147891883D-01 -0.740373723697D-02
 -0.700752537149D-02  0.596530339770D-02  0.904670047258D-03 -0.102997776566D-01
 -0.110433742239D-01  0.307209337857D+00 -0.465334558159D-03  0.273623533918D-02
  0.942827776449D-03  0.233993888883D-02  0.175881969719D-02  0.271532150765D-02
 -0.216750840728D-02 -0.262174836108D-02  0.419335300345D-02  0.183190524838D-02
  0.457343756269D-02 -0.367649380849D-02  0.337194853573D+00 -0.111607157949D-02
 -0.755224244682D-02 -0.385844049306D-02 -0.265408582116D-02 -0.358523910323D-02
 -0.370011648095D-02  0.711965820690D-02  0.455216962349D-03  0.165190947582D-01
 -0.779917062112D-02 -0.144006663645D-02  0.125888638513D-01 -0.750456595604D-03
  0.283973244323D+00 -0.286976450330D-03 -0.941073832651D-02 -0.809038129175D-02
 -0.781314375081D-02  0.568384902367D-02  0.530086862681D-02 -0.114711158492D-01
 -0.655038018479D-02  0.377253422754D-02 -0.160012698046D-01 -0.113971133795D-01
 -0.264982052928D-02  0.547419189662D-03  0.851972329853D-02  0.322596300435D+00
 -0.434963788237D-03 -0.807415352635D-02 -0.695977767031D-02 -0.450140155518D-02
  0.712900326104D-03  0.199177893261D-02  0.187492312324D-02  0.259676135043D-02
 -0.676990650244D-02 -0.112715140266D-01 -0.131570062143D-01  0.801756044347D-02
 -0.715669888667D-03  0.693969091437D-02  0.943011021006D-02  0.414868933594D+00
 -0.754218627980D-03 -0.131339528855D-03 -0.444628695535D-02 -0.305314618549D-02
  0.118380749749D-02 -0.482210724405D-02 -0.259061013795D-02  0.417876480084D-02
 -0.584325352837D-03 -0.171556862099D-02 -0.703737257173D-02 -0.308479001132D-02
  0.549675433565D-02  0.287566667108D-02 -0.424092280761D-02 -0.976934478431D-02
  0.386691531630D+00  0.103126180707D-02 -0.598472447500D-02 -0.180064653257D-02
  0.182688161968D-02 -0.128902511969D-01 -0.744606251655D-02 -0.473996742656D-02
  0.558621050670D-02  0.153972114895D-02 -0.119192137435D-01 -0.108370918621D-01
 -0.291569510231D-01 -0.149099617864D-02  0.856825250710D-02 -0.171286644847D-02
  0.105883615548D-01 -0.307530413586D-02  0.312928188835D+00  0.334580295335D-03
  0.189147417476D-02  0.414045744980D-03  0.234256317117D-02  0.240535532452D-02
  0.613654486769D-02 -0.248021255402D-02 -0.370518387235D-02  0.179804706329D-03
  0.167756014705D-02  0.181529244615D-02 -0.350988444920D-02 -0.383804534082D-02
  0.239337446832D-02  0.113452046969D-02 -0.636878425276D-02  0.400817610317D-02
 -0.127385894842D-02  0.331266850766D+00 -0.644166035676D-03 -0.896397992804D-02
 -0.302124964663D-02 -0.197869197184D-02 -0.294940390376D-02 -0.221233481015D-02
  0.846937976373D-02 -0.139703004834D-02  0.194627625367D-01 -0.103604003047D-01
 -0.208377505330D-02  0.113477492572D-01 -0.200597871430D-02 -0.378088139168D-01
  0.979947304246D-02  0.105309662669D-01  0.507038818773D-02  0.844301500957D-02
  0.199019226330D-02  0.271188648679D+00  0.201273813512D-03 -0.119017114901D-01
 -0.839433403229D-02 -0.900795380190D-02  0.525717558104D-02  0.396810292963D-02
 -0.105272820821D-01 -0.737750486558D-02  0.712667432274D-02 -0.214608530485D-01
 -0.139225268241D-01 -0.545548039205D-02  0.334045174241D-02  0.192925125662D-03
 -0.206277598129D-01  0.150682059210D-01 -0.496866823719D-02 -0.347188992217D-02
  0.776695284996D-02  0.176278661012D-02  0.308662409793D+00  0.461985733425D-04
  0.164779300189D-02  0.862273486257D-03  0.831973111026D-03 -0.615914705328D-03
  0.478761735142D-04 -0.234779572351D-03 -0.102837921411D-03 -0.877674310448D-04
  0.329766164742D-02  0.195939757983D-02 -0.802573250923D-03 -0.125121559969D-02
  0.999400779282D-04 -0.551401830428D-03 -0.106391005465D-02  0.817369199143D-03
 -0.143623281363D-02 -0.149224071261D-02 -0.507998411382D-03 -0.511477649812D-03
  0.797801841373D-02 -0.288143226910D-03 -0.284856614220D-02 -0.338213911662D-02
 -0.222690654298D-02  0.456488105582D-03  0.322562229883D-04  0.112549207255D-02
  0.151461643935D-02 -0.169939746863D-02 -0.342752182732D-02 -0.534916863682D-02
  0.435048229326D-02  0.320825393926D-03  0.347328722575D-03  0.398027995221D-02
 -0.566009339537D-02 -0.574562742713D-02  0.425220369543D-02 -0.145211390086D-02
  0.129191738529D-02  0.583775110084D-02 -0.168859120822D-03  0.416152609899D+00
 -0.297760849462D-03 -0.389276928042D-04 -0.294287700654D-02 -0.222226953100D-02
 -0.315189089666D-03 -0.150693821457D-02 -0.199583018168D-02  0.160666769754D-02
 -0.326118254097D-03  0.117118299464D-02 -0.247145557837D-02  0.886712799601D-03
  0.135300930469D-03  0.723569406911D-03 -0.323326849006D-02 -0.688151377423D-02
 -0.626917241925D-02  0.111217509063D-03 -0.108395058832D-02  0.109889580489D-02
 -0.412147610398D-02  0.996943652594D-03 -0.351771459700D-02  0.417263114457D+00
 -0.533745111899D-03  0.125870458391D-02 -0.215546235047D-02 -0.199527042577D-02
  0.176759732908D-02  0.338118602757D-03 -0.366097424043D-02 -0.716463499451D-03
  0.119014200510D-02  0.132925128934D-02  0.822635324944D-03  0.172235385789D-02
  0.990703865062D-03  0.845451428041D-03 -0.620615571380D-02 -0.494454328882D-02
 -0.203660290161D-02  0.219484598820D-02 -0.121842166694D-02  0.161260792225D-02
 -0.628158470758D-02  0.407254768268D-03 -0.227636304475D-02 -0.238889140605D-02
  0.415088720012D+00 -0.332742972346D-03 -0.201592340225D-02 -0.657889431545D-03
  0.309047978984D-02 -0.242728591327D-01 -0.160315748581D-01  0.530850437383D-02
  0.148051255316D-01 -0.219968991337D-02 -0.318116989209D-02 -0.565661233222D-03
 -0.129523785796D-01  0.962665606079D-03 -0.715431916438D-03  0.890373426623D-02
  0.721424905007D-03  0.171701643985D-02 -0.125831375849D-01  0.348503883594D-03
 -0.977085210182D-03  0.806695253294D-02 -0.425799745509D-03  0.474334437137D-03
  0.856046520060D-03  0.260588436543D-02  0.301688162532D+00 -0.808951651025D-04
 -0.259011537644D-02 -0.115283961057D-02  0.154860013874D-02 -0.159485375098D-01
 -0.108817435245D-01  0.554897530843D-02  0.112563573580D-01 -0.520576808196D-02
 -0.246529238259D-02 -0.341982335508D-02 -0.590911459038D-02  0.121898969234D-02
  0.165703168557D-02  0.895207245301D-02 -0.123471924339D-02 -0.283286543579D-02
 -0.642444929029D-02  0.114671393168D-02  0.252538221116D-02  0.920846875601D-02
  0.719477927795D-04 -0.964307793144D-03 -0.126803226268D-03  0.139496012029D-02
 -0.153723524903D-01  0.309148011786D+00  0.546250182894D-03 -0.474496387914D-02
 -0.403837396576D-02 -0.362667586468D-02  0.587734034835D-02  0.642295107422D-02
 -0.698860170641D-02 -0.533185722099D-02 -0.162069178512D-02 -0.770460464615D-02
 -0.843870380272D-02 -0.348451955167D-02 -0.136918473780D-02  0.904201642579D-02
 -0.885422584772D-02  0.249298898412D-02 -0.467498624427D-02 -0.177592575802D-02
 -0.169680757627D-02  0.109209380298D-01 -0.840515163898D-02 -0.340662143852D-03
  0.945385955897D-03 -0.263296882029D-02 -0.420604443066D-02  0.639592174684D-02
  0.576504016704D-02  0.311835141467D+00  0.211881775521D-03 -0.175500463745D-02
 -0.149107125370D-02 -0.445734511372D-02  0.143547436924D-01  0.965744996349D-02
 -0.539464058251D-02 -0.102397012518D-01  0.282422434776D-02 -0.348374970182D-02
 -0.215356225335D-02  0.705749890261D-02  0.696216184669D-03  0.635629864028D-03
 -0.105969411162D-01  0.339132007909D-02 -0.133111133812D-02  0.684027345554D-02
  0.277582044177D-02  0.105359323671D-02 -0.128066639088D-01  0.137593295459D-03
  0.154600662942D-02 -0.111000776541D-02 -0.329649084031D-02  0.145487641283D-01
  0.108372645243D-01 -0.547746815450D-02  0.319060015175D+00 -0.293376774218D-03
  0.549102243038D-02  0.220118525847D-02  0.175871541290D-02 -0.260312980880D-02
 -0.410993322056D-02 -0.328715121798D-03  0.465049281551D-02 -0.715896874082D-02
  0.495140026463D-02  0.434730668436D-02 -0.347220996123D-02  0.461299741478D-02
  0.110680524198D-01 -0.154594535699D-02 -0.547223939615D-02 -0.295152391529D-03
 -0.165491714143D-02  0.314021538706D-02  0.142882468098D-01  0.145020769910D-02
 -0.114343721899D-03 -0.953016836201D-03 -0.103707615182D-02  0.681560744526D-03
 -0.389725313341D-02 -0.541702066516D-02 -0.228311214957D-02  0.222987047074D-02
  0.328875001687D+00  0.601471026948D-03 -0.661259657078D-03 -0.296804951911D-02
 -0.273581221616D-02 -0.821378131355D-03 -0.169886666355D-02 -0.484312288785D-03
  0.278548245857D-02 -0.318034459569D-02 -0.593572873717D-03 -0.496275235313D-02
  0.863333644248D-03  0.756052796856D-03 -0.126046565803D-02 -0.424430256858D-02
 -0.112604645699D-01 -0.926333887235D-02  0.254337109347D-02  0.758489146397D-04
  0.129238872407D-02 -0.222768225154D-02  0.605740455535D-03 -0.581453082610D-02
 -0.519050177650D-02 -0.421876620737D-02 -0.159878508955D-02 -0.253109014865D-02
 -0.217597171937D-02  0.781140164569D-03 -0.102894454060D-02  0.413432932691D+00
 -0.540316778077D-03  0.428199702537D-02 -0.253640540362D-02 -0.920636749881D-03
 -0.486162501600D-03 -0.507276578119D-02 -0.441844409403D-02  0.335393957317D-02
  0.256995170290D-02  0.603402340664D-02 -0.108560515361D-02 -0.760754099280D-02
  0.312974443050D-02 -0.539574913221D-03 -0.816332013471D-02 -0.135690176956D-01
 -0.100745844498D-01 -0.840093394098D-02  0.183021951109D-02 -0.514727443945D-03
 -0.957763394714D-02  0.158898844028D-02 -0.590533702479D-02 -0.409752374976D-02
 -0.116511097747D-02  0.296271406913D-03 -0.251647023589D-02 -0.656584528613D-02
 -0.118825904841D-02  0.247957139549D-02 -0.669908912535D-02  0.394066854312D+00
  0.180004400331D-02 -0.712443256748D-02 -0.330721690028D-02  0.227281258967D-03
 -0.135619281901D-01 -0.703911064828D-02 -0.578388822148D-02  0.544421684505D-02
 -0.843248768058D-03 -0.129729673654D-01 -0.143854995796D-01 -0.306923303128D-01
 -0.120948750384D-02  0.784429880688D-02 -0.819845975306D-02  0.561676056321D-02
 -0.735593674977D-02 -0.276618403069D-01  0.238241159251D-02  0.869873072829D-02
 -0.103905461818D-01 -0.644889853410D-03  0.321771897142D-02 -0.164953588780D-02
 -0.590653317624D-03 -0.136383619233D-01 -0.674541553361D-02 -0.379866398203D-02
  0.621806691675D-02 -0.260874685085D-02  0.160427115677D-02 -0.101170893336D-01
  0.310440144513D+00 -0.762357533337D-03  0.351359587847D-02  0.708347042726D-03
  0.202657712857D-02  0.181058622333D-02  0.182925189169D-02 -0.266125554021D-02
 -0.195842638206D-02  0.294717337983D-02  0.425996889889D-02  0.498551685357D-02
 -0.226507172265D-02 -0.773368524471D-03  0.233325719096D-02  0.313221911510D-03
 -0.286900813635D-02  0.427061779681D-02 -0.293619207738D-02 -0.271921208690D-02
  0.508629091534D-03  0.122617488882D-02 -0.437709463796D-03  0.200624763381D-03
  0.976689458443D-03  0.122216666741D-02  0.203116648846D-02  0.154234717208D-02
 -0.213563211192D-02 -0.271954704155D-03  0.257111603899D-02 -0.113822980417D-03
  0.399030555319D-02 -0.185659396664D-02  0.339162835203D+00 -0.407340571548D-03
 -0.103437678592D-01 -0.501242474866D-02 -0.420496403046D-02 -0.270907488204D-02
 -0.234704216471D-02  0.839504148518D-02 -0.433595608249D-03  0.145054265960D-01
 -0.115960240631D-01 -0.612348745195D-02  0.133879629464D-01  0.223649320542D-04
 -0.338246582767D-01  0.669412154385D-02  0.613491652183D-02 -0.745556517114D-03
  0.930595872347D-02  0.588273354078D-02 -0.386909769803D-01 -0.130014887343D-02
  0.223046766031D-03 -0.222750649420D-03 -0.965084213294D-03 -0.977766362004D-03
 -0.703318140162D-03  0.182461137471D-02  0.972506687145D-02  0.322785017081D-03
  0.105869815103D-01 -0.151563315644D-02 -0.349859692031D-02  0.105020012199D-01
  0.234043914412D-02  0.281726072964D+00  0.981644363506D-03 -0.102198640494D-01
 -0.749566949870D-02 -0.735292187032D-02  0.546468062962D-02  0.786397755308D-02
 -0.110981404728D-01 -0.969103993995D-02  0.630535686513D-02 -0.165808912068D-01
 -0.130131195816D-01 -0.754907359002D-02 -0.160704109351D-02 -0.670688623072D-03
 -0.205126628034D-01  0.843777845782D-02 -0.434372721138D-02 -0.663047056555D-02
  0.275250124186D-02 -0.464844619874D-03 -0.257188769587D-01 -0.201028398126D-03
  0.402688650142D-02 -0.343406136207D-02 -0.721644120665D-02  0.725867244806D-02
  0.996190984104D-02 -0.881828880144D-02 -0.105458388259D-01  0.271443337875D-02
 -0.115763251782D-02 -0.794806453604D-02 -0.815449998586D-02 -0.125886190142D-02
  0.980814872689D-03  0.315495877298D+00 -0.587224943044D-04 -0.518348871454D-06
  0.151476645777D-03  0.644131223503D-04 -0.196300258072D-03 -0.180629751118D-03
  0.455527708997D-03  0.508672874749D-03 -0.399852212129D-03 -0.360377881679D-04
  0.408435812165D-03  0.119914360510D-02 -0.224354875618D-03  0.287783671515D-03
  0.133056790570D-02  0.849880190523D-03  0.417407674153D-03  0.198626276333D-02
 -0.125656180370D-02  0.618116112005D-03  0.183553589893D-02 -0.145648727623D-03
 -0.748873438910D-04  0.465262686596D-04  0.100389629405D-03 -0.171891454776D-03
 -0.235494152779D-03  0.579436205965D-03  0.388080085673D-03 -0.501616616582D-03
 -0.113438165150D-03 -0.125675645053D-03  0.869174316257D-03 -0.759007557196D-03
 -0.116758756091D-03  0.575586547426D-03  0.786801273866D-02 -0.509264266513D-03
  0.762536173421D-02  0.134778011168D-02  0.135714421073D-02 -0.245470813399D-02
 -0.471861149078D-02 -0.248777466151D-02  0.220408012081D-02  0.463849387494D-02
  0.109040165621D-01  0.786302826087D-02 -0.487840838530D-02  0.168946444049D-02
 -0.575904187346D-02 -0.760145802373D-02 -0.908477790492D-02 -0.794429348078D-03
 -0.467849195896D-02 -0.360053543225D-04 -0.686498584614D-02 -0.861354067115D-02
  0.136644502984D-02 -0.339928909869D-02 -0.516457792035D-03  0.449340191059D-03
 -0.205593303398D-02 -0.244103367198D-02 -0.429838848271D-02 -0.709979094921D-03
  0.451067406236D-02 -0.154890561231D-02  0.316007234886D-02 -0.553851981145D-02
  0.251646301743D-02 -0.790012546184D-02 -0.799684974068D-02 -0.111984288626D-03
  0.426378048445D+00 -0.554057687431D-03 -0.401927270607D-02 -0.455724018463D-02
 -0.300219676684D-02  0.760384564356D-03  0.554828151717D-03 -0.845712822163D-03
  0.162399091388D-02 -0.247133415061D-02 -0.599816870916D-02 -0.713113781073D-02
  0.381892976696D-02 -0.305102046517D-03  0.458205492075D-02  0.330683607947D-02
 -0.284794427919D-02 -0.583633744656D-02  0.533518282836D-02 -0.450955749562D-02
  0.650833465652D-02  0.574246527220D-02 -0.469251590720D-03 -0.348397291108D-02
 -0.429873916347D-02 -0.306427805993D-02  0.137856924789D-02 -0.227039765539D-03
 -0.430391787648D-03  0.746943413357D-03 -0.263211354550D-02 -0.760681503227D-02
 -0.815810151049D-02  0.911913425963D-03 -0.123668713025D-02  0.295066229649D-02
  0.113525942075D-02  0.740307555409D-03 -0.486685342608D-02  0.418077709679D+00
 -0.599655111766D-03  0.407547211114D-02  0.688962243339D-03 -0.481167644797D-03
  0.216513951808D-02 -0.142291270402D-02 -0.291861689235D-02 -0.215756721368D-02
  0.647660411714D-02  0.466785912636D-02  0.460256275600D-02 -0.201459271632D-02
  0.235475774455D-02 -0.726426179588D-02 -0.103764774085D-01 -0.760511078963D-03
  0.106885626760D-02 -0.309700984791D-02  0.298971100948D-02 -0.848061876566D-02
 -0.140091608754D-01  0.131299679026D-02 -0.585797180247D-03 -0.437321708831D-03
  0.370236568233D-03  0.300183131656D-02  0.203408952030D-02 -0.439797980498D-02
 -0.602959322641D-02  0.525984391264D-02 -0.840522742483D-03  0.229430640103D-02
 -0.491668642351D-02  0.292243680675D-02 -0.980680946861D-02 -0.123243845222D-01
  0.282328204397D-03  0.372001281009D-02 -0.433402743081D-04  0.419638774628D+00
 -0.507035745646D-03 -0.561926747092D-02 -0.351932088107D-02 -0.255201318737D-03
 -0.238203526963D-01 -0.175925619047D-01  0.625697842295D-02  0.170572274438D-01
 -0.721216929512D-02 -0.998106434140D-02 -0.630977152638D-02 -0.894553386991D-02
  0.606380494477D-02  0.407841979000D-02  0.793636483526D-02  0.186863193938D-02
 -0.417241413680D-02 -0.683759746635D-02  0.572984266168D-02  0.752417229515D-02
  0.725865762444D-02 -0.684709548863D-03 -0.160977098927D-03 -0.258723885940D-02
  0.157930725058D-03 -0.228448082223D-01 -0.168668246377D-01  0.647289245425D-02
  0.135338588954D-01 -0.826636096167D-02 -0.543835041388D-02 -0.521368152169D-02
 -0.115339041440D-01  0.387673209253D-02  0.310503478252D-02  0.823268771394D-02
  0.344877374441D-03 -0.480703306463D-02  0.140431043977D-02  0.362302935630D-03
  0.299138780510D+00 -0.149856502822D-03 -0.284390900230D-02 -0.780076823234D-03
  0.127493171244D-02 -0.157030142995D-01 -0.121126660940D-01  0.608635415645D-02
  0.117693387535D-01 -0.466102324287D-02 -0.459950069323D-02 -0.331877921397D-02
 -0.597700579806D-02  0.346845075996D-02  0.688268767852D-03  0.827690200188D-02
  0.191988683259D-02 -0.237135594481D-02 -0.466251136843D-02  0.325567165726D-02
  0.257248490797D-02  0.825266288269D-02 -0.353687220768D-03 -0.280443810776D-03
 -0.754574902940D-03  0.179872045791D-02 -0.154903282806D-01 -0.118733156439D-01
  0.601743252508D-02  0.101082748909D-01 -0.489798221071D-02 -0.206183163321D-02
 -0.304332737402D-02 -0.724048878427D-02  0.186893105247D-02  0.235949235688D-05
  0.826938708102D-02  0.456033030297D-03 -0.240350220276D-02  0.179888997849D-02
  0.165908220432D-02 -0.166529085300D-01  0.309081840753D+00  0.556408119800D-03
 -0.347142669945D-02 -0.328474301609D-02 -0.320643930935D-02  0.553664920250D-02
  0.554218403935D-02 -0.740306260774D-02 -0.506785586015D-02 -0.974676498907D-03
 -0.659561053552D-02 -0.686877929348D-02 -0.491756729520D-02 -0.649635293170D-03
  0.836362298106D-02 -0.106992525198D-01  0.269019741258D-02 -0.386021455984D-02
 -0.257982135539D-02 -0.977407351433D-03  0.104160486661D-01 -0.104541179927D-01
 -0.308744027983D-03  0.116650696906D-02 -0.254344608173D-02 -0.384622787642D-02
  0.587508091201D-02  0.526040387871D-02 -0.667407780893D-02 -0.585403899226D-02
 -0.155743405343D-02 -0.148843667675D-02 -0.557874432792D-02 -0.509249875498D-02
 -0.181495971702D-02  0.874322405751D-02 -0.107761355428D-01  0.707766715615D-03
 -0.311910829835D-02 -0.213411480464D-03 -0.375174958460D-02  0.569532738844D-02
  0.581571762685D-02  0.310586066167D+00  0.509987647635D-04 -0.225485758366D-02
 -0.255220302072D-02 -0.527369983052D-02  0.141369024757D-01  0.941503557625D-02
 -0.569484517187D-02 -0.967642884146D-02  0.118896908667D-02 -0.329342381486D-02
 -0.347465290101D-02  0.814309469128D-02  0.101089789606D-02  0.307381287268D-02
 -0.108913111282D-01  0.169004860080D-02 -0.349292304801D-02  0.645717774810D-02
  0.354928282572D-02  0.362007942975D-02 -0.137561563225D-01  0.618260579263D-03
  0.108748069209D-02 -0.133598618181D-02 -0.397350893714D-02  0.149587810022D-01
  0.108828936967D-01 -0.592737665190D-02 -0.119926194721D-01  0.345977489744D-03
 -0.784750625399D-03 -0.205500141844D-02  0.621016015299D-02  0.730735013586D-03
  0.262112855325D-02 -0.974874810132D-02  0.356928943804D-04 -0.105145601276D-02
 -0.408723776324D-03 -0.636865283955D-02  0.118786087794D-01  0.891646008256D-02
 -0.669132786529D-02  0.318902456862D+00 -0.145451062784D-03  0.822206984228D-02
  0.377565299059D-02  0.414869534228D-02 -0.295805101201D-02 -0.195725557043D-02
 -0.128706861144D-02  0.277817279422D-02 -0.472410852872D-02  0.111292897900D-01
  0.808505137110D-02 -0.593719689241D-02 -0.188295972509D-03  0.910491482878D-02
 -0.331560890688D-03 -0.878006451268D-02  0.303226376537D-02 -0.604963070964D-02
 -0.231206921720D-02  0.948270364960D-02  0.349354036057D-02  0.299719697556D-03
 -0.135802674727D-02  0.136999207219D-02  0.176142052583D-02 -0.413790158382D-02
 -0.413684096668D-02 -0.255162030012D-02  0.360275065686D-02 -0.213049066864D-02
  0.791590001404D-03  0.618416342478D-02 -0.326730003134D-02  0.894155790012D-03
  0.995675487329D-02  0.363807926512D-02 -0.127097330730D-02  0.635012600141D-02
 -0.433425831549D-02  0.757129897411D-02 -0.624077153986D-02 -0.434192862640D-02
 -0.176708762953D-02  0.377139491567D-02  0.332256855736D+00 -0.267791352497D-02
  0.678108975381D-03 -0.311215257531D-02 -0.151246703459D-02 -0.271021960010D-02
 -0.675914397869D-02 -0.125595561736D-02  0.512387711800D-02  0.357999433324D-02
 -0.133518689231D-02  0.421580095027D-02  0.539782705262D-02  0.681178332073D-02
  0.453672669811D-02  0.481479240877D-02 -0.425689154919D-03  0.138316398796D-02
  0.418114472844D-02  0.325965243959D-02  0.412222544111D-02  0.123901651247D-02
 -0.828070647468D-03  0.389651225579D-03 -0.647433064513D-03  0.116312505397D-02
  0.218370278165D-03 -0.247543558154D-02 -0.485374412025D-03  0.605666945651D-04
 -0.565491758899D-03 -0.589044951046D-02  0.167234096204D-02 -0.214329327678D-02
  0.714366948703D-02 -0.644303424296D-03 -0.162060812905D-02  0.168902097398D-03
  0.798822614912D-03  0.144802602738D-02 -0.301030855918D-03 -0.229002963307D-02
 -0.224020778920D-02 -0.639060026413D-03 -0.514468142117D-03  0.713885060685D-03
  0.254476160532D-01 -0.352608062189D-03  0.422968218312D-02  0.526946453516D-02
  0.183903928592D-02 -0.952157879115D-03 -0.274191740239D-02  0.653821465032D-02
 -0.909604685810D-03  0.157507358683D-02  0.906975612582D-02  0.897941957143D-02
  0.525653002600D-02  0.481866369057D-02 -0.553993081863D-02  0.596211548893D-02
  0.127244573852D-02  0.409902940547D-02  0.276157270668D-03  0.766995730663D-02
 -0.791253672548D-02  0.467205980718D-02  0.734624508154D-03  0.826506969565D-03
  0.492475964048D-02  0.498536997003D-02 -0.169732559055D-02 -0.244760934283D-02
  0.543071662197D-02  0.121049741516D-03  0.266025097377D-02  0.544266942597D-02
  0.869425817669D-02  0.534576086835D-02  0.476432364649D-02 -0.594356295523D-02
  0.846724894794D-02 -0.414971873527D-03  0.546541673696D-02  0.239700729159D-02
  0.856751846826D-04 -0.275239475417D-02 -0.482677736991D-02  0.550614817193D-02
  0.126862757020D-02  0.510867867756D-02  0.101136419367D-02  0.352326332610D+00
 -0.247198009167D-02  0.103090673803D-01 -0.595432214648D-03  0.567127676095D-02
  0.349691112563D-02  0.608825466095D-03 -0.932541749194D-02 -0.210611533964D-02
  0.111860606746D-01  0.156586125114D-01  0.103316419916D-01 -0.122753978284D-01
 -0.159074194029D-02  0.178557052110D-02 -0.466945927380D-02 -0.648909073154D-02
  0.266607333180D-02 -0.147415735360D-01 -0.803647435174D-02 -0.352143040555D-02
 -0.665822332760D-02  0.134250906168D-02 -0.827560517699D-03  0.219964542053D-02
  0.467826891868D-02  0.717130924448D-02  0.434182665627D-02 -0.874777487177D-02
 -0.276389145484D-02  0.695467693680D-02 -0.385563034551D-02  0.429302936199D-02
 -0.171859682554D-01  0.336931045402D-02 -0.192158977147D-02 -0.118935029810D-01
 -0.405834548003D-03  0.820224617787D-02 -0.292003359558D-02  0.943363573488D-02
  0.867333406326D-02  0.459677547573D-02 -0.797243986506D-02 -0.520157313093D-03
  0.577442440158D-02  0.171437914002D-01  0.238481073160D-01  0.375956227384D+00
 -0.162949472945D-03 -0.785985773957D-03 -0.148639513585D-02 -0.874343258930D-03
 -0.147995861463D-02 -0.132466085515D-02 -0.626690084892D-03  0.145996307562D-02
 -0.122853146044D-02 -0.664920436726D-02 -0.136218583519D-02 -0.282722200035D-02
  0.613597246479D-02  0.153181203634D-02 -0.265774236662D-02 -0.270101497361D-02
  0.382199824558D-03  0.207650368113D-02  0.481868629569D-02  0.517766534425D-02
  0.201851858428D-02 -0.213168077830D-02 -0.941136746434D-03 -0.494747775929D-02
 -0.234870229538D-02 -0.388791858589D-02 -0.441578647275D-02 -0.141922641657D-02
  0.229715719486D-02  0.198997999615D-02 -0.271692844335D-02 -0.170444033043D-02
  0.403755367218D-03  0.260494491833D-02  0.272537521163D-02 -0.348538227623D-03
 -0.456741135809D-03 -0.144122776100D-02 -0.254651890296D-02  0.283638519618D-03
 -0.273409958870D-02 -0.143058339747D-02 -0.571414587743D-03 -0.149313352680D-03
 -0.721124380500D-03  0.199256881350D-02  0.137353651906D-02 -0.181723016332D-03
  0.209713543454D-01  0.252785007680D-04  0.533997205856D-02  0.609554206449D-02
  0.262173134430D-02 -0.124007488412D-02 -0.226961666189D-02  0.559407087382D-02
 -0.106001636928D-02  0.268645340351D-02  0.872022232630D-02  0.983036625618D-02
  0.254331050817D-02  0.422106359682D-02 -0.838312542114D-02  0.351068740442D-02
  0.227270469346D-03  0.609959013423D-02  0.327873621517D-03  0.582867773963D-02
 -0.989044456556D-02  0.487406473561D-02  0.715217434479D-04  0.234374471440D-03
  0.359213380121D-02  0.427371117395D-02 -0.338839119844D-02 -0.361594916866D-02
  0.422571456434D-02  0.125892807277D-02  0.538108185394D-02  0.594061890862D-02
  0.888270531982D-02  0.513103567366D-02  0.320655862536D-02 -0.788973472157D-02
  0.628781887005D-02 -0.356198260695D-03  0.564118529264D-02  0.154620722169D-02
  0.187603628751D-02 -0.245985170431D-02 -0.404229421800D-02  0.502888618329D-02
  0.158224606209D-02  0.520920003724D-02 -0.397162190652D-03 -0.220032121720D-01
  0.176629469693D-01  0.439392781831D-02  0.358544061201D+00 -0.656206320452D-03
 -0.184731703235D-02 -0.356218782466D-02 -0.432039502540D-03  0.931891480393D-02
  0.199196761622D-02 -0.308871896961D-02 -0.572654078726D-03  0.242232253126D-02
 -0.883203753782D-02 -0.748443933628D-02 -0.352456948808D-02  0.690232623852D-02
  0.490861606929D-03 -0.176257003185D-02 -0.694829387983D-04 -0.669165164530D-02
  0.261896493697D-02  0.348288010311D-02  0.444022837868D-02  0.182134930756D-02
 -0.200760723525D-02 -0.186089840458D-02 -0.717026715999D-02 -0.147218082730D-03
  0.768432494284D-02  0.853206589328D-03 -0.409836988827D-02 -0.199271995335D-02
  0.439904521442D-02 -0.546087007726D-02 -0.103270766164D-01 -0.403566111448D-02
  0.165065714868D-02 -0.134369888504D-02 -0.389139539481D-02  0.111771864437D-02
 -0.240589177831D-02 -0.901420831785D-03  0.152276772736D-02  0.961612914420D-02
  0.593067004293D-02 -0.263251780932D-02 -0.586728679922D-02  0.483529642120D-04
  0.680604202839D-02  0.118363650935D-01 -0.138060663666D-01  0.149914333316D-01
  0.156601546993D-01  0.370465077118D+00 -0.439068596791D-03  0.365978354504D-03
 -0.226173853626D-02 -0.806258681571D-03 -0.145854775115D-02 -0.352440599232D-03
 -0.918450562819D-03  0.315213999448D-03  0.127556515273D-03  0.124647372282D-02
 -0.218738250900D-03 -0.179608580542D-03  0.208218890111D-02  0.202786768319D-03
 -0.131599409809D-02 -0.946990477190D-02 -0.230215621136D-02 -0.345139733521D-02
  0.382760942160D-02 -0.663108830891D-03 -0.102038178899D-02  0.170650332237D-03
 -0.196361678071D-02 -0.146955166136D-02 -0.178289505004D-02 -0.137854766934D-02
 -0.145358563652D-02 -0.133294972054D-02  0.152804483717D-02  0.118648003517D-02
 -0.317007871861D-02  0.953848239603D-03  0.108822679344D-02  0.460749723065D-02
  0.185689500790D-02  0.263001835304D-02 -0.219536493066D-02  0.179474229838D-03
 -0.647997255817D-02 -0.797181622606D-03 -0.389730328665D-02 -0.411595966544D-02
 -0.178878199069D-02  0.315924078936D-02  0.412643868221D-02  0.237658843483D-02
  0.428477905699D-02  0.644867279064D-02  0.117858564740D-02  0.220901107077D-02
 -0.302125178879D-02  0.210515380657D-01  0.157103323353D-03  0.161081302486D-02
  0.313181182841D-02 -0.743657199261D-04 -0.954557897993D-03 -0.213720411836D-02
  0.574296490481D-02  0.426145984419D-03 -0.251442873452D-02  0.457958779527D-02
  0.423711512185D-02  0.743630284204D-02  0.477520324895D-02 -0.219923026957D-02
  0.493026377482D-02 -0.315818400819D-02  0.799625219591D-03  0.331939963647D-02
  0.801006897758D-02 -0.220737484302D-02  0.560395184914D-02  0.227715468536D-03
 -0.586048609034D-03  0.206125909859D-02  0.188840884178D-02 -0.243947414296D-02
 -0.362462735739D-02  0.440941526030D-02  0.128442877676D-02  0.161670526492D-03
  0.301178350346D-02  0.536257817546D-02  0.859476128409D-02  0.455305656948D-02
 -0.155192519833D-02  0.100219772791D-01 -0.102476363283D-02  0.241870699450D-02
 -0.102674105868D-02 -0.116467734693D-02 -0.560898121203D-02 -0.597835197595D-02
  0.436247520646D-02  0.165502525881D-02  0.341082145529D-02 -0.173803219503D-02
 -0.203306900363D-01  0.173959295036D-01  0.849064165803D-03 -0.179663303110D-01
  0.955571038204D-02  0.462866278815D-02  0.360632754616D+00  0.104028292576D-02
 -0.608085404057D-02 -0.672882984486D-02 -0.245416193862D-02  0.949159181723D-02
  0.742851006636D-02 -0.301093658903D-02 -0.471512429856D-02  0.160526988786D-03
 -0.654521149966D-02 -0.150175278521D-01 -0.191207721441D-02 -0.697763477282D-03
 -0.398291477509D-02 -0.548921252517D-02 -0.125255394852D-01 -0.142392409834D-01
 -0.661844721024D-02  0.603117877486D-02 -0.425701270769D-02 -0.621699959767D-02
  0.832996679729D-03 -0.351260452029D-02 -0.556118998473D-02 -0.380750200801D-02
  0.907760994603D-02  0.543667590432D-02 -0.393264704880D-02 -0.251694219065D-02
  0.255771501844D-02 -0.501642299487D-02 -0.107067657406D-01  0.784453779732D-03
  0.281412299955D-02 -0.948359809716D-04  0.147675788764D-02 -0.275278197450D-02
 -0.552132404412D-02 -0.109003832184D-01 -0.430532676845D-02  0.513954793288D-02
  0.133696295816D-02 -0.487857149712D-02 -0.690135621992D-03  0.715174824609D-02
 -0.311547002414D-02  0.201171236919D-01 -0.173706092865D-01  0.392424166674D-02
  0.172242497861D-01 -0.252535636103D-01  0.149126977524D-01  0.228103812229D-01
  0.372731300424D+00  0.534735645851D-03  0.964330938668D-02  0.291357600097D-02
  0.446934003015D-02 -0.987508420282D-02 -0.416154169472D-03 -0.904885226947D-02
 -0.454265405536D-02  0.966485035834D-02  0.129846818669D-01  0.142826202193D-01
 -0.196065017487D-01 -0.694625697693D-03 -0.110832403421D-01 -0.233525391931D-01
 -0.760756195059D-02  0.121730051796D-01 -0.170640075931D-01 -0.468423977084D-02
 -0.119079275423D-01 -0.172724544670D-01  0.311479209108D-03 -0.869168793197D-03
  0.839327713076D-04 -0.869579150731D-03 -0.113997315575D-01 -0.421279703230D-02
 -0.976248720089D-02 -0.131602645124D-03  0.127215182860D-01  0.235888286747D-02
  0.117045499112D-01 -0.142849065766D-01  0.160203750060D-02 -0.847361304868D-02
 -0.212648923819D-01 -0.115328738416D-02  0.643778320236D-02 -0.582242357964D-02
  0.873664151428D-02 -0.852101856516D-02 -0.218011390236D-02 -0.827780630335D-02
  0.469354908391D-03  0.902442211297D-02 -0.291909616122D-02  0.268067095379D-02
  0.182479398428D-01 -0.101844449440D-02  0.550468162652D-03  0.218283256342D-01
 -0.192993148555D-03 -0.662690722966D-03  0.235533269572D-01  0.396544896692D+00
 -0.386305012724D-03  0.190560625552D-03 -0.209132706151D-02 -0.164347978807D-03
 -0.795466747827D-02 -0.961747526040D-03 -0.551391181971D-02 -0.312481568850D-02
  0.635543014138D-02  0.155467534557D-03  0.437468935846D-02 -0.843991886407D-02
  0.244241450012D-02 -0.550761996625D-02 -0.138963754540D-01  0.671362297748D-03
  0.680976257277D-02 -0.856383921169D-02  0.715967207998D-04 -0.531433235006D-02
 -0.121100420068D-01 -0.134656589850D-03  0.945914332097D-03 -0.961806510099D-03
 -0.137243194809D-02 -0.711825890854D-02 -0.216997897521D-02 -0.489480744006D-02
 -0.193678889565D-02  0.614880972960D-02 -0.191535679908D-02  0.471315753826D-02
 -0.984171773047D-02  0.387031532189D-02 -0.542395181415D-02 -0.150488446861D-01
 -0.318765563665D-03 -0.775847198008D-03 -0.601581638766D-03  0.242505349471D-02
 -0.642954566597D-02 -0.141781261498D-02 -0.492740366657D-02 -0.167405831190D-02
  0.478279350815D-02  0.886652261250D-03 -0.433119097369D-02  0.226578207800D-01
 -0.238582457184D-02 -0.695108134357D-02  0.214319269269D-01 -0.181111137120D-02
 -0.687498574517D-02  0.217673907313D-01 -0.169162944402D-01  0.402624553368D+00
  0.918803943162D-03  0.120981164136D-01  0.579764129508D-02  0.585995321787D-02
 -0.908472467598D-02 -0.744687041886D-03 -0.635794802471D-02 -0.709604499553D-02
  0.137231271594D-01  0.170699092285D-01  0.184900905549D-01 -0.223599075475D-01
  0.138774603715D-02 -0.202634463519D-01 -0.263352753205D-01 -0.339913650805D-02
  0.132438978578D-01 -0.191767132225D-01  0.329982938197D-04 -0.225427080430D-01
 -0.223912820821D-01  0.105780517754D-02  0.220420953448D-03  0.207568451581D-02
  0.141907095491D-02 -0.111799794457D-01 -0.315965343646D-02 -0.802323395365D-02
 -0.236861864693D-02  0.168381694894D-01  0.710988508965D-02  0.145649518747D-01
 -0.150647922515D-01  0.195179438646D-02 -0.172834402585D-01 -0.235541615465D-01
 -0.519665460978D-03  0.101957775199D-01 -0.366579141755D-02  0.720652746255D-02
 -0.653951929189D-02 -0.134571302906D-02 -0.621671730457D-02 -0.176022737284D-02
  0.132240922888D-01 -0.564131232084D-02 -0.319578818895D-02  0.231213008042D-01
  0.292829112150D-02 -0.322648828318D-02  0.253549600270D-01  0.238317242750D-03
 -0.534961938169D-02  0.230308040595D-01 -0.780077966602D-02 -0.143985750155D-01
  0.415683633068D+00  0.638652610848D-03 -0.349192734294D-02  0.703510601486D-03
 -0.164891730557D-02  0.376556212589D-02  0.196619573819D-03  0.517320799794D-02
  0.481264290757D-03 -0.202130142988D-02 -0.104922187308D-01 -0.415266634054D-02
  0.437877933835D-02  0.695542496070D-02 -0.468165126970D-02  0.334317427235D-02
  0.765467019539D-02 -0.204823938823D-02  0.141141674578D-01  0.471614008954D-02
  0.933481839120D-03  0.884563039704D-02 -0.260463132729D-02 -0.745362014805D-03
 -0.489162028316D-02 -0.914784435227D-03 -0.850532898582D-04 -0.273035309724D-02
  0.404136631528D-02  0.777671800287D-03  0.183115306867D-02  0.791698715056D-03
 -0.648288012377D-02  0.801074740266D-02 -0.257841403667D-02 -0.479604316277D-02
  0.354377835631D-02  0.245585766316D-02 -0.278490410514D-02  0.407687294380D-02
 -0.303358497374D-02  0.487022482654D-02  0.372653834590D-02  0.563735494525D-02
 -0.432372511802D-02 -0.464406390381D-02 -0.319364342524D-02 -0.105751642319D-01
 -0.988808327424D-02  0.136705561863D-01 -0.296828760955D-02  0.196795457071D-01
 -0.118167121783D-01 -0.105277162798D-01 -0.164045480772D-01  0.231082033434D-02
 -0.156755458789D-02  0.657839664252D-02  0.404495154308D+00  0.302056261368D-02
 -0.804569859708D-02 -0.309316620207D-02 -0.436972329943D-02  0.206270712738D-02
  0.443425415768D-02  0.148610239291D-02 -0.189105001272D-02 -0.670452329898D-02
 -0.121167358918D-01 -0.147436687825D-01  0.185836216398D-03 -0.702436157374D-04
 -0.613284801069D-02 -0.849354512472D-02 -0.810904444807D-02 -0.101359997463D-01
  0.851100943226D-03  0.874770546288D-02 -0.202494552281D-02 -0.564443292318D-02
 -0.266953956383D-03 -0.250666516491D-02 -0.627062055911D-02 -0.703308014817D-02
 -0.192593580967D-02 -0.826466048896D-03 -0.305441814239D-03  0.815706287749D-03
 -0.420280543072D-03  0.242287700385D-03 -0.841319333579D-02  0.878058111519D-02
 -0.117059707664D-02  0.615484982578D-03  0.360409392765D-02 -0.207933336961D-02
 -0.716890708944D-02 -0.862373137073D-02 -0.733204660833D-02 -0.554288361144D-02
 -0.320490976384D-02 -0.926034099603D-03  0.213754109349D-03  0.306148525626D-02
 -0.173142049610D-01  0.426947902588D-02 -0.213680436393D-01  0.388586632722D-02
  0.697615621858D-02 -0.731058916208D-02  0.669517028454D-02  0.961671875119D-02
  0.164097895360D-01  0.324908615179D-02 -0.417849821988D-02  0.364307756751D-02
 -0.724847147454D-03  0.401894936530D+00  0.234104743933D-02  0.710625310099D-02
  0.756945390309D-02  0.574875474385D-02  0.121736181257D-01  0.289960129046D-02
  0.475494999588D-02 -0.449707270232D-02  0.720778561850D-03  0.181854678666D-01
 -0.393165108356D-03 -0.506186591498D-02 -0.225033370904D-02 -0.128193496002D-01
 -0.264803914346D-02 -0.170143876452D-02 -0.118097975668D-01 -0.980994309600D-02
  0.320816280002D-02 -0.147470149275D-01 -0.522364308327D-02  0.448646744484D-02
 -0.313605775190D-02  0.418482277110D-02  0.851958485681D-02  0.106655368889D-01
  0.456143264516D-02  0.608649776196D-03 -0.601294088396D-02  0.372210779398D-02
  0.837904179091D-02 -0.353388219449D-02 -0.458059872938D-02 -0.286806697249D-02
 -0.140372317522D-01  0.216464227507D-02  0.164009432777D-02  0.800795519235D-02
 -0.386494264223D-03  0.539046627955D-02  0.610386177056D-02  0.226919983120D-02
  0.191171079625D-02 -0.632636751084D-02  0.871673331718D-02 -0.147158538762D-01
 -0.745177347924D-02 -0.584684193212D-02 -0.485952619181D-02 -0.304367353352D-02
 -0.246191155985D-01 -0.592720445724D-02 -0.442373605461D-02 -0.178766211347D-01
  0.530794861503D-01  0.363731184116D-01  0.505369999762D-01 -0.118443470135D-01
  0.305223354999D-02  0.372112748165D+00
$end
