$coord
   -1.27054904302220     -3.21586627400918     -1.81590913432707  c
    1.60862133603304     -3.03523590366740     -2.11006220728446  c
    2.09397212118386     -0.18281703377771     -2.03106367203329  c
    0.08588455022629      0.75294137654168     -0.34421753367524  n
   -1.85410463582523     -1.18934692585015      0.15867709705693  c
   -1.90198437565999     -5.08536935616631     -1.20705393943072  h
    2.52461932067225     -3.96336990766436     -0.50100056519838  h
    1.89611299671091      0.65642409898679     -3.92403561025455  h
   -2.21029319189555     -2.72323740704651     -3.60119572912454  h
    2.30989617569260     -3.88722020400715     -3.86153034670797  h
    3.96806961323263      0.29756668662969     -1.29102245708165  h
   -3.73181356647907     -0.33702288557542     -0.06603374820618  h
   -2.11199729006187      3.89625630635805      1.58640402121172  o
   -0.27439730695035      3.20967094297913      0.31502209859895  c
    1.72760552991697      5.06404786532989     -0.55802951897471  c
    2.02404791677274      4.95638530254206     -2.60615137801300  h
    1.11216149972645      6.96669218337898     -0.04604270793948  h
    3.53885976611749      4.66115672234781      0.36878115365109  h
   -0.75180813693299     -4.32246934500181      3.33128830503177  o
   -1.59078880475442     -2.21056585537562      2.87494309264853  c
   -2.39648170774304     -0.56204374176375      4.66948909031327  n
   -2.74681283544822      1.26019477555550      4.16105620620618  h
   -2.04881993151232     -1.00677142074437      6.49768748353265  h
$user-defined bonds
$redundant
     number_of_atoms            23
     degrees_of_freedom         63
     internal_coordinates       63
     frozen_coordinates          0
# definitions of redundant internals
   1 k  1.0000000000000 stre   1    6           val=   2.06506
   2 k  1.0000000000000 stre   1    9           val=   2.07679
   3 k  0.0343171489569 bend   9    6    1      val=   0.55683
        0.5108545574260 bend   5    6    1
        0.4811394365784 bend   5    9    1
       -0.5221491400649 bend   2    6    1
       -0.4834408676798 bend   2    9    1
   4 k  0.0649482539231 bend   9    6    1      val=   0.60411
       -0.5026728654525 bend   5    6    1
        0.4806520656074 bend   5    9    1
       -0.5096847611522 bend   2    6    1
        0.5022914997555 bend   2    9    1
   5 k -0.8758380622107 bend   9    6    1      val=   5.52813
        0.2242083328083 bend   5    6    1
        0.2859195724654 bend   5    9    1
        0.1886983681833 bend   2    6    1
        0.2555019299505 bend   2    9    1
   6 k -0.0000917312703 bend   9    6    1      val=   0.06395
       -0.4894599336479 bend   5    6    1
        0.5244670190219 bend   5    9    1
        0.4756763352836 bend   2    6    1
       -0.5090140812868 bend   2    9    1
   7 k  1.0000000000000 stre   2   10           val=   2.07010
   8 k  1.0000000000000 stre   2    7           val=   2.07113
   9 k  0.0108316042623 bend   7   10    2      val=   0.16752
        0.5026904149743 bend   3   10    2
        0.4946988627287 bend   3    7    2
       -0.5278428010995 bend   1   10    2
       -0.4731173592085 bend   1    7    2
  10 k  0.0492588504683 bend   7   10    2      val=   0.74363
       -0.5123060641171 bend   3   10    2
        0.4834305291104 bend   3    7    2
       -0.4910721662548 bend   1   10    2
        0.5101559696537 bend   1    7    2
  11 k -0.8776628010929 bend   7   10    2      val=   5.68578
        0.2240977402889 bend   3   10    2
        0.2618726175019 bend   3    7    2
        0.2069988455426 bend   1   10    2
        0.2608877546415 bend   1    7    2
  12 k -0.0049317404233 bend   7   10    2      val=   1.07430
       -0.4825236971790 bend   3   10    2
        0.5207202928785 bend   3    7    2
        0.4855971529896 bend   1   10    2
       -0.5100905225447 bend   1    7    2
  13 k  1.0000000000000 stre   3   11           val=   2.07139
  14 k  1.0000000000000 stre   3    8           val=   2.08010
  15 k  0.0250785578515 bend   8   11    3      val=   0.80440
        0.5011325170867 bend   4   11    3
        0.4992400463184 bend   4    8    3
       -0.5169496186502 bend   2   11    3
       -0.4814143061687 bend   2    8    3
  16 k  0.0321282692663 bend   8   11    3      val=   0.33330
       -0.5151227716444 bend   4   11    3
        0.4909990223220 bend   4    8    3
       -0.4907946888589 bend   2   11    3
        0.5016541018611 bend   2    8    3
  17 k -0.8782611147551 bend   8   11    3      val=   5.84601
        0.2353266867180 bend   4   11    3
        0.2622454055932 bend   4    8    3
        0.2095112178291 bend   2   11    3
        0.2461933420638 bend   2    8    3
  18 k -0.0030497439715 bend   8   11    3      val=   0.63933
       -0.4851434644266 bend   4   11    3
        0.5082609210598 bend   4    8    3
        0.4957424949283 bend   2   11    3
       -0.5104279898590 bend   2    8    3
  19 k  1.0000000000000 stre   5   12           val=   2.07431
  20 k  0.2969076036098 bend   4   12    5      val=   5.68730
        0.5484286722252 bend   1   12    5
       -0.7817108585660 bend  20   12    5
  21 k  0.7847885053963 bend   4   12    5      val=   1.83062
       -0.6065191872264 bend   1   12    5
       -0.1274420547703 bend  20   12    5
  22 k  1.0000000000000 stre  14   13           val=   2.33765
  23 k  0.7071156398844 bend   4   13   14      val=   0.19588
       -0.7070979223777 bend  15   13   14
  24 k  1.0000000000000 outp  13   15    4   14 val=  -0.83394
  25 k  0.5773502691896 tors  17   15   14    4 val=  54.60034
        0.5773502691896 tors  16   15   14    4
        0.5773502691896 tors  18   15   14    4
  26 k  1.0000000000000 stre  15   17           val=   2.06421
  27 k  1.0000000000000 stre  15   16           val=   2.07226
  28 k  1.0000000000000 stre  15   18           val=   2.07411
  29 k  0.4286974014198 bend  16   17   15      val=   0.54560
        0.4018230697857 bend  18   17   15
        0.4065188275921 bend  18   16   15
       -0.3986944262378 bend  14   17   15
       -0.4050002589236 bend  14   16   15
       -0.4080646348016 bend  14   18   15
  30 k  0.2222122814558 bend  16   17   15      val=   0.87634
        0.4631438162774 bend  18   17   15
       -0.6827464556346 bend  18   16   15
        0.4214662700217 bend  14   17   15
       -0.2748160878561 bend  14   16   15
       -0.1296884182262 bend  14   18   15
  31 k -0.6968400136918 bend  16   17   15      val=   0.32128
        0.5690991270916 bend  18   17   15
        0.1579157624601 bend  18   16   15
       -0.0728437002529 bend  14   17   15
       -0.2543212441388 bend  14   16   15
        0.3092204568613 bend  14   18   15
  32 k  0.1692844576707 bend  16   17   15      val=   1.71777
        0.2571389020025 bend  18   17   15
       -0.4174502434188 bend  18   16   15
       -0.6941975870810 bend  14   17   15
        0.4052682172417 bend  14   16   15
        0.2912130387232 bend  14   18   15
  33 k  0.2985180695205 bend  16   17   15      val=   0.02474
       -0.2766805711777 bend  18   17   15
       -0.0265232905335 bend  18   16   15
       -0.0765522141780 bend  14   17   15
       -0.5994161604367 bend  14   16   15
        0.6844496795774 bend  14   18   15
  34 k  1.0000000000000 stre  20   19           val=   2.31782
  35 k  0.7071109057131 bend  21   19   20      val=   0.87880
       -0.7071026566360 bend   5   19   20
  36 k  1.0000000000000 outp  19    5   21   20 val=  -0.53358
  37 k  0.7071067811865 tors  23   21   20    5 val=  88.16350
        0.7071067811865 tors  22   21   20    5
  38 k  1.0000000000000 stre  21   23           val=   1.91336
  39 k  1.0000000000000 stre  21   22           val=   1.92400
  40 k  0.8192843843088 bend  22   23   21      val=   1.74494
       -0.4051033041767 bend  20   23   21
       -0.4057886279492 bend  20   22   21
  41 k  0.0103367652990 bend  22   23   21      val=   3.11860
       -0.6971542165620 bend  20   23   21
        0.7168466709227 bend  20   22   21
  42 k  1.0000000000000 outp  22   23   20   21 val=  18.03585
  43 k  0.7071067811865 tors  15   14    4    3 val=  89.94051
        0.7071067811865 tors  15   14    4    5
  44 k  1.0000000000000 stre  14   15           val=   2.86513
  45 k  1.0000000000000 bend   4   15   14      val= 116.27915
  46 k  0.7071067811865 tors  21   20    5    1 val= 130.70116
        0.7071067811865 tors  21   20    5    4
  47 k  1.0000000000000 stre  20   21           val=   2.56655
  48 k  1.0000000000000 bend   5   21   20      val= 113.47317
  49 k  1.0000000000000 stre   4   14           val=   2.56903
  50 k  0.7076626260377 bend   3   14    4      val=   2.02404
       -0.7065504990512 bend   5   14    4
  51 k  1.0000000000000 outp  14    5    3    4 val=  -9.77672
  52 k  1.0000000000000 stre   5   20           val=   2.91382
  53 k  0.7617449532157 bend   4   20    5      val=   8.24335
       -0.6478770147570 bend   1   20    5
  54 k  0.6478770147570 bend   4   20    5      val= 111.22660
        0.7617449532157 bend   1   20    5
  55 k  1.0000000000000 stre   1    5           val=   2.88900
  56 k  1.0000000000000 stre   5    4           val=   2.79087
  57 k  1.0000000000000 stre   4    3           val=   2.78451
  58 k  1.0000000000000 stre   3    2           val=   2.89449
  59 k  1.0000000000000 stre   2    1           val=   2.89979
  60 k -0.5116672736017 bend   1    4    5      val=   0.90668
        0.1954395075848 bend   5    3    4
        0.1954395075848 bend   4    2    3
       -0.5116672736017 bend   3    1    2
        0.6324555320337 bend   2    5    1
  61 k  0.3717480344602 bend   1    4    5      val=  -2.79110
       -0.6015009550075 bend   5    3    4
        0.6015009550075 bend   4    2    3
       -0.3717480344602 bend   3    1    2
  62 k -0.5116672736017 tors   4    3    2    1 val=  -9.11639
        0.1954395075848 tors   3    2    1    5
        0.1954395075848 tors   2    1    5    4
       -0.5116672736017 tors   1    5    4    3
        0.6324555320337 tors   5    4    3    2
  63 k  0.3717480344602 tors   4    3    2    1 val=  30.84088
       -0.6015009550075 tors   3    2    1    5
        0.6015009550075 tors   2    1    5    4
       -0.3717480344602 tors   1    5    4    3
        63 non zero eigenvalues  of BmBt
           1           6.877652983    1    0
         1
           2           5.340453620    2    0
         2
           3           4.885110038    3    0
         3
           4           4.641335867    4    0
         4
           5           4.139665410    5    0
         5
           6           4.079142871    6    0
         6
           7           3.910921546    7    0
         7
           8           3.845210934    8    0
         8
           9           3.741012346    9    0
         9
          10           3.694769605   10    0
        10
          11           3.543019662   11    0
        11
          12           3.352650585   12    0
        12
          13           3.070811395   13    0
        13
          14           2.820000404   14    0
        14
          15           2.770499167   15    0
        15
          16           2.610221906   16    0
        16
          17           2.505182786   17    0
        17
          18           2.397649776   18    0
        18
          19           2.270438288   19    0
        19
          20           2.107520592   20    0
        20
          21           1.985553614   21    0
        21
          22           1.780291725   22    0
        22
          23           1.617321458   23    0
        23
          24           1.462195701   24    0
        24
          25           1.297880997   25    0
        25
          26           1.054599045   26    0
        26
          27           0.950195703   27    0
        27
          28           0.936156759   28    0
        28
          29           0.850308933   29    0
        29
          30           0.804970308   30    0
        30
          31           0.780260292   31    0
        31
          32           0.771719479   32    0
        32
          33           0.696694929   33    0
        33
          34           0.695079440   34    0
        34
          35           0.652727722   35    0
        35
          36           0.608034423   36    0
        36
          37           0.488297573   37    0
        37
          38           0.478245103   38    0
        38
          39           0.398573907   39    0
        39
          40           0.355546391   40    0
        40
          41           0.345845461   41    0
        41
          42           0.323953499   42    0
        42
          43           0.319251891   43    0
        43
          44           0.311495970   44    0
        44
          45           0.299841156   45    0
        45
          46           0.284544734   46    0
        46
          47           0.277360079   47    0
        47
          48           0.272045565   48    0
        48
          49           0.262471555   49    0
        49
          50           0.242682813   50    0
        50
          51           0.226133248   51    0
        51
          52           0.185485648   52    0
        52
          53           0.181285994   53    0
        53
          54           0.148272320   54    0
        54
          55           0.108799268   55    0
        55
          56           0.083917237   56    0
        56
          57           0.067812331   57    0
        57
          58           0.061205012   58    0
        58
          59           0.054531011   59    0
        59
          60           0.032484408   60    0
        60
          61           0.021384661   61    0
        61
          62           0.014577847   62    0
        62
          63           0.008591833   63    0
        63
$end
