$energy      SCF               SCFKIN            SCFPOT            RIRPA
     1 -530.8360663829      0.00000000      0.00000000     -3.463034292508
     2 -530.8367807519      0.00000000      0.00000000     -3.462329277408
     3 -530.8382949240      0.00000000      0.00000000     -3.460145054913
     4 -530.8374026241      0.00000000      0.00000000     -3.461709874572
     5 -530.8370035583      0.00000000      0.00000000     -3.462128764305
     6 -530.8369888175      0.00000000      0.00000000     -3.462143678207
     7 -530.8369703301      0.00000000      0.00000000     -3.462162452416
     8 -530.8369723896      0.00000000      0.00000000     -3.462160547906
     9 -530.8369790945      0.00000000      0.00000000     -3.462153806267
    10 -530.8369825275      0.00000000      0.00000000     -3.462150528503
    11 -530.8369853658      0.00000000      0.00000000     -3.462147711208
    12 -530.8369854367      0.00000000      0.00000000     -3.462147625888
$end
