$hessapprox internal
  0.424698743506D+00 -0.197293393607D-02  0.414844140843D+00 -0.220630583148D-03
  0.221803838522D-03  0.336073106386D+00 -0.299668102331D-03  0.663842720711D-03
 -0.199642413661D-02  0.331745937699D+00  0.674965263394D-03 -0.318368336623D-03
  0.180644681115D-02  0.509647177174D-02  0.314486907103D+00 -0.196915510274D-03
 -0.363702893962D-03  0.363309031353D-03  0.411318252266D-03 -0.415683421318D-03
  0.337311013410D+00 -0.206244711456D-02 -0.209059257584D-02 -0.255124436575D-03
 -0.539384435835D-03  0.942772288628D-03 -0.154631999908D-03  0.420071455569D+00
 -0.223996519238D-02 -0.248424713319D-02  0.917533179514D-03  0.174088451811D-02
 -0.163268886906D-02 -0.547438946219D-03 -0.228714972699D-02  0.419165471767D+00
 -0.133546489302D-03 -0.539916046118D-04  0.350591497684D-04  0.116168295189D-03
 -0.315329267394D-03  0.858720813489D-05 -0.103729528516D-03  0.862041515891D-04
  0.336498761156D+00 -0.725324257180D-03  0.409106333245D-03 -0.267707104639D-02
 -0.648844827957D-02  0.648058245298D-02  0.599938888867D-03 -0.107654814837D-02
  0.150352402563D-02  0.119585447920D-03  0.328477853715D+00  0.773159404947D-03
 -0.401938118512D-03  0.240735713072D-02  0.593353720412D-02 -0.583839155824D-02
 -0.709349622325D-03  0.100999769916D-02 -0.194860650641D-02 -0.301166031157D-05
  0.788701825656D-02  0.312097058129D+00  0.243439639765D-03 -0.811904090942D-04
  0.308541388836D-03  0.908004265725D-03 -0.871462764216D-03 -0.176007094070D-03
  0.216578444466D-03 -0.720899933426D-03  0.317471279473D-04  0.170283018975D-02
 -0.116877092839D-02  0.336598718108D+00 -0.185175350122D-02 -0.202681042372D-02
  0.308703445681D-03  0.732116252992D-03 -0.507189531577D-03 -0.544084993697D-03
 -0.197117827714D-02 -0.233164996684D-02  0.920331480211D-05  0.642664368997D-03
 -0.571452479584D-03 -0.918986081015D-04  0.419639897449D+00 -0.166841848950D-02
 -0.229379156909D-02  0.114228952661D-02  0.266154585967D-02 -0.243231908083D-02
 -0.962753400006D-04 -0.161816412076D-02 -0.298886462400D-02 -0.229248903948D-03
  0.297845740449D-02 -0.295583759995D-02 -0.574007261588D-03 -0.230518249846D-02
  0.411671261594D+00  0.117452303618D-02 -0.260327523564D-03  0.306020618302D-02
  0.717920921577D-02 -0.733285364703D-02 -0.604483146649D-03  0.154445974450D-02
 -0.183793061654D-02 -0.923039321679D-04  0.949473645683D-02 -0.886764732850D-02
 -0.154282143480D-02 -0.436457385372D-03 -0.310354850948D-02  0.327539363009D+00
 -0.196806878343D-03  0.168591496483D-03 -0.112948705018D-02 -0.244763343140D-02
  0.279065819732D-02  0.268145743211D-03 -0.383576410002D-03  0.307469783073D-03
  0.224681094288D-04 -0.312052870801D-02  0.300273693635D-02  0.635952446906D-03
  0.823607634449D-04  0.118011626113D-02  0.355482926058D-02  0.337211320539D+00
  0.151653332803D-02 -0.630370738407D-03  0.429761958244D-02  0.111864279962D-01
 -0.111077641648D-01 -0.915368616698D-03  0.208858093271D-02 -0.328378852201D-02
 -0.368041400507D-03  0.144833893105D-01 -0.132530914721D-01 -0.211458859995D-02
 -0.992346787007D-03 -0.527723333196D-02 -0.163857383313D-01  0.586472873632D-02
  0.294022693156D+00 -0.283213571906D-03 -0.436386240016D-03  0.642767052139D-04
  0.198274975553D-03 -0.287898816204D-03  0.685058062693D-03 -0.262600183383D-03
 -0.783358967320D-03 -0.678894199371D-04  0.561996387146D-03 -0.180180973390D-03
  0.280229126030D-03 -0.566705266051D-03 -0.237706395825D-03 -0.181699126886D-03
  0.432689908162D-03 -0.402338785576D-03  0.339000779258D+00 -0.169322868196D-02
 -0.203441079145D-02  0.817834146652D-03  0.123587180115D-02 -0.110124249983D-02
 -0.924394168254D-04 -0.170584976281D-02 -0.214563178462D-02 -0.828852261860D-04
  0.104295392761D-02 -0.156026079687D-02 -0.620606033397D-03 -0.197140740790D-02
 -0.192354548068D-02 -0.104205480944D-02  0.199430237366D-03 -0.232173078009D-02
 -0.348492931973D-03  0.418169379598D+00  0.364089730283D-03 -0.738386734996D-03
  0.258706868947D-02  0.526159805295D-02 -0.556418172977D-02 -0.213669692577D-03
  0.588492472258D-03 -0.189630386905D-02  0.226446633285D-03  0.726543459343D-02
 -0.694269148318D-02 -0.127096625940D-02 -0.885524456380D-03 -0.262003353168D-02
 -0.804338761245D-02  0.234653071416D-02 -0.122781671445D-01  0.408598898393D-03
 -0.131139722572D-02  0.329771578701D+00  0.715188190097D-03 -0.906812349570D-03
  0.352785715834D-02  0.890782865493D-02 -0.896937119164D-02 -0.271610447585D-03
  0.128847144969D-02 -0.245354600950D-02 -0.522983084658D-03  0.108404882179D-01
 -0.105409381421D-01 -0.207758542584D-02 -0.125257343656D-02 -0.412352553644D-02
 -0.126662316196D-01  0.449129401716D-02 -0.198122476029D-01 -0.543236482461D-03
 -0.126913921597D-02 -0.916704522753D-02  0.323533210169D+00 -0.515059787388D-02
 -0.508442826064D-02  0.193345407846D-03 -0.591226305866D-03  0.788854735551D-03
  0.539046154851D-04 -0.542431063010D-02 -0.489296896903D-02  0.115282070213D-03
 -0.170254625168D-02  0.119484262846D-02 -0.640979998787D-04 -0.474360193479D-02
 -0.409135693750D-02  0.250750072191D-02 -0.111665693254D-02  0.265035152483D-02
 -0.346230121362D-03 -0.377920250172D-02  0.152516945402D-02  0.181660302849D-02
  0.966734811414D+00  0.139784822368D-02  0.337638381740D-02 -0.392538744112D-02
 -0.561204105623D-02  0.775208846859D-02  0.268473552693D-02  0.162576962634D-02
  0.466889695983D-02 -0.949426147269D-03 -0.102718822396D-01  0.948480208243D-02
  0.987508894551D-03  0.227933200058D-02  0.577542330387D-02  0.926199981770D-02
 -0.121787292828D-02  0.163350105440D-01  0.118327703461D-02  0.333408986749D-02
  0.847182688527D-02  0.127365655110D-01  0.391621499158D-02  0.461615714643D+00
  0.144974549791D-02  0.283976656106D-02 -0.289150357922D-02 -0.434959755594D-02
  0.690767168713D-02  0.276165212581D-02  0.117335102815D-02  0.233449594269D-02
  0.317093752209D-03 -0.783341271038D-02  0.724886530842D-02  0.833939871982D-03
  0.106389299563D-02  0.461165569333D-02  0.793257368339D-02  0.118189729167D-02
  0.142135190917D-01  0.426054219915D-02  0.185925982919D-02  0.483851599446D-02
  0.106186452509D-01  0.203776134698D-02  0.234463064830D-01  0.228852269810D+00
  0.192397567329D-03  0.428264949090D-04  0.452051791009D-03  0.409343856096D-03
 -0.492294544777D-03 -0.397920327790D-03  0.133266045155D-03 -0.896019320768D-04
  0.276592548575D-03  0.840659021041D-03 -0.934632806480D-03 -0.259978151278D-03
  0.978614390253D-04 -0.196469125332D-03 -0.860632904790D-03 -0.985706645218D-05
 -0.125393224074D-02 -0.706626951453D-04 -0.132657305255D-03 -0.114350911832D-02
 -0.751799306135D-03  0.313882059121D-03  0.779925604958D-04 -0.917333368881D-03
  0.767081843112D-02 -0.215613796604D-02 -0.210520791697D-02 -0.339515251492D-03
 -0.517830745402D-03  0.957789673887D-03 -0.247698853677D-03 -0.233586409910D-02
 -0.226633483679D-02 -0.891329880400D-04 -0.116799358741D-02  0.114868599804D-02
  0.238787251521D-03 -0.197165208546D-02 -0.178720990722D-02  0.154630047723D-02
 -0.363257761554D-03  0.218082548065D-02 -0.385193790758D-03 -0.189602589720D-02
  0.635905570702D-03  0.116683064302D-02 -0.561594719615D-02  0.211036884953D-02
  0.196150867188D-02  0.199589165152D-03  0.424769907149D+00 -0.220307316035D-02
 -0.248324581499D-02  0.300195574589D-03  0.379566488767D-03 -0.293860777544D-04
 -0.290316441631D-03 -0.239567059790D-02 -0.293894940787D-02  0.293034345242D-04
  0.282661342880D-03 -0.424178413622D-03 -0.802197563758D-04 -0.239472631177D-02
 -0.229372968200D-02  0.338988296050D-04 -0.160075044756D-04 -0.137637411536D-03
 -0.154429563577D-03 -0.219362957302D-02 -0.771956217586D-03 -0.208695454747D-03
 -0.577434149337D-02  0.328081666494D-02  0.182634674588D-02 -0.238272629347D-03
 -0.247953473245D-02  0.417743071623D+00 -0.219352313603D-02 -0.222481971326D-02
 -0.118347644239D-03  0.130326303404D-03  0.195641029677D-03 -0.224586947933D-03
 -0.229982515906D-02 -0.237417575273D-02 -0.191392421795D-03 -0.421008170280D-03
  0.437506901877D-03  0.114086594611D-03 -0.207327086954D-02 -0.213773863917D-02
  0.664633680209D-03 -0.773771982139D-04  0.653122766065D-03 -0.518216867763D-03
 -0.192651451328D-02  0.211926669996D-03 -0.291118396575D-04 -0.548567727536D-02
  0.210342224914D-02  0.144176648773D-02  0.309566633707D-03 -0.236757446522D-02
 -0.242593805482D-02  0.416512007360D+00 -0.847058629738D-03  0.312503692706D-03
 -0.222801904199D-02 -0.584566251042D-02  0.564194904441D-02  0.681147405234D-03
 -0.110212383167D-02  0.186474533919D-02  0.157353144372D-03 -0.763050817351D-02
  0.694171040635D-02  0.109297560615D-02  0.501360852219D-03  0.281551825130D-02
  0.860563201508D-02 -0.307736816094D-02  0.128921198265D-01  0.289658010196D-03
  0.138750528615D-02  0.677658168645D-02  0.103203862826D-01 -0.107302715159D-02
 -0.923472949684D-02 -0.764602998563D-02  0.796401943156D-03 -0.119972640603D-02
  0.218334042030D-03 -0.432115952230D-03  0.320232568302D+00  0.625498090526D-03
 -0.760405820583D-04  0.118374984488D-02  0.273197222368D-02 -0.246616580978D-02
 -0.493927029765D-03  0.653683548193D-03 -0.111648560414D-02  0.864681317214D-04
  0.387944707914D-02 -0.363390088493D-02 -0.580508726363D-03 -0.237620151882D-03
 -0.121149623845D-02 -0.435758702290D-02  0.145891941443D-02 -0.609467793490D-02
  0.660038142045D-04 -0.837027188730D-03 -0.396247382659D-02 -0.462083443166D-02
  0.449671301570D-03  0.555000492626D-02  0.339206870188D-02 -0.892542891210D-03
  0.750376194099D-03 -0.297530887894D-03  0.557247316870D-03  0.327569787328D-02
  0.319034214051D+00  0.179839568001D-03 -0.198010477042D-03  0.657218350535D-03
 -0.435377330544D-03  0.607115633487D-03 -0.639085829317D-03 -0.128688335992D-03
 -0.720508170660D-03  0.704556392384D-03  0.420424363057D-03 -0.934505364906D-03
 -0.383735648464D-03 -0.226401213702D-03  0.202178202466D-03 -0.168694788379D-03
 -0.579624646773D-03  0.368917325984D-03  0.427446737593D-03 -0.402184165102D-03
 -0.189095891165D-02  0.133724906544D-02 -0.610133826821D-03  0.108323720381D-02
 -0.256525079317D-02 -0.130285707791D-02 -0.491806426059D-04 -0.110110375285D-02
  0.580849099429D-03  0.338305150377D-03 -0.176256336621D-02  0.313848487721D+00
 -0.881863650630D-04 -0.379139527907D-03  0.771182546604D-03  0.163404311015D-02
 -0.192929937104D-02 -0.779036778805D-04  0.159233752527D-04 -0.509284263760D-03
 -0.136199295633D-04  0.213627236817D-02 -0.206569314469D-02 -0.377329830230D-03
 -0.337668731963D-03 -0.977294228541D-03 -0.234952913963D-02  0.673728545648D-03
 -0.396590222656D-02 -0.119567312941D-03 -0.305730755502D-03 -0.151173590826D-02
 -0.303088919035D-02  0.240371359668D-03  0.519527859517D-03  0.568336872237D-04
  0.269162994852D-04 -0.451589943159D-04 -0.181612883557D-03 -0.245588910178D-03
  0.212631749631D-02 -0.957321643714D-03  0.521570679514D-03  0.332852282209D+00
  0.458792289919D-03 -0.334143809182D-03  0.133158182024D-02  0.123843916473D-02
 -0.915029497257D-03 -0.729177043565D-03  0.188118364266D-03 -0.148753001082D-02
  0.698095145559D-03  0.271375015288D-02 -0.304646734223D-02 -0.685964396456D-03
 -0.504531652935D-03 -0.556567198876D-03 -0.270328261763D-02  0.429424746063D-03
 -0.326935246804D-02  0.644412916385D-03 -0.895787118456D-03 -0.404021513525D-02
 -0.147250746152D-02 -0.439178788471D-03  0.477681177227D-02  0.151289642985D-02
 -0.175869091263D-02  0.290725628954D-03 -0.125892074021D-02  0.732495044404D-03
  0.228177378072D-02 -0.284826554315D-02 -0.550269072621D-02 -0.983612378525D-04
  0.328860553307D+00 -0.382113334930D-02 -0.411677101158D-02  0.801136353121D-03
  0.357669781453D-04  0.503984315468D-03 -0.419774942434D-03 -0.411528356048D-02
 -0.422783660697D-02  0.208823754298D-03 -0.752024375677D-03 -0.221578717368D-03
 -0.670496719133D-03 -0.385019757156D-02 -0.309882572983D-02  0.157473239423D-02
 -0.898273348642D-03  0.113283060618D-02 -0.430224771806D-03 -0.247483318512D-02
 -0.565574511292D-03  0.156993387800D-02 -0.899691954250D-02  0.555537867718D-02
  0.474915611633D-02 -0.312396826319D-03 -0.434380210442D-02 -0.508882244582D-02
 -0.405891025806D-02 -0.197318707736D-03 -0.781909453751D-03 -0.251482984946D-02
  0.161050109536D-03 -0.281921027030D-02  0.101048852664D+01 -0.638606826843D-03
 -0.311917879346D-03 -0.902381415947D-04 -0.140309759073D-03  0.187908370702D-03
  0.526002119649D-03 -0.497011666775D-03  0.662093098804D-03 -0.233019564572D-03
 -0.162092579947D-02  0.429685573842D-03 -0.660035561280D-03 -0.459629493097D-03
  0.229391964664D-03  0.824594833926D-03 -0.253039547619D-03  0.846014511948D-03
 -0.323683615779D-03  0.800895286147D-03  0.103615054645D-02  0.167642591653D-02
 -0.185594663294D-03  0.273789681963D-02  0.423124692619D-02  0.181071614139D-03
 -0.546152269590D-03 -0.179539522862D-03 -0.515156560835D-03 -0.350555736980D-03
  0.325349219952D-03  0.623028532704D-03  0.145895544556D-03  0.857037557293D-03
  0.111012553985D-02  0.450303742765D+00 -0.981875036724D-03 -0.107214025300D-03
  0.573647812623D-03 -0.865133253692D-03  0.467403214591D-03 -0.243769589598D-03
 -0.119025436863D-02  0.599789237851D-04  0.152589439720D-02 -0.400650132343D-03
  0.393940486402D-03 -0.471636419374D-03 -0.273123772390D-03 -0.752425223917D-03
  0.542896295506D-03 -0.500537338367D-03  0.126095441528D-02  0.535511775694D-03
 -0.142132317986D-02 -0.803000605790D-03  0.945547779784D-03 -0.772522158396D-03
  0.204610244790D-02  0.145689212917D-01 -0.182290259793D-03 -0.594507109332D-03
 -0.149502816049D-02 -0.399244861775D-03 -0.373094252974D-03 -0.108456353130D-02
 -0.292070123057D-02  0.494429348773D-03 -0.305343203094D-02 -0.339680154028D-02
 -0.777537701130D-03  0.192579960264D+00 -0.396238980020D-03 -0.533756857969D-03
 -0.170206041041D-04  0.869630364622D-04 -0.611462868986D-03 -0.224928745262D-03
 -0.306861979752D-03  0.172257008635D-03 -0.205839144142D-03  0.107490919089D-03
 -0.128470695045D-03  0.131416264413D-03  0.174427784973D-04 -0.356605398147D-03
 -0.402987802699D-03 -0.117774580462D-02 -0.560345367035D-03 -0.475965966734D-03
 -0.240360982836D-03  0.164173644202D-02 -0.601535728417D-03  0.930765103010D-03
 -0.137748094301D-02 -0.209704796941D-01 -0.292848020593D-03 -0.277593780395D-03
 -0.439452623786D-03  0.954210472545D-04  0.572166639206D-03 -0.534693015559D-03
 -0.121730264098D-02  0.340769287149D-03 -0.201349589706D-02 -0.752143600948D-03
  0.761427138007D-03 -0.195029022480D-01  0.457007337406D-01 -0.167428835612D-02
 -0.155742785846D-02 -0.173210356493D-03  0.442788611822D-03 -0.117626114166D-03
  0.855175726589D-04 -0.159541402518D-02 -0.149909807683D-02 -0.427164117196D-03
 -0.359869175356D-03  0.553989525195D-03  0.705829760164D-04 -0.142798390680D-02
 -0.161689234133D-02  0.495079988103D-03  0.952327311638D-04  0.143735399053D-03
 -0.651473759556D-03 -0.113348535174D-02  0.707400703278D-03 -0.583276579028D-03
 -0.365583234514D-02  0.267182415693D-02  0.244789518414D-02  0.646644976202D-03
 -0.167371139808D-02 -0.148908151406D-02 -0.200742213105D-02 -0.369912463020D-03
  0.916179363249D-03  0.199993819055D-02 -0.479965276229D-03  0.224881789097D-02
 -0.157092995220D-02 -0.474257021006D-03  0.766045645843D-03  0.616864218328D-03
  0.511604071990D+00 -0.260695980432D-02 -0.234332705357D-02 -0.122003057707D-03
  0.355296812189D-03 -0.423897257730D-03  0.466779701206D-03 -0.251265861318D-02
 -0.193749540836D-02 -0.292886955739D-03 -0.506192173098D-03  0.634571388207D-03
  0.940738631944D-04 -0.215524329675D-02 -0.227465672442D-02  0.602624920102D-03
 -0.146440800207D-03  0.174587074589D-03 -0.251438022638D-03 -0.176161481119D-02
  0.166781967076D-02 -0.624995638442D-03 -0.442429056727D-02  0.314550969896D-02
  0.229729997468D-02  0.658666753114D-03 -0.255660668914D-02 -0.225286924874D-02
 -0.282298804189D-02 -0.175781526660D-03  0.779015650383D-03  0.180781571329D-02
 -0.281654985121D-03  0.201475986288D-02 -0.304547565508D-02 -0.129338442123D-03
  0.528296187501D-03  0.332030974619D-02 -0.246333592493D-02  0.500784038295D+00
 -0.471589312297D-03  0.225602207498D-03 -0.127139538496D-02 -0.386071717168D-02
  0.387103369988D-02  0.616746293043D-03 -0.686459359613D-03  0.120001176382D-02
  0.283175493415D-03 -0.512542345230D-02  0.429546787436D-02  0.462642067396D-03
  0.199834209696D-03  0.210968878762D-02  0.561642292890D-02 -0.202901515191D-02
  0.865656331868D-02  0.646801341835D-03  0.101151805891D-02  0.417842388549D-02
  0.742947066805D-02 -0.361121720685D-03 -0.302683105092D-02 -0.107396781662D-02
 -0.477860000987D-05 -0.691660009822D-03 -0.893219997414D-04 -0.535184755533D-04
 -0.424225087196D-02  0.158424305592D-02 -0.142185106909D-02  0.149005275517D-02
 -0.217044647147D-03 -0.283966815288D-03  0.845274019385D-03 -0.198501778200D-02
  0.771665950003D-03  0.508954579870D-03  0.998668195229D-03  0.341071403192D+00
  0.196325325111D-03 -0.151255624744D-03  0.908884812179D-03  0.639532746012D-03
 -0.655943918913D-03 -0.230038174881D-03  0.106741402268D-03 -0.385203876438D-03
  0.478122938852D-03  0.129134651033D-02 -0.175430385207D-02 -0.611939163967D-03
 -0.181242953999D-03 -0.879214882811D-04 -0.144816356009D-02 -0.180478903823D-03
 -0.184511770331D-02  0.428089047581D-03 -0.171222240574D-03 -0.168417411691D-02
 -0.502980523038D-03  0.762044193300D-03  0.348074873201D-02 -0.152273558789D-02
 -0.113808714355D-02  0.202617703897D-03 -0.744644656647D-03  0.588948978567D-03
  0.145404280015D-02 -0.197225269377D-02 -0.379273717454D-02  0.146405476820D-03
 -0.466003837130D-02 -0.102280788183D-02  0.132695560511D-02 -0.463083404511D-02
  0.305301169462D-02  0.183778633043D-02  0.260129641455D-02  0.203533683712D-03
  0.372651453006D+00  0.222490318028D-03  0.461882098461D-03 -0.149982060703D-02
  0.158446661955D-02 -0.101451984937D-02  0.919939632176D-03  0.769014790838D-03
  0.576274614808D-03 -0.202450166893D-02 -0.293986543223D-03  0.113577082820D-02
  0.730739102682D-03  0.184157636016D-03 -0.400190875650D-03 -0.342655707269D-03
  0.245482814995D-02 -0.158784523506D-02 -0.134514372438D-02  0.102375732726D-02
  0.144442907160D-02 -0.301639678151D-02 -0.871777093375D-03 -0.150021043224D-02
  0.114730860644D-01  0.261819088663D-02  0.332675958974D-03  0.261388302278D-02
 -0.119679036182D-02 -0.607906143636D-03  0.413320229559D-02  0.111455948341D-01
 -0.171683872572D-02  0.128252059552D-01  0.530944460629D-02 -0.149501733284D-02
  0.725923506994D-02 -0.616283740248D-02 -0.484112970477D-02 -0.714795705503D-02
  0.272429388550D-02  0.619959803777D-02  0.196477688361D-01 -0.714448772158D-03
 -0.166151411771D-02  0.191712842715D-02  0.276364309286D-02 -0.426964958373D-02
 -0.172375849721D-02 -0.599510956844D-03 -0.159784318759D-02 -0.186474052188D-04
  0.521335935405D-02 -0.479225385765D-02 -0.526793684142D-03 -0.631356261282D-03
 -0.280156425708D-02 -0.524554898229D-02 -0.639061562584D-03 -0.897653556612D-02
 -0.225926712457D-02 -0.134911083224D-02 -0.343729533254D-02 -0.667340494566D-02
 -0.979869778095D-03 -0.128486501591D-01 -0.423953561658D-01  0.163756933517D-03
 -0.100456747091D-02 -0.124743664548D-02 -0.606396062730D-03  0.494318290472D-02
 -0.256533405464D-02  0.323545038578D-03 -0.391813063963D-04 -0.231658193900D-02
 -0.342224764031D-02 -0.245503012638D-02 -0.955375705426D-02  0.130492308493D-01
 -0.902683908161D-03 -0.537882133874D-03  0.599685151589D-03  0.127463314350D-03
 -0.480735595075D-02  0.481002746536D-01 -0.300546202793D-02 -0.225565586924D-02
 -0.156539430473D-02 -0.420460960309D-02  0.465922154086D-02 -0.266280152333D-03
 -0.340470904905D-02 -0.151250540100D-02  0.111696535644D-03 -0.595261737751D-02
  0.550996419673D-02  0.816628146394D-03 -0.184313319652D-02 -0.385963432384D-03
  0.723132583304D-02 -0.261499940590D-02  0.104537744918D-01 -0.615417381758D-03
 -0.127771695308D-02  0.449195126721D-02  0.772226036028D-02 -0.732726308700D-02
 -0.359623265510D-02 -0.399086925548D-02  0.709118274853D-03 -0.347293472760D-02
 -0.301641209373D-02 -0.293921610198D-02 -0.549892000892D-02  0.258790010067D-02
 -0.431569562742D-03  0.130326713285D-02  0.938069811380D-03 -0.488237114879D-02
 -0.984669489690D-03 -0.101977067104D-02 -0.198175080822D-03 -0.158282831418D-02
 -0.292491449250D-02 -0.382544848563D-02  0.648577118265D-03  0.123542393802D-02
  0.257367450943D-02  0.383243287292D+00  0.861510226578D-04  0.771786120402D-04
  0.568958994688D-03 -0.986139370044D-03 -0.132536006635D-03 -0.193277160416D-02
 -0.200830517120D-03  0.494612504204D-03  0.900567273017D-03  0.314691086907D-03
  0.647430183994D-04  0.158214530127D-03  0.100956345962D-02 -0.306457623536D-03
  0.111677364934D-02 -0.161324371858D-02  0.183341422560D-03 -0.124360345723D-02
  0.129892183261D-03 -0.503764614983D-03 -0.403998161239D-03 -0.193046476307D-04
 -0.144059052873D-01 -0.147439034190D-01  0.917207314397D-03 -0.224582044496D-03
 -0.403785356787D-03  0.100759906836D-03 -0.223765473259D-04 -0.797085954681D-03
 -0.244700115675D-03  0.103277694101D-02 -0.103501844568D-02  0.610712920562D-03
 -0.223785169476D-02  0.212370336618D-02 -0.110324818097D-02  0.956316340485D-04
 -0.802754082450D-03 -0.182043085203D-02 -0.126669869275D-02  0.288443930189D-03
  0.827230275717D-02  0.125469436819D-02  0.409194380956D+00 -0.434652379675D-03
  0.851419663869D-03 -0.145101487715D-02 -0.424118353760D-03  0.675557910720D-03
  0.130839934863D-02  0.718651813313D-04  0.224673033688D-02 -0.608197895191D-03
 -0.257103726360D-02  0.292927726314D-02  0.292972724358D-03  0.762989268733D-03
  0.464858911621D-03  0.963351333452D-03 -0.523013475145D-03  0.277184031517D-02
 -0.254229744984D-03 -0.226175951611D-04  0.469796788594D-02  0.867708107209D-03
  0.301554570423D-02  0.102362139680D-01 -0.836509543667D-03  0.317347222682D-03
  0.709681985261D-03  0.911303333375D-03  0.428888699313D-03 -0.184569465111D-02
  0.188245168942D-02  0.147432846919D-02 -0.476478726134D-03  0.208286763490D-02
  0.113757525198D-02  0.125209499859D-02 -0.352878529643D-02  0.153998066002D-01
  0.832871422454D-03  0.432871455054D-02  0.980703776682D-03  0.537551488045D-02
 -0.135085428445D-01  0.217307561422D-02 -0.447806441595D-03 -0.824348304112D-02
  0.294553518196D-01 -0.338748229322D-02 -0.317592289772D-02 -0.213376079697D-03
  0.232669486233D-02 -0.257971526261D-02 -0.217654808101D-03 -0.298941097048D-02
 -0.277099679465D-02 -0.123405881462D-02  0.143042413212D-02 -0.948175872005D-04
  0.476554708924D-03 -0.246828778546D-02 -0.448599122590D-02 -0.124653096002D-02
  0.660486052943D-03 -0.384226389442D-02 -0.232783279644D-02 -0.261646526979D-02
  0.129715441110D-02 -0.559973775999D-02 -0.658277880828D-02 -0.196599994766D-02
 -0.717322537667D-02  0.249717884170D-02 -0.324639681920D-02 -0.217785475896D-02
 -0.433826015358D-02  0.104029296715D-02  0.217517404685D-02  0.809627211593D-02
 -0.140347078409D-02  0.810206186790D-02 -0.227424882624D-02 -0.295744241291D-02
  0.305141369007D-02  0.524133062368D-02 -0.546081190633D-02 -0.643237264134D-02
  0.231710406988D-02  0.628888541516D-02 -0.203868975269D-01  0.627364625500D-02
 -0.128129054259D-02  0.471050870804D-02 -0.288083757006D-03  0.610806389836D+00
  0.393568266111D-02  0.677284246252D-02 -0.511137219152D-02 -0.428796862832D-02
  0.900685035572D-02  0.479106669289D-02  0.477061385655D-02  0.780106874051D-02
 -0.198659110994D-02 -0.121459897749D-01  0.109901546881D-01  0.266255996454D-03
  0.416806161838D-02  0.858878811320D-02  0.848489141611D-02  0.117486675443D-02
  0.177626011323D-01  0.184927009854D-02  0.540298791688D-02  0.899417850894D-02
  0.139234435139D-01  0.100510020939D-01  0.407270371793D-01  0.603748312899D-01
 -0.797634688215D-03  0.597225975869D-02  0.648951645449D-02  0.497071423291D-02
 -0.107945643550D-01  0.724992728687D-02  0.167684305561D-02 -0.155620110687D-02
  0.683389334857D-02  0.121164949454D-01  0.659498440841D-02  0.810578896898D-02
 -0.615405433933D-02  0.633165640503D-02  0.679815577250D-02 -0.932579396952D-03
  0.507181977309D-02 -0.185386458818D-02 -0.343231318387D-01 -0.332925008345D-03
 -0.298893525610D-01  0.233000507345D-01 -0.534835909066D-02  0.493475869513D+00
 -0.669013294593D-03 -0.910436450038D-03  0.709231757047D-03  0.256198096302D-02
 -0.140668985426D-02 -0.509299304501D-03 -0.586670513934D-03 -0.179365832857D-02
 -0.205836009356D-03  0.205916780414D-02 -0.178299801308D-02 -0.644652799582D-03
 -0.106372415043D-02 -0.206785937618D-02 -0.238995985872D-02  0.138763281155D-02
 -0.364766653388D-02 -0.740161286148D-03 -0.140779792337D-02 -0.281938140891D-02
 -0.354695951694D-02 -0.256442390498D-02  0.119372463330D-01  0.157995228788D-01
 -0.153619976127D-03 -0.354159576480D-03 -0.154544742564D-02 -0.101140286778D-02
  0.151681148093D-02 -0.672792942863D-03 -0.144129652623D-03 -0.149179454118D-02
 -0.543407418780D-03 -0.565497231300D-03  0.420828331429D-03  0.284540640880D-02
 -0.360878372561D-02  0.260066475520D-03 -0.137271235678D-02  0.157652830406D-02
 -0.436840392214D-03  0.994406639041D-03 -0.954346052207D-02  0.137789560398D-02
 -0.101582242084D-02  0.250827819016D-02 -0.309634920015D-02  0.241004244520D-01
  0.627945687372D+00 -0.242147609143D-02 -0.479946541866D-02  0.397787495921D-02
  0.246199528176D-02 -0.598775153032D-02 -0.486703188058D-02 -0.329974757451D-02
 -0.574573372870D-02  0.167864445499D-02  0.856887808914D-02 -0.801546500564D-02
 -0.268737812116D-03 -0.262366865067D-02 -0.605044218177D-02 -0.510902214094D-02
 -0.123352325480D-02 -0.123464978048D-01 -0.259178964005D-02 -0.333237875378D-02
 -0.826601772816D-02 -0.931106089731D-02 -0.888155776384D-02 -0.399678784596D-01
 -0.487114661944D-01  0.132619146038D-02 -0.448166768621D-02 -0.464006742894D-02
 -0.369156446350D-02  0.739772723270D-02 -0.510740824493D-02 -0.637398046835D-04
  0.157783453610D-02 -0.385453742855D-02 -0.811194939331D-02 -0.633107846443D-02
 -0.151045196301D-02 -0.550224892581D-02 -0.538546982520D-02 -0.886731657612D-02
 -0.955640484574D-03 -0.583557864114D-02  0.609079443965D-02  0.270399990132D-01
  0.806592244637D-03  0.296227533594D-01 -0.333953696456D-01  0.302105432044D-02
 -0.940607927718D-01 -0.173138530897D-01  0.493539414642D+00 -0.265969417525D-02
 -0.419466993453D-02  0.342598734710D-02  0.256320861872D-02 -0.694850306313D-02
 -0.520839574763D-02 -0.331671844156D-02 -0.432961846115D-02  0.201086645193D-02
  0.908267322287D-02 -0.691537370289D-02  0.503062513208D-03 -0.136966891380D-02
 -0.698479294082D-02 -0.604647941971D-02 -0.221187427778D-02 -0.128145158096D-01
 -0.302552089940D-02 -0.482175870210D-02 -0.552531368937D-02 -0.121998546261D-01
 -0.578243177704D-02 -0.393271066745D-01 -0.633646346261D-01  0.167290489096D-02
 -0.372280358155D-02 -0.442354346891D-02 -0.300120855694D-02  0.747406019298D-02
 -0.505487878168D-02 -0.317106506260D-03  0.148465529894D-02 -0.476205490216D-02
 -0.919853743463D-02 -0.792856963612D-02 -0.538349976214D-02  0.126754329614D-01
 -0.433099917606D-02 -0.377929607199D-02 -0.693401900386D-03 -0.240863699738D-02
 -0.656048727136D-02  0.371167237425D-01  0.197577965943D-02  0.294163377599D-01
 -0.121305267573D-01  0.892077579720D-02 -0.941728190161D-01 -0.182195697325D-01
  0.822129468345D-01  0.170754331640D+00 -0.497208932302D-03  0.556634833307D-03
 -0.223680297698D-02 -0.266389791583D-02  0.495005377089D-02  0.148546097980D-02
 -0.498103024111D-03  0.256297573574D-03 -0.478895299892D-03 -0.551785599420D-02
  0.565601425035D-02  0.710362137445D-03 -0.250178780280D-03  0.163284560704D-02
  0.521299804742D-02 -0.178092789445D-03  0.991186182023D-02  0.983355775518D-03
 -0.322028181915D-03  0.405417691822D-02  0.678859317808D-02 -0.171346987781D-02
  0.179437366162D-01  0.251976435776D-01 -0.517362383022D-03  0.324786189935D-04
 -0.326247378713D-03 -0.211955889612D-03 -0.570845895327D-02  0.314518221308D-02
 -0.116251751996D-02 -0.469666469833D-03  0.110087516097D-02 -0.699525001427D-03
  0.996213647706D-03  0.289344863631D-02 -0.297935516682D-02  0.171705276827D-02
  0.115313219521D-02 -0.196968628808D-02  0.908403521563D-03  0.237886405053D-02
 -0.144026358275D-01 -0.371022563326D-02 -0.112894747189D-01  0.112892310780D-01
 -0.170949538749D-02  0.458171269742D-01  0.960557974668D-02 -0.417213858900D-01
 -0.385283376889D-01  0.373984693709D+00  0.425645009378D-02  0.698000610119D-02
 -0.583872545218D-02 -0.590131831729D-02  0.116834358706D-01  0.596128653135D-02
  0.481241433252D-02  0.687894274503D-02 -0.176634640038D-02 -0.136475702146D-01
  0.124894867736D-01  0.809353752051D-03  0.365970802334D-02  0.100500449202D-01
  0.104888326703D-01  0.152033397023D-02  0.224793338750D-01  0.456522637384D-02
  0.511530009285D-02  0.969825427094D-02  0.179807813272D-01  0.941371497834D-02
  0.510979618149D-01  0.789167785650D-01 -0.258263580389D-02  0.617017651804D-02
  0.609412368523D-02  0.555457564002D-02 -0.128726791604D-01  0.721638702822D-02
 -0.306491640196D-02 -0.133976538850D-02  0.310152496151D-02  0.101691602789D-01
  0.799806917049D-02  0.577594605157D-02 -0.928594154810D-02  0.832006400118D-02
  0.957450401328D-02 -0.213160619064D-02  0.235849887150D-02  0.940770460745D-02
 -0.458278346554D-01 -0.301830843979D-02 -0.384813568385D-01  0.285917428139D-01
 -0.152006426199D-02  0.125115865577D+00  0.268439530531D-01 -0.116351799777D+00
 -0.117474067633D+00  0.539675211221D-01  0.515374899022D+00  0.395531767053D-03
 -0.167519190202D-02  0.281981223648D-02  0.437538668663D-03 -0.466504889001D-02
 -0.303073019346D-02 -0.479736933798D-03 -0.511337036544D-02  0.267420536682D-02
  0.113245360453D-01 -0.485139723137D-02  0.344774384358D-02  0.650486068314D-03
 -0.383342948723D-02 -0.469526498423D-02 -0.145932103850D-02 -0.898318605770D-02
  0.233614516671D-02 -0.517162242163D-02 -0.350423718825D-02 -0.119330184231D-01
  0.154943316890D-04 -0.386748472370D-01 -0.553550877356D-01  0.210149290888D-03
 -0.895586452996D-03 -0.180137225420D-02 -0.238696947311D-03  0.552930363264D-02
 -0.466486274289D-02 -0.309500738690D-02  0.155743135796D-02 -0.635018595378D-02
 -0.855193188618D-02 -0.143142535633D-01  0.109219405007D-02  0.735685800579D-02
 -0.750457888605D-03  0.100034525227D-02 -0.336816056608D-02 -0.519154560876D-02
 -0.276177857334D-02  0.328350859876D-01  0.347863218721D-02  0.261649927909D-01
 -0.101687276226D-01  0.176910206126D-01 -0.915064493501D-01 -0.147088947908D-01
  0.757910757913D-01  0.946910787615D-01 -0.297318177483D-01 -0.108826669529D+00
  0.491449476077D+00 -0.201214318804D-02 -0.176641723816D-02 -0.808930112925D-03
 -0.117190196288D-02  0.242089486236D-02  0.524482054792D-03 -0.206760350843D-02
 -0.179127005903D-02 -0.562396347102D-03 -0.309292900768D-02  0.258372831545D-02
  0.631596005985D-04 -0.195177884940D-02 -0.598259581614D-03  0.328291480322D-02
 -0.476970307215D-03  0.488816742275D-02 -0.325757571066D-03 -0.827448818283D-03
  0.183938739010D-02  0.388681796458D-02 -0.539011413535D-02  0.732417869950D-02
  0.788695322089D-02  0.101464684530D-03 -0.219360458810D-02 -0.209787766531D-02
 -0.225032608773D-02 -0.278401319911D-02  0.176505387962D-02  0.338126302764D-03
 -0.178417796786D-03  0.136738519420D-02 -0.247519970638D-02  0.593545228306D-03
 -0.175946187310D-02 -0.125598648143D-02 -0.926357109503D-03 -0.257695322737D-02
 -0.947590710909D-03  0.101420597942D-02  0.936117347237D-03 -0.449534565692D-02
 -0.396350683062D-02 -0.383771994742D-02  0.186457045778D-02 -0.447030663609D-02
  0.194326288917D-01  0.295967693534D-02 -0.154423761987D-01 -0.175755713207D-01
  0.517486746667D-02  0.219222941080D-01 -0.148487723706D-01  0.373443126017D+00
 -0.220883724469D-02 -0.462838198569D-04 -0.455321774440D-02 -0.625974067700D-02
  0.904714816807D-02  0.374026035506D-02 -0.205606750914D-02  0.712572343276D-03
 -0.123288464884D-02 -0.115274843225D-01  0.116588454782D-01  0.185715307546D-02
 -0.109745266739D-02  0.308998192989D-02  0.113969680015D-01 -0.163750376596D-02
  0.197786094223D-01  0.211495399417D-02 -0.102347773270D-03  0.113669742603D-01
  0.139259117400D-01 -0.336282405813D-02  0.226297953692D-01  0.279401861309D-01
 -0.748191411971D-04 -0.154639143346D-02 -0.538538171182D-03 -0.166150621364D-02
 -0.110315865638D-01  0.681434282291D-02  0.607368995480D-03  0.181012735162D-03
  0.499782896611D-02 -0.155438703294D-02  0.149728904561D-02 -0.812206071689D-03
  0.473740394605D-02  0.718386675645D-03  0.188186949483D-02 -0.331520530173D-02
  0.552420380214D-02 -0.583339947125D-02 -0.145268080948D-01 -0.934639406159D-02
 -0.195782906964D-01  0.221473106200D-01 -0.614321547509D-02  0.616475935504D-01
  0.114536731620D-01 -0.643653148058D-01 -0.524660164047D-01  0.241444968907D-01
  0.764492508054D-01 -0.367004627695D-01  0.486592681102D-02  0.437775691801D+00
 -0.323282855960D-02 -0.208277882732D-02 -0.295101507833D-02 -0.757626620570D-02
  0.817042234817D-02  0.181815327015D-03 -0.385956787511D-02 -0.136507612795D-02
  0.211804918327D-03 -0.944334954205D-02  0.965980005965D-02  0.210694398651D-02
 -0.154236938430D-02  0.113153751950D-02  0.120732320275D-01 -0.413281381111D-02
  0.180883458350D-01  0.263985769819D-03 -0.119902708776D-02  0.830918044956D-02
  0.129035867818D-01 -0.818494606900D-02 -0.770505407051D-02 -0.828230569467D-02
  0.852069148048D-03 -0.396966527507D-02 -0.299470844894D-02 -0.307092730669D-02
 -0.951856343472D-02  0.450473779176D-02 -0.909222007674D-03  0.228411195122D-02
  0.165940857222D-02 -0.587092418322D-02 -0.275605861450D-02 -0.307327759233D-02
  0.162929629069D-02 -0.127021430039D-02 -0.253590043679D-02 -0.670443183674D-02
  0.111995241840D-02  0.142872225416D-02  0.550837875825D-02 -0.993763755561D-02
  0.860410019650D-03  0.536039920750D-03  0.101665065703D-02 -0.445440642847D-02
  0.276889942871D-02  0.205227026395D-02  0.629350980269D-02 -0.490814412651D-02
 -0.739641261521D-02  0.143448549982D-01 -0.521943421249D-02 -0.116797278588D-01
  0.394872069610D+00 -0.372498289970D-02 -0.371803924125D-02  0.125294990786D-03
 -0.134309712319D-02  0.789094112415D-03 -0.239086197976D-02 -0.435739271157D-02
 -0.384095546592D-02  0.942698235846D-03 -0.596277830270D-03  0.118822895778D-02
  0.650310540729D-03 -0.263543749030D-02 -0.405978248326D-02  0.232043968011D-02
 -0.182650442874D-02  0.241890716541D-02 -0.158412592460D-02 -0.410487951340D-02
 -0.159785303759D-03  0.179033996892D-03 -0.980018148633D-02 -0.987097233660D-02
 -0.121393794073D-01  0.908992318871D-03 -0.426829309566D-02 -0.490851922358D-02
 -0.394106586320D-02 -0.116235178765D-02 -0.477356163844D-04 -0.113795219550D-02
  0.809484911300D-03 -0.162482744593D-02 -0.905103324906D-02 -0.351279790325D-02
  0.235193401796D-02 -0.124633499889D-02 -0.300721615875D-02 -0.463703643644D-02
 -0.275345484307D-02 -0.168232735962D-02  0.158400979174D-02  0.700842650749D-02
 -0.490353109179D-02  0.100044944535D-01 -0.455552476729D-02 -0.465196366177D-04
 -0.190555237928D-01 -0.343520729790D-02  0.199779568079D-01  0.238623445332D-01
 -0.110922429507D-01 -0.272955238878D-01  0.269532946711D-01 -0.860783860222D-02
 -0.203058950942D-01 -0.561265453626D-02  0.371141489841D+00 -0.351705892740D-02
 -0.339059297257D-02 -0.386047457330D-03 -0.160558038251D-02  0.192367423867D-02
 -0.773125716218D-03 -0.385613433966D-02 -0.301524776106D-02 -0.291622178966D-04
 -0.286331363368D-02  0.216228375350D-02  0.903114887668D-04 -0.293452214926D-02
 -0.234146942200D-02  0.376174836095D-02 -0.143692853031D-02  0.448749264931D-02
 -0.123517087386D-02 -0.202997302206D-02  0.133135279059D-02  0.342691055109D-02
 -0.903603341508D-02 -0.270003740396D-02 -0.254144209828D-02  0.746609079862D-03
 -0.410875944976D-02 -0.392575929852D-02 -0.387209175693D-02 -0.233953879184D-02
  0.119779322075D-02  0.338661003430D-03  0.574292184475D-03  0.803845742866D-03
 -0.562175559333D-02 -0.514655661014D-03 -0.114197233202D-02 -0.187911160078D-02
 -0.288797013436D-02 -0.496765392386D-02 -0.173648516611D-02  0.226934505629D-03
  0.125120156301D-02  0.144393793060D-02 -0.565487327724D-02  0.324807813674D-02
 -0.450610787184D-02 -0.482038391617D-02 -0.234130417790D-02 -0.106097869672D-02
  0.561735822554D-02  0.246425597047D-02 -0.555995532468D-02 -0.517671604557D-02
  0.146148687120D-02 -0.445870949053D-02 -0.123435776215D-01 -0.793284820113D-02
 -0.475026545353D-02  0.359553609357D+00  0.113544445570D-02  0.148785639438D-02
 -0.161226651845D-02 -0.217610386545D-03  0.202371125770D-02  0.145663714628D-02
  0.152245898607D-02  0.164512885552D-02 -0.152905822799D-02 -0.299282837232D-02
  0.233141962438D-02 -0.345359554146D-04  0.701769856453D-03  0.223626459600D-02
  0.150937391806D-02  0.966429710005D-03  0.348094662141D-02 -0.145464112568D-03
  0.198841108150D-02  0.201535029573D-02  0.313862284352D-02  0.170185969441D-02
  0.125203244945D-01  0.122417318925D-01 -0.152934061374D-03  0.151411985823D-02
  0.210851634692D-02  0.108336224786D-02 -0.247913095699D-02  0.258404332476D-02
  0.228544774463D-02 -0.990749126889D-03  0.377205665327D-02  0.430294145754D-02
  0.263059036559D-02 -0.712138961224D-02  0.388737417158D-02  0.917506979196D-03
  0.424698496335D-03  0.837175361368D-03  0.321582766084D-02 -0.272262515744D-02
 -0.656656737843D-02  0.113934695306D-03 -0.102890695938D-01  0.637931240529D-02
 -0.478364568840D-02  0.289856819551D-01  0.527222424670D-02 -0.273565221823D-01
 -0.291701882207D-01  0.122306017003D-01  0.372820244459D-01 -0.326419718208D-01
  0.662280411210D-02  0.176608261645D-01 -0.668529387952D-03 -0.820872880301D-02
 -0.376507045848D-03  0.375607932434D+00  0.203049348741D-02  0.252198552183D-02
 -0.973070585123D-03 -0.119684248376D-02  0.165747290129D-02  0.652272561323D-03
  0.211052693826D-02  0.196913719012D-02  0.138171051700D-03 -0.881948152437D-03
  0.237982727103D-02  0.995994114732D-03  0.226648639965D-02  0.221469178345D-02
  0.127186148698D-02  0.777639617663D-04  0.327197309530D-02  0.113647473218D-02
  0.712729919395D-03  0.192962399826D-02  0.104313118076D-02  0.487389941208D-02
  0.367150309884D-02  0.611673651906D-02 -0.188957339820D-03  0.253882385796D-02
  0.230496476729D-02  0.230160446194D-02 -0.207258858700D-02  0.110645322468D-02
 -0.304108923585D-03 -0.197791613649D-03  0.485340349183D-03  0.285217349109D-02
 -0.168950278514D-02  0.384880538550D-02  0.885021467905D-04  0.256515607567D-02
  0.332414169336D-02 -0.116966331561D-02  0.283672015847D-03 -0.179933393814D-02
 -0.312169845867D-02  0.192017217170D-02 -0.275115999205D-02  0.602495348147D-02
  0.406126402018D-02  0.106586337560D-01  0.520905435491D-02 -0.121148983952D-01
 -0.592873855940D-02  0.874116278752D-02  0.135083447299D-01  0.410533299466D-02
  0.333884693823D-02  0.125923991624D-01  0.367071044141D-02  0.243710255016D-02
  0.568010868488D-03  0.731596385170D-03  0.371362725925D+00  0.169078824587D-02
  0.248057383649D-02 -0.245080866616D-02 -0.142735157140D-02  0.473343212120D-02
  0.438549979175D-02  0.217062547015D-02  0.192578237868D-02 -0.167578247560D-02
 -0.568540480007D-02  0.460819473998D-02 -0.446836121428D-05  0.264790069188D-03
  0.466379328741D-02  0.385464657720D-02  0.226817526322D-02  0.856054169379D-02
  0.307755827625D-02  0.291400807426D-02  0.395798425047D-02  0.797931460104D-02
  0.327209705583D-02  0.303812515473D-01  0.493025705694D-01 -0.141655269241D-02
  0.229985698764D-02  0.296810474751D-02  0.161533569828D-02 -0.501400532153D-02
  0.377277422550D-02  0.623038204299D-03 -0.138463319993D-02  0.404955321557D-02
  0.569746405969D-02  0.518482331318D-02  0.275308324599D-02 -0.916311884973D-02
  0.243882160165D-02  0.211686058290D-02  0.112011821987D-02  0.201042699555D-02
  0.415940330368D-02 -0.286551667466D-01 -0.206794667104D-02 -0.231056808799D-01
  0.856063011552D-02 -0.883046850864D-02  0.711829815597D-01  0.122383042864D-01
 -0.628278748381D-01 -0.737659574606D-01  0.292408166535D-01  0.909079418017D-01
 -0.667445459645D-01  0.126967008066D-01  0.408001839093D-01 -0.398007472493D-02
 -0.194804891997D-01 -0.318040906238D-02  0.221287153661D-01  0.564443370708D-02
  0.663785827949D-01 -0.296208066401D-03  0.198861040684D-02 -0.723217950692D-03
  0.403749200415D-03  0.127570650207D-02  0.253146364086D-04  0.293855744716D-03
  0.594559285115D-02 -0.318470352169D-03 -0.697202965564D-02  0.196563936315D-02
 -0.364518313113D-02  0.109114212043D-02  0.155816025355D-02  0.151618951283D-02
 -0.377776422180D-03  0.313932349519D-02 -0.361751369936D-02  0.329173659713D-02
  0.863708512594D-03  0.569302257923D-02  0.303052525471D-02  0.231053263217D-01
  0.325543258079D-01  0.333982608377D-03  0.140648490393D-02  0.659536107234D-03
  0.116259847404D-02 -0.199122542100D-02  0.835348079542D-03 -0.235799027523D-03
 -0.541665554275D-03  0.305179971624D-03  0.650502327490D-02  0.105618995828D-01
  0.947130151884D-02 -0.563883461339D-02  0.235015004916D-02  0.242284088626D-02
  0.215234147785D-02  0.195443369217D-02  0.120630147129D-02 -0.199948058495D-01
  0.739437628760D-03 -0.102139503195D-01  0.118667377632D-01 -0.447148961786D-02
  0.554285771408D-01  0.115012335514D-01 -0.452898702744D-01 -0.489807846510D-01
  0.180104607702D-01  0.585114266390D-01 -0.835563153174D-01  0.827721410590D-02
  0.210421341182D-01 -0.801100679062D-02 -0.940287997812D-02  0.177719344139D-02
  0.149535733416D-01 -0.259560936977D-02  0.305562976855D-01  0.777207552217D-01
$end
