$coord
    1.43571787232553      1.94882742729576      0.70632746069303      c
    2.71178772196864      3.54449178564915      0.70808910496808      h
    2.39356073247168     -0.50524160273718      0.79609074079832      c
    4.41235172093185     -0.81103302075983      0.86820129541135      h
    0.74704756286337     -2.56245193857282      0.80295428847392      c
    1.49035506669193     -4.46446397851278      0.87501026590651      h
   -1.85609966010649     -2.16686280018612      0.72049632866068      c
   -3.13251645968814     -3.76270965506134      0.72777322369223      h
   -2.81445627442721      0.28563171003290      0.63791926696818      c
   -4.83381936613575      0.59290249826895      0.58150463777516      h
   -1.16931558078386      2.34388629530149      0.63094880803661      c
   -1.91195236411608      4.24641662664847      0.57517445963139      h
$redundant
     number_of_atoms            18
     degrees_of_freedom         48
     internal_coordinates       58
     frozen_coordinates          0
# definitions of redundant internals
   1 k  1.0000000000000 stre    1    2           val=   2.04316
   2 k -0.7070939211054 bend   11    2    1      val=   0.44174
        0.7070968686234 bend    3    2    1
        0.0056749553913 bend   14    2    1
   3 k  0.0076631466640 bend   11    2    1      val= 111.24403
       -0.0003623604875 bend    3    2    1
        0.9999705720060 bend   14    2    1
   4 k  1.0000000000000 stre    3    4           val=   2.04309
   5 k -0.7017075569931 bend    5    4    3      val=   9.28146
        0.7017377961353 bend    1    4    3
        0.1231688675520 bend   14    4    3
   6 k  0.0893703393519 bend    5    4    3      val=  98.59159
       -0.0848159370095 bend    1    4    3
        0.9923805717936 bend   14    4    3
   7 k  1.0000000000000 stre    5    6           val=   2.04337
   8 k  0.7071067817060 bend    7    6    5      val=   0.02769
       -0.7071067806671 bend    3    6    5
   9 k  1.0000000000000 outp    6    3    7    5 val=   0.07707
  10 k  1.0000000000000 stre    7    8           val=   2.04353
  11 k -0.7071067811031 bend    5    8    7      val=   0.00171
        0.7071067812700 bend    9    8    7
  12 k  1.0000000000000 outp    8    9    5    7 val=  -0.20155
  13 k  1.0000000000000 stre    9   10           val=   2.04339
  14 k  0.7071067815409 bend    7   10    9      val=   0.02936
       -0.7071067808321 bend   11   10    9
  15 k  1.0000000000000 outp   10   11    7    9 val=  -0.06344
  16 k  1.0000000000000 stre   11   12           val=   2.04310
  17 k -0.7012551628709 bend    9   12   11      val=   9.68113
        0.7012866232888 bend    1   12   11
        0.1282118112465 bend   14   12   11
  18 k  0.0929825994865 bend    9   12   11      val=  98.46466
       -0.0883354064456 bend    1   12   11
        0.9917414442085 bend   14   12   11
  19 k  1.0000000000000 tors   16   15   13   14 val=  59.92568
        1.0000000000000 tors   17   15   13   14
        1.0000000000000 tors   18   15   13   14
  20 k  1.0000000000000 stre   15   16           val=   2.05347
  21 k  1.0000000000000 stre   15   17           val=   2.06442
  22 k  1.0000000000000 stre   15   18           val=   2.06443
  23 k  0.3930864918596 bend   17   16   15      val=   0.99233
        0.3928202023079 bend   18   16   15
        0.4602261713028 bend   18   17   15
       -0.4101489058086 bend   13   16   15
       -0.3943916089925 bend   13   17   15
       -0.3944620433509 bend   13   18   15
  24 k  0.3764664891263 bend   17   16   15      val=   2.11298
        0.3705138542165 bend   18   16   15
       -0.6491022816827 bend   18   17   15
        0.4365230895083 bend   13   16   15
       -0.2317502098342 bend   13   17   15
       -0.2353680668249 bend   13   18   15
  25 k -0.6072125277306 bend   17   16   15      val=   0.01606
        0.6111172399272 bend   18   16   15
       -0.0031275745680 bend   18   17   15
        0.0020338729450 bend   13   16   15
       -0.3602095700695 bend   13   17   15
        0.3578600459666 bend   13   18   15
  26 k  0.2326888927373 bend   17   16   15      val=   1.85132
        0.2317655931567 bend   18   16   15
       -0.4378045421194 bend   18   17   15
       -0.6901589420373 bend   13   16   15
        0.3341104024186 bend   13   17   15
        0.3354379907623 bend   13   18   15
  27 k  0.3587835064299 bend   17   16   15      val=  -0.00145
       -0.3592946351408 bend   18   16   15
        0.0004370737937 bend   18   17   15
        0.0008429033472 bend   13   16   15
       -0.6095428669981 bend   13   17   15
        0.6088007493795 bend   13   18   15
  28 k  1.0000000000000 tors   15   13   14    3 val= 178.79863
        1.0000000000000 tors   15   13   14   11
  29 k  1.0000000000000 stre   13   15           val=   2.67365
  30 k  1.0000000000000 bend   14   15   13      val= 107.12149
  31 k  1.0000000000000 stre   14   13           val=   1.81858
  32 k  0.7071068000180 bend    3   13   14      val=   0.42278
       -0.7071067623551 bend   11   13   14
  33 k  0.5494550424849 outp   13    3    1   14 val=   8.75776
       -0.5496170490353 outp   13   11    1   14
       -0.6293014029045 outp   13   11    3   14
  34 k  1.0000000000000 tors    7    5    3    1 val=  31.60993
        1.0000000000000 tors    7    5    3   14
  35 k  1.0000000000000 tors   11   14    3    1 val= 149.77878
        1.0000000000000 tors   11   14    3    5
  36 k  1.0000000000000 tors    9    7    5    3 val=  -0.17029
  37 k  1.0000000000000 tors   11    9    7    5 val=   0.17141
  38 k  1.0000000000000 tors    1   11    9    7 val= -31.27420
        1.0000000000000 tors   14   11    9    7
  39 k  1.0000000000000 tors    3   14   11    1 val=  30.18346
        1.0000000000000 tors    3   14   11    9
  40 k  1.0000000000000 stre    1   11           val=   2.63590
  41 k  1.0000000000000 stre    1    3           val=   2.63590
  42 k  1.0000000000000 stre    1   14           val=   4.77716
  43 k  1.0000000000000 stre   11   14           val=   5.02777
  44 k  1.0000000000000 stre    3   14           val=   4.99763
  45 k  1.0000000000000 bend    3   11    1      val= 119.97618
  46 k  1.0000000000000 stre    3    5           val=   2.63499
  47 k  1.0000000000000 bend    1    5    3      val= 119.99301
  48 k  1.0000000000000 bend   14    5    3      val=  85.06361
  49 k  1.0000000000000 stre    5    7           val=   2.63432
  50 k  1.0000000000000 bend    3    7    5      val= 120.00984
  51 k  1.0000000000000 stre    7    9           val=   2.63439
  52 k  1.0000000000000 bend    9    5    7      val= 120.01733
  53 k  1.0000000000000 stre    9   11           val=   2.63495
  54 k  1.0000000000000 bend   11    7    9      val= 120.01016
  55 k  1.0000000000000 bend    1    9   11      val= 119.99299
  56 k  1.0000000000000 bend   14    9   11      val=  85.09213
  57 k  1.0000000000000 bend   11    3   14      val=  54.17256
  58 k  1.0000000000000 outp    1   11    3   14 val= -15.93989
        48 non zero eigenvalues  of BmBt
           1           5.473411771    1    0
         1
           2           4.123118473    2    0
         2
           3           3.510829443    3    0
         3
           4           3.266338415    4    0
         4
           5           3.039998495    5    0
         5
           6           2.739489052    6    0
         6
           7           2.371049941    7    0
         7
           8           2.331226765    8    0
         8
           9           2.207134019    9    0
         9
          10           2.197747897   10    0
        10
          11           2.092501086   11    0
        11
          12           2.030358770   12    0
        12
          13           2.012441621   13    0
        13
          14           1.996559116   14    0
        14
          15           1.970853966   15    0
        15
          16           1.520143342   16    0
        16
          17           1.516898741   17    0
        17
          18           1.157587876   18    0
        18
          19           1.149294513   19    0
        19
          20           0.989737978   20    0
        20
          21           0.916436536   21    0
        21
          22           0.878134648   22    0
        22
          23           0.701882562   23    0
        23
          24           0.696314702   24    0
        24
          25           0.660813468   25    0
        25
          26           0.629975218   26    0
        26
          27           0.510621699   27    0
        27
          28           0.460697392   28    0
        28
          29           0.457927025   29    0
        29
          30           0.414794812   30    0
        30
          31           0.140112706   31    0
        31
          32           0.131262822   32    0
        32
          33           0.051630576   33    0
        33
          34           1.357107049    0    0
         0.000000000         0.000000000         0.000000000         0.000000000
         0.000000000         0.000000000         0.000000000         0.000000000
         0.000000000         0.000000000         0.000000000         0.000000000
         0.000000000         0.000000000         0.000000000         0.000000000
         0.000000000         0.000000000         0.000000000         0.000000000
         0.000000000         0.000000000         0.000000000         0.000000000
         0.000000000         0.000000000         0.000000000         0.000000000
         0.000000000         0.000000000         0.000000000         0.000000000
         0.000000000         0.032047762         0.096722220        -0.020063914
        -0.022143009         0.034958647         0.094654072         0.300938203
        -0.303458915        -0.009984325        -0.091468423         0.073634112
        -0.003769616         0.358121202        -0.012002093        -0.049255614
        -0.504991194         0.031509000         0.506127013         0.001256339
        -0.366367174        -0.036476808         0.019482487         0.055287476
         0.000410389        -0.001411317
          35           1.203435445    0    0
         0.000000000         0.000000000         0.000000000         0.000000000
         0.000000000         0.000000000         0.000000000         0.000000000
         0.000000000         0.000000000         0.000000000         0.000000000
         0.000000000         0.000000000         0.000000000         0.000000000
         0.000000000         0.000000000         0.000000000         0.000000000
         0.000000000         0.000000000         0.000000000         0.000000000
         0.000000000         0.000000000         0.000000000         0.000000000
         0.000000000         0.000000000         0.000000000         0.000000000
         0.000000000        -0.167990112         0.012709214         0.087917080
        -0.086959211         0.166990902        -0.015539566        -0.136846218
        -0.134667745        -0.154228663        -0.497275909        -0.499541738
        -0.227545859        -0.146999630         0.249519267         0.163706402
         0.012945622        -0.203233553        -0.011096397         0.133505622
        -0.135780172        -0.200419731         0.247538629         0.162735618
        -0.018205765        -0.046550618
          36           1.087536119    0    0
         0.000000000         0.000000000         0.000000000         0.000000000
         0.000000000         0.000000000         0.000000000         0.000000000
         0.000000000         0.000000000         0.000000000         0.000000000
         0.000000000         0.000000000         0.000000000         0.000000000
         0.000000000         0.000000000         0.000000000         0.000000000
         0.000000000         0.000000000         0.000000000         0.000000000
         0.000000000         0.000000000         0.000000000         0.000000000
         0.000000000         0.000000000         0.000000000         0.000000000
         0.000000000        -0.086144260         0.101662710         0.017664053
        -0.016832507         0.084794825        -0.101672195         0.329896071
         0.344369735         0.450888183         0.124571300         0.121522551
        -0.318431327        -0.347007022         0.168707690         0.038759873
         0.195783723         0.032940822         0.205977684        -0.087013040
        -0.348599114         0.027883663         0.175400549         0.039696359
         0.011644125        -0.084535619
          37           1.008502871    0    0
         0.000000000         0.000000000         0.000000000         0.000000000
         0.000000000         0.000000000         0.000000000         0.000000000
         0.000000000         0.000000000         0.000000000         0.000000000
         0.000000000         0.000000000         0.000000000         0.000000000
         0.000000000         0.000000000         0.000000000         0.000000000
         0.000000000         0.000000000         0.000000000         0.000000000
         0.000000000         0.000000000         0.000000000         0.000000000
         0.000000000         0.000000000         0.000000000         0.000000000
         0.000000000        -0.078731533         0.012100786         0.055069433
         0.060575855        -0.097657914         0.002219831         0.522774139
        -0.503053367        -0.048934088         0.215228524        -0.222861256
         0.010630534        -0.010200940         0.229620385         0.097890156
         0.268837665        -0.176333575        -0.238148436        -0.028348350
        -0.066837267         0.220565334        -0.256067599        -0.102548533
         0.007231989        -0.002085439
          38           0.972701687    0    0
         0.000000000         0.000000000         0.000000000         0.000000000
         0.000000000         0.000000000         0.000000000         0.000000000
         0.000000000         0.000000000         0.000000000         0.000000000
         0.000000000         0.000000000         0.000000000         0.000000000
         0.000000000         0.000000000         0.000000000         0.000000000
         0.000000000         0.000000000         0.000000000         0.000000000
         0.000000000         0.000000000         0.000000000         0.000000000
         0.000000000         0.000000000         0.000000000         0.000000000
         0.000000000        -0.100977467        -0.034675880         0.028143263
        -0.016342114         0.082837875         0.036830932         0.024326271
        -0.072384793         0.557115928         0.120106736         0.078428418
        -0.161188029         0.399694620         0.181715216         0.021065530
        -0.124764904        -0.251900140        -0.161771307         0.309523597
         0.389710046        -0.214610675         0.135733341         0.002357379
        -0.077248560         0.003584388
          39           0.855881955    0    0
         0.000000000         0.000000000         0.000000000         0.000000000
         0.000000000         0.000000000         0.000000000         0.000000000
         0.000000000         0.000000000         0.000000000         0.000000000
         0.000000000         0.000000000         0.000000000         0.000000000
         0.000000000         0.000000000         0.000000000         0.000000000
         0.000000000         0.000000000         0.000000000         0.000000000
         0.000000000         0.000000000         0.000000000         0.000000000
         0.000000000         0.000000000         0.000000000         0.000000000
         0.000000000        -0.240448981        -0.070747672         0.153106814
         0.149889061        -0.235515930        -0.069043813        -0.182707617
         0.177663419        -0.002324650         0.496656527        -0.507239116
         0.003849730        -0.086629937         0.066074625         0.158081203
        -0.307739054        -0.001442652         0.304599020        -0.001514935
         0.088028885         0.005015818        -0.071996812        -0.157487667
         0.000061221         0.001151017
          40           0.652651637    0    0
         0.000000000         0.000000000         0.000000000         0.000000000
         0.000000000         0.000000000         0.000000000         0.000000000
         0.000000000         0.000000000         0.000000000         0.000000000
         0.000000000         0.000000000         0.000000000         0.000000000
         0.000000000         0.000000000         0.000000000         0.000000000
         0.000000000         0.000000000         0.000000000         0.000000000
         0.000000000         0.000000000         0.000000000         0.000000000
         0.000000000         0.000000000         0.000000000         0.000000000
         0.000000000         0.414136793         0.016928521        -0.238029232
         0.240477413        -0.417947002        -0.019207123         0.036794765
         0.045583172        -0.327005107         0.171327874         0.164653650
        -0.157517349        -0.078028280         0.197617931        -0.007767033
         0.048941010        -0.270742951         0.052456065         0.305432440
        -0.074450535        -0.273000509         0.199459094        -0.007977907
        -0.064837560        -0.077237395
          41           0.518236660    0    0
         0.000000000         0.000000000         0.000000000         0.000000000
         0.000000000         0.000000000         0.000000000         0.000000000
         0.000000000         0.000000000         0.000000000         0.000000000
         0.000000000         0.000000000         0.000000000         0.000000000
         0.000000000         0.000000000         0.000000000         0.000000000
         0.000000000         0.000000000         0.000000000         0.000000000
         0.000000000         0.000000000         0.000000000         0.000000000
         0.000000000         0.000000000         0.000000000         0.000000000
         0.000000000         0.064938880         0.187031687        -0.044796786
         0.045331789        -0.065837810        -0.185692297         0.075682089
         0.077839181         0.027439287        -0.040439300        -0.040018889
        -0.211701219        -0.163291184        -0.053227663        -0.057663572
        -0.611383066         0.126375727        -0.613810314         0.062983098
        -0.166552580         0.126330467        -0.050747837        -0.058897415
        -0.024544643        -0.060597573
          42           0.445724122    0    0
         0.000000000         0.000000000         0.000000000         0.000000000
         0.000000000         0.000000000         0.000000000         0.000000000
         0.000000000         0.000000000         0.000000000         0.000000000
         0.000000000         0.000000000         0.000000000         0.000000000
         0.000000000         0.000000000         0.000000000         0.000000000
         0.000000000         0.000000000         0.000000000         0.000000000
         0.000000000         0.000000000         0.000000000         0.000000000
         0.000000000         0.000000000         0.000000000         0.000000000
         0.000000000        -0.066028839        -0.098103667         0.023020009
         0.029402682        -0.072412210        -0.094307235        -0.284547227
         0.268405644         0.005243723        -0.003813441         0.002529391
        -0.000299362         0.507841117         0.036661596         0.062518712
         0.146740709        -0.349149872        -0.143563663        -0.006144568
        -0.511035965         0.351863758        -0.032941165        -0.064210482
        -0.003081933         0.001150280
          43           0.427892668    0    0
         0.000000000         0.000000000         0.000000000         0.000000000
         0.000000000         0.000000000         0.000000000         0.000000000
         0.000000000         0.000000000         0.000000000         0.000000000
         0.000000000         0.000000000         0.000000000         0.000000000
         0.000000000         0.000000000         0.000000000         0.000000000
         0.000000000         0.000000000         0.000000000         0.000000000
         0.000000000         0.000000000         0.000000000         0.000000000
         0.000000000         0.000000000         0.000000000         0.000000000
         0.000000000        -0.187007610         0.058860963         0.204835790
        -0.204967804         0.185983940        -0.060527047         0.432743723
         0.446659709        -0.357975058         0.028840582         0.026586244
         0.131423322         0.095975978        -0.148769089         0.048347655
        -0.012709297        -0.127821811        -0.020430645         0.410085967
         0.078516076        -0.121050278        -0.143142719         0.048315874
         0.203799588        -0.040818729
          44           0.347514867    0    0
         0.000000000         0.000000000         0.000000000         0.000000000
         0.000000000         0.000000000         0.000000000         0.000000000
         0.000000000         0.000000000         0.000000000         0.000000000
         0.000000000         0.000000000         0.000000000         0.000000000
         0.000000000         0.000000000         0.000000000         0.000000000
         0.000000000         0.000000000         0.000000000         0.000000000
         0.000000000         0.000000000         0.000000000         0.000000000
         0.000000000         0.000000000         0.000000000         0.000000000
         0.000000000         0.104393029         0.177969579        -0.105026348
         0.111253097        -0.118030615        -0.167556703         0.229660334
         0.232547481        -0.167718693        -0.189321929        -0.192156876
        -0.333027259         0.402981820         0.111140897        -0.001829011
         0.086879089         0.216400725         0.077688786        -0.327884408
         0.395570703         0.206134478         0.127291177        -0.000101068
         0.030215580        -0.120971392
          45           0.322531017    0    0
         0.000000000         0.000000000         0.000000000         0.000000000
         0.000000000         0.000000000         0.000000000         0.000000000
         0.000000000         0.000000000         0.000000000         0.000000000
         0.000000000         0.000000000         0.000000000         0.000000000
         0.000000000         0.000000000         0.000000000         0.000000000
         0.000000000         0.000000000         0.000000000         0.000000000
         0.000000000         0.000000000         0.000000000         0.000000000
         0.000000000         0.000000000         0.000000000         0.000000000
         0.000000000         0.420174594        -0.267956174        -0.179548549
        -0.175322872         0.416781626        -0.275754227        -0.048214927
         0.062454391        -0.003963059        -0.000118927        -0.009892843
        -0.007401163        -0.140890775         0.328095514         0.014910190
        -0.182788536        -0.229511490         0.184282789        -0.004348235
         0.154470567         0.236518986        -0.323344031        -0.019646466
         0.001586418        -0.002903200
          46           0.218509840    0    0
         0.000000000         0.000000000         0.000000000         0.000000000
         0.000000000         0.000000000         0.000000000         0.000000000
         0.000000000         0.000000000         0.000000000         0.000000000
         0.000000000         0.000000000         0.000000000         0.000000000
         0.000000000         0.000000000         0.000000000         0.000000000
         0.000000000         0.000000000         0.000000000         0.000000000
         0.000000000         0.000000000         0.000000000         0.000000000
         0.000000000         0.000000000         0.000000000         0.000000000
         0.000000000         0.010874458        -0.127400390        -0.473877253
         0.472556827        -0.008337598         0.131503475         0.171339159
         0.168926548         0.283971538        -0.301926012        -0.303980675
         0.226721407        -0.029683284        -0.176110756        -0.058075444
         0.030427743        -0.024478490         0.028374415         0.170263198
        -0.031926446        -0.026153606        -0.173528963        -0.056027120
         0.194817402         0.073636187
          47           0.130935626    0    0
         0.000000000         0.000000000         0.000000000         0.000000000
         0.000000000         0.000000000         0.000000000         0.000000000
         0.000000000         0.000000000         0.000000000         0.000000000
         0.000000000         0.000000000         0.000000000         0.000000000
         0.000000000         0.000000000         0.000000000         0.000000000
         0.000000000         0.000000000         0.000000000         0.000000000
         0.000000000         0.000000000         0.000000000         0.000000000
         0.000000000         0.000000000         0.000000000         0.000000000
         0.000000000        -0.384534641        -0.100264093         0.101622274
         0.104692951        -0.383185642        -0.099829674        -0.001280529
         0.010075101        -0.001632890        -0.433223023         0.429300770
        -0.001213825        -0.165434199         0.222487635         0.187968934
        -0.134888433        -0.121335520         0.135504436         0.000926702
         0.166489612         0.122021262        -0.222901303        -0.190064116
         0.002759318        -0.000832288
          48           0.030658575    0    0
         0.000000000         0.000000000         0.000000000         0.000000000
         0.000000000         0.000000000         0.000000000         0.000000000
         0.000000000         0.000000000         0.000000000         0.000000000
         0.000000000         0.000000000         0.000000000         0.000000000
         0.000000000         0.000000000         0.000000000         0.000000000
         0.000000000         0.000000000         0.000000000         0.000000000
         0.000000000         0.000000000         0.000000000         0.000000000
         0.000000000         0.000000000         0.000000000         0.000000000
         0.000000000         0.078807701        -0.205146746         0.205713695
        -0.204870213        -0.080228430         0.211349105         0.064047551
         0.065303544         0.008931119        -0.134284036        -0.135210568
        -0.102409612        -0.026177745         0.068195788        -0.612638605
         0.020933314        -0.027553000         0.020431771         0.022923812
        -0.027032173        -0.028620058         0.070017921        -0.608629694
         0.022338230        -0.029616951
$user-defined bonds
$frag
 atom   1 fragment  1 symmetry  c1
 atom   2 fragment  1
 atom   3 fragment  1
 atom   4 fragment  1
 atom   5 fragment  1
 atom   6 fragment  1
 atom   7 fragment  1
 atom   8 fragment  1
 atom   9 fragment  1
 atom  10 fragment  1
 atom  11 fragment  1
 atom  12 fragment  1
   iteration     4
$end
