$energy      SCF               SCFKIN            SCFPOT            RIRPA
     1 -530.8253884451      0.00000000      0.00000000     -3.446329630259
     2 -530.8257425420      0.00000000      0.00000000     -3.445991516231
     3 -530.8257066295      0.00000000      0.00000000     -3.445298916468
     4 -530.8263592716      0.00000000      0.00000000     -3.445359323938
     5 -530.8259408987      0.00000000      0.00000000     -3.445808306854
     6 -530.8259273665      0.00000000      0.00000000     -3.445821926347
     7 -530.8259074871      0.00000000      0.00000000     -3.445841937313
     8 -530.8259064090      0.00000000      0.00000000     -3.445843120447
     9 -530.8259098262      0.00000000      0.00000000     -3.445839759239
    10 -530.8259121977      0.00000000      0.00000000     -3.445837334677
$end
