$coord
    3.75632287773016      2.09713718199800      7.01148787357301      c
    4.97490356021684      3.73398723702580      7.13195927136783      h
    4.78802476726297     -0.32388752995746      7.12774332071126      c
    6.80664323128611     -0.56605035919467      7.34079901768734      h
    3.21643501150621     -2.43206619277730      6.97911554966729      c
    4.01594356956998     -4.31111997449527      7.07294737423189      h
    0.61541301233992     -2.11906134995473      6.70564052910547      c
   -0.60365422171365     -3.75444970370847      6.57783337697923      h
   -0.41554573294250      0.30022792822715      6.58476263232220      c
   -2.43118060286074      0.54179013257945      6.35198850864402      h
    1.15534004313797      2.40780312968316      6.73985423994959      c
    0.35499400569526      4.28601144603955      6.64089130437733      h
$redundant
     number_of_atoms            12
     degrees_of_freedom         30
     internal_coordinates       30
     frozen_coordinates          0
# definitions of redundant internals
   1 k  1.0000000000000 stre    1    2           val=   2.04419
   2 k  0.7071067811884 bend   11    2    1      val=   0.01741
       -0.7071067811847 bend    3    2    1
   3 k  1.0000000000000 outp    2    3   11    1 val=   0.00530
   4 k  1.0000000000000 stre    3    4           val=   2.04423
   5 k  0.7071067823175 bend    5    4    3      val=   0.00295
       -0.7071067800556 bend    1    4    3
   6 k  1.0000000000000 outp    4    1    5    3 val=   0.21373
   7 k  1.0000000000000 stre    5    6           val=   2.04423
   8 k -0.7071067810325 bend    3    6    5      val=   0.01286
        0.7071067813405 bend    7    6    5
   9 k  1.0000000000000 outp    6    7    3    5 val=   0.08700
  10 k  1.0000000000000 stre    7    8           val=   2.04376
  11 k -0.7071067762544 bend    9    8    7      val=   0.05032
        0.7071067861187 bend    5    8    7
  12 k  1.0000000000000 outp    8    5    9    7 val=  -0.25997
  13 k  1.0000000000000 stre    9   10           val=   2.04336
  14 k -0.7071067779001 bend    7   10    9      val=   0.01308
        0.7071067844730 bend   11   10    9
  15 k  1.0000000000000 outp   10   11    7    9 val=   0.52931
  16 k  1.0000000000000 stre   11   12           val=   2.04402
  17 k -0.7071067770823 bend    9   12   11      val=   0.03594
        0.7071067852908 bend    1   12   11
  18 k  1.0000000000000 outp   12    1    9   11 val=   0.23467
  19 k  1.0000000000000 stre    1   11           val=   2.63352
  20 k  1.0000000000000 stre   11    9           val=   2.63317
  21 k  1.0000000000000 stre    9    7           val=   2.63257
  22 k  1.0000000000000 stre    7    5           val=   2.63402
  23 k  1.0000000000000 stre    5    3           val=   2.63370
  24 k  1.0000000000000 stre    3    1           val=   2.63425
  25 k -0.5000000000000 bend    1    9   11      val=   0.01149
       -0.5000000000000 bend   11    7    9
        1.0000000000000 bend    9    5    7
       -0.5000000000000 bend    7    3    5
       -0.5000000000000 bend    5    1    3
        1.0000000000000 bend    3   11    1
  26 k  0.8660254037844 bend    1    9   11      val=   0.03571
       -0.8660254037844 bend   11    7    9
        0.8660254037844 bend    7    3    5
       -0.8660254037844 bend    5    1    3
  27 k -1.0000000000000 bend    1    9   11      val=  -0.02244
        1.0000000000000 bend   11    7    9
       -1.0000000000000 bend    9    5    7
        1.0000000000000 bend    7    3    5
       -1.0000000000000 bend    5    1    3
        1.0000000000000 bend    3   11    1
  28 k -0.5000000000000 tors   11    9    7    5 val=   0.12240
       -0.5000000000000 tors    9    7    5    3
        1.0000000000000 tors    7    5    3    1
       -0.5000000000000 tors    5    3    1   11
       -0.5000000000000 tors    3    1   11    9
        1.0000000000000 tors    1   11    9    7
  29 k  0.8660254037844 tors   11    9    7    5 val=  -0.03596
       -0.8660254037844 tors    9    7    5    3
        0.8660254037844 tors    5    3    1   11
       -0.8660254037844 tors    3    1   11    9
  30 k -1.0000000000000 tors   11    9    7    5 val=  -0.05723
        1.0000000000000 tors    9    7    5    3
       -1.0000000000000 tors    7    5    3    1
        1.0000000000000 tors    5    3    1   11
       -1.0000000000000 tors    3    1   11    9
        1.0000000000000 tors    1   11    9    7
        30 non zero eigenvalues  of BmBt
           1          11.042716281    1    0
         1
           2           5.092732558    2    0
         2
           3           5.086318995    3    0
         3
           4           4.376795466    4    0
         4
           5           4.375917047    5    0
         5
           6           3.553257622    6    0
         6
           7           3.502501349    7    0
         7
           8           3.502137162    8    0
         8
           9           3.187361299    9    0
         9
          10           2.618022243   10    0
        10
          11           1.988889108   11    0
        11
          12           1.891016116   12    0
        12
          13           1.890369054   13    0
        13
          14           1.576873466   14    0
        14
          15           1.576651844   15    0
        15
          16           0.994501190   16    0
        16
          17           0.994424587   17    0
        17
          18           0.542832818   18    0
        18
          19           0.478741245   19    0
        19
          20           0.404179830   20    0
        20
          21           0.381954702   21    0
        21
          22           0.358580824   22    0
        22
          23           0.358549463   23    0
        23
          24           0.279182916   24    0
        24
          25           0.279164052   25    0
        25
          26           0.260122672   26    0
        26
          27           0.260000478   27    0
        27
          28           0.150015533   28    0
        28
          29           0.108506718   29    0
        29
          30           0.108487924   30    0
        30
$user-defined bonds
$frag
 atom   1 fragment  1 symmetry  c1
 atom   2 fragment  1
 atom   3 fragment  1
 atom   4 fragment  1
 atom   5 fragment  1
 atom   6 fragment  1
 atom   7 fragment  1
 atom   8 fragment  1
 atom   9 fragment  1
 atom  10 fragment  1
 atom  11 fragment  1
 atom  12 fragment  1
   iteration     5
$end
