$dipgrad
 -5.282639981175000E-002  1.098870999999989E-006  1.810324500028937E-006
  7.865967500000000E-007  0.237653550225000       3.440715560225002E-002
 -2.036520000000000E-007 -6.456535313950000E-002  4.058827665500558E-003
  6.852380582225000E-002 -3.244971436000000E-003  0.157219549754000     
  9.243288506974999E-002 -4.222758706150000E-002  4.402243126674990E-002
  0.137127446362500       1.732463898250000E-003 -0.151687094479250     
  6.852754046474999E-002  3.246187278250000E-003  0.157218965327250     
 -9.243224156475000E-002 -4.222945665975000E-002 -4.402377635275012E-002
  0.137127732143500      -1.730175462250000E-003 -0.151689760630250     
 -5.282010215000000E-002  1.321557500000000E-006 -1.756519999590589E-006
  7.869897499999999E-007  0.237653354548000      -3.440847301649994E-002
  2.048370000000000E-007  6.456331971700000E-002  4.061259825000052E-003
  6.852846042575000E-002  3.247249636750000E-003 -0.157218367605750     
 -9.243208738524999E-002 -4.222898543550000E-002  4.402513140850037E-002
 -0.137125922621000       1.735783458000000E-003 -0.151692432648001     
  6.852290012925000E-002 -3.243911719000000E-003 -0.157220138430250     
  9.243303852649999E-002 -4.222805768050000E-002 -4.402107496175034E-002
 -0.137129247777750      -1.726839089000000E-003 -0.151684425771500     
  0.132298943943000       5.915476224999997E-005  5.181033499446208E-006
  1.375845250000000E-006 -2.332131044300000E-002 -8.652989477500594E-003
  2.821261000000000E-006  5.970790287824999E-002  0.137098896564500     
  0.132330399963000       4.344255249999981E-006 -8.564404997690733E-007
  1.376633750000000E-006 -2.332130069475000E-002  8.652731349499676E-003
 -2.824247250000000E-006 -5.970737962774999E-002  0.137097840773000     
  2.644880259225000E-002 -7.486960000001330E-007  2.461272505249745E-007
 -8.548157500000000E-007 -0.165757704457500       9.703293904250038E-003
 -1.256150000000000E-008  1.911743859600000E-002  3.134468280625025E-002
 -4.852530650625000E-002  6.744606074225000E-002 -8.885506964550066E-002
  5.016064909600000E-002  1.567036035825000E-002  2.464909538075002E-002
 -8.225853185175000E-002  2.689352796875000E-002  0.101605908765001     
 -4.852803654925000E-002 -6.744707769675000E-002 -8.885605336500027E-002
 -5.016083816175000E-002  1.567001685775000E-002 -2.464894292524972E-002
 -8.225860868375000E-002 -2.689134853675000E-002  0.101605622239500     
  2.648474339125000E-002 -3.975039749999972E-006  5.202839999107756E-007
 -8.550672500000000E-007 -0.165757667828500      -9.703019955999842E-003
  1.263850000000000E-008 -1.911671185575000E-002  3.134422888749974E-002
 -4.852901081325000E-002 -6.744775809574999E-002  8.885555693350020E-002
 -5.016096108550000E-002  1.567007704875000E-002  2.464838308650005E-002
  8.225732622650000E-002  2.688991716125000E-002  0.101606543887500     
 -4.852319262600000E-002  6.744324552700001E-002  8.885646125574992E-002
  5.016052931425000E-002  1.567029964625000E-002 -2.464965248224968E-002
  8.225980552200000E-002 -2.689495417525000E-002  0.101604997133250     
 -7.298046268025001E-002  8.281995764250000E-002  0.104283751838250     
  3.200366981825000E-002  2.351713182500000E-003 -3.277140779550033E-002
  7.123742145000000E-002 -5.087830683225000E-002 -3.612831246000009E-002
 -7.297368520000000E-002 -8.282194648124999E-002 -0.104287732990000     
 -3.200547774050000E-002  2.349154622000000E-003 -3.277810405550030E-002
 -7.124035350800000E-002 -5.088384800675000E-002 -3.613504810775006E-002
 -7.297354864625001E-002 -8.282180824500000E-002  0.104287719048250     
 -3.200550742625000E-002  2.349197828250000E-003  3.277802731325025E-002
  7.123958907150001E-002  5.088163103625001E-002 -3.613300502749994E-002
 -7.298032124675000E-002  8.281981594474999E-002 -0.104283737229750     
  3.200369490150000E-002  2.351756259750000E-003  3.277133063575022E-002
 -7.123665169774999E-002  5.087608949825000E-002 -3.612627221850004E-002
$end
