$energy      SCF               SCFKIN            SCFPOT            RIRPA
     1 -308.7175226343      0.00000000      0.00000000     -2.651715173481
     2 -308.7197635503      0.00000000      0.00000000     -2.650242287032
     3 -308.7200933837      0.00000000      0.00000000     -2.649937466526
     4 -308.7200879962      0.00000000      0.00000000     -2.649943057439
     5 -308.7200747056      0.00000000      0.00000000     -2.649956466900
     6 -308.7200787267      0.00000000      0.00000000     -2.649952638502
     7 -308.7200812112      0.00000000      0.00000000     -2.649950174281
     8 -308.7200810654      0.00000000      0.00000000     -2.649950234447
$end
