$hessapprox internal
  0.418713300290D+00  0.205741115748D-04  0.339730305001D+00  0.241647474857D-03
 -0.800629435774D-04  0.327188115460D+00 -0.380836043035D-02 -0.325350478627D-04
 -0.497027571990D-04  0.431045982226D+00 -0.930161714708D-03 -0.193994548640D-03
 -0.178016564105D-01 -0.141663886975D-02  0.305740074669D+00  0.147663250588D-02
 -0.250360662916D-03  0.622908612006D-03  0.268706611076D-02  0.341791620158D-03
  0.524477152047D-01 -0.372111911692D-02 -0.504979298085D-05 -0.161953036544D-03
 -0.359808263821D-02 -0.171436192264D-02  0.240001761680D-02  0.431165723756D+00
 -0.665814273455D-03 -0.180401643437D-03 -0.179006863586D-01 -0.116997847477D-02
 -0.561421812293D-01  0.396397690175D-03 -0.144078666132D-02  0.304866709158D+00
  0.334079507436D-02 -0.266925236325D-03  0.619716579375D-03  0.411714053647D-02
 -0.208861943551D-02  0.644857627769D-02  0.383972718904D-02 -0.174178637145D-02
  0.594811992531D-01 -0.486473892545D-02  0.221599421519D-04  0.227006232656D-03
 -0.381442355731D-02 -0.949033365834D-03  0.146010943147D-02 -0.372463590112D-02
 -0.685015245341D-03  0.328436264353D-02  0.418705060997D+00  0.205511605003D-04
  0.195171365146D-04 -0.803798576765D-04 -0.327795726054D-04 -0.194875387925D-03
 -0.250081251151D-03 -0.531451441922D-05 -0.181300758987D-03 -0.266817218963D-03
  0.221359794502D-04  0.339730257146D+00  0.248378771875D-03 -0.789621182553D-04
 -0.555293124117D-02 -0.426710119798D-04 -0.178264813894D-01  0.611503848055D-03
 -0.153312416141D-03 -0.179240065557D-01  0.617215341372D-03  0.233762745756D-03
 -0.792794177425D-04  0.327174702711D+00 -0.372250844176D-02 -0.587848264642D-05
 -0.154847536566D-03 -0.360455725778D-02 -0.171366789277D-02  0.239821529415D-02
 -0.352587235342D-02 -0.144025663253D-02  0.387319379573D-02 -0.372660363317D-02
 -0.614395266391D-05 -0.146195684554D-03  0.431149905541D+00 -0.666375170784D-03
 -0.178963755642D-03 -0.179030163910D-01 -0.116681043621D-02 -0.561473571394D-01
  0.373599880641D-03 -0.143580282579D-02 -0.565608457719D-01 -0.176563093033D-02
 -0.685441474789D-03 -0.179861903442D-03 -0.179262894944D-01 -0.143531732351D-02
  0.304857750280D+00  0.343194360263D-02 -0.281785109445D-03  0.685374499866D-03
  0.426942289606D-02 -0.203710084233D-02  0.671948971682D-02  0.397346574711D-02
 -0.168476056215D-02  0.125128150329D-01  0.337316322263D-02 -0.281661595769D-03
  0.682354353685D-03  0.400843011750D-02 -0.170999082901D-02  0.604184761107D-01
 -0.380707053231D-02 -0.316807926457D-04 -0.569308523229D-04 -0.363110858883D-02
 -0.141786224102D-02  0.268811869370D-02 -0.358985481864D-02 -0.117104462144D-02
  0.408318685800D-02 -0.381255853563D-02 -0.319245464350D-04 -0.499097266627D-04
 -0.359695702153D-02 -0.116783169662D-02  0.423394568937D-02  0.431059422994D+00
 -0.929886136995D-03 -0.195426529050D-03 -0.177993125838D-01 -0.142026844355D-02
 -0.556772536061D-01  0.364437619954D-03 -0.171979835016D-02 -0.561371308385D-01
 -0.206571256880D-02 -0.948885221030D-03 -0.196308374028D-03 -0.178241849665D-01
 -0.171906708220D-02 -0.561423490208D-01 -0.201283601115D-02 -0.142152940511D-02
  0.305751598651D+00  0.156730474986D-02 -0.265247464904D-03  0.688584655350D-03
  0.283885400608D-02  0.394478808750D-03  0.529143210514D-02  0.253323812081D-02
  0.454497047411D-03  0.690646753579D-02  0.154845253235D-02 -0.264952555571D-03
  0.676657267197D-03  0.253291131221D-02  0.430314222561D-03  0.719605180183D-02
  0.283840510587D-02  0.418482339760D-03  0.530091711517D-01 -0.506799334924D-02
  0.316973888481D-04  0.501602733208D-03 -0.357849676703D-02  0.143341873805D-03
  0.533801625451D-03 -0.350729153153D-02  0.321226220471D-03  0.186449770911D-02
 -0.506816607455D-02  0.318438031230D-04  0.504962221514D-03 -0.350793626419D-02
  0.317479647176D-03  0.189527282526D-02 -0.357800215631D-02  0.147034959299D-03
  0.564410222631D-03  0.414040485460D+00 -0.473595176407D-02  0.757930493498D-04
  0.274249134902D-03 -0.333496378670D-02 -0.660983546759D-03  0.226571045801D-03
 -0.319301096748D-02 -0.411844752094D-03  0.187111966311D-02 -0.473418952728D-02
  0.758953539565D-04  0.280904133473D-03 -0.319501334942D-02 -0.412805148431D-03
  0.188628035805D-02 -0.333308380693D-02 -0.660112891185D-03  0.241419141793D-03
 -0.517138868339D-02  0.414673636253D+00  0.436667511300D-03 -0.725376386438D-04
  0.412573729246D-03 -0.229163337512D-02  0.451584978555D-02  0.306182055673D-02
 -0.228360825386D-02  0.444177286622D-02 -0.108476300921D-02  0.472803256844D-03
 -0.732427172982D-04  0.416793335639D-03 -0.233961137676D-02  0.446352443293D-02
 -0.103737443878D-02 -0.223555773064D-02  0.449393360800D-02  0.311034333206D-02
  0.240069997200D-02  0.224174104817D-02  0.323501066277D+00  0.157877294646D-03
  0.112889294397D-04 -0.709401680397D-04  0.143073101839D-03 -0.299562201611D-03
 -0.114074668432D-04  0.163481775584D-03 -0.271024480511D-03  0.154549340154D-03
  0.158005516544D-03  0.112764661734D-04 -0.698928789548D-04  0.163200968606D-03
 -0.270422697928D-03  0.155047635410D-03  0.143352742677D-03 -0.300185349132D-03
 -0.109661178291D-04  0.106781446142D-03  0.155819287939D-03 -0.364143532467D-04
  0.331044720403D+00  0.586265804143D-03 -0.903559556444D-04 -0.195521157166D-02
 -0.970385471235D-03 -0.553074991359D-02  0.256262385117D-02 -0.102744762198D-02
 -0.551759147092D-02  0.179957411098D-02  0.585056565672D-03 -0.908906519082D-04
 -0.195353268613D-02 -0.104188892920D-02 -0.550873707137D-02  0.192596211574D-02
 -0.955893114404D-03 -0.553994877804D-02  0.268901275943D-02  0.152814438639D-02
  0.143004656736D-02 -0.487639590405D-02  0.187921731377D-05  0.313559723106D+00
 -0.681384452808D-03 -0.821913573378D-04  0.433351037232D-03 -0.524337397899D-03
  0.157325012650D-02  0.513542052816D-03 -0.658240125101D-03  0.143163849971D-02
 -0.141154683545D-03 -0.684735459100D-03 -0.821084774257D-04  0.427040384011D-03
 -0.655699701467D-03  0.142654562417D-02 -0.115804840194D-03 -0.526921473471D-03
  0.157842012350D-02  0.539178262102D-03 -0.491947284568D-03 -0.773601542500D-03
  0.285291581206D-03 -0.965218810191D-04  0.156526868425D-03  0.331287209915D+00
 -0.473067700042D-02  0.748375452745D-04  0.292426124166D-03 -0.331591656426D-02
 -0.623718905843D-03  0.238014296706D-03 -0.317551040339D-02 -0.374100636897D-03
  0.190747794885D-02 -0.472917625154D-02  0.749441461240D-04  0.299026915072D-03
 -0.317724093823D-02 -0.375241062009D-03  0.192383553802D-02 -0.331431047291D-02
 -0.622669644298D-03  0.254054200582D-03 -0.517688214365D-02 -0.478839970089D-02
  0.226734371976D-02  0.155863787770D-03  0.145958674195D-02 -0.772021047051D-03
  0.414660661402D+00 -0.506201823780D-02  0.306848511188D-04  0.517293956417D-03
 -0.356124399371D-02  0.172224497971D-03  0.546686366913D-03 -0.349162857043D-02
  0.350669920750D-03  0.190398114738D-02 -0.506248813363D-02  0.308347728694D-04
  0.520608027058D-03 -0.349197593344D-02  0.346758252329D-03  0.193612914985D-02
 -0.356104810446D-02  0.176080353907D-03  0.578660972854D-03 -0.541868283016D-02
 -0.517590040488D-02  0.241619019851D-02  0.106871825720D-03  0.155202223828D-02
 -0.490462180993D-03 -0.518136951626D-02  0.414033345572D+00  0.440831993818D-03
 -0.737541015792D-04  0.421596401176D-03 -0.227873706826D-02  0.453168723620D-02
  0.307975433624D-02 -0.227241111299D-02  0.445761590729D-02 -0.105317112872D-02
  0.476789000897D-03 -0.744566417215D-04  0.425751765379D-03 -0.232827647202D-02
  0.447922510998D-02 -0.100451585622D-02 -0.222280171746D-02  0.450991237971D-02
  0.312954272436D-02  0.239861665750D-02  0.223783164468D-02 -0.735698558675D-02
 -0.366512005560D-04 -0.485856704497D-02  0.288509478862D-03  0.226346788177D-02
  0.241416467059D-02  0.323534594261D+00  0.157650464698D-03  0.112753938975D-04
 -0.713685822495D-04  0.142200391662D-03 -0.300266018377D-03 -0.110597491888D-04
  0.162603867731D-03 -0.271766839173D-03  0.154061648458D-03  0.157783206004D-03
  0.112627427105D-04 -0.703206792034D-04  0.162315304647D-03 -0.271159853311D-03
  0.154564292614D-03  0.142487868518D-03 -0.300894413134D-03 -0.106139247346D-04
  0.107068304289D-03  0.156049377071D-03 -0.382510165460D-04  0.185190725234D-04
  0.485492172350D-06 -0.964117303736D-04  0.156101094819D-03  0.107163633105D-03
 -0.384841507820D-04  0.331044635281D+00  0.590944858837D-03 -0.911051282271D-04
 -0.195125470121D-02 -0.962407021109D-03 -0.552741620150D-02  0.257567101914D-02
 -0.102043868959D-02 -0.551393844304D-02  0.182417627805D-02  0.589592310345D-03
 -0.916389495379D-04 -0.194960050147D-02 -0.103477392005D-02 -0.550515786143D-02
  0.195154808503D-02 -0.948021787467D-03 -0.553654291005D-02  0.270304104504D-02
  0.152944013084D-02  0.143059918049D-02 -0.487505237715D-02  0.192412360604D-05
 -0.344569673825D-02  0.157719132500D-03  0.146020412180D-02  0.155339432733D-02
 -0.485715826013D-02  0.530625462714D-06  0.313573243909D+00 -0.681487767037D-03
 -0.821793430869D-04  0.433728403647D-03 -0.524265829026D-03  0.157457383932D-02
  0.513350026057D-03 -0.658153972641D-03  0.143295812204D-02 -0.141581188780D-03
 -0.684834112184D-03 -0.820963988047D-04  0.427417504117D-03 -0.655617070077D-03
  0.142786475613D-02 -0.116253624419D-03 -0.526846429780D-03  0.157974440819D-02
  0.538964127166D-03 -0.492123960697D-03 -0.773767145407D-03  0.286042290665D-03
 -0.965226490399D-04  0.156981032101D-03  0.545827773296D-03 -0.772191550460D-03
 -0.490643406217D-03  0.289257609596D-03 -0.964123139946D-04  0.158171897664D-03
  0.331287124584D+00 -0.262799411971D-02 -0.954363326714D-05 -0.359845170406D-02
 -0.194674598850D-02 -0.150029408992D-01  0.179162877548D-02 -0.190652985623D-02
 -0.146255501220D-01  0.671299727551D-02 -0.267201748844D-02 -0.981914486079D-05
 -0.359019975457D-02 -0.187135261894D-02 -0.146290417488D-01  0.693208779848D-02
 -0.198185294448D-02 -0.150001902188D-01  0.200881754947D-02 -0.323838724942D-02
 -0.282061769104D-02 -0.140947211732D-02  0.215214711174D-03 -0.804383982834D-03
 -0.868746833486D-03 -0.279174876795D-02 -0.320812760696D-02 -0.139468744032D-02
  0.214384041897D-03 -0.791240282001D-03 -0.868833720733D-03  0.385719920144D+00
 -0.261745142821D-02 -0.988946000635D-04 -0.323513114252D-02 -0.167130505131D-02
 -0.142124699219D-01  0.302763315266D-02 -0.175386134866D-02 -0.138822528949D-01
  0.816170101775D-02 -0.266937035119D-02 -0.990873347832D-04 -0.323164298380D-02
 -0.171461628336D-02 -0.138925800765D-01  0.845523481631D-02 -0.171060919203D-02
 -0.142029276982D-01  0.331935720653D-02 -0.332725811907D-02 -0.309420430017D-02
 -0.104680263049D-02  0.172236134982D-03 -0.328797329562D-03 -0.528113091055D-03
 -0.306065727875D-02 -0.329196527714D-02 -0.102617344148D-02  0.171465550356D-03
 -0.311886703825D-03 -0.528263854058D-03 -0.697006898858D-03  0.386566380618D+00
 -0.477117508234D-03 -0.213520917843D-03  0.373158631742D-03 -0.481825111148D-02
  0.163100179454D-02  0.943269234069D-02 -0.483776642969D-02  0.205831250988D-02
  0.967358548620D-02 -0.483395926379D-03 -0.214991682125D-03  0.393650422995D-03
 -0.488045913136D-02  0.208888840316D-02  0.101565712379D-01 -0.477520667933D-02
  0.159876974755D-02  0.991463269808D-02  0.200034473105D-02  0.223791752528D-02
 -0.181217762862D-01  0.243744267678D-03 -0.903624904436D-02 -0.607139966362D-03
  0.232842628591D-02  0.207608982478D-02 -0.180643240130D-01  0.239146219011D-03
 -0.901055531354D-02 -0.606245245463D-03  0.212249665990D-02  0.342744407404D-02
  0.291938848335D+00 -0.289083158340D-02 -0.135162421702D-03  0.194454585502D-02
 -0.516104447773D-02  0.493800298731D-02  0.762431863405D-02 -0.512130587051D-02
  0.545195440322D-02  0.974514728869D-02 -0.290409418408D-02 -0.136106348377D-03
  0.196485488448D-02 -0.514421498426D-02  0.547132119213D-02  0.101622407284D-01
 -0.513787995057D-02  0.491717172436D-02  0.804003992125D-02 -0.152353864358D-02
 -0.109210905642D-02 -0.129518504088D-01  0.297255310305D-03 -0.532531610689D-02
 -0.968210986238D-03 -0.102618375230D-02 -0.146614541888D-02 -0.129087594628D-01
  0.293950517341D-03 -0.530304723851D-02 -0.967827907415D-03  0.191151200311D-02
  0.284149987735D-02 -0.208011510517D-01  0.730540560895D+00 -0.258844581860D-02
 -0.951292667771D-04 -0.323450755215D-02 -0.163214678154D-02 -0.142256421434D-01
  0.299957267971D-02 -0.170886723245D-02 -0.138890898548D-01  0.816640708556D-02
 -0.264015061537D-02 -0.953202679568D-04 -0.323078743258D-02 -0.166973524902D-02
 -0.138993214528D-01  0.845833345136D-02 -0.167133954838D-02 -0.142161953936D-01
  0.328968192510D-02 -0.331699871074D-02 -0.307138351802D-02 -0.100270653438D-02
  0.176499123631D-03 -0.297179545272D-03 -0.552410861775D-03 -0.303816179947D-02
 -0.328198096195D-02 -0.982334972689D-03  0.175737252588D-03 -0.280356445052D-03
 -0.552564642195D-03 -0.651319028070D-03 -0.366122676526D-04  0.355978497654D-02
  0.295061236534D-02  0.386626465754D+00 -0.259856361063D-02 -0.580357404012D-05
 -0.359846438696D-02 -0.190795163053D-02 -0.150184492095D-01  0.176461213639D-02
 -0.186190514941D-02 -0.146346450239D-01  0.671954130363D-02 -0.264238391601D-02
 -0.607761706498D-05 -0.358997665895D-02 -0.182683579074D-02 -0.146380365590D-01
  0.693710871767D-02 -0.194295225942D-02 -0.150157988606D-01  0.198026984519D-02
 -0.322739919218D-02 -0.279700712310D-02 -0.136871423194D-02  0.219522214267D-03
 -0.774481847838D-03 -0.893183280256D-03 -0.276844586023D-02 -0.319739873988D-02
 -0.135417757665D-02  0.218699464107D-03 -0.761420635838D-03 -0.893273075309D-03
 -0.866319588699D-03 -0.666232473700D-03  0.225046137157D-02  0.201824823581D-02
 -0.619772564231D-03  0.385813515433D+00 -0.473658354438D-03 -0.211228464359D-03
  0.359611493923D-03 -0.482941506839D-02  0.158687737087D-02  0.939928528835D-02
 -0.484589226607D-02  0.201613270248D-02  0.965505972086D-02 -0.480019191371D-03
 -0.212703614838D-03  0.380278901445D-03 -0.488839228394D-02  0.204692336683D-02
  0.101368950309D-01 -0.478655550829D-02  0.155442667641D-02  0.988005887972D-02
  0.200827264166D-02  0.225148692723D-02 -0.181751127996D-01  0.245272002603D-03
 -0.906645230678D-02 -0.617697280045D-03  0.234207054641D-02  0.208408442188D-02
 -0.181177278123D-01  0.240664346678D-03 -0.904079872467D-02 -0.616801555798D-03
  0.213760193898D-02  0.343234087145D-02 -0.306381391552D-01 -0.208474452989D-01
  0.356526038431D-02  0.226614011727D-02  0.291782737455D+00 -0.289129676251D-02
 -0.135183583513D-03  0.194563684113D-02 -0.516064444988D-02  0.494198660804D-02
  0.762449169865D-02 -0.512093945398D-02  0.545585996363D-02  0.974404649590D-02
 -0.290454218291D-02 -0.136127228018D-03  0.196594020241D-02 -0.514386518073D-02
  0.547522026054D-02  0.101610942126D-01 -0.513746365203D-02  0.492116221312D-02
  0.804016825684D-02 -0.152428245346D-02 -0.109298001270D-02 -0.129481234830D-01
  0.297204976547D-03 -0.532334166487D-02 -0.967960241458D-03 -0.102707126424D-02
 -0.146690480725D-02 -0.129050388332D-01  0.293900972626D-03 -0.530107641325D-02
 -0.967577230387D-03  0.191041843469D-02  0.284046294559D-02 -0.207966537191D-01
 -0.156866107188D-01  0.294955151585D-02  0.201713111019D-02 -0.208429555758D-01
  0.730544980081D+00 -0.953615287601D-03 -0.178252504389D-03 -0.149503022929D-02
 -0.362147352948D-02 -0.597001444361D-02  0.733501996806D-02 -0.366567077978D-02
 -0.556186856530D-02  0.954746349460D-02 -0.979929314937D-03 -0.179350900700D-03
 -0.147992156484D-02 -0.367686114941D-02 -0.554480534411D-02  0.998301758604D-02
 -0.361004089409D-02 -0.598850288361D-02  0.776909508890D-02  0.447115700618D-03
  0.694506644553D-03 -0.127589113584D-01  0.226898412335D-03 -0.644696279803D-02
 -0.605168861551D-03  0.769717907614D-03  0.512953833886D-03 -0.127121620508D-01
  0.223459778753D-03 -0.642313378201D-02 -0.604598839290D-03  0.123241171928D-02
  0.233484450134D-02 -0.191860854387D-01 -0.124905304689D-01  0.243640634924D-02
  0.133139170950D-02 -0.192354407640D-01 -0.124878904464D-01  0.332267107634D+00
  0.900982192791D-05 -0.159791342583D-05  0.633550141238D-05  0.108472438411D-04
 -0.123985394020D-05  0.251113631270D-04  0.867584430278D-05 -0.622660324388D-06
  0.546403807322D-04  0.859586469879D-05 -0.159741667681D-05  0.630342146858D-05
  0.902125605698D-05 -0.746370797974D-06  0.569258004713D-04  0.105021508600D-04
 -0.112167498309D-05  0.273854656640D-04  0.461933470974D-05  0.300524541449D-05
 -0.213272267426D-04  0.648908027947D-07  0.247521325565D-05  0.262896052420D-05
  0.323549275199D-05  0.486918505738D-05 -0.211523225622D-04  0.609957910796D-07
  0.260558201162D-05  0.262615057820D-05  0.327057018486D-04  0.407909344544D-04
  0.190185436559D-04  0.243713628194D-04  0.406678388519D-04  0.325904977022D-04
  0.189711537275D-04  0.243628293871D-04  0.289506728302D-04  0.390374221035D+00
  0.867474834661D-04  0.254338523724D-03 -0.102317150826D-02 -0.628909164535D-03
 -0.231188716379D-02 -0.341430845811D-02 -0.276102362621D-03 -0.216086561029D-02
 -0.387431812451D-02  0.108702354666D-03  0.254109178280D-03 -0.100935838070D-02
 -0.287559614700D-03 -0.214179425448D-02 -0.407946584517D-02 -0.617102606308D-03
 -0.233084790398D-02 -0.361974212745D-02  0.308012589125D-03  0.852631256325D-03
 -0.942464327450D-03  0.131968264436D-03 -0.125201086051D-02 -0.100880592737D-02
  0.839422799706D-03  0.293922514434D-03 -0.958882726723D-03  0.131806729917D-03
 -0.126239390040D-02 -0.100863582423D-02 -0.425811853220D-03 -0.159992284768D-02
 -0.326083849933D-02 -0.224559136777D-02 -0.155333412939D-02 -0.379637313159D-03
 -0.323149810785D-02 -0.224580062855D-02 -0.276013923597D-02 -0.222364620035D-04
  0.408930091869D+00  0.561458888354D-03  0.225944323893D-05 -0.277495854527D-02
  0.962748669399D-03 -0.983265935550D-02 -0.718877931996D-03  0.938384465427D-03
 -0.982354613038D-02  0.706369662162D-03  0.543092292342D-03  0.225865378763D-05
 -0.277721955636D-02  0.959086917500D-03 -0.982869257895D-02  0.722893817091D-03
  0.942031076521D-03 -0.982752775041D-02 -0.702851890809D-03  0.127382351424D-03
  0.134590065468D-03  0.155406998265D-02  0.771786587048D-06  0.153468260907D-03
 -0.108310983628D-04  0.137596197992D-03  0.131960389060D-03  0.155370756116D-02
  0.959478919760D-06  0.155087598159D-03 -0.108584672143D-04 -0.564111681642D-03
 -0.573844169824D-03  0.476141853076D-02  0.458654517775D-02 -0.578401528768D-03
 -0.568051136735D-03  0.477318823216D-02  0.458593810824D-02  0.278111061210D-02
  0.938720341072D-05  0.195970821426D-04  0.372962302224D+00 -0.282200953741D-04
  0.365140216149D-05 -0.100640926429D-04 -0.435856802266D-04 -0.249662111498D-05
 -0.799247033685D-04 -0.396267440149D-04 -0.439551242487D-05 -0.111444541241D-03
 -0.279014022394D-04  0.364813556065D-05 -0.993367768396D-05 -0.396487408916D-04
 -0.407332268708D-05 -0.115971857284D-03 -0.435531728616D-04 -0.281422974891D-05
 -0.844547065561D-04 -0.132723254251D-04 -0.100765159005D-04 -0.307577740891D-04
 -0.482792412153D-06 -0.340687622789D-04 -0.482499465388D-05 -0.103190413280D-04
 -0.135360413110D-04 -0.310633050301D-04 -0.484729214944D-06 -0.342924260417D-04
 -0.482186940822D-05 -0.411546438010D-04 -0.596841552299D-04 -0.133483976191D-03
 -0.114060975008D-03 -0.594272365148D-04 -0.409141484011D-04 -0.133014761709D-03
 -0.114061594222D-03 -0.110337238213D-03 -0.197689640362D-01  0.506574297454D-04
  0.555812379650D-05  0.362426025020D+00 -0.590498264413D-03 -0.136258464343D-03
  0.140475303589D-02 -0.545881520614D-02  0.117775004017D-01  0.534631204266D-02
 -0.545263732205D-02  0.114971540656D-01 -0.468622348606D-02 -0.499894303906D-03
 -0.137477820734D-03  0.140834974713D-02 -0.557920611361D-02  0.115385154266D-01
 -0.468438835312D-02 -0.533226732750D-02  0.117362180009D-01  0.535132300280D-02
  0.342468029612D-02  0.296350880777D-02 -0.118869888975D-01 -0.149144295020D-03
 -0.866917529224D-02  0.870317915844D-03  0.299863861073D-02  0.343984059164D-02
 -0.118617904702D-01 -0.152182748126D-03 -0.867225043301D-02  0.871831841054D-03
 -0.524034338525D-02 -0.462327409934D-02 -0.349151505781D-01 -0.264030074613D-01
 -0.455706457249D-02 -0.518084606251D-02 -0.350257336762D-01 -0.263952949232D-01
 -0.255545240590D-01 -0.554968706296D-04 -0.165449434688D-02  0.313314284357D-02
 -0.461177957409D-04  0.347684040612D+00  0.359528231650D-06 -0.529968077254D-08
 -0.532878255879D-06 -0.335876207386D-06 -0.188834458771D-05  0.470834678976D-06
 -0.326152836887D-06 -0.183195486047D-05  0.108393101166D-05  0.350612689913D-06
 -0.551998091717D-08 -0.529244083331D-06 -0.320400719607D-06 -0.182726438846D-05
  0.113484034122D-05 -0.341447610972D-06 -0.189330877300D-05  0.521214037337D-06
  0.634710223758D-06  0.698320048858D-06 -0.284824458497D-05  0.343287882365D-07
 -0.148621569363D-05 -0.133749822680D-06  0.711666447020D-06  0.646725392832D-06
 -0.284175227355D-05  0.336878648296D-07 -0.148293478814D-05 -0.133663420828D-06
  0.738836744692D-06  0.799899675407D-06 -0.385451681586D-05 -0.213257312446D-05
  0.818175839157D-06  0.756687894978D-06 -0.385573482836D-05 -0.213235645009D-05
 -0.230460455068D-05  0.315092622205D-07 -0.106584813732D-06  0.542181346340D-06
 -0.187817341495D-07 -0.570784570831D-05  0.356444142432D+00 -0.751167930893D-04
  0.128692523674D-04 -0.580990592138D-04 -0.128480132266D-03 -0.517288742842D-04
 -0.231312655462D-03 -0.112308235763D-03 -0.559385094057D-04 -0.388963761192D-03
 -0.731207004664D-04  0.128555308973D-04 -0.576351202053D-04 -0.113583303419D-03
 -0.547389395985D-04 -0.404882570195D-03 -0.127182807717D-03 -0.529054007272D-04
 -0.247205177506D-03 -0.239308366895D-04 -0.976312845902D-05 -0.446743305374D-04
 -0.104882668859D-06 -0.109967453732D-03 -0.232928056769D-04 -0.107683206775D-04
 -0.250873808586D-04 -0.457526693151D-04 -0.109732874399D-06 -0.110803630447D-03
 -0.232736621627D-04 -0.183212505919D-03 -0.247435925517D-03 -0.414033716700D-03
 -0.354678355233D-03 -0.245974603533D-03 -0.181823115323D-03 -0.413027285777D-03
 -0.354639806620D-03 -0.371850038616D-03 -0.194537682491D-05  0.177239907777D-03
 -0.135163504354D-04  0.385528451583D-05 -0.110988955806D-04 -0.433936376568D-07
  0.130241487648D-01 -0.534023135059D-02  0.186538326449D-03  0.124699302310D-03
 -0.645662840512D-02  0.521365583829D-02 -0.738330206114D-02 -0.636255416439D-02
  0.455687889055D-02 -0.143658484962D-01 -0.529300242193D-02  0.186449588091D-03
  0.119483345537D-03 -0.638067808765D-02  0.457954628914D-02 -0.148555246690D-01
 -0.643768184991D-02  0.519200836895D-02 -0.787157302029D-02 -0.303292021786D-02
 -0.350749444351D-02 -0.771538419001D-03 -0.348846903570D-03 -0.291873359283D-02
  0.107866583597D-02 -0.353975455241D-02 -0.306892007744D-02 -0.800990240054D-03
 -0.348468167829D-03 -0.294428602285D-02  0.107909443333D-02 -0.863022060496D-02
 -0.981249458564D-02 -0.159889100243D-01 -0.155692006127D-01 -0.985518246258D-02
 -0.867544722537D-02 -0.159762266882D-01 -0.155678518801D-01 -0.143096321389D-01
 -0.540107356096D-04  0.300062242800D-02 -0.312224003404D-04  0.132616414930D-03
  0.171254203988D-02 -0.152153177058D-05  0.411562932736D-03  0.318016045680D-01
 -0.119451814282D-02  0.402281718981D-03 -0.139282161477D-02 -0.246495720714D-02
 -0.192738623870D-02 -0.660463262202D-02 -0.194765638009D-02 -0.187756769926D-02
 -0.896516908155D-02 -0.115213336913D-02  0.401940912130D-03 -0.137477391063D-02
 -0.196813151181D-02 -0.184532505887D-02 -0.937332112864D-02 -0.244379118986D-02
 -0.195922160568D-02 -0.701283826800D-02 -0.320682808791D-03  0.325384107104D-03
 -0.148935640628D-02  0.989353672113D-04 -0.245683209228D-02 -0.114753342713D-02
  0.298836468755D-03 -0.349364661472D-03 -0.151965556295D-02  0.988078512990D-04
 -0.247768159109D-02 -0.114719148630D-02 -0.271644454395D-02 -0.465272977066D-02
 -0.846363515980D-02 -0.695395273463D-02 -0.459812634338D-02 -0.266303935685D-02
 -0.841934276321D-02 -0.695392050946D-02 -0.735959864968D-02 -0.444261876642D-04
  0.540512279795D-02  0.194871873433D-04  0.103654790425D-03 -0.185869576836D-02
 -0.545574654224D-06  0.349800851352D-03  0.133167069435D-01  0.186838804467D-01
$end
