$hessian
 1  1   0.4326078986   0.0000013696  -0.0000001943  -0.1493958563  -0.0287837267
 1  2  -0.0439169065   0.0021634519  -0.0216304603  -0.0013322920  -0.0164509685
 1  3   0.0000001281   0.0000002784  -0.1493954276   0.0287841614   0.0439162056
 1  4   0.0021641721   0.0216302850   0.0013321187  -0.0590218761   0.0000000910
 1  5   0.0000004276  -0.0019868385  -0.0000003754  -0.0000003607  -0.0482739034
 1  6  -0.0000013035   0.0000001251  -0.0093135471  -0.0120424547  -0.0071231242
 1  7   0.0021304183   0.0017116685  -0.0044457385  -0.0008528548   0.0000000211
 1  8   0.0000000051  -0.0093136533   0.0120426070   0.0071232870   0.0021305733
 1  9  -0.0017118234   0.0044456191   0.0004367639  -0.0091937428   0.0230663845
 1 10   0.0004372455   0.0091935253  -0.0230658189   0.0009629587  -0.0009032907
 1 11  -0.0003655786   0.0009630256   0.0009033344   0.0003655157
 2  1   0.0000013696   0.6658555664   0.0176858033  -0.0366104457  -0.1098345513
 2  2  -0.0195716519  -0.0316199332  -0.0192875076  -0.0156593189   0.0000001287
 2  3  -0.0038702206  -0.0010527841   0.0366108513  -0.1098350468  -0.0195719048
 2  4   0.0316193552  -0.0192876255  -0.0156593330  -0.0000026238  -0.0796877280
 2  5   0.0203432798  -0.0000005610  -0.0154650537   0.0289770161  -0.0000012846
 2  6  -0.3169021349   0.0109411833   0.0132128188   0.0093073709   0.0065094403
 2  7   0.0005772992  -0.0058823200   0.0001333868  -0.0000000038   0.0008631912
 2  8   0.0001600247  -0.0132126555   0.0093073536   0.0065094419  -0.0005770208
 2  9  -0.0058822378   0.0001333194  -0.0004165902   0.0039296505  -0.0099850190
 2 10   0.0004168090   0.0039298285  -0.0099855901   0.0008213277  -0.0036327555
 2 11   0.0000547585  -0.0008211274  -0.0036323516   0.0000548089
 3  1  -0.0000001943   0.0176858033   0.3522640634  -0.0461151738  -0.0198906967
 3  2  -0.0760313114   0.0004806585  -0.0099511938   0.0016608748  -0.0000002801
 3  3   0.0010525442  -0.0145932106   0.0461144895  -0.0198908307  -0.0760313937
 3  4  -0.0004807270  -0.0099510617   0.0016609876   0.0000061635   0.0078941311
 3  5  -0.1255567103  -0.0000000536   0.0173271272   0.0029788009   0.0000001139
 3  6   0.0090682043  -0.0449977819  -0.0043057332  -0.0044112233   0.0010474367
 3  7  -0.0026815034   0.0010366673   0.0070204715  -0.0000000059  -0.0000236840
 3  8  -0.0005446677   0.0043055602  -0.0044111612   0.0010474934   0.0026809166
 3  9   0.0010365366   0.0070205712  -0.0021129580   0.0070043286  -0.0171529294
 3 10   0.0021132611   0.0070047947  -0.0171535069  -0.0000336515  -0.0002888399
 3 11  -0.0013192928   0.0000335452  -0.0002888000  -0.0013192081
 4  1  -0.1493958563  -0.0366104457  -0.0461151738   0.5027416606  -0.0946996937
 4  2   0.1743403327  -0.0967196394   0.0007737674  -0.0207543627   0.0021641744
 4  3   0.0316194314   0.0004807692  -0.0387267407   0.0004694854  -0.0078369586
 4  4  -0.0020261488  -0.0030604173  -0.0003656747  -0.0057841521   0.0046555055
 4  5  -0.0132404935  -0.0009634317  -0.0016194007  -0.0020676381   0.0014517787
 4  6   0.0026560909   0.0016160938  -0.2126559075   0.1210429604  -0.0837117117
 4  7   0.0049797423  -0.0251988058  -0.0003576153  -0.0050753428   0.0021941550
 4  8  -0.0032644182  -0.0011552979   0.0008146887  -0.0005866945   0.0002455197
 4  9  -0.0006850976   0.0000656553   0.0010866911  -0.0005928233   0.0017887101
 4 10   0.0004243288  -0.0006797847   0.0005191851  -0.0005192803  -0.0002010883
 4 11   0.0001263077  -0.0000656348  -0.0008736082  -0.0006328873
 5  1  -0.0287837267  -0.1098345513  -0.0198906967  -0.0946996937   0.8130841410
 5  2  -0.0375155685  -0.0007760210  -0.5236687972   0.0015721558   0.0216303453
 5  3  -0.0192876175   0.0099507603  -0.0004689670   0.0124700836   0.0072727134
 5  4  -0.0030603776  -0.0097288026   0.0005250473   0.0020320242   0.0060671684
 5  5  -0.0035479303   0.0019983864  -0.0047004258  -0.0034065346  -0.0278435302
 5  6  -0.0087695063  -0.0152922385   0.1252516320  -0.1460164995   0.0560249227
 5  7   0.0046767391  -0.0085382516   0.0015932180   0.0017411818  -0.0002713698
 5  8   0.0007618984   0.0014027997  -0.0009501595  -0.0017088296   0.0001980973
 5  9   0.0001599433  -0.0007950176  -0.0009098144   0.0000672706   0.0011695535
 5 10  -0.0005862624   0.0000739216   0.0020298949  -0.0009402890   0.0000679015
 5 11   0.0009423813  -0.0008686040  -0.0002264671   0.0003243541
 6  1  -0.0439169065  -0.0195716519  -0.0760313114   0.1743403327  -0.0375155685
 6  2   0.2217615698  -0.0207546586  -0.0015706410  -0.0615622388  -0.0013326467
 6  3   0.0156590935   0.0016608508   0.0078369266   0.0072724221   0.0059295929
 6  4   0.0003655621  -0.0005247712   0.0037445992  -0.0275292615  -0.0071549201
 6  5  -0.0276955988  -0.0027621414   0.0003530000   0.0012082023   0.0026614334
 6  6   0.0016036773  -0.0001169826  -0.0843510312   0.0542393815  -0.0686454497
 6  7  -0.0003832729  -0.0118644894   0.0055972276  -0.0028364392   0.0009874915
 6  8  -0.0007895047   0.0013512301  -0.0014022975  -0.0019549760  -0.0004407767
 6  9  -0.0003655852  -0.0003468218  -0.0010159194  -0.0008233219   0.0015589204
 6 10  -0.0006410102   0.0021784712  -0.0048520973  -0.0001212104  -0.0004853640
 6 11   0.0007479813  -0.0004630638  -0.0010115249  -0.0002123531
 7  1   0.0021634519  -0.0316199332   0.0004806585  -0.0967196394  -0.0007760210
 7  2  -0.0207546586   0.5027440740   0.0947021914   0.1743396534  -0.1493952222
 7  3   0.0366108573  -0.0461149033  -0.0020260604   0.0030602676  -0.0003654760
 7  4  -0.0387269038  -0.0004690283  -0.0078366920  -0.0009634640   0.0016193349
 7  5  -0.0020676945  -0.0057839737  -0.0046554505  -0.0132403163  -0.0050756371
 7  6  -0.0021941445  -0.0032644787   0.0049798842   0.0251985666  -0.0003576633
 7  7  -0.2126584646  -0.1210430432  -0.0837111417   0.0014514807  -0.0026562173
 7  8   0.0016162202   0.0002455434   0.0006851255   0.0000656406  -0.0011553989
 7  9  -0.0008146336  -0.0005866618  -0.0005193122   0.0002010548   0.0001262985
 7 10  -0.0000656204   0.0008736136  -0.0006328405   0.0010866183   0.0005927916
 7 11   0.0017885829   0.0004243601   0.0006797396   0.0005190516
 8  1  -0.0216304603  -0.0192875076  -0.0099511938   0.0007737674  -0.5236687972
 8  2  -0.0015706410   0.0947021914   0.8130833798   0.0375127147   0.0287836804
 8  3  -0.1098349210   0.0198910291   0.0030603047  -0.0097288118  -0.0005248083
 8  4   0.0004695497   0.0124701065  -0.0072721385  -0.0019986315  -0.0047007115
 8  5   0.0034065251  -0.0020320504   0.0060672915   0.0035476793  -0.0017423566
 8  6  -0.0002713524  -0.0007618945  -0.0046768568  -0.0085382456  -0.0015932418
 8  7  -0.1252518425  -0.1460150790  -0.0560234112   0.0278414221  -0.0087697105
 8  8   0.0152920073  -0.0001981454   0.0001599283   0.0007949887  -0.0014028949
 8  9  -0.0009501551   0.0017087628   0.0009403989   0.0000679120  -0.0009421845
 8 10   0.0008686343  -0.0002264168  -0.0003244075   0.0009096585   0.0000671748
 8 11  -0.0011694811   0.0005861069   0.0000738992  -0.0020300100
 9  1  -0.0013322920  -0.0156593189   0.0016608748  -0.0207543627   0.0015721558
 9  2  -0.0615622388   0.1743396534   0.0375127147   0.2217598277  -0.0439170001
 9  3   0.0195717938  -0.0760315434   0.0003655874   0.0005250816   0.0037446086
 9  4   0.0078367231  -0.0072724318   0.0059299803  -0.0027627253  -0.0003535194
 9  5   0.0012076886  -0.0275291135   0.0071553211  -0.0276941353  -0.0028359297
 9  6  -0.0009873750  -0.0007895556  -0.0003833841   0.0118646513   0.0055970182
 9  7  -0.0843504809  -0.0542380510  -0.0686444368   0.0026605016  -0.0016035374
 9  8  -0.0001170572  -0.0004410539   0.0003654607  -0.0003466522   0.0013514093
 9  9   0.0014020259  -0.0019552473  -0.0001213333   0.0004853908   0.0007479984
 9 10  -0.0004630992   0.0010115561  -0.0002125114  -0.0010156899   0.0008231721
 9 11   0.0015592787  -0.0006408816  -0.0021784889  -0.0048520289
10  1  -0.0164509685   0.0000001287  -0.0000002801   0.0021641744   0.0216303453
10  2  -0.0013326467  -0.1493952222   0.0287836804  -0.0439170001   0.4326056640
10  3   0.0000013695   0.0000001915   0.0021634548  -0.0216305181   0.0013328170
10  4  -0.1493956566  -0.0287832450   0.0439177038  -0.0019845342  -0.0000003737
10  5   0.0000003595  -0.0590239564   0.0000000922  -0.0000004264  -0.0008533855
10  6   0.0000000201  -0.0000000038   0.0021302150  -0.0017118726  -0.0044456996
10  7  -0.0093132738   0.0120430174  -0.0071228783  -0.0482774968  -0.0000013027
10  8  -0.0000001256   0.0021302786   0.0017117161   0.0044458201  -0.0093134788
10  9  -0.0120428660   0.0071227162   0.0009629938   0.0009033017  -0.0003654237
10 10   0.0009629276  -0.0009032581   0.0003654900   0.0004371891   0.0091935734
10 11   0.0230659481   0.0004367079  -0.0091937910  -0.0230664944
11  1   0.0000001281  -0.0038702206   0.0010525442   0.0316194314  -0.0192876175
11  2   0.0156590935   0.0366108573  -0.1098349210   0.0195717938   0.0000013695
11  3   0.6658560416  -0.0176862612  -0.0316200102  -0.0192874956   0.0156590784
11  4  -0.0366104544  -0.1098344259   0.0195715411  -0.0000034519  -0.0154650609
11  5  -0.0289769470   0.0000001471  -0.0796879223  -0.0203432192  -0.0000000108
11  6   0.0008631909  -0.0001600239  -0.0005773441  -0.0058822443  -0.0001333615
11  7  -0.0132126751   0.0093073606  -0.0065094099  -0.0000012570  -0.3169026788
11  8  -0.0109407594   0.0005772763  -0.0058823265  -0.0001334331   0.0132131236
11  9   0.0093073777  -0.0065094077  -0.0008211249  -0.0036323495  -0.0000545416
11 10   0.0008213253  -0.0036327532  -0.0000544958   0.0004168037   0.0039298241
11 11   0.0099858336  -0.0004165855   0.0039296461   0.0099852596
12  1   0.0000002784  -0.0010527841  -0.0145932106   0.0004807692   0.0099507603
12  2   0.0016608508  -0.0461149033   0.0198910291  -0.0760315434   0.0000001915
12  3  -0.0176862612   0.3522636188  -0.0004807020   0.0099508918   0.0016607364
12  4   0.0461155878   0.0198908919  -0.0760314564  -0.0000056635  -0.0173272395
12  5   0.0029788087  -0.0000006759  -0.0078941803  -0.1255566945   0.0000000004
12  6   0.0000238560  -0.0005446797  -0.0026817407  -0.0010365248   0.0070204180
12  7  -0.0043055119   0.0044112854   0.0010475967  -0.0000001019  -0.0090676111
12  8  -0.0449978352   0.0026816340  -0.0010366535   0.0070203119   0.0043061733
12  9   0.0044113491   0.0010475438  -0.0000336706   0.0002888360  -0.0013185335
12 10   0.0000337773   0.0002888765  -0.0013186171  -0.0021131977  -0.0070048211
12 11  -0.0171530948   0.0021128947  -0.0070043548  -0.0171525262
13  1  -0.1493954276   0.0366108513   0.0461144895  -0.0387267407  -0.0004689670
13  2   0.0078369266  -0.0020260604   0.0030603047   0.0003655874   0.0021634548
13  3  -0.0316200102  -0.0004807020   0.5027456295   0.0947033979  -0.1743381883
13  4  -0.0967196409  -0.0007768149   0.0207547023  -0.0057848731  -0.0046554763
13  5   0.0132403772  -0.0009632567   0.0016193054   0.0020676875   0.0014520217
13  6  -0.0026562180  -0.0016161983  -0.0011553138  -0.0008146587   0.0005866846
13  7   0.0002455532   0.0006851141  -0.0000656515  -0.0050753942  -0.0021941385
13  8   0.0032644799  -0.2126598890  -0.1210433371   0.0837097178   0.0049800764
13  9   0.0251985084   0.0003577030   0.0004243735   0.0006797486  -0.0005191242
13 10   0.0010866217   0.0005927926  -0.0017885736  -0.0000656201   0.0008736147
13 11   0.0006328383  -0.0005193080   0.0002010565  -0.0001262151
14  1   0.0287841614  -0.1098350468  -0.0198908307   0.0004694854   0.0124700836
14  2   0.0072724221   0.0030602676  -0.0097288118   0.0005250816  -0.0216305181
14  3  -0.0192874956   0.0099508918   0.0947033979   0.8130831178  -0.0375095422
14  4   0.0007729733  -0.5236687922   0.0015688218  -0.0020324111   0.0060673298
14  5  -0.0035477741  -0.0019986337  -0.0047007009  -0.0034065045   0.0278434779
14  6  -0.0087697507  -0.0152920004  -0.0014027799  -0.0009501469  -0.0017088056
14  7  -0.0001981581   0.0001599375  -0.0007949779  -0.0017411704  -0.0002713497
14  8   0.0007618984  -0.1252522773  -0.1460147288   0.0560216653  -0.0046766261
14  9  -0.0085382183   0.0015934896   0.0005861072   0.0000739047   0.0020299636
14 10   0.0009096679   0.0000671704   0.0011695698   0.0008686317  -0.0002264275
14 11   0.0003243642   0.0009403943   0.0000679106   0.0009422924
15  1   0.0439162056  -0.0195719048  -0.0760313937  -0.0078369586   0.0072727134
15  2   0.0059295929  -0.0003654760  -0.0005248083   0.0037446086   0.0013328170
15  3   0.0156590784   0.0016607364  -0.1743381883  -0.0375095422   0.2217580062
15  4   0.0207543123  -0.0015739744  -0.0615622374   0.0275294862  -0.0071551050
15  5  -0.0276940533   0.0027625112   0.0003533978   0.0012078821  -0.0026613940
15  6   0.0016036817  -0.0001170262  -0.0013512364  -0.0014023151  -0.0019549796
15  7   0.0004407978  -0.0003655928  -0.0003468221   0.0028364380   0.0009874657
15  8  -0.0007895123   0.0843493872   0.0542366517  -0.0686430418   0.0003831561
15  9  -0.0118646253   0.0055971756   0.0006409953   0.0021784234  -0.0048520518
15 10   0.0010155976  -0.0008232381   0.0015590990   0.0004631572  -0.0010115491
15 11  -0.0002123975   0.0001213177  -0.0004853560   0.0007480538
16  1   0.0021641721   0.0316193552  -0.0004807270  -0.0020261488  -0.0030603776
16  2   0.0003655621  -0.0387269038   0.0004695497   0.0078367231  -0.1493956566
16  3  -0.0366104544   0.0461155878  -0.0967196409   0.0007729733   0.0207543123
16  4   0.5027401233  -0.0946984883  -0.1743417799  -0.0009630466  -0.0016194301
16  5   0.0020676450  -0.0057836676   0.0046554795   0.0132404339  -0.0050755820
16  6   0.0021941614   0.0032644174   0.0002455242  -0.0006851091  -0.0000656446
16  7  -0.0011552874   0.0008146634   0.0005866717   0.0014512318   0.0026560905
16  8  -0.0016161159   0.0049796779  -0.0251988654   0.0003575753  -0.2126545060
16  9   0.1210426686   0.0837131265  -0.0000656353  -0.0008736071   0.0006328875
16 10  -0.0005192874  -0.0002010865  -0.0001263875   0.0004243155  -0.0006797755
16 11  -0.0005191098   0.0010866909  -0.0005928222  -0.0017887141
17  1   0.0216302850  -0.0192876255  -0.0099510617  -0.0030604173  -0.0097288026
17  2  -0.0005247712  -0.0004690283   0.0124701065  -0.0072724318  -0.0287832450
17  3  -0.1098344259   0.0198908919  -0.0007768149  -0.5236687922  -0.0015739744
17  4  -0.0946984883   0.8130843951   0.0375187335   0.0019977470  -0.0047004365
17  5   0.0034065554   0.0020319270   0.0060671302   0.0035478358   0.0017423996
17  6  -0.0002713726  -0.0007618956   0.0001981236   0.0001599341   0.0007950281
17  7   0.0014028106  -0.0009501677   0.0017087868  -0.0278415068  -0.0087694663
17  8   0.0152922456   0.0046768237  -0.0085382784  -0.0015929702   0.1252513116
17  9  -0.1460168513  -0.0560266612  -0.0008686067  -0.0002264567  -0.0003243891
17 10  -0.0009402930   0.0000679028  -0.0009422759  -0.0005862620   0.0000739160
17 11  -0.0020299563  -0.0009098049   0.0000672749  -0.0011694632
18  1   0.0013321187  -0.0156593330   0.0016609876  -0.0003656747   0.0005250473
18  2   0.0037445992  -0.0078366920  -0.0072721385   0.0059299803   0.0439177038
18  3   0.0195715411  -0.0760314564   0.0207547023   0.0015688218  -0.0615622374
18  4  -0.1743417799   0.0375187335   0.2217633749   0.0027629518  -0.0003531216
18  5   0.0012080089   0.0275289957   0.0071551364  -0.0276956792   0.0028359311
18  6  -0.0009874017  -0.0007895482   0.0004410607   0.0003654514  -0.0003466495
18  7  -0.0013515616   0.0014020065  -0.0019552463  -0.0026605393  -0.0016035334
18  8  -0.0001170133   0.0003834486   0.0118645145   0.0055970695   0.0843521270
18  9  -0.0542407738  -0.0686468348   0.0004630063   0.0010115319  -0.0002124646
18 10   0.0001212254   0.0004853988   0.0007479252   0.0006408964  -0.0021785370
18 11  -0.0048520475   0.0010160125   0.0008232558   0.0015591001
19  1  -0.0590218761  -0.0000026238   0.0000061635  -0.0057841521   0.0020320242
19  2  -0.0275292615  -0.0009634640  -0.0019986315  -0.0027627253  -0.0019845342
19  3  -0.0000034519  -0.0000056635  -0.0057848731  -0.0020324111   0.0275294862
19  4  -0.0009630466   0.0019977470   0.0027629518   0.5964702319   0.0000006994
19  5   0.0000022552  -0.0738954221   0.0000026297  -0.0000007520  -0.0002301595
19  6   0.0000018388  -0.0000002547  -0.0019314851  -0.0009675000  -0.0004534122
19  7  -0.0003184848   0.0001789192   0.0016293795   0.0005312081   0.0000018136
19  8  -0.0000001334  -0.0019272528   0.0009687586   0.0004501843  -0.0003229857
19  9  -0.0001774957  -0.0016262381  -0.2226975407   0.0741878174   0.0957895892
19 10  -0.2226848628  -0.0741909959  -0.0957903227   0.0007487262  -0.0237931488
19 11  -0.0009123782   0.0007466345   0.0237939973   0.0009111335
20  1   0.0000000910  -0.0796877280   0.0078941311   0.0046555055   0.0060671684
20  2  -0.0071549201   0.0016193349  -0.0047007115  -0.0003535194  -0.0000003737
20  3  -0.0154650609  -0.0173272395  -0.0046554763   0.0060673298  -0.0071551050
20  4  -0.0016194301  -0.0047004365  -0.0003531216   0.0000006994   0.4427291246
20  5   0.0820210235   0.0000021660  -0.1670106448   0.0069087789  -0.0000001203
20  6  -0.0066381552   0.0311765558  -0.0011237719  -0.0002505531   0.0004637854
20  7   0.0001278405  -0.0001759244   0.0009939146  -0.0000000088   0.0007830624
20  8  -0.0004220439   0.0011237707  -0.0002505809   0.0004638197  -0.0001276837
20  9  -0.0001759617   0.0009939453   0.0765962895  -0.0763220819  -0.0458456651
20 10  -0.0765994618  -0.0763267158  -0.0458510786   0.0032791520  -0.0119751636
20 11  -0.0032257838  -0.0032786698  -0.0119747073  -0.0032258294
21  1   0.0000004276   0.0203432798  -0.1255567103  -0.0132404935  -0.0035479303
21  2  -0.0276955988  -0.0020676945   0.0034065251   0.0012076886   0.0000003595
21  3  -0.0289769470   0.0029788087   0.0132403772  -0.0035477741  -0.0276940533
21  4   0.0020676450   0.0034065554   0.0012080089   0.0000022552   0.0820210235
21  5   0.4541068848   0.0000000548  -0.0069087583  -0.0750511212  -0.0000000593
21  6  -0.0016028866  -0.0001352000  -0.0002090797  -0.0003925076  -0.0005456155
21  7  -0.0002714805   0.0005794752   0.0007680092   0.0000000155  -0.0013282419
21  8  -0.0059909889   0.0002090456  -0.0003925165  -0.0005456535   0.0002716275
21  9   0.0005794557   0.0007679426   0.0993570184  -0.0446739867  -0.0994534466
21 10  -0.0993592952  -0.0446795665  -0.0994597830  -0.0024932667   0.0128663017
21 11   0.0005427681   0.0024927944   0.0128652262   0.0005425199
22  1  -0.0019868385  -0.0000005610  -0.0000000536  -0.0009634317   0.0019983864
22  2  -0.0027621414  -0.0057839737  -0.0020320504  -0.0275291135  -0.0590239564
22  3   0.0000001471  -0.0000006759  -0.0009632567  -0.0019986337   0.0027625112
22  4  -0.0057836676   0.0020319270   0.0275289957  -0.0738954221   0.0000021660
22  5   0.0000000548   0.5964742025   0.0000010119  -0.0000020942   0.0005299711
22  6  -0.0000001500   0.0000002080  -0.0003195126  -0.0001791795   0.0016282475
22  7  -0.0019295445   0.0009683054  -0.0004522805  -0.0002287563  -0.0000000562
22  8   0.0000000357  -0.0003196334   0.0001791456  -0.0016280505  -0.0019293433
22  9  -0.0009683363   0.0004521512   0.0007474247   0.0237947300  -0.0009115543
22 10   0.0007480665  -0.0237935465   0.0009113571  -0.2226855778  -0.0741899292
22 11   0.0957900897  -0.2226963973   0.0741866059  -0.0957876769
23  1  -0.0000003754  -0.0154650537   0.0173271272  -0.0016194007  -0.0047004258
23  2   0.0003530000  -0.0046554505   0.0060672915   0.0071553211   0.0000000922
23  3  -0.0796879223  -0.0078941803   0.0016193054  -0.0047007009   0.0003533978
23  4   0.0046554795   0.0060671302   0.0071551364   0.0000026297  -0.1670106448
23  5  -0.0069087583   0.0000010119   0.4427292652  -0.0820209980   0.0000000098
23  6   0.0007830688   0.0004220280  -0.0001278539  -0.0001759539  -0.0009939261
23  7   0.0011237823  -0.0002505791  -0.0004638165  -0.0000001195  -0.0066382115
23  8  -0.0311765075   0.0001278490  -0.0001759166  -0.0009938954  -0.0011239686
23  9  -0.0002505513  -0.0004637823  -0.0032786782  -0.0119747060   0.0032256762
23 10   0.0032791602  -0.0119751629   0.0032256276  -0.0765993386  -0.0763266508
23 11   0.0458512045   0.0765961675  -0.0763220155   0.0458457981
24  1  -0.0000003607   0.0289770161   0.0029788009  -0.0020676381  -0.0034065346
24  2   0.0012082023  -0.0132403163   0.0035476793  -0.0276941353  -0.0000004264
24  3  -0.0203432192  -0.1255566945   0.0020676875  -0.0034065045   0.0012078821
24  4   0.0132404339   0.0035478358  -0.0276956792  -0.0000007520   0.0069087789
24  5  -0.0750511212  -0.0000020942  -0.0820209980   0.4541068713  -0.0000000010
24  6   0.0013282387  -0.0059910059  -0.0002714809  -0.0005794608   0.0007679366
24  7  -0.0002090408   0.0003925324  -0.0005456782   0.0000000579   0.0016029083
24  8  -0.0001351329   0.0002714648  -0.0005794803   0.0007680030   0.0002092947
24  9   0.0003925234  -0.0005456400  -0.0024927940  -0.0128652210   0.0005427045
24 10   0.0024932663  -0.0128662973   0.0005429551   0.0993593006   0.0446795275
24 11  -0.0994599698  -0.0993570326   0.0446739507  -0.0994536338
25  1  -0.0482739034  -0.0000012846   0.0000001139   0.0014517787  -0.0278435302
25  2   0.0026614334  -0.0050756371  -0.0017423566  -0.0028359297  -0.0008533855
25  3  -0.0000000108   0.0000000004   0.0014520217   0.0278434779  -0.0026613940
25  4  -0.0050755820   0.0017423996   0.0028359311  -0.0002301595  -0.0000001203
25  5  -0.0000000593   0.0005299711   0.0000000098  -0.0000000010   0.0533895319
25  6   0.0000014265  -0.0000000922   0.0011167144   0.0009076951   0.0004497981
25  7   0.0001811938  -0.0015248876  -0.0002537565   0.0001355987  -0.0000000011
25  8  -0.0000000042   0.0011167044  -0.0009076953  -0.0004498141   0.0001812613
25  9   0.0015248816   0.0002537809  -0.0000274375  -0.0002373636  -0.0002416555
25 10  -0.0000273947   0.0002373700   0.0002416284   0.0000031755  -0.0000066168
25 11  -0.0000320577   0.0000031668   0.0000066056   0.0000320608
26  1  -0.0000013035  -0.3169021349   0.0090682043   0.0026560909  -0.0087695063
26  2   0.0016036773  -0.0021941445  -0.0002713524  -0.0009873750   0.0000000201
26  3   0.0008631909   0.0000238560  -0.0026562180  -0.0087697507   0.0016036817
26  4   0.0021941614  -0.0002713726  -0.0009874017   0.0000018388  -0.0066381552
26  5  -0.0016028866  -0.0000001500   0.0007830688   0.0013282387   0.0000014265
26  6   0.3396134401  -0.0104836267  -0.0001851156   0.0007498918  -0.0001300194
26  7   0.0001225331  -0.0004972367   0.0000225283   0.0000000107  -0.0000305532
26  8   0.0000159423   0.0001851239   0.0007499103  -0.0001300094  -0.0001227858
26  9  -0.0004972412   0.0000225324  -0.0003813575   0.0002018099   0.0002659987
26 10   0.0003813761   0.0002018767   0.0002659847   0.0000786782  -0.0002629070
26 11   0.0000632081  -0.0000786591  -0.0002628702   0.0000632103
27  1   0.0000001251   0.0109411833  -0.0449977819   0.0016160938  -0.0152922385
27  2  -0.0001169826  -0.0032644787  -0.0007618945  -0.0007895556  -0.0000000038
27  3  -0.0001600239  -0.0005446797  -0.0016161983  -0.0152920004  -0.0001170262
27  4   0.0032644174  -0.0007618956  -0.0007895482  -0.0000002547   0.0311765558
27  5  -0.0001352000   0.0000002080   0.0004220280  -0.0059910059  -0.0000000922
27  6  -0.0104836267   0.0499858766   0.0006194925   0.0005936213   0.0002169281
27  7  -0.0000994941  -0.0008462591   0.0002897051   0.0000000015  -0.0000159410
27  8   0.0001242245  -0.0006194576   0.0005936160   0.0002169221   0.0000995058
27  9  -0.0008462435   0.0002896921   0.0004757254  -0.0007773639   0.0012682694
27 10  -0.0004757209  -0.0007773852   0.0012683836  -0.0000956721   0.0011469119
27 11  -0.0000935887   0.0000956195   0.0011467857  -0.0000935919
28  1  -0.0093135471   0.0132128188  -0.0043057332  -0.2126559075   0.1252516320
28  2  -0.0843510312   0.0049798842  -0.0046768568  -0.0003833841   0.0021302150
28  3  -0.0005773441  -0.0026817407  -0.0011553138  -0.0014027799  -0.0013512364
28  4   0.0002455242   0.0001981236   0.0004410607  -0.0019314851  -0.0011237719
28  5  -0.0002090797  -0.0003195126  -0.0001278539  -0.0002714809   0.0011167144
28  6  -0.0001851156   0.0006194925   0.2176531626  -0.1317674795   0.0906531948
28  7  -0.0008483507   0.0005521395   0.0027080277   0.0001811152  -0.0001225364
28  8  -0.0000994874  -0.0004811135   0.0003178897   0.0001078720   0.0001575867
28  9   0.0001185759  -0.0000535100   0.0000953260   0.0000626355  -0.0000516321
28 10   0.0000962005   0.0002554867  -0.0007043109   0.0000014096   0.0000545960
28 11  -0.0000728953   0.0000526318  -0.0000476847   0.0000092432
29  1  -0.0120424547   0.0093073709  -0.0044112233   0.1210429604  -0.1460164995
29  2   0.0542393815   0.0251985666  -0.0085382456   0.0118646513  -0.0017118726
29  3  -0.0058822443  -0.0010365248  -0.0008146587  -0.0009501469  -0.0014023151
29  4  -0.0006851091   0.0001599341   0.0003654514  -0.0009675000  -0.0002505531
29  5  -0.0003925076  -0.0001791795  -0.0001759539  -0.0005794608   0.0009076951
29  6   0.0007498918   0.0005936213  -0.1317674795   0.1505444493  -0.0597137789
29  7  -0.0005521506   0.0010127952  -0.0002141497   0.0015247590  -0.0004972400
29  8   0.0008462436  -0.0003178805   0.0002563376   0.0001845371   0.0001185257
29  9   0.0001122760   0.0000096389   0.0001692164   0.0000409328  -0.0000481019
29 10   0.0000896412   0.0000708329  -0.0004347856   0.0000041706   0.0000149941
29 11   0.0000121994  -0.0000128104   0.0000444779   0.0001127355
30  1  -0.0071231242   0.0065094403   0.0010474367  -0.0837117117   0.0560249227
30  2  -0.0686454497  -0.0003576633  -0.0015932418   0.0055970182  -0.0044456996
30  3  -0.0001333615   0.0070204180   0.0005866846  -0.0017088056  -0.0019549796
30  4  -0.0000656446   0.0007950281  -0.0003466495  -0.0004534122   0.0004637854
30  5  -0.0005456155   0.0016282475  -0.0009939261   0.0007679366   0.0004497981
30  6  -0.0001300194   0.0002169281   0.0906531948  -0.0597137789   0.0616169993
30  7   0.0027066872   0.0002141002  -0.0053684204  -0.0002531142  -0.0000225348
30  8   0.0002897036  -0.0001078704   0.0001845274   0.0003312934   0.0000536300
30  9  -0.0000096401   0.0004951383   0.0002420819  -0.0001074775  -0.0002885502
30 10   0.0000644910  -0.0000169730  -0.0004130533   0.0001132260   0.0000649407
30 11  -0.0001961468   0.0000290453   0.0001604997   0.0003774412
31  1   0.0021304183   0.0005772992  -0.0026815034   0.0049797423   0.0046767391
31  2  -0.0003832729  -0.2126584646  -0.1252518425  -0.0843504809  -0.0093132738
31  3  -0.0132126751  -0.0043055119   0.0002455532  -0.0001981581   0.0004407978
31  4  -0.0011552874   0.0014028106  -0.0013515616  -0.0003184848   0.0001278405
31  5  -0.0002714805  -0.0019295445   0.0011237823  -0.0002090408   0.0001811938
31  6   0.0001225331  -0.0000994941  -0.0008483507  -0.0005521506   0.0027066872
31  7   0.2176559071   0.1317676113   0.0906528455   0.0011184772   0.0001851210
31  8   0.0006194645   0.0001574420  -0.0001185744  -0.0000535154  -0.0004811394
31  9  -0.0003178785   0.0001078694   0.0000019670  -0.0000545173  -0.0000719052
31 10   0.0000526305   0.0000476873   0.0000090612   0.0000953130  -0.0000626202
31 11  -0.0000519130   0.0000961746  -0.0002554812  -0.0007049986
32  1   0.0017116685  -0.0058823200   0.0010366673  -0.0251988058  -0.0085382516
32  2  -0.0118644894  -0.1210430432  -0.1460150790  -0.0542380510   0.0120430174
32  3   0.0093073606   0.0044112854   0.0006851141   0.0001599375  -0.0003655928
32  4   0.0008146634  -0.0009501677   0.0014020065   0.0001789192  -0.0001759244
32  5   0.0005794752   0.0009683054  -0.0002505791   0.0003925324  -0.0015248876
32  6  -0.0004972367  -0.0008462591   0.0005521395   0.0010127952   0.0002141002
32  7   0.1317676113   0.1505431038   0.0597123843  -0.0009057399   0.0007499099
32  8  -0.0005936093  -0.0001185729   0.0001122792  -0.0000096282   0.0003179670
32  9   0.0002563376  -0.0001845239  -0.0000041743   0.0000149934  -0.0000123580
32 10   0.0000128149   0.0000444828  -0.0001127977  -0.0001692068   0.0000409388
32 11   0.0000480055  -0.0000896267   0.0000708351   0.0004349053
33  1  -0.0044457385   0.0001333868   0.0070204715  -0.0003576153   0.0015932180
33  2   0.0055972276  -0.0837111417  -0.0560234112  -0.0686444368  -0.0071228783
33  3  -0.0065094099   0.0010475967  -0.0000656515  -0.0007949779  -0.0003468221
33  4   0.0005866717   0.0017087868  -0.0019552463   0.0016293795   0.0009939146
33  5   0.0007680092  -0.0004522805  -0.0004638165  -0.0005456782  -0.0002537565
33  6   0.0000225283   0.0002897051   0.0027080277  -0.0002141497  -0.0053684204
33  7   0.0906528455   0.0597123843   0.0616161270   0.0004510817   0.0001300103
33  8   0.0002169233   0.0000535100   0.0000096270   0.0004951314  -0.0001078576
33  9  -0.0001845335   0.0003312859   0.0001132502  -0.0000649469  -0.0001963612
33 10   0.0000290379  -0.0001605179   0.0003773448   0.0002420397   0.0001074680
33 11  -0.0002887899   0.0000644728   0.0000169590  -0.0004144869
34  1  -0.0008528548  -0.0000000038  -0.0000000059  -0.0050753428   0.0017411818
34  2  -0.0028364392   0.0014514807   0.0278414221   0.0026605016  -0.0482774968
34  3  -0.0000012570  -0.0000001019  -0.0050753942  -0.0017411704   0.0028364380
34  4   0.0014512318  -0.0278415068  -0.0026605393   0.0005312081  -0.0000000088
34  5   0.0000000155  -0.0002287563  -0.0000001195   0.0000000579   0.0001355987
34  6   0.0000000107   0.0000000015   0.0001811152   0.0015247590  -0.0002531142
34  7   0.0011184772  -0.0009057399   0.0004510817   0.0533889895   0.0000014184
34  8   0.0000000910   0.0001811038  -0.0015247463   0.0002530900   0.0011183943
34  9   0.0009057547  -0.0004510676   0.0000028864   0.0000063933  -0.0000321616
34 10   0.0000028859  -0.0000064015   0.0000321495  -0.0000275333   0.0002374606
34 11  -0.0002418973  -0.0000275879  -0.0002374468   0.0002419212
35  1   0.0000000211   0.0008631912  -0.0000236840   0.0021941550  -0.0002713698
35  2   0.0009874915  -0.0026562173  -0.0087697105  -0.0016035374  -0.0000013027
35  3  -0.3169026788  -0.0090676111  -0.0021941385  -0.0002713497   0.0009874657
35  4   0.0026560905  -0.0087694663  -0.0016035334   0.0000018136   0.0007830624
35  5  -0.0013282419  -0.0000000562  -0.0066382115   0.0016029083  -0.0000000011
35  6  -0.0000305532  -0.0000159410  -0.0001225364  -0.0004972400  -0.0000225348
35  7   0.0001851210   0.0007499099   0.0001300103   0.0000014184   0.3396139599
35  8   0.0104831346   0.0001225316  -0.0004972354  -0.0000225307  -0.0001853515
35  9   0.0007498916   0.0001300203  -0.0000786600  -0.0002628737  -0.0000634110
35 10   0.0000786791  -0.0002629106  -0.0000634093   0.0003813743   0.0002018789
35 11  -0.0002661778  -0.0003813554   0.0002018119  -0.0002661921
36  1   0.0000000051   0.0001600247  -0.0005446677  -0.0032644182   0.0007618984
36  2  -0.0007895047   0.0016162202   0.0152920073  -0.0001170572  -0.0000001256
36  3  -0.0109407594  -0.0449978352   0.0032644799   0.0007618984  -0.0007895123
36  4  -0.0016161159   0.0152922456  -0.0001170133  -0.0000001334  -0.0004220439
36  5  -0.0059909889   0.0000000357  -0.0311765075  -0.0001351329  -0.0000000042
36  6   0.0000159423   0.0001242245  -0.0000994874   0.0008462436   0.0002897036
36  7   0.0006194645  -0.0005936093   0.0002169233   0.0000000910   0.0104831346
36  8   0.0499858587   0.0000994964   0.0008462583   0.0002897175  -0.0006194867
36  9  -0.0005936153   0.0002169282  -0.0000956167  -0.0011467864  -0.0000935552
36 10   0.0000956694  -0.0011469126  -0.0000935522   0.0004757237   0.0007773851
36 11   0.0012683045  -0.0004757283   0.0007773638   0.0012681892
37  1  -0.0093136533  -0.0132126555   0.0043055602  -0.0011552979   0.0014027997
37  2   0.0013512301   0.0002455434  -0.0001981454  -0.0004410539   0.0021302786
37  3   0.0005772763   0.0026816340  -0.2126598890  -0.1252522773   0.0843493872
37  4   0.0049796779   0.0046768237   0.0003834486  -0.0019272528   0.0011237707
37  5   0.0002090456  -0.0003196334   0.0001278490   0.0002714648   0.0011167044
37  6   0.0001851239  -0.0006194576  -0.0004811135  -0.0003178805  -0.0001078704
37  7   0.0001574420  -0.0001185729   0.0000535100   0.0001811038   0.0001225316
37  8   0.0000994964   0.2176574308   0.1317679325  -0.0906513989  -0.0008487480
37  9  -0.0005521254  -0.0027066304   0.0000961760  -0.0002554805   0.0007043256
37 10   0.0000953136  -0.0000626222   0.0000516643   0.0000526318   0.0000476908
37 11  -0.0000092318   0.0000019717  -0.0000545155   0.0000715741
38  1   0.0120426070   0.0093073536  -0.0044111612   0.0008146887  -0.0009501595
38  2  -0.0014022975   0.0006851255   0.0001599283   0.0003654607   0.0017117161
38  3  -0.0058823265  -0.0010366535  -0.1210433371  -0.1460147288   0.0542366517
38  4  -0.0251988654  -0.0085382784   0.0118645145   0.0009687586  -0.0002505809
38  5  -0.0003925165   0.0001791456  -0.0001759166  -0.0005794803  -0.0009076953
38  6   0.0007499103   0.0005936160   0.0003178897   0.0002563376   0.0001845274
38  7  -0.0001185744   0.0001122792   0.0000096270  -0.0015247463  -0.0004972354
38  8   0.0008462583   0.1317679325   0.1505427879  -0.0597109056   0.0005519953
38  9   0.0010127952  -0.0002140539  -0.0000896258   0.0000708318  -0.0004347977
38 10  -0.0001692066   0.0000409395  -0.0000480905   0.0000128167   0.0000444818
38 11   0.0001127318  -0.0000041722   0.0000149930   0.0000122171
39  1   0.0071232870   0.0065094419   0.0010474934  -0.0005866945  -0.0017088296
39  2  -0.0019549760   0.0000656406   0.0007949887  -0.0003466522   0.0044458201
39  3  -0.0001334331   0.0070203119   0.0837097178   0.0560216653  -0.0686430418
39  4   0.0003575753  -0.0015929702   0.0055970695   0.0004501843   0.0004638197
39  5  -0.0005456535  -0.0016280505  -0.0009938954   0.0007680030  -0.0004498141
39  6  -0.0001300094   0.0002169221   0.0001078720   0.0001845371   0.0003312934
39  7  -0.0000535154  -0.0000096282   0.0004951314   0.0002530900  -0.0000225307
39  8   0.0002897175  -0.0906513989  -0.0597109056   0.0616145658  -0.0027077935
39  9   0.0002141960  -0.0053684203  -0.0000644796  -0.0000169605  -0.0004130791
39 10  -0.0002420472  -0.0001074687  -0.0002885646  -0.0000290398   0.0001605161
39 11   0.0003774367  -0.0001132510   0.0000649474  -0.0001961597
40  1   0.0021305733  -0.0005770208   0.0026809166   0.0002455197   0.0001980973
40  2  -0.0004407767  -0.0011553989  -0.0014028949   0.0013514093  -0.0093134788
40  3   0.0132131236   0.0043061733   0.0049800764  -0.0046766261   0.0003831561
40  4  -0.2126545060   0.1252513116   0.0843521270  -0.0003229857  -0.0001276837
40  5   0.0002716275  -0.0019293433  -0.0011239686   0.0002092947   0.0001812613
40  6  -0.0001227858   0.0000995058   0.0001575867   0.0001185257   0.0000536300
40  7  -0.0004811394   0.0003179670  -0.0001078576   0.0011183943  -0.0001853515
40  8  -0.0006194867  -0.0008487480   0.0005519953  -0.0027077935   0.2176523819
40  9  -0.1317672986  -0.0906549149   0.0000527401  -0.0000477030  -0.0000091774
40 10   0.0000012944   0.0000545825   0.0000731279   0.0000961888   0.0002555372
40 11   0.0007043752   0.0000953015   0.0000626636   0.0000519275
41  1  -0.0017118234  -0.0058822378   0.0010365366  -0.0006850976   0.0001599433
41  2  -0.0003655852  -0.0008146336  -0.0009501551   0.0014020259  -0.0120428660
41  3   0.0093073777   0.0044113491   0.0251985084  -0.0085382183  -0.0118646253
41  4   0.1210426686  -0.1460168513  -0.0542407738  -0.0001774957  -0.0001759617
41  5   0.0005794557  -0.0009683363  -0.0002505513   0.0003925234   0.0015248816
41  6  -0.0004972412  -0.0008462435   0.0001185759   0.0001122760  -0.0000096401
41  7  -0.0003178785   0.0002563376  -0.0001845335   0.0009057547   0.0007498916
41  8  -0.0005936153  -0.0005521254   0.0010127952   0.0002141960  -0.1317672986
41  9   0.1505447665   0.0597152502  -0.0000128086   0.0000444790  -0.0001127998
41 10   0.0000041725   0.0000149946  -0.0000123405   0.0000896421   0.0000708362
41 11   0.0004348400   0.0001692167   0.0000409322   0.0000480165
42  1   0.0044456191   0.0001333194   0.0070205712   0.0000656553  -0.0007950176
42  2  -0.0003468218  -0.0005866618   0.0017087628  -0.0019552473   0.0071227162
42  3  -0.0065094077   0.0010475438   0.0003577030   0.0015934896   0.0055971756
42  4   0.0837131265  -0.0560266612  -0.0686468348  -0.0016262381   0.0009939453
42  5   0.0007679426   0.0004521512  -0.0004637823  -0.0005456400   0.0002537809
42  6   0.0000225324   0.0002896921  -0.0000535100   0.0000096389   0.0004951383
42  7   0.0001078694  -0.0001845239   0.0003312859  -0.0004510676   0.0001300203
42  8   0.0002169282  -0.0027066304  -0.0002140539  -0.0053684203  -0.0906549149
42  9   0.0597152502   0.0616185502  -0.0000290435  -0.0001605011   0.0003773510
42 10  -0.0001132255  -0.0000649402  -0.0001963488  -0.0000644841   0.0000169719
42 11  -0.0004131090  -0.0002420742   0.0001074769  -0.0002887759
43  1   0.0004367639  -0.0004165902  -0.0021129580   0.0010866911  -0.0009098144
43  2  -0.0010159194  -0.0005193122   0.0009403989  -0.0001213333   0.0009629938
43  3  -0.0008211249  -0.0000336706   0.0004243735   0.0005861072   0.0006409953
43  4  -0.0000656353  -0.0008686067   0.0004630063  -0.2226975407   0.0765962895
43  5   0.0993570184   0.0007474247  -0.0032786782  -0.0024927940  -0.0000274375
43  6  -0.0003813575   0.0004757254   0.0000953260   0.0001692164   0.0002420819
43  7   0.0000019670  -0.0000041743   0.0001132502   0.0000028864  -0.0000786600
43  8  -0.0000956167   0.0000961760  -0.0000896258  -0.0000644796   0.0000527401
43  9  -0.0000128086  -0.0000290435   0.2371956683  -0.0803034017  -0.1075761205
43 10  -0.0199247523   0.0085885926   0.0122152793   0.0016249624  -0.0000196726
43 11  -0.0000355341   0.0005051489   0.0002967258   0.0000707953
44  1  -0.0091937428   0.0039296505   0.0070043286  -0.0005928233   0.0000672706
44  2  -0.0008233219   0.0002010548   0.0000679120   0.0004853908   0.0009033017
44  3  -0.0036323495   0.0002888360   0.0006797486   0.0000739047   0.0021784234
44  4  -0.0008736071  -0.0002264567   0.0010115319   0.0741878174  -0.0763220819
44  5  -0.0446739867   0.0237947300  -0.0119747060  -0.0128652210  -0.0002373636
44  6   0.0002018099  -0.0007773639   0.0000626355   0.0000409328  -0.0001074775
44  7  -0.0000545173   0.0000149934  -0.0000649469   0.0000063933  -0.0002628737
44  8  -0.0011467864  -0.0002554805   0.0000708318  -0.0000169605  -0.0000477030
44  9   0.0000444790  -0.0001605011  -0.0803034017   0.0862578264   0.0448353923
44 10  -0.0085895543   0.0036148408   0.0055729107   0.0000196754   0.0015455649
44 11  -0.0001314858   0.0002967244  -0.0035008549  -0.0006038582
45  1   0.0230663845  -0.0099850190  -0.0171529294   0.0017887101   0.0011695535
45  2   0.0015589204   0.0001262985  -0.0009421845   0.0007479984  -0.0003654237
45  3  -0.0000545416  -0.0013185335  -0.0005191242   0.0020299636  -0.0048520518
45  4   0.0006328875  -0.0003243891  -0.0002124646   0.0957895892  -0.0458456651
45  5  -0.0994534466  -0.0009115543   0.0032256762   0.0005427045  -0.0002416555
45  6   0.0002659987   0.0012682694  -0.0000516321  -0.0000481019  -0.0002885502
45  7  -0.0000719052  -0.0000123580  -0.0001963612  -0.0000321616  -0.0000634110
45  8  -0.0000935552   0.0007043256  -0.0004347977  -0.0004130791  -0.0000091774
45  9  -0.0001127998   0.0003773510  -0.1075761205   0.0448353923   0.1106389658
45 10  -0.0122164046   0.0055728150   0.0077529307  -0.0000355048   0.0001315916
45 11   0.0012334827  -0.0000708480   0.0006039282  -0.0001360851
46  1   0.0004372455   0.0004168090   0.0021132611   0.0004243288  -0.0005862624
46  2  -0.0006410102  -0.0000656204   0.0008686343  -0.0004630992   0.0009629276
46  3   0.0008213253   0.0000337773   0.0010866217   0.0009096679   0.0010155976
46  4  -0.0005192874  -0.0009402930   0.0001212254  -0.2226848628  -0.0765994618
46  5  -0.0993592952   0.0007480665   0.0032791602   0.0024932663  -0.0000273947
46  6   0.0003813761  -0.0004757209   0.0000962005   0.0000896412   0.0000644910
46  7   0.0000526305   0.0000128149   0.0000290379   0.0000028859   0.0000786791
46  8   0.0000956694   0.0000953136  -0.0001692066  -0.0002420472   0.0000012944
46  9   0.0000041725  -0.0001132255  -0.0199247523  -0.0085895543  -0.0122164046
46 10   0.2371836814   0.0803066362   0.1075790182   0.0005051152  -0.0002966292
46 11  -0.0000707767   0.0016249624   0.0000196763   0.0000355498
47  1   0.0091935253   0.0039298285   0.0070047947  -0.0006797847   0.0000739216
47  2   0.0021784712   0.0008736136  -0.0002264168   0.0010115561  -0.0009032581
47  3  -0.0036327532   0.0002888765   0.0005927926   0.0000671704  -0.0008232381
47  4  -0.0002010865   0.0000679028   0.0004853988  -0.0741909959  -0.0763267158
47  5  -0.0446795665  -0.0237935465  -0.0119751629  -0.0128662973   0.0002373700
47  6   0.0002018767  -0.0007773852   0.0002554867   0.0000708329  -0.0000169730
47  7   0.0000476873   0.0000444828  -0.0001605179  -0.0000064015  -0.0002629106
47  8  -0.0011469126  -0.0000626222   0.0000409395  -0.0001074687   0.0000545825
47  9   0.0000149946  -0.0000649402   0.0085885926   0.0036148408   0.0055728150
47 10   0.0803066362   0.0862628178   0.0448415570  -0.0002966278  -0.0035005173
47 11  -0.0006037492  -0.0000196717   0.0015455649  -0.0001315173
48  1  -0.0230658189  -0.0099855901  -0.0171535069   0.0005191851   0.0020298949
48  2  -0.0048520973  -0.0006328405  -0.0003244075  -0.0002125114   0.0003654900
48  3  -0.0000544958  -0.0013186171  -0.0017885736   0.0011695698   0.0015590990
48  4  -0.0001263875  -0.0009422759   0.0007479252  -0.0957903227  -0.0458510786
48  5  -0.0994597830   0.0009113571   0.0032256276   0.0005429551   0.0002416284
48  6   0.0002659847   0.0012683836  -0.0007043109  -0.0004347856  -0.0004130533
48  7   0.0000090612  -0.0001127977   0.0003773448   0.0000321495  -0.0000634093
48  8  -0.0000935522   0.0000516643  -0.0000480905  -0.0002885646   0.0000731279
48  9  -0.0000123405  -0.0001963488   0.0122152793   0.0055729107   0.0077529307
48 10   0.1075790182   0.0448415570   0.1106456439   0.0000708292   0.0006038182
48 11  -0.0001361608   0.0000354899   0.0001315596   0.0012334831
49  1   0.0009629587   0.0008213277  -0.0000336515  -0.0005192803  -0.0009402890
49  2  -0.0001212104   0.0010866183   0.0009096585  -0.0010156899   0.0004371891
49  3   0.0004168037  -0.0021131977  -0.0000656201   0.0008686317   0.0004631572
49  4   0.0004243155  -0.0005862620   0.0006408964   0.0007487262   0.0032791520
49  5  -0.0024932667  -0.2226855778  -0.0765993386   0.0993593006   0.0000031755
49  6   0.0000786782  -0.0000956721   0.0000014096   0.0000041706   0.0001132260
49  7   0.0000953130  -0.0001692068   0.0002420397  -0.0000275333   0.0003813743
49  8   0.0004757237   0.0000526318   0.0000128167  -0.0000290398   0.0000961888
49  9   0.0000896421  -0.0000644841   0.0016249624   0.0000196754  -0.0000355048
49 10   0.0005051152  -0.0002966278   0.0000708292   0.2371835448   0.0803065229
49 11  -0.1075792353  -0.0199247703  -0.0085895459   0.0122167594
50  1  -0.0009032907  -0.0036327555  -0.0002888399  -0.0002010883   0.0000679015
50  2  -0.0004853640   0.0005927916   0.0000671748   0.0008231721   0.0091935734
50  3   0.0039298241  -0.0070048211   0.0008736147  -0.0002264275  -0.0010115491
50  4  -0.0006797755   0.0000739160  -0.0021785370  -0.0237931488  -0.0119751636
50  5   0.0128663017  -0.0741899292  -0.0763266508   0.0446795275  -0.0000066168
50  6  -0.0002629070   0.0011469119   0.0000545960   0.0000149941   0.0000649407
50  7  -0.0000626202   0.0000409388   0.0001074680   0.0002374606   0.0002018789
50  8   0.0007773851   0.0000476908   0.0000444818   0.0001605161   0.0002555372
50  9   0.0000708362   0.0000169719  -0.0000196726   0.0015455649   0.0001315916
50 10  -0.0002966292  -0.0035005173   0.0006038182   0.0803065229   0.0862627712
50 11  -0.0448415764   0.0085885839   0.0036148347  -0.0055729641
51  1  -0.0003655786   0.0000547585  -0.0013192928   0.0001263077   0.0009423813
51  2   0.0007479813   0.0017885829  -0.0011694811   0.0015592787   0.0230659481
51  3   0.0099858336  -0.0171530948   0.0006328383   0.0003243642  -0.0002123975
51  4  -0.0005191098  -0.0020299563  -0.0048520475  -0.0009123782  -0.0032257838
51  5   0.0005427681   0.0957900897   0.0458512045  -0.0994599698  -0.0000320577
51  6   0.0000632081  -0.0000935887  -0.0000728953   0.0000121994  -0.0001961468
51  7  -0.0000519130   0.0000480055  -0.0002887899  -0.0002418973  -0.0002661778
51  8   0.0012683045  -0.0000092318   0.0001127318   0.0003774367   0.0007043752
51  9   0.0004348400  -0.0004131090  -0.0000355341  -0.0001314858   0.0012334827
51 10  -0.0000707767  -0.0006037492  -0.0001361608  -0.1075792353  -0.0448415764
51 11   0.1106459484  -0.0122150604  -0.0055729676   0.0077545241
52  1   0.0009630256  -0.0008211274   0.0000335452  -0.0000656348  -0.0008686040
52  2  -0.0004630638   0.0004243601   0.0005861069  -0.0006408816   0.0004367079
52  3  -0.0004165855   0.0021128947  -0.0005193080   0.0009403943   0.0001213177
52  4   0.0010866909  -0.0009098049   0.0010160125   0.0007466345  -0.0032786698
52  5   0.0024927944  -0.2226963973   0.0765961675  -0.0993570326   0.0000031668
52  6  -0.0000786591   0.0000956195   0.0000526318  -0.0000128104   0.0000290453
52  7   0.0000961746  -0.0000896267   0.0000644728  -0.0000275879  -0.0003813554
52  8  -0.0004757283   0.0000019717  -0.0000041722  -0.0001132510   0.0000953015
52  9   0.0001692167  -0.0002420742   0.0005051489   0.0002967244  -0.0000708480
52 10   0.0016249624  -0.0000196717   0.0000354899  -0.0199247703   0.0085885839
52 11  -0.0122150604   0.2371955341  -0.0803032890   0.1075763487
53  1   0.0009033344  -0.0036323516  -0.0002888000  -0.0008736082  -0.0002264671
53  2  -0.0010115249   0.0006797396   0.0000738992  -0.0021784889  -0.0091937910
53  3   0.0039296461  -0.0070043548   0.0002010565   0.0000679106  -0.0004853560
53  4  -0.0005928222   0.0000672749   0.0008232558   0.0237939973  -0.0119747073
53  5   0.0128652262   0.0741866059  -0.0763220155   0.0446739507   0.0000066056
53  6  -0.0002628702   0.0011467857  -0.0000476847   0.0000444779   0.0001604997
53  7  -0.0002554812   0.0000708351   0.0000169590  -0.0002374468   0.0002018119
53  8   0.0007773638  -0.0000545155   0.0000149930   0.0000649474   0.0000626636
53  9   0.0000409322   0.0001074769   0.0002967258  -0.0035008549   0.0006039282
53 10   0.0000196763   0.0015455649   0.0001315596  -0.0085895459   0.0036148347
53 11  -0.0055729676  -0.0803032890   0.0862577791  -0.0448354155
54  1   0.0003655157   0.0000548089  -0.0013192081  -0.0006328873   0.0003243541
54  2  -0.0002123531   0.0005190516  -0.0020300100  -0.0048520289  -0.0230664944
54  3   0.0099852596  -0.0171525262  -0.0001262151   0.0009422924   0.0007480538
54  4  -0.0017887141  -0.0011694632   0.0015591001   0.0009111335  -0.0032258294
54  5   0.0005425199  -0.0957876769   0.0458457981  -0.0994536338   0.0000320608
54  6   0.0000632103  -0.0000935919   0.0000092432   0.0001127355   0.0003774412
54  7  -0.0007049986   0.0004349053  -0.0004144869   0.0002419212  -0.0002661921
54  8   0.0012681892   0.0000715741   0.0000122171  -0.0001961597   0.0000519275
54  9   0.0000480165  -0.0002887759   0.0000707953  -0.0006038582  -0.0001360851
54 10   0.0000355498  -0.0001315173   0.0012334831   0.0122167594  -0.0055729641
54 11   0.0077545241   0.1075763487  -0.0448354155   0.1106392806
$hessian (projected)
 1  1   0.4326021974   0.0000018494  -0.0000009242  -0.1493997166  -0.0287884374
 1  2  -0.0439177891   0.0021692507  -0.0216360424  -0.0013358210  -0.0164414068
 1  3   0.0000005760   0.0000010634  -0.1493991912   0.0287889966   0.0439172272
 1  4   0.0021699059   0.0216361663   0.0013354133  -0.0590242728  -0.0000000621
 1  5   0.0000004958  -0.0019825834  -0.0000005532  -0.0000003327  -0.0482741030
 1  6  -0.0000016033   0.0000001810  -0.0093116687  -0.0120407154  -0.0071256987
 1  7   0.0021276930   0.0017145146  -0.0044459016  -0.0008520807  -0.0000002871
 1  8  -0.0000000270  -0.0093124783   0.0120407026   0.0071264370   0.0021286634
 1  9  -0.0017148775   0.0044449410   0.0004366254  -0.0091934986   0.0230663227
 1 10   0.0004368158   0.0091932166  -0.0230660196   0.0009630928  -0.0009022235
 1 11  -0.0003669796   0.0009632572   0.0009022785   0.0003674121
 2  1   0.0000018494   0.6658572292   0.0176849228  -0.0366109102  -0.1098325830
 2  2  -0.0195730236  -0.0316193313  -0.0192855424  -0.0156610909   0.0000001268
 2  3  -0.0038685556  -0.0010557234   0.0366117048  -0.1098335452  -0.0195739450
 2  4   0.0316186381  -0.0192861222  -0.0156617732  -0.0000018924  -0.0796877562
 2  5   0.0203402589  -0.0000000588  -0.0154650731   0.0289762126  -0.0000012278
 2  6  -0.3169011337   0.0109405690   0.0132137755   0.0093071946   0.0065108938
 2  7   0.0005763359  -0.0058824956   0.0001316962  -0.0000000218   0.0008641928
 2  8   0.0001603166  -0.0132135749   0.0093071140   0.0065108029  -0.0005760986
 2  9  -0.0058824798   0.0001315442  -0.0004157107   0.0039284625  -0.0099862466
 2 10   0.0004160974   0.0039286111  -0.0099868586   0.0008205787  -0.0036339477
 2 11   0.0000557226  -0.0008202802  -0.0036335698   0.0000557216
 3  1  -0.0000009242   0.0176849228   0.3522635008  -0.0461174232  -0.0198924117
 3  2  -0.0760339329   0.0004818543  -0.0099507152   0.0016619738  -0.0000003315
 3  3   0.0010554906  -0.0145931590   0.0461161190  -0.0198919086  -0.0760329977
 3  4  -0.0004818279  -0.0099498776   0.0016631098   0.0000040754   0.0078910730
 3  5  -0.1255567569  -0.0000007940   0.0173245663   0.0029797838   0.0000000314
 3  6   0.0090623585  -0.0449968497  -0.0043048073  -0.0044105254   0.0010477632
 3  7  -0.0026830538   0.0010364314   0.0070197307   0.0000000160  -0.0000236972
 3  8  -0.0005436229   0.0043046023  -0.0044103489   0.0010479691   0.0026826750
 3  9   0.0010363646   0.0070199433  -0.0021134236   0.0070054754  -0.0171514346
 3 10   0.0021134760   0.0070059645  -0.0171519620  -0.0000335871  -0.0002866290
 3 11  -0.0013215945   0.0000333233  -0.0002865338  -0.0013214644
 4  1  -0.1493997166  -0.0366109102  -0.0461174232   0.5027360868  -0.0947048825
 4  2   0.1743407194  -0.0967193835   0.0007695296  -0.0207537010   0.0021700499
 4  3   0.0316189552   0.0004822843  -0.0387323005   0.0004718519  -0.0078396651
 4  4  -0.0020259117  -0.0030589032  -0.0003656081  -0.0057847240   0.0046565699
 4  5  -0.0132417898  -0.0009596841  -0.0016183091  -0.0020671151   0.0014517871
 4  6   0.0026559125   0.0016158436  -0.2126551185   0.1210439535  -0.0837139881
 4  7   0.0049781585  -0.0251980113  -0.0003584487  -0.0050745063   0.0021939730
 4  8  -0.0032642254  -0.0011548334   0.0008133251  -0.0005843818   0.0002443102
 4  9  -0.0006863023   0.0000662207   0.0010864781  -0.0005927458   0.0017872494
 4 10   0.0004240478  -0.0006795999   0.0005201031  -0.0005192010  -0.0002002506
 4 11   0.0001244430  -0.0000655387  -0.0008741560  -0.0006305169
 5  1  -0.0287884374  -0.1098325830  -0.0198924117  -0.0947048825   0.8130817707
 5  2  -0.0375151504  -0.0007714093  -0.5236713246   0.0015726061   0.0216353244
 5  3  -0.0192856812   0.0099501427  -0.0004712266   0.0124737736   0.0072675189
 5  4  -0.0030586227  -0.0097248496   0.0005248049   0.0020323774   0.0060664253
 5  5  -0.0035510800   0.0020034125  -0.0047010752  -0.0034056753  -0.0278437095
 5  6  -0.0087701394  -0.0152929667   0.1252554420  -0.1460143113   0.0560255490
 5  7   0.0046731282  -0.0085355357   0.0015930574   0.0017413313  -0.0002720023
 5  8   0.0007624248   0.0014031648  -0.0009527994  -0.0017060080   0.0001980719
 5  9   0.0001567610  -0.0007990262  -0.0009088712   0.0000678153   0.0011702191
 5 10  -0.0005868465   0.0000728528   0.0020286429  -0.0009406646   0.0000685202
 5 11   0.0009418833  -0.0008675825  -0.0002276172   0.0003254690
 6  1  -0.0439177891  -0.0195730236  -0.0760339329   0.1743407194  -0.0375151504
 6  2   0.2217569548  -0.0207538311  -0.0015714183  -0.0615632749  -0.0013358115
 6  3   0.0156615425   0.0016628040   0.0078398068   0.0072672913   0.0059298580
 6  4   0.0003654789  -0.0005242066   0.0037484279  -0.0275305127  -0.0071551135
 6  5  -0.0276964377  -0.0027645973   0.0003531219   0.0012099307   0.0026611680
 6  6   0.0015989778  -0.0001162399  -0.0843512212   0.0542389778  -0.0686446602
 6  7  -0.0003853215  -0.0118637995   0.0055975232  -0.0028373149   0.0009886155
 6  8  -0.0007882504   0.0013499261  -0.0014010402  -0.0019555021  -0.0004402914
 6  9  -0.0003673339  -0.0003479901  -0.0010157300  -0.0008228283   0.0015611880
 6 10  -0.0006406350   0.0021789988  -0.0048535008  -0.0001211258  -0.0004837594
 6 11   0.0007487220  -0.0004629179  -0.0010098519  -0.0002156198
 7  1   0.0021692507  -0.0316193313   0.0004818543  -0.0967193835  -0.0007714093
 7  2  -0.0207538311   0.5027386460   0.0947078968   0.1743402745  -0.1493978063
 7  3   0.0366114999  -0.0461168642  -0.0020258678   0.0030585083  -0.0003654737
 7  4  -0.0387323540  -0.0004719120  -0.0078397386  -0.0009596117   0.0016182210
 7  5  -0.0020671818  -0.0057849002  -0.0046565562  -0.0132417122  -0.0050747862
 7  6  -0.0021940544  -0.0032642754   0.0049785268   0.0251977999  -0.0003582873
 7  7  -0.2126582647  -0.1210445695  -0.0837138989   0.0014516232  -0.0026561288
 7  8   0.0016159446   0.0002441417   0.0006862401   0.0000666904  -0.0011551778
 7  9  -0.0008127929  -0.0005842960  -0.0005192141   0.0002002013   0.0001241359
 7 10  -0.0000653759   0.0008741682  -0.0006307790   0.0010864090   0.0005925802
 7 11   0.0017874108   0.0004241451   0.0006796387   0.0005200277
 8  1  -0.0216360424  -0.0192855424  -0.0099507152   0.0007695296  -0.5236713246
 8  2  -0.0015714183   0.0947078968   0.8130806953   0.0375120169   0.0287880608
 8  3  -0.1098329879   0.0198926956   0.0030589961  -0.0097250160  -0.0005243772
 8  4   0.0004723984   0.0124741653  -0.0072667080  -0.0020031913  -0.0047014054
 8  5   0.0034055868  -0.0020317724   0.0060666913   0.0035508048  -0.0017426091
 8  6  -0.0002719859  -0.0007624418  -0.0046728865  -0.0085360790  -0.0015929064
 8  7  -0.1252552702  -0.1460123846  -0.0560238551   0.0278415408  -0.0087703433
 8  8   0.0152927286  -0.0001976200   0.0001573034   0.0007984694  -0.0014027371
 8  9  -0.0009533223   0.0017054209   0.0009408074   0.0000684545  -0.0009415396
 8 10   0.0008675156  -0.0002274720  -0.0003252699   0.0009087690   0.0000677912
 8 11  -0.0011699929   0.0005866145   0.0000727626  -0.0020284986
 9  1  -0.0013358210  -0.0156610909   0.0016619738  -0.0207537010   0.0015726061
 9  2  -0.0615632749   0.1743402745   0.0375120169   0.2217549662  -0.0439175296
 9  3   0.0195738129  -0.0760332794   0.0003654976   0.0005251125   0.0037485906
 9  4   0.0078396803  -0.0072667286   0.0059301189  -0.0027647441  -0.0003538798
 9  5   0.0012094534  -0.0275301176   0.0071551340  -0.0276949247  -0.0028366061
 9  6  -0.0009889382  -0.0007882207  -0.0003851883   0.0118639094   0.0055974807
 9  7  -0.0843508898  -0.0542377213  -0.0686436891   0.0026600340  -0.0015992817
 9  8  -0.0001163599  -0.0004412102   0.0003670621  -0.0003474873   0.0013506373
 9  9   0.0014006583  -0.0019560795  -0.0001210827   0.0004835511   0.0007484867
 9 10  -0.0004632130   0.0010100746  -0.0002156746  -0.0010156764   0.0008225079
 9 11   0.0015615228  -0.0006403438  -0.0021788053  -0.0048536032
10  1  -0.0164414068   0.0000001268  -0.0000003315   0.0021700499   0.0216353244
10  2  -0.0013358115  -0.1493978063   0.0287880608  -0.0439175296   0.4326032836
10  3   0.0000014359   0.0000002797   0.0021692791  -0.0216354549   0.0013359774
10  4  -0.1493983119  -0.0287876553   0.0439182151  -0.0019802570  -0.0000003497
10  5   0.0000003221  -0.0590259289   0.0000000553  -0.0000004622  -0.0008525080
10  6   0.0000000056   0.0000000002   0.0021277267  -0.0017145955  -0.0044456199
10  7  -0.0093122332   0.0120403295  -0.0071262229  -0.0482774296  -0.0000013215
10  8  -0.0000001306   0.0021276222   0.0017144419   0.0044460665  -0.0093122972
10  9  -0.0120402063   0.0071259843   0.0009632046   0.0009021154  -0.0003672790
10 10   0.0009632565  -0.0009020822   0.0003670271   0.0004370915   0.0091929845
10 11   0.0230663209   0.0004366649  -0.0091932148  -0.0230668061
11  1   0.0000005760  -0.0038685556   0.0010554906   0.0316189552  -0.0192856812
11  2   0.0156615425   0.0366114999  -0.1098329879   0.0195738129   0.0000014359
11  3   0.6658577088  -0.0176854300  -0.0316191684  -0.0192859295   0.0156608445
11  4  -0.0366111308  -0.1098328582   0.0195728775  -0.0000027239  -0.0154651196
11  5  -0.0289761521   0.0000007064  -0.0796879722  -0.0203402411   0.0000000397
11  6   0.0008641923  -0.0001603150  -0.0005763906  -0.0058824253  -0.0001315858
11  7  -0.0132136332   0.0093071803  -0.0065107830  -0.0000012657  -0.3169016769
11  8  -0.0109401531   0.0005763537  -0.0058825573  -0.0001317519   0.0132140510
11  9   0.0093071444  -0.0065108675  -0.0008202467  -0.0036335439  -0.0000554478
11 10   0.0008206124  -0.0036339712  -0.0000554438   0.0004160610   0.0039286255
11 11   0.0099871148  -0.0004157320   0.0039284273   0.0099864885
12  1   0.0000010634  -0.0010557234  -0.0145931590   0.0004822843   0.0099501427
12  2   0.0016628040  -0.0461168642   0.0198926956  -0.0760332794   0.0000002797
12  3  -0.0176854300   0.3522629996  -0.0004815081   0.0099496578   0.0016616439
12  4   0.0461175335   0.0198918757  -0.0760342374  -0.0000035168  -0.0173244598
12  5   0.0029797872   0.0000001259  -0.0078911749  -0.1255566885   0.0000000902
12  6   0.0000238762  -0.0005436207  -0.0026834259  -0.0010362365   0.0070197354
12  7  -0.0043044211   0.0044105978   0.0010484185  -0.0000001239  -0.0090617669
12  8  -0.0449968597   0.0026833420  -0.0010364866   0.0070194887   0.0043050376
12  9   0.0044106023   0.0010479328  -0.0000333542   0.0002865902  -0.0013208637
12 10   0.0000337228   0.0002866083  -0.0013209996  -0.0021134780  -0.0070058796
12 11  -0.0171519686   0.0021132127  -0.0070054889  -0.0171511335
13  1  -0.1493991912   0.0366117048   0.0461161190  -0.0387323005  -0.0004712266
13  2   0.0078398068  -0.0020258678   0.0030589961   0.0003654976   0.0021692791
13  3  -0.0316191684  -0.0004815081   0.5027400837   0.0947085511  -0.1743385856
13  4  -0.0967194672  -0.0007725141   0.0207538331  -0.0057852669  -0.0046566826
13  5   0.0132417342  -0.0009594204   0.0016181263   0.0020671149   0.0014520433
13  6  -0.0026562773  -0.0016159016  -0.0011545230  -0.0008133406   0.0005847473
13  7   0.0002439588   0.0006862337  -0.0000666676  -0.0050745675  -0.0021942015
13  8   0.0032642565  -0.2126594227  -0.1210443955   0.0837123439   0.0049788563
13  9   0.0251976089   0.0003580601   0.0004241805   0.0006795356  -0.0005202778
13 10   0.0010863608   0.0005926784  -0.0017873596  -0.0000655320   0.0008741620
13 11   0.0006308083  -0.0005192031   0.0002002096  -0.0001240212
14  1   0.0287889966  -0.1098335452  -0.0198919086   0.0004718519   0.0124737736
14  2   0.0072672913   0.0030585083  -0.0097250160   0.0005251125  -0.0216354549
14  3  -0.0192859295   0.0099496578   0.0947085511   0.8130806276  -0.0375093256
14  4   0.0007683512  -0.5236715203   0.0015692833  -0.0020334766   0.0060667969
14  5  -0.0035510284  -0.0020033734  -0.0047011750  -0.0034056656   0.0278436712
14  6  -0.0087701090  -0.0152927827  -0.0014033848  -0.0009527170  -0.0017060884
14  7  -0.0001977746   0.0001568618  -0.0007986674  -0.0017413173  -0.0002717035
14  8   0.0007624582  -0.1252558109  -0.1460124536   0.0560221527  -0.0046733073
14  9  -0.0085354408   0.0015937564   0.0005865252   0.0000728788   0.0020286976
14 10   0.0009089533   0.0000677334   0.0011701933   0.0008676863  -0.0002275969
14 11   0.0003253792   0.0009408046   0.0000685346   0.0009414844
15  1   0.0439172272  -0.0195739450  -0.0760329977  -0.0078396651   0.0072675189
15  2   0.0059298580  -0.0003654737  -0.0005243772   0.0037485906   0.0013359774
15  3   0.0156608445   0.0016616439  -0.1743385856  -0.0375093256   0.2217533152
15  4   0.0207535884  -0.0015749503  -0.0615631871   0.0275299664  -0.0071551700
15  5  -0.0276949331   0.0027650973   0.0003538826   0.0012094522  -0.0026611093
15  6   0.0015994204  -0.0001163599  -0.0013504041  -0.0014009237  -0.0019558040
15  7   0.0004409684  -0.0003671827  -0.0003475171   0.0028373075   0.0009890421
15  8  -0.0007882207   0.0843500811   0.0542363851  -0.0686425474   0.0003847722
15  9  -0.0118638209   0.0055977532   0.0006403942   0.0021789978  -0.0048533788
15 10   0.0010156705  -0.0008227223   0.0015614268   0.0004631195  -0.0010098987
15 11  -0.0002158407   0.0001210677  -0.0004837749   0.0007487464
16  1   0.0021699059   0.0316186381  -0.0004818279  -0.0020259117  -0.0030586227
16  2   0.0003654789  -0.0387323540   0.0004723984   0.0078396803  -0.1493983119
16  3  -0.0366111308   0.0461175335  -0.0967194672   0.0007683512   0.0207535884
16  4   0.5027346509  -0.0947042348  -0.1743423059  -0.0009593713  -0.0016182724
16  5   0.0020670873  -0.0057847749   0.0046566453   0.0132417184  -0.0050747361
16  6   0.0021941323   0.0032642065   0.0002441676  -0.0006861908  -0.0000664749
16  7  -0.0011550872   0.0008128222   0.0005842301   0.0014513684   0.0026560599
16  8  -0.0016158421   0.0049782770  -0.0251980665   0.0003584445  -0.2126542845
16  9   0.1210441936   0.0837158338  -0.0000655552  -0.0008741655   0.0006305505
16 10  -0.0005190609  -0.0002002372  -0.0001244892   0.0004240877  -0.0006796918
16 11  -0.0005199835   0.0010864574  -0.0005926283  -0.0017874286
17  1   0.0216361663  -0.0192861222  -0.0099498776  -0.0030589032  -0.0097248496
17  2  -0.0005242066  -0.0004719120   0.0124741653  -0.0072667286  -0.0287876553
17  3  -0.1098328582   0.0198918757  -0.0007725141  -0.5236715203  -0.0015749503
17  4  -0.0947042348   0.8130814292   0.0375179793   0.0020017605  -0.0047009934
17  5   0.0034055544   0.0020319522   0.0060666321   0.0035509012   0.0017426895
17  6  -0.0002717307  -0.0007624865   0.0001973709   0.0001574004   0.0007984147
17  7   0.0014030025  -0.0009532069   0.0017057630  -0.0278416378  -0.0087698199
17  8   0.0152929899   0.0046731422  -0.0085360365  -0.0015927725   0.1252544388
17  9  -0.1460141071  -0.0560266879  -0.0008676357  -0.0002274702  -0.0003252583
17 10  -0.0009404547   0.0000684480  -0.0009416699  -0.0005866941   0.0000727589
17 11  -0.0020285479  -0.0009088812   0.0000678810  -0.0011702921
18  1   0.0013354133  -0.0156617732   0.0016631098  -0.0003656081   0.0005248049
18  2   0.0037484279  -0.0078397386  -0.0072667080   0.0059301189   0.0439182151
18  3   0.0195728775  -0.0760342374   0.0207538331   0.0015692833  -0.0615631871
18  4  -0.1743423059   0.0375179793   0.2217587570   0.0027655428  -0.0003533562
18  5   0.0012097376   0.0275297424   0.0071553095  -0.0276966251   0.0028365820
18  6  -0.0009885268  -0.0007882890   0.0004406942   0.0003671898  -0.0003478031
18  7  -0.0013501945   0.0014007415  -0.0019554919  -0.0026600695  -0.0015988253
18  8  -0.0001162789   0.0003857056   0.0118639073   0.0055972581   0.0843520424
18  9  -0.0542402731  -0.0686459182   0.0004628373   0.0010100685  -0.0002155716
18 10   0.0001211800   0.0004836093   0.0007484949   0.0006403808  -0.0021788599
18 11  -0.0048539884   0.0010157476   0.0008225515   0.0015614863
19  1  -0.0590242728  -0.0000018924   0.0000040754  -0.0057847240   0.0020323774
19  2  -0.0275305127  -0.0009596117  -0.0020031913  -0.0027647441  -0.0019802570
19  3  -0.0000027239  -0.0000035168  -0.0057852669  -0.0020334766   0.0275299664
19  4  -0.0009593713   0.0020017605   0.0027655428   0.5964736100   0.0000014645
19  5   0.0000017922  -0.0738902670   0.0000032221  -0.0000001166  -0.0002303463
19  6   0.0000013253  -0.0000002997  -0.0019312015  -0.0009677456  -0.0004540831
19  7  -0.0003219629   0.0001820152   0.0016297398   0.0005308382   0.0000012841
19  8  -0.0000000468  -0.0019281526   0.0009685847   0.0004515893  -0.0003251281
19  9  -0.0001810531  -0.0016275952  -0.2226965461   0.0741878565   0.0957914730
19 10  -0.2226843716  -0.0741909101  -0.0957926965   0.0007494350  -0.0237923104
19 11  -0.0009106410   0.0007475966   0.0237934130   0.0009100735
20  1  -0.0000000621  -0.0796877562   0.0078910730   0.0046565699   0.0060664253
20  2  -0.0071551135   0.0016182210  -0.0047014054  -0.0003538798  -0.0000003497
20  3  -0.0154651196  -0.0173244598  -0.0046566826   0.0060667969  -0.0071551700
20  4  -0.0016182724  -0.0047009934  -0.0003533562   0.0000014645   0.4427369773
20  5   0.0820177708   0.0000020229  -0.1670029404   0.0069118091  -0.0000001397
20  6  -0.0066338124   0.0311754937  -0.0011243852  -0.0002513911   0.0004643026
20  7   0.0001284696  -0.0001767860   0.0009935034  -0.0000000020   0.0007874007
20  8  -0.0004209710   0.0011243357  -0.0002514233   0.0004643540  -0.0001283730
20  9  -0.0001767658   0.0009934109   0.0765973656  -0.0763247528  -0.0458493458
20 10  -0.0766005854  -0.0763293580  -0.0458547397   0.0032780582  -0.0119777674
20 11  -0.0032224162  -0.0032776554  -0.0119773284  -0.0032222655
21  1   0.0000004958   0.0203402589  -0.1255567569  -0.0132417898  -0.0035510800
21  2  -0.0276964377  -0.0020671818   0.0034055868   0.0012094534   0.0000003221
21  3  -0.0289761521   0.0029797872   0.0132417342  -0.0035510284  -0.0276949331
21  4   0.0020670873   0.0034055544   0.0012097376   0.0000017922   0.0820177708
21  5   0.4541075668   0.0000000975  -0.0069115674  -0.0750494034  -0.0000000485
21  6  -0.0016077192  -0.0001342334  -0.0002086503  -0.0003920237  -0.0005454101
21  7  -0.0002725323   0.0005790170   0.0007677115   0.0000000083  -0.0013272436
21  8  -0.0059898452   0.0002086343  -0.0003920335  -0.0005454469   0.0002727903
21  9   0.0005789683   0.0007675594   0.0993567914  -0.0446735976  -0.0994526527
21 10  -0.0993590496  -0.0446791931  -0.0994589983  -0.0024932255   0.0128677792
21 11   0.0005412499   0.0024927242   0.0128667034   0.0005410517
22  1  -0.0019825834  -0.0000000588  -0.0000007940  -0.0009596841   0.0020034125
22  2  -0.0027645973  -0.0057849002  -0.0020317724  -0.0275301176  -0.0590259289
22  3   0.0000007064   0.0000001259  -0.0009594204  -0.0020033734   0.0027650973
22  4  -0.0057847749   0.0020319522   0.0275297424  -0.0738902670   0.0000020229
22  5   0.0000000975   0.5964754791   0.0000006742  -0.0000020531   0.0005300935
22  6  -0.0000004832   0.0000002767  -0.0003220642  -0.0001822948   0.0016292159
22  7  -0.0019306418   0.0009678837  -0.0004539661  -0.0002293445  -0.0000004030
22  8  -0.0000000053  -0.0003230446   0.0001820761  -0.0016282779  -0.0019295127
22  9  -0.0009681340   0.0004531469   0.0007483847   0.0237936848  -0.0009107027
22 10   0.0007487706  -0.0237925767   0.0009101247  -0.2226849846  -0.0741903115
22 11   0.0957928099  -0.2226955767   0.0741869949  -0.0957901232
23  1  -0.0000005532  -0.0154650731   0.0173245663  -0.0016183091  -0.0047010752
23  2   0.0003531219  -0.0046565562   0.0060666913   0.0071551340   0.0000000553
23  3  -0.0796879722  -0.0078911749   0.0016181263  -0.0047011750   0.0003538826
23  4   0.0046566453   0.0060666321   0.0071553095   0.0000032221  -0.1670029404
23  5  -0.0069115674   0.0000006742   0.4427368213  -0.0820176883  -0.0000000100
23  6   0.0007874127   0.0004210173  -0.0001284613  -0.0001767798  -0.0009933834
23  7   0.0011244144  -0.0002514287  -0.0004642252  -0.0000001188  -0.0066338721
23  8  -0.0311754254   0.0001284199  -0.0001767517  -0.0009933030  -0.0011246550
23  9  -0.0002513480  -0.0004642814  -0.0032776202  -0.0119773929   0.0032220292
23 10   0.0032780185  -0.0119778231   0.0032220142  -0.0766004532  -0.0763292705
23 11   0.0458545850   0.0765971611  -0.0763246547   0.0458493890
24  1  -0.0000003327   0.0289762126   0.0029797838  -0.0020671151  -0.0034056753
24  2   0.0012099307  -0.0132417122   0.0035508048  -0.0276949247  -0.0000004622
24  3  -0.0203402411  -0.1255566885   0.0020671149  -0.0034056656   0.0012094522
24  4   0.0132417184   0.0035509012  -0.0276966251  -0.0000001166   0.0069118091
24  5  -0.0750494034  -0.0000020531  -0.0820176883   0.4541076737   0.0000000041
24  6   0.0013272452  -0.0059898636  -0.0002726720  -0.0005789522   0.0007675085
24  7  -0.0002084637   0.0003920734  -0.0005451574   0.0000000501   0.0016077405
24  8  -0.0001341224   0.0002726238  -0.0005789980   0.0007675583   0.0002087394
24  9   0.0003920780  -0.0005453773  -0.0024927017  -0.0128666982   0.0005412021
24 10   0.0024931955  -0.0128677670   0.0005414496   0.0993590464   0.0446792133
24 11  -0.0994594922  -0.0993568633   0.0446736077  -0.0994529044
25  1  -0.0482741030  -0.0000012278   0.0000000314   0.0014517871  -0.0278437095
25  2   0.0026611680  -0.0050747862  -0.0017426091  -0.0028366061  -0.0008525080
25  3   0.0000000397   0.0000000902   0.0014520433   0.0278436712  -0.0026611093
25  4  -0.0050747361   0.0017426895   0.0028365820  -0.0002303463  -0.0000001397
25  5  -0.0000000485   0.0005300935  -0.0000000100   0.0000000041   0.0533895894
25  6   0.0000013918  -0.0000000856   0.0011171177   0.0009080823   0.0004494460
25  7   0.0001808226  -0.0015243750  -0.0002536971   0.0001356197  -0.0000000366
25  8  -0.0000000078   0.0011170309  -0.0009081019  -0.0004494053   0.0001809811
25  9   0.0015243456   0.0002536247  -0.0000274365  -0.0002372577  -0.0002416185
25 10  -0.0000274320   0.0002372568   0.0002415718   0.0000031311  -0.0000064338
25 11  -0.0000322614   0.0000031317   0.0000064243   0.0000323214
26  1  -0.0000016033  -0.3169011337   0.0090623585   0.0026559125  -0.0087701394
26  2   0.0015989778  -0.0021940544  -0.0002719859  -0.0009889382   0.0000000056
26  3   0.0008641923   0.0000238762  -0.0026562773  -0.0087701090   0.0015994204
26  4   0.0021941323  -0.0002717307  -0.0009885268   0.0000013253  -0.0066338124
26  5  -0.0016077192  -0.0000004832   0.0007874127   0.0013272452   0.0000013918
26  6   0.3396135800  -0.0104843783  -0.0001850433   0.0007497287  -0.0001304153
26  7   0.0001224643  -0.0004973996   0.0000223731   0.0000000203  -0.0000304133
26  8   0.0000162048   0.0001850315   0.0007497857  -0.0001303442  -0.0001226888
26  9  -0.0004973661   0.0000224393  -0.0003813452   0.0002021722   0.0002654251
26 10   0.0003812563   0.0002022554   0.0002654374   0.0000785801  -0.0002625452
26 11   0.0000632686  -0.0000786245  -0.0002624916   0.0000632957
27  1   0.0000001810   0.0109405690  -0.0449968497   0.0016158436  -0.0152929667
27  2  -0.0001162399  -0.0032642754  -0.0007624418  -0.0007882207   0.0000000002
27  3  -0.0001603150  -0.0005436207  -0.0016159016  -0.0152927827  -0.0001163599
27  4   0.0032642065  -0.0007624865  -0.0007882890  -0.0000002997   0.0311754937
27  5  -0.0001342334   0.0000002767   0.0004210173  -0.0059898636  -0.0000000856
27  6  -0.0104843783   0.0499860333   0.0006196698   0.0005936526   0.0002170920
27  7  -0.0000997255  -0.0008463047   0.0002896900   0.0000000000  -0.0000162029
27  8   0.0001244022  -0.0006196269   0.0005936441   0.0002170760   0.0000997498
27  9  -0.0008463005   0.0002896732   0.0004756881  -0.0007771915   0.0012686227
27 10  -0.0004756635  -0.0007772184   0.0012687306  -0.0000956367   0.0011471692
27 11  -0.0000938108   0.0000955993   0.0011470431  -0.0000938323
28  1  -0.0093116687   0.0132137755  -0.0043048073  -0.2126551185   0.1252554420
28  2  -0.0843512212   0.0049785268  -0.0046728865  -0.0003851883   0.0021277267
28  3  -0.0005763906  -0.0026834259  -0.0011545230  -0.0014033848  -0.0013504041
28  4   0.0002441676   0.0001973709   0.0004406942  -0.0019312015  -0.0011243852
28  5  -0.0002086503  -0.0003220642  -0.0001284613  -0.0002726720   0.0011171177
28  6  -0.0001850433   0.0006196698   0.2176535899  -0.1317667153   0.0906529199
28  7  -0.0008487579   0.0005528572   0.0027077527   0.0001807400  -0.0001224644
28  8  -0.0000997280  -0.0004807119   0.0003174546   0.0001083354   0.0001572107
28  9   0.0001181837  -0.0000535683   0.0000953760   0.0000627315  -0.0000517265
28 10   0.0000962427   0.0002551964  -0.0007040945   0.0000010633   0.0000547599
28 11  -0.0000733260   0.0000522843  -0.0000480404   0.0000094405
29  1  -0.0120407154   0.0093071946  -0.0044105254   0.1210439535  -0.1460143113
29  2   0.0542389778   0.0251977999  -0.0085360790   0.0118639094  -0.0017145955
29  3  -0.0058824253  -0.0010362365  -0.0008133406  -0.0009527170  -0.0014009237
29  4  -0.0006861908   0.0001574004   0.0003671898  -0.0009677456  -0.0002513911
29  5  -0.0003920237  -0.0001822948  -0.0001767798  -0.0005789522   0.0009080823
29  6   0.0007497287   0.0005936526  -0.1317667153   0.1505451473  -0.0597138763
29  7  -0.0005527963   0.0010135666  -0.0002142353   0.0015242892  -0.0004974030
29  8   0.0008462944  -0.0003174838   0.0002555829   0.0001851042   0.0001182661
29  9   0.0001114460   0.0000093754   0.0001693084   0.0000411643  -0.0000479520
29 10   0.0000896069   0.0000705029  -0.0004347477   0.0000037225   0.0000152363
29 11   0.0000120262  -0.0000131508   0.0000441366   0.0001129430
30  1  -0.0071256987   0.0065108938   0.0010477632  -0.0837139881   0.0560255490
30  2  -0.0686446602  -0.0003582873  -0.0015929064   0.0055974807  -0.0044456199
30  3  -0.0001315858   0.0070197354   0.0005847473  -0.0017060884  -0.0019558040
30  4  -0.0000664749   0.0007984147  -0.0003478031  -0.0004540831   0.0004643026
30  5  -0.0005454101   0.0016292159  -0.0009933834   0.0007675085   0.0004494460
30  6  -0.0001304153   0.0002170920   0.0906529199  -0.0597138763   0.0616173427
30  7   0.0027063650   0.0002142082  -0.0053683116  -0.0002530895  -0.0000224422
30  8   0.0002896819  -0.0001083719   0.0001850607   0.0003311338   0.0000536619
30  9  -0.0000094733   0.0004947340   0.0002420709  -0.0001074252  -0.0002880697
30 10   0.0000645033  -0.0000167439  -0.0004132220   0.0001134345   0.0000650847
30 11  -0.0001960364   0.0000292487   0.0001608264   0.0003768449
31  1   0.0021276930   0.0005763359  -0.0026830538   0.0049781585   0.0046731282
31  2  -0.0003853215  -0.2126582647  -0.1252552702  -0.0843508898  -0.0093122332
31  3  -0.0132136332  -0.0043044211   0.0002439588  -0.0001977746   0.0004409684
31  4  -0.0011550872   0.0014030025  -0.0013501945  -0.0003219629   0.0001284696
31  5  -0.0002725323  -0.0019306418   0.0011244144  -0.0002084637   0.0001808226
31  6   0.0001224643  -0.0000997255  -0.0008487579  -0.0005527963   0.0027063650
31  7   0.2176562266   0.1317668290   0.0906524838   0.0011187964   0.0001850524
31  8   0.0006196557   0.0001570541  -0.0001182551  -0.0000534521  -0.0004808454
31  9  -0.0003174252   0.0001084391   0.0000015365  -0.0000546505  -0.0000723673
31 10   0.0000522267   0.0000480173   0.0000092567   0.0000952315  -0.0000627045
31 11  -0.0000520021   0.0000960883  -0.0002552042  -0.0007047451
32  1   0.0017145146  -0.0058824956   0.0010364314  -0.0251980113  -0.0085355357
32  2  -0.0118637995  -0.1210445695  -0.1460123846  -0.0542377213   0.0120403295
32  3   0.0093071803   0.0044105978   0.0006862337   0.0001568618  -0.0003671827
32  4   0.0008128222  -0.0009532069   0.0014007415   0.0001820152  -0.0001767860
32  5   0.0005790170   0.0009678837  -0.0002514287   0.0003920734  -0.0015243750
32  6  -0.0004973996  -0.0008463047   0.0005528572   0.0010135666   0.0002142082
32  7   0.1317668290   0.1505439486   0.0597125005  -0.0009062508   0.0007497470
32  8  -0.0005936419  -0.0001182226   0.0001114540  -0.0000094232   0.0003175708
32  9   0.0002554371  -0.0001851531  -0.0000037172   0.0000152533  -0.0000121641
32 10   0.0000131457   0.0000441190  -0.0001129609  -0.0001693715   0.0000412094
32 11   0.0000478731  -0.0000896837   0.0000704601   0.0004349086
33  1  -0.0044459016   0.0001316962   0.0070197307  -0.0003584487   0.0015930574
33  2   0.0055975232  -0.0837138989  -0.0560238551  -0.0686436891  -0.0071262229
33  3  -0.0065107830   0.0010484185  -0.0000666676  -0.0007986674  -0.0003475171
33  4   0.0005842301   0.0017057630  -0.0019554919   0.0016297398   0.0009935034
33  5   0.0007677115  -0.0004539661  -0.0004642252  -0.0005451574  -0.0002536971
33  6   0.0000223731   0.0002896900   0.0027077527  -0.0002142353  -0.0053683116
33  7   0.0906524838   0.0597125005   0.0616164430   0.0004506112   0.0001303428
33  8   0.0002171225   0.0000534524   0.0000093844   0.0004948238  -0.0001083310
33  9  -0.0001851367   0.0003311539   0.0001134206  -0.0000650884  -0.0001963100
33 10   0.0000291431  -0.0001608180   0.0003767860   0.0002418988   0.0001074286
33 11  -0.0002882944   0.0000644013   0.0000167596  -0.0004146315
34  1  -0.0008520807  -0.0000000218   0.0000000160  -0.0050745063   0.0017413313
34  2  -0.0028373149   0.0014516232   0.0278415408   0.0026600340  -0.0482774296
34  3  -0.0000012657  -0.0000001239  -0.0050745675  -0.0017413173   0.0028373075
34  4   0.0014513684  -0.0278416378  -0.0026600695   0.0005308382  -0.0000000020
34  5   0.0000000083  -0.0002293445  -0.0000001188   0.0000000501   0.0001356197
34  6   0.0000000203   0.0000000000   0.0001807400   0.0015242892  -0.0002530895
34  7   0.0011187964  -0.0009062508   0.0004506112   0.0533890763   0.0000014278
34  8   0.0000000912   0.0001807350  -0.0015242696   0.0002530830   0.0011186997
34  9   0.0009062703  -0.0004505757   0.0000027994   0.0000062060  -0.0000324186
34 10   0.0000028241  -0.0000062135   0.0000323780  -0.0000275700   0.0002373154
34 11  -0.0002418410  -0.0000276219  -0.0002373039   0.0002418537
35  1  -0.0000002871   0.0008641928  -0.0000236972   0.0021939730  -0.0002720023
35  2   0.0009886155  -0.0026561288  -0.0087703433  -0.0015992817  -0.0000013215
35  3  -0.3169016769  -0.0090617669  -0.0021942015  -0.0002717035   0.0009890421
35  4   0.0026560599  -0.0087698199  -0.0015988253   0.0000012841   0.0007874007
35  5  -0.0013272436  -0.0000004030  -0.0066338721   0.0016077405  -0.0000000366
35  6  -0.0000304133  -0.0000162029  -0.0001224644  -0.0004974030  -0.0000224422
35  7   0.0001850524   0.0007497470   0.0001303428   0.0000014278   0.3396140999
35  8   0.0104838856   0.0001224390  -0.0004973594  -0.0000223750  -0.0001852544
35  9   0.0007497673   0.0001304169  -0.0000786494  -0.0002625120  -0.0000634956
35 10   0.0000785577  -0.0002625323  -0.0000634668   0.0003812748   0.0002022401
35 11  -0.0002656290  -0.0003813221   0.0002021901  -0.0002656175
36  1  -0.0000000270   0.0001603166  -0.0005436229  -0.0032642254   0.0007624248
36  2  -0.0007882504   0.0016159446   0.0152927286  -0.0001163599  -0.0000001306
36  3  -0.0109401531  -0.0449968597   0.0032642565   0.0007624582  -0.0007882207
36  4  -0.0016158421   0.0152929899  -0.0001162789  -0.0000000468  -0.0004209710
36  5  -0.0059898452  -0.0000000053  -0.0311754254  -0.0001341224  -0.0000000078
36  6   0.0000162048   0.0001244022  -0.0000997280   0.0008462944   0.0002896819
36  7   0.0006196557  -0.0005936419   0.0002171225   0.0000000912   0.0104838856
36  8   0.0499860275   0.0000997290   0.0008463086   0.0002897013  -0.0006196800
36  9  -0.0005936392   0.0002170992  -0.0000955879  -0.0011470464  -0.0000938077
36 10   0.0000956295  -0.0011471683  -0.0000938008   0.0004756724   0.0007772291
36 11   0.0012686036  -0.0004756978   0.0007772046   0.0012685305
37  1  -0.0093124783  -0.0132135749   0.0043046023  -0.0011548334   0.0014031648
37  2   0.0013499261   0.0002441417  -0.0001976200  -0.0004412102   0.0021276222
37  3   0.0005763537   0.0026833420  -0.2126594227  -0.1252558109   0.0843500811
37  4   0.0049782770   0.0046731422   0.0003857056  -0.0019281526   0.0011243357
37  5   0.0002086343  -0.0003230446   0.0001284199   0.0002726238   0.0011170309
37  6   0.0001850315  -0.0006196269  -0.0004807119  -0.0003174838  -0.0001083719
37  7   0.0001570541  -0.0001182226   0.0000534524   0.0001807350   0.0001224390
37  8   0.0000997290   0.2176578067   0.1317672018  -0.0906510263  -0.0008491046
37  9  -0.0005528132  -0.0027063354   0.0000961029  -0.0002552124   0.0007040641
37 10   0.0000952327  -0.0000627094   0.0000517723   0.0000522032   0.0000480268
37 11  -0.0000094274   0.0000015419  -0.0000546681   0.0000720651
38  1   0.0120407026   0.0093071140  -0.0044103489   0.0008133251  -0.0009527994
38  2  -0.0014010402   0.0006862401   0.0001573034   0.0003670621   0.0017144419
38  3  -0.0058825573  -0.0010364866  -0.1210443955  -0.1460124536   0.0542363851
38  4  -0.0251980665  -0.0085360365   0.0118639073   0.0009685847  -0.0002514233
38  5  -0.0003920335   0.0001820761  -0.0001767517  -0.0005789980  -0.0009081019
38  6   0.0007497857   0.0005936441   0.0003174546   0.0002555829   0.0001850607
38  7  -0.0001182551   0.0001114540   0.0000093844  -0.0015242696  -0.0004973594
38  8   0.0008463086   0.1317672018   0.1505435121  -0.0597109988   0.0005526101
38  9   0.0010135896  -0.0002140624  -0.0000896501   0.0000704985  -0.0004347692
38 10  -0.0001693023   0.0000411750  -0.0000479352   0.0000131455   0.0000441290
38 11   0.0001129122  -0.0000037415   0.0000152371   0.0000120084
39  1   0.0071264370   0.0065108029   0.0010479691  -0.0005843818  -0.0017060080
39  2  -0.0019555021   0.0000666904   0.0007984694  -0.0003474873   0.0044460665
39  3  -0.0001317519   0.0070194887   0.0837123439   0.0560221527  -0.0686425474
39  4   0.0003584445  -0.0015927725   0.0055972581   0.0004515893   0.0004643540
39  5  -0.0005454469  -0.0016282779  -0.0009933030   0.0007675583  -0.0004494053
39  6  -0.0001303442   0.0002170760   0.0001083354   0.0001851042   0.0003311338
39  7  -0.0000534521  -0.0000094232   0.0004948238   0.0002530830  -0.0000223750
39  8   0.0002897013  -0.0906510263  -0.0597109988   0.0616148278  -0.0027075277
39  9   0.0002143041  -0.0053683022  -0.0000644379  -0.0000167181  -0.0004132189
39 10  -0.0002419143  -0.0001074203  -0.0002880927  -0.0000291560   0.0001608454
39 11   0.0003768444  -0.0001134104   0.0000650822  -0.0001960838
40  1   0.0021286634  -0.0005760986   0.0026826750   0.0002443102   0.0001980719
40  2  -0.0004402914  -0.0011551778  -0.0014027371   0.0013506373  -0.0093122972
40  3   0.0132140510   0.0043050376   0.0049788563  -0.0046733073   0.0003847722
40  4  -0.2126542845   0.1252544388   0.0843520424  -0.0003251281  -0.0001283730
40  5   0.0002727903  -0.0019295127  -0.0011246550   0.0002087394   0.0001809811
40  6  -0.0001226888   0.0000997498   0.0001572107   0.0001182661   0.0000536619
40  7  -0.0004808454   0.0003175708  -0.0001083310   0.0011186997  -0.0001852544
40  8  -0.0006196800  -0.0008491046   0.0005526101  -0.0027075277   0.2176526505
40  9  -0.1317665497  -0.0906546085   0.0000524493  -0.0000480204  -0.0000093504
40 10   0.0000010302   0.0000546893   0.0000735470   0.0000961956   0.0002552687
40 11   0.0007041534   0.0000953035   0.0000627174   0.0000519827
41  1  -0.0017148775  -0.0058824798   0.0010363646  -0.0006863023   0.0001567610
41  2  -0.0003673339  -0.0008127929  -0.0009533223   0.0014006583  -0.0120402063
41  3   0.0093071444   0.0044106023   0.0251976089  -0.0085354408  -0.0118638209
41  4   0.1210441936  -0.1460141071  -0.0542402731  -0.0001810531  -0.0001767658
41  5   0.0005789683  -0.0009681340  -0.0002513480   0.0003920780   0.0015243456
41  6  -0.0004973661  -0.0008463005   0.0001181837   0.0001114460  -0.0000094733
41  7  -0.0003174252   0.0002554371  -0.0001851367   0.0009062703   0.0007497673
41  8  -0.0005936392  -0.0005528132   0.0010135896   0.0002143041  -0.1317665497
41  9   0.1505456311   0.0597154489  -0.0000132018   0.0000441187  -0.0001129762
41 10   0.0000037080   0.0000152659  -0.0000121450   0.0000896847   0.0000704564
41 11   0.0004348209   0.0001693611   0.0000412121   0.0000478534
42  1   0.0044449410   0.0001315442   0.0070199433   0.0000662207  -0.0007990262
42  2  -0.0003479901  -0.0005842960   0.0017054209  -0.0019560795   0.0071259843
42  3  -0.0065108675   0.0010479328   0.0003580601   0.0015937564   0.0055977532
42  4   0.0837158338  -0.0560266879  -0.0686459182  -0.0016275952   0.0009934109
42  5   0.0007675594   0.0004531469  -0.0004642814  -0.0005453773   0.0002536247
42  6   0.0000224393   0.0002896732  -0.0000535683   0.0000093754   0.0004947340
42  7   0.0001084391  -0.0001851531   0.0003311539  -0.0004505757   0.0001304169
42  8   0.0002170992  -0.0027063354  -0.0002140624  -0.0053683022  -0.0906546085
42  9   0.0597154489   0.0616189232  -0.0000293020  -0.0001608363   0.0003767747
42 10  -0.0001134813  -0.0000650694  -0.0001962679  -0.0000644646   0.0000167339
42 11  -0.0004133427  -0.0002420234   0.0001074374  -0.0002882687
43  1   0.0004366254  -0.0004157107  -0.0021134236   0.0010864781  -0.0009088712
43  2  -0.0010157300  -0.0005192141   0.0009408074  -0.0001210827   0.0009632046
43  3  -0.0008202467  -0.0000333542   0.0004241805   0.0005865252   0.0006403942
43  4  -0.0000655552  -0.0008676357   0.0004628373  -0.2226965461   0.0765973656
43  5   0.0993567914   0.0007483847  -0.0032776202  -0.0024927017  -0.0000274365
43  6  -0.0003813452   0.0004756881   0.0000953760   0.0001693084   0.0002420709
43  7   0.0000015365  -0.0000037172   0.0001134206   0.0000027994  -0.0000786494
43  8  -0.0000955879   0.0000961029  -0.0000896501  -0.0000644379   0.0000524493
43  9  -0.0000132018  -0.0000293020   0.2371958549  -0.0803032761  -0.1075758660
43 10  -0.0199246217   0.0085886588   0.0122149406   0.0016250842  -0.0000194765
43 11  -0.0000352986   0.0005052972   0.0002967352   0.0000706416
44  1  -0.0091934986   0.0039284625   0.0070054754  -0.0005927458   0.0000678153
44  2  -0.0008228283   0.0002002013   0.0000684545   0.0004835511   0.0009021154
44  3  -0.0036335439   0.0002865902   0.0006795356   0.0000728788   0.0021789978
44  4  -0.0008741655  -0.0002274702   0.0010100685   0.0741878565  -0.0763247528
44  5  -0.0446735976   0.0237936848  -0.0119773929  -0.0128666982  -0.0002372577
44  6   0.0002021722  -0.0007771915   0.0000627315   0.0000411643  -0.0001074252
44  7  -0.0000546505   0.0000152533  -0.0000650884   0.0000062060  -0.0002625120
44  8  -0.0011470464  -0.0002552124   0.0000704985  -0.0000167181  -0.0000480204
44  9   0.0000441187  -0.0001608363  -0.0803032761   0.0862572980   0.0448351676
44 10  -0.0085896429   0.0036141013   0.0055725976   0.0000194483   0.0015450507
44 11  -0.0001313978   0.0002966903  -0.0035015962  -0.0006036205
45  1   0.0230663227  -0.0099862466  -0.0171514346   0.0017872494   0.0011702191
45  2   0.0015611880   0.0001241359  -0.0009415396   0.0007484867  -0.0003672790
45  3  -0.0000554478  -0.0013208637  -0.0005202778   0.0020286976  -0.0048533788
45  4   0.0006305505  -0.0003252583  -0.0002155716   0.0957914730  -0.0458493458
45  5  -0.0994526527  -0.0009107027   0.0032220292   0.0005412021  -0.0002416185
45  6   0.0002654251   0.0012686227  -0.0000517265  -0.0000479520  -0.0002880697
45  7  -0.0000723673  -0.0000121641  -0.0001963100  -0.0000324186  -0.0000634956
45  8  -0.0000938077   0.0007040641  -0.0004347692  -0.0004132189  -0.0000093504
45  9  -0.0001129762   0.0003767747  -0.1075758660   0.0448351676   0.1106394205
45 10  -0.0122161117   0.0055724956   0.0077529303  -0.0000353608   0.0001314578
45 11   0.0012333647  -0.0000707163   0.0006037034  -0.0001366819
46  1   0.0004368158   0.0004160974   0.0021134760   0.0004240478  -0.0005868465
46  2  -0.0006406350  -0.0000653759   0.0008675156  -0.0004632130   0.0009632565
46  3   0.0008206124   0.0000337228   0.0010863608   0.0009089533   0.0010156705
46  4  -0.0005190609  -0.0009404547   0.0001211800  -0.2226843716  -0.0766005854
46  5  -0.0993590496   0.0007487706   0.0032780185   0.0024931955  -0.0000274320
46  6   0.0003812563  -0.0004756635   0.0000962427   0.0000896069   0.0000645033
46  7   0.0000522267   0.0000131457   0.0000291431   0.0000028241   0.0000785577
46  8   0.0000956295   0.0000952327  -0.0001693023  -0.0002419143   0.0000010302
46  9   0.0000037080  -0.0001134813  -0.0199246217  -0.0085896429  -0.0122161117
46 10   0.2371837560   0.0803065119   0.1075787472   0.0005052122  -0.0002966472
46 11  -0.0000705830   0.0016250860   0.0000194953   0.0000353837
47  1   0.0091932166   0.0039286111   0.0070059645  -0.0006795999   0.0000728528
47  2   0.0021789988   0.0008741682  -0.0002274720   0.0010100746  -0.0009020822
47  3  -0.0036339712   0.0002866083   0.0005926784   0.0000677334  -0.0008227223
47  4  -0.0002002372   0.0000684480   0.0004836093  -0.0741909101  -0.0763293580
47  5  -0.0446791931  -0.0237925767  -0.0119778231  -0.0128677670   0.0002372568
47  6   0.0002022554  -0.0007772184   0.0002551964   0.0000705029  -0.0000167439
47  7   0.0000480173   0.0000441190  -0.0001608180  -0.0000062135  -0.0002625323
47  8  -0.0011471683  -0.0000627094   0.0000411750  -0.0001074203   0.0000546893
47  9   0.0000152659  -0.0000650694   0.0085886588   0.0036141013   0.0055724956
47 10   0.0803065119   0.0862622968   0.0448413329  -0.0002966057  -0.0035012556
47 11  -0.0006035464  -0.0000194590   0.0015450506  -0.0001314168
48  1  -0.0230660196  -0.0099868586  -0.0171519620   0.0005201031   0.0020286429
48  2  -0.0048535008  -0.0006307790  -0.0003252699  -0.0002156746   0.0003670271
48  3  -0.0000554438  -0.0013209996  -0.0017873596   0.0011701933   0.0015614268
48  4  -0.0001244892  -0.0009416699   0.0007484949  -0.0957926965  -0.0458547397
48  5  -0.0994589983   0.0009101247   0.0032220142   0.0005414496   0.0002415718
48  6   0.0002654374   0.0012687306  -0.0007040945  -0.0004347477  -0.0004132220
48  7   0.0000092567  -0.0001129609   0.0003767860   0.0000323780  -0.0000634668
48  8  -0.0000938008   0.0000517723  -0.0000479352  -0.0002880927   0.0000735470
48  9  -0.0000121450  -0.0001962679   0.0122149406   0.0055725976   0.0077529303
48 10   0.1075787472   0.0448413329   0.1106461051   0.0000706691   0.0006035938
48 11  -0.0001367677   0.0000353009   0.0001314253   0.0012333633
49  1   0.0009630928   0.0008205787  -0.0000335871  -0.0005192010  -0.0009406646
49  2  -0.0001211258   0.0010864090   0.0009087690  -0.0010156764   0.0004370915
49  3   0.0004160610  -0.0021134780  -0.0000655320   0.0008676863   0.0004631195
49  4   0.0004240877  -0.0005866941   0.0006403808   0.0007494350   0.0032780582
49  5  -0.0024932255  -0.2226849846  -0.0766004532   0.0993590464   0.0000031311
49  6   0.0000785801  -0.0000956367   0.0000010633   0.0000037225   0.0001134345
49  7   0.0000952315  -0.0001693715   0.0002418988  -0.0000275700   0.0003812748
49  8   0.0004756724   0.0000522032   0.0000131455  -0.0000291560   0.0000961956
49  9   0.0000896847  -0.0000644646   0.0016250842   0.0000194483  -0.0000353608
49 10   0.0005052122  -0.0002966057   0.0000706691   0.2371836712   0.0803063492
49 11  -0.1075789163  -0.0199246206  -0.0085895692   0.0122164057
50  1  -0.0009022235  -0.0036339477  -0.0002866290  -0.0002002506   0.0000685202
50  2  -0.0004837594   0.0005925802   0.0000677912   0.0008225079   0.0091929845
50  3   0.0039286255  -0.0070058796   0.0008741620  -0.0002275969  -0.0010098987
50  4  -0.0006796918   0.0000727589  -0.0021788599  -0.0237923104  -0.0119777674
50  5   0.0128677792  -0.0741903115  -0.0763292705   0.0446792133  -0.0000064338
50  6  -0.0002625452   0.0011471692   0.0000547599   0.0000152363   0.0000650847
50  7  -0.0000627045   0.0000412094   0.0001074286   0.0002373154   0.0002022401
50  8   0.0007772291   0.0000480268   0.0000441290   0.0001608454   0.0002552687
50  9   0.0000704564   0.0000167339  -0.0000194765   0.0015450507   0.0001314578
50 10  -0.0002966472  -0.0035012556   0.0006035938   0.0803063492   0.0862622713
50 11  -0.0448413881   0.0085886032   0.0036140945  -0.0055726283
51  1  -0.0003669796   0.0000557226  -0.0013215945   0.0001244430   0.0009418833
51  2   0.0007487220   0.0017874108  -0.0011699929   0.0015615228   0.0230663209
51  3   0.0099871148  -0.0171519686   0.0006308083   0.0003253792  -0.0002158407
51  4  -0.0005199835  -0.0020285479  -0.0048539884  -0.0009106410  -0.0032224162
51  5   0.0005412499   0.0957928099   0.0458545850  -0.0994594922  -0.0000322614
51  6   0.0000632686  -0.0000938108  -0.0000733260   0.0000120262  -0.0001960364
51  7  -0.0000520021   0.0000478731  -0.0002882944  -0.0002418410  -0.0002656290
51  8   0.0012686036  -0.0000094274   0.0001129122   0.0003768444   0.0007041534
51  9   0.0004348209  -0.0004133427  -0.0000352986  -0.0001313978   0.0012333647
51 10  -0.0000705830  -0.0006035464  -0.0001367677  -0.1075789163  -0.0448413881
51 11   0.1106463706  -0.0122146864  -0.0055726674   0.0077544584
52  1   0.0009632572  -0.0008202802   0.0000333233  -0.0000655387  -0.0008675825
52  2  -0.0004629179   0.0004241451   0.0005866145  -0.0006403438   0.0004366649
52  3  -0.0004157320   0.0021132127  -0.0005192031   0.0009408046   0.0001210677
52  4   0.0010864574  -0.0009088812   0.0010157476   0.0007475966  -0.0032776554
52  5   0.0024927242  -0.2226955767   0.0765971611  -0.0993568633   0.0000031317
52  6  -0.0000786245   0.0000955993   0.0000522843  -0.0000131508   0.0000292487
52  7   0.0000960883  -0.0000896837   0.0000644013  -0.0000276219  -0.0003813221
52  8  -0.0004756978   0.0000015419  -0.0000037415  -0.0001134104   0.0000953035
52  9   0.0001693611  -0.0002420234   0.0005052972   0.0002966903  -0.0000707163
52 10   0.0016250860  -0.0000194590   0.0000353009  -0.0199246206   0.0085886032
52 11  -0.0122146864   0.2371957071  -0.0803031218   0.1075760335
53  1   0.0009022785  -0.0036335698  -0.0002865338  -0.0008741560  -0.0002276172
53  2  -0.0010098519   0.0006796387   0.0000727626  -0.0021788053  -0.0091932148
53  3   0.0039284273  -0.0070054889   0.0002002096   0.0000685346  -0.0004837749
53  4  -0.0005926283   0.0000678810   0.0008225515   0.0237934130  -0.0119773284
53  5   0.0128667034   0.0741869949  -0.0763246547   0.0446736077   0.0000064243
53  6  -0.0002624916   0.0011470431  -0.0000480404   0.0000441366   0.0001608264
53  7  -0.0002552042   0.0000704601   0.0000167596  -0.0002373039   0.0002021901
53  8   0.0007772046  -0.0000546681   0.0000152371   0.0000650822   0.0000627174
53  9   0.0000412121   0.0001074374   0.0002967352  -0.0035015962   0.0006037034
53 10   0.0000194953   0.0015450506   0.0001314253  -0.0085895692   0.0036140945
53 11  -0.0055726674  -0.0803031218   0.0862572715  -0.0448352223
54  1   0.0003674121   0.0000557216  -0.0013214644  -0.0006305169   0.0003254690
54  2  -0.0002156198   0.0005200277  -0.0020284986  -0.0048536032  -0.0230668061
54  3   0.0099864885  -0.0171511335  -0.0001240212   0.0009414844   0.0007487464
54  4  -0.0017874286  -0.0011702921   0.0015614863   0.0009100735  -0.0032222655
54  5   0.0005410517  -0.0957901232   0.0458493890  -0.0994529044   0.0000323214
54  6   0.0000632957  -0.0000938323   0.0000094405   0.0001129430   0.0003768449
54  7  -0.0007047451   0.0004349086  -0.0004146315   0.0002418537  -0.0002656175
54  8   0.0012685305   0.0000720651   0.0000120084  -0.0001960838   0.0000519827
54  9   0.0000478534  -0.0002882687   0.0000706416  -0.0006036205  -0.0001366819
54 10   0.0000353837  -0.0001314168   0.0012333633   0.0122164057  -0.0055726283
54 11   0.0077544584   0.1075760335  -0.0448352223   0.1106397420
$end
