$energy      SCF               SCFKIN            SCFPOT            RIRPA
     1 -290.4195689956      0.00000000      0.00000000     -2.653919028504
     2 -290.4214191205      0.00000000      0.00000000     -2.652829758803
     3 -290.4229253393      0.00000000      0.00000000     -2.651339140466
     4 -290.4224191012      0.00000000      0.00000000     -2.651949080899
     5 -290.4224143061      0.00000000      0.00000000     -2.651955770508
     6 -290.4224433981      0.00000000      0.00000000     -2.651927104258
     7 -290.4224462258      0.00000000      0.00000000     -2.651924312528
     8 -290.4224469198      0.00000000      0.00000000     -2.651923504271
$end
