$coord
    4.46735223782401      0.18259040909463      0.00027741368603      n
    5.78242519959093      0.11839491569740      2.16353733383678      c
    4.67755420078531      0.16301312981685      3.88482844995840      h
    8.40729938058801     -0.00478202945804      2.25801620251901      c
    9.36332388955731     -0.05174957567233      4.06143688373622      h
    9.75120296043965     -0.06738071561133     -0.00003861655353      c
   11.79180473517831     -0.16521855170777     -0.00019060344694      h
    8.40702508117065     -0.00490798915343     -2.25788585110009      c
    9.36284278985032     -0.05191119827930     -4.06143782859928      h
    5.78213876435233      0.11829268907252     -2.16312315311161      c
    4.67708572444889      0.16289146357924     -3.88427164215334      h
$redundant
     number_of_atoms            14
     degrees_of_freedom         36
     internal_coordinates       36
     frozen_coordinates          0
# definitions of redundant internals
   1 k  1.0000000000000 stre    1    3           val=   1.83425
   2 k  1.0000000000000 stre    3    4           val=   3.69223
   3 k  1.0000000000000 linc    4    1    3    2 val=  -3.01699
   4 k  1.0000000000000 linp    4    1    3    2 val=   0.00062
   5 k  1.0000000000000 tors    2    1    4    5 val= 179.95614
        1.0000000000000 tors    2    1    4   13
   6 k  1.0000000000000 stre    1    2           val=   1.81060
   7 k  1.0000000000000 bend    3    2    1      val= 103.53746
   8 k  1.0000000000000 stre    5    6           val=   2.04587
   9 k -0.7071067326042 bend    4    6    5      val=   2.34987
        0.7071068297689 bend    7    6    5
  10 k  1.0000000000000 outp    6    7    4    5 val=  -0.14443
  11 k  1.0000000000000 stre    7    8           val=   2.04169
  12 k  0.7071067848567 bend    9    8    7      val=   0.61972
       -0.7071067775164 bend    5    8    7
  13 k  1.0000000000000 outp    8    5    9    7 val=   0.04896
  14 k  1.0000000000000 stre    9   10           val=   2.04295
  15 k -0.7071067811860 bend   11   10    9      val=   0.00060
        0.7071067811871 bend    7   10    9
  16 k  1.0000000000000 outp   10    7   11    9 val=   0.08103
  17 k  1.0000000000000 stre   11   12           val=   2.04171
  18 k  0.7071067845384 bend    9   12   11      val=   0.61978
       -0.7071067778347 bend   13   12   11
  19 k  1.0000000000000 outp   12   13    9   11 val=  -0.04676
  20 k  1.0000000000000 stre   13   14           val=   2.04585
  21 k -0.7071067335610 bend    4   14   13      val=   2.34966
        0.7071068288121 bend   11   14   13
  22 k  1.0000000000000 outp   14   11    4   13 val=   0.14307
  23 k -0.7071039067095 bend   13    3    4      val=   0.01583
        0.7071096556519 bend    5    3    4
  24 k  1.0000000000000 outp    3    5   13    4 val=  -5.68559
  25 k  1.0000000000000 stre    4   13           val=   2.53241
  26 k  1.0000000000000 stre   13   11           val=   2.62948
  27 k  1.0000000000000 stre   11    9           val=   2.62842
  28 k  1.0000000000000 stre    9    7           val=   2.62846
  29 k  1.0000000000000 stre    7    5           val=   2.62946
  30 k  1.0000000000000 stre    5    4           val=   2.53244
  31 k -0.5000000000000 bend    4   11   13      val=  -1.58477
       -0.5000000000000 bend   13    9   11
        1.0000000000000 bend   11    7    9
       -0.5000000000000 bend    9    5    7
       -0.5000000000000 bend    7    4    5
        1.0000000000000 bend    5   13    4
  32 k  0.8660254037844 bend    4   11   13      val=  -0.00052
       -0.8660254037844 bend   13    9   11
        0.8660254037844 bend    9    5    7
       -0.8660254037844 bend    7    4    5
  33 k -1.0000000000000 bend    4   11   13      val=  -1.72966
        1.0000000000000 bend   13    9   11
       -1.0000000000000 bend   11    7    9
        1.0000000000000 bend    9    5    7
       -1.0000000000000 bend    7    4    5
        1.0000000000000 bend    5   13    4
  34 k -0.5000000000000 tors   13   11    9    7 val=  -0.00034
       -0.5000000000000 tors   11    9    7    5
        1.0000000000000 tors    9    7    5    4
       -0.5000000000000 tors    7    5    4   13
       -0.5000000000000 tors    5    4   13   11
        1.0000000000000 tors    4   13   11    9
  35 k  0.8660254037844 tors   13   11    9    7 val=   0.07909
       -0.8660254037844 tors   11    9    7    5
        0.8660254037844 tors    7    5    4   13
       -0.8660254037844 tors    5    4   13   11
  36 k -1.0000000000000 tors   13   11    9    7 val=   0.05361
        1.0000000000000 tors   11    9    7    5
       -1.0000000000000 tors    9    7    5    4
        1.0000000000000 tors    7    5    4   13
       -1.0000000000000 tors    5    4   13   11
        1.0000000000000 tors    4   13   11    9
        36 non zero eigenvalues  of BmBt
           1          11.261948533    1    0
         1
           2           5.502839555    2    0
         2
           3           4.918149693    3    0
         3
           4           4.467599302    4    0
         4
           5           4.290227106    5    0
         5
           6           3.619385770    6    0
         6
           7           3.569599980    7    0
         7
           8           3.319395371    8    0
         8
           9           3.291214809    9    0
         9
          10           2.871587181   10    0
        10
          11           2.742529556   11    0
        11
          12           2.363242216   12    0
        12
          13           1.986374988   13    0
        13
          14           1.896803844   14    0
        14
          15           1.771684964   15    0
        15
          16           1.743467780   16    0
        16
          17           1.476416730   17    0
        17
          18           1.458191562   18    0
        18
          19           1.033611687   19    0
        19
          20           0.967441359   20    0
        20
          21           0.797343741   21    0
        21
          22           0.669399194   22    0
        22
          23           0.511039694   23    0
        23
          24           0.432186614   24    0
        24
          25           0.389047895   25    0
        25
          26           0.361141939   26    0
        26
          27           0.348644071   27    0
        27
          28           0.295315369   28    0
        28
          29           0.284496911   29    0
        29
          30           0.273806337   30    0
        30
          31           0.260158335   31    0
        31
          32           0.134097699   32    0
        32
          33           0.114862560   33    0
        33
          34           0.109749874   34    0
        34
          35           0.043522766   35    0
        35
          36           0.027852513   36    0
        36
$user-defined bonds
$frag
 atom   1 fragment  1 symmetry  c1
 atom   2 fragment  1
 atom   3 fragment  1
 atom   4 fragment  2 symmetry  c1
 atom   5 fragment  2
 atom   6 fragment  2
 atom   7 fragment  2
 atom   8 fragment  2
 atom   9 fragment  2
 atom  10 fragment  2
 atom  11 fragment  2
   iteration     5
$end
