$coord
    2.49965928337035     -0.01960775489112      1.92597812501341      n
    1.23075219307982     -2.17128026178887      1.50573603523683      c
    2.26846206056102     -3.90328239854401      1.83997497661391      h
   -1.27118343738267     -2.25767796610766      0.69288117864517      c
   -2.18677902641226     -4.05784938607157      0.39016055047066      h
   -2.54583291406224      0.00592237902375      0.28751051354874      c
   -4.48877330210266      0.01588394561133     -0.34448387806747      h
   -1.25583255705726      2.25650425720652      0.71620995735976      c
   -2.15925084159339      4.06585471005612      0.43221911731503      h
    1.24513254407845      2.14479861486130      1.52852363040203      c
    2.29432163232236      3.86621044479855      1.88110578619279      h
$redundant
     number_of_atoms            11
     degrees_of_freedom         27
     internal_coordinates       27
     frozen_coordinates          0
# definitions of redundant internals
   1 k  1.0000000000000 stre    2    3           val=   2.04656
   2 k -0.7071067623479 bend    1    3    2      val=   2.17242
        0.7071068000252 bend    4    3    2
   3 k  1.0000000000000 outp    3    4    1    2 val=  -0.10105
   4 k  1.0000000000000 stre    4    5           val=   2.04220
   5 k  0.7071067834861 bend    6    5    4      val=   0.59313
       -0.7071067788870 bend    2    5    4
   6 k  1.0000000000000 outp    5    2    6    4 val=   0.03880
   7 k  1.0000000000000 stre    6    7           val=   2.04317
   8 k  0.7071067811866 bend    4    7    6      val=   0.00255
       -0.7071067811865 bend    8    7    6
   9 k  1.0000000000000 outp    7    8    4    6 val=   0.00309
  10 k  1.0000000000000 stre    8    9           val=   2.04220
  11 k  0.7071067855144 bend    6    9    8      val=   0.59206
       -0.7071067768587 bend   10    9    8
  12 k  1.0000000000000 outp    9   10    6    8 val=  -0.05336
  13 k  1.0000000000000 stre   10   11           val=   2.04655
  14 k -0.7071067659913 bend    1   11   10      val=   2.17205
        0.7071067963818 bend    8   11   10
  15 k  1.0000000000000 outp   11    8    1   10 val=   0.09066
  16 k  1.0000000000000 stre    1    2           val=   2.53307
  17 k  1.0000000000000 stre    2    4           val=   2.63209
  18 k  1.0000000000000 stre    4    6           val=   2.62925
  19 k  1.0000000000000 stre    6    8           val=   2.62926
  20 k  1.0000000000000 stre    8   10           val=   2.63195
  21 k  1.0000000000000 stre   10    1           val=   2.53307
  22 k -0.5000000000000 bend    1    4    2      val=  -1.82175
       -0.5000000000000 bend    2    6    4
        1.0000000000000 bend    4    8    6
       -0.5000000000000 bend    6   10    8
       -0.5000000000000 bend    8    1   10
        1.0000000000000 bend   10    2    1
  23 k  0.8660254037844 bend    1    4    2      val=   0.00018
       -0.8660254037844 bend    2    6    4
        0.8660254037844 bend    6   10    8
       -0.8660254037844 bend    8    1   10
  24 k -1.0000000000000 bend    1    4    2      val=  -1.91743
        1.0000000000000 bend    2    6    4
       -1.0000000000000 bend    4    8    6
        1.0000000000000 bend    6   10    8
       -1.0000000000000 bend    8    1   10
        1.0000000000000 bend   10    2    1
  25 k -0.5000000000000 tors    2    4    6    8 val=   0.01098
       -0.5000000000000 tors    4    6    8   10
        1.0000000000000 tors    6    8   10    1
       -0.5000000000000 tors    8   10    1    2
       -0.5000000000000 tors   10    1    2    4
        1.0000000000000 tors    1    2    4    6
  26 k  0.8660254037844 tors    2    4    6    8 val=  -0.03604
       -0.8660254037844 tors    4    6    8   10
        0.8660254037844 tors    8   10    1    2
       -0.8660254037844 tors   10    1    2    4
  27 k -1.0000000000000 tors    2    4    6    8 val=  -0.01434
        1.0000000000000 tors    4    6    8   10
       -1.0000000000000 tors    6    8   10    1
        1.0000000000000 tors    8   10    1    2
       -1.0000000000000 tors   10    1    2    4
        1.0000000000000 tors    1    2    4    6
        27 non zero eigenvalues  of BmBt
           1          10.744308913    1    0
         1
           2           5.372054739    2    0
         2
           3           4.316462669    3    0
         3
           4           4.258780626    4    0
         4
           5           4.215258647    5    0
         5
           6           3.559925441    6    0
         6
           7           3.412423438    7    0
         7
           8           3.067001564    8    0
         8
           9           3.040988189    9    0
         9
          10           2.404327684   10    0
        10
          11           1.923281940   11    0
        11
          12           1.754476170   12    0
        12
          13           1.732915140   13    0
        13
          14           1.169944519   14    0
        14
          15           1.014181263   15    0
        15
          16           0.793037401   16    0
        16
          17           0.696451035   17    0
        17
          18           0.437001863   18    0
        18
          19           0.387265060   19    0
        19
          20           0.360265121   20    0
        20
          21           0.326393054   21    0
        21
          22           0.301062974   22    0
        22
          23           0.286278578   23    0
        23
          24           0.279821227   24    0
        24
          25           0.269166706   25    0
        25
          26           0.129597799   26    0
        26
          27           0.110123475   27    0
        27
$user-defined bonds
$frag
 atom   1 fragment  1 symmetry  c1
 atom   2 fragment  1
 atom   3 fragment  1
 atom   4 fragment  1
 atom   5 fragment  1
 atom   6 fragment  1
 atom   7 fragment  1
 atom   8 fragment  1
 atom   9 fragment  1
 atom  10 fragment  1
 atom  11 fragment  1
   iteration     4
$end
