$hessapprox internal
  0.416557743593D+00  0.800647567713D-05  0.339713304920D+00 -0.315659800048D-02
 -0.430636483307D-04  0.320281910196D+00 -0.510872089968D-02  0.876920649937D-04
  0.450733415355D-02  0.427796182878D+00 -0.968130973425D-03  0.296983127101D-06
 -0.387528561943D-02  0.168393226784D-02  0.360286116960D+00 -0.741285098884D-03
 -0.153083587606D-03  0.415240654689D-03 -0.403598545943D-02 -0.654732519716D-03
  0.563153071992D-01 -0.509496306234D-02  0.909084742987D-04  0.447368691196D-02
 -0.678693019799D-02  0.169045229639D-02 -0.422675356797D-02  0.428000872437D+00
 -0.976686073578D-03 -0.497501620712D-05 -0.374314493816D-02  0.148038529663D-02
 -0.112511708060D-02 -0.329266054076D-03  0.148014756139D-02  0.360320608005D+00
  0.293143764155D-03 -0.344645398297D-04  0.352949981596D-02 -0.282934540330D-02
  0.854896596840D-03  0.256509263646D-02 -0.287777355944D-02  0.917058337307D-03
  0.472430706153D-01 -0.701106658372D-02  0.899626061878D-05 -0.316324133846D-02
 -0.507988685796D-02 -0.965042270559D-03 -0.799383941537D-03 -0.506488928045D-02
 -0.975688924218D-03  0.277421283431D-03  0.416567755284D+00  0.850239703887D-05
  0.256653197345D-05 -0.410505096116D-04  0.874250919441D-04  0.104694231132D-05
 -0.154580375861D-03  0.906777649036D-04 -0.429945233772D-05 -0.354674774301D-04
  0.950262386017D-05  0.339713355993D+00 -0.315624191226D-02 -0.430084104701D-04
 -0.124531766180D-01  0.450931652179D-02 -0.387522263974D-02  0.411939666175D-03
  0.447573907829D-02 -0.374319743842D-02  0.352870314193D-02 -0.316286383132D-02
 -0.409946152610D-04  0.320280351130D+00 -0.509859622319D-02  0.901742672844D-04
  0.447731439619D-02 -0.680753148234D-02  0.168778240574D-02 -0.418387365251D-02
 -0.670399062456D-02  0.147903337761D-02 -0.286581871565D-02 -0.506880231532D-02
  0.899360666318D-04  0.447935069242D-02  0.427958092619D+00 -0.975958670243D-03
 -0.441918087720D-05 -0.375807391434D-02  0.150235761249D-02 -0.112665844241D-02
 -0.363745829212D-03  0.150283395124D-02 -0.110511724362D-02  0.910727319055D-03
 -0.974740234773D-03 -0.373557971628D-05 -0.375811422526D-02  0.150155507635D-02
  0.360315383424D+00  0.265847805121D-03 -0.446169626223D-04  0.372608873224D-02
 -0.319235603908D-02  0.860770824235D-03  0.318224148031D-02 -0.325370538724D-02
  0.943970635511D-03 -0.519444344041D-04  0.246142301225D-03 -0.457519234815D-04
  0.372507047904D-02 -0.323879360959D-02  0.935423365844D-03  0.475490018950D-01
 -0.510565351618D-02  0.883406235440D-04  0.450347595711D-02 -0.686883720405D-02
  0.168609878352D-02 -0.407397257276D-02 -0.676761513455D-02  0.148117970134D-02
 -0.283975863922D-02 -0.507657174195D-02  0.880803950574D-04  0.450547235254D-02
 -0.678839947062D-02  0.150329722367D-02 -0.320538007204D-02  0.427833306333D+00
 -0.969833786869D-03 -0.297600799709D-06 -0.386539043533D-02  0.166369819738D-02
 -0.113709526847D-02 -0.618855624821D-03  0.166946407942D-02 -0.112400589615D-02
  0.863025829478D-03 -0.966977103478D-03  0.444941721887D-06 -0.386534040756D-02
  0.166696627460D-02 -0.112567773085D-02  0.871281938683D-03  0.166571269081D-02
  0.360285972545D+00 -0.765410706549D-03 -0.163001344963D-03  0.621845805258D-03
 -0.439809091475D-02 -0.644733422327D-03  0.949291313235D-02 -0.460150480835D-02
 -0.298762284036D-03  0.269142243950D-02 -0.827411761889D-03 -0.164629934249D-03
  0.618328155199D-03 -0.455572651047D-02 -0.335401011816D-03  0.334822524957D-02
 -0.443863640725D-02 -0.606529465355D-03  0.575645972817D-01 -0.703968130723D-02
  0.200936290813D-04 -0.227134159711D-02 -0.552281909692D-02 -0.651525675783D-03
 -0.128634156147D-02 -0.549549597506D-02 -0.688794229382D-03 -0.119779528936D-03
 -0.703107782681D-02  0.205246555229D-04 -0.227073604656D-02 -0.550188136458D-02
 -0.684955534123D-03 -0.197505856242D-03 -0.551726571265D-02 -0.656041542718D-03
 -0.136095995001D-02  0.412348512762D+00 -0.703748436892D-02  0.183783823014D-04
 -0.220063730103D-02 -0.560313043638D-02 -0.639557754313D-03 -0.117585087971D-02
 -0.557805020990D-02 -0.673393236072D-03 -0.105752492069D-03 -0.702958279494D-02
  0.187798202727D-04 -0.220006970888D-02 -0.558391080776D-02 -0.669913344600D-03
 -0.176684826723D-03 -0.559803855789D-02 -0.643670597739D-03 -0.124387832841D-02
 -0.711655213778D-02  0.412330576599D+00  0.416784641431D-02  0.687271217403D-04
  0.159738519997D-01 -0.539404579371D-02  0.504045117615D-02 -0.130893838614D-02
 -0.533413505865D-02  0.484215605787D-02 -0.476229089932D-02  0.418145743545D-02
  0.662696055524D-04  0.159751130975D-01 -0.534254093800D-02  0.486435908385D-02
 -0.506890490237D-02 -0.538577042928D-02  0.502459794975D-02 -0.162739523119D-02
  0.307814200079D-02  0.297759739361D-02  0.310451454513D+00 -0.292051554534D-05
 -0.261533996775D-05  0.741111846733D-04 -0.105560653343D-03  0.838078575830D-05
  0.162875989427D-03 -0.108926728733D-03  0.137244093077D-04  0.289255537609D-04
 -0.396470791657D-05 -0.265390974662D-05  0.740537745641D-04 -0.108149214861D-03
  0.131632720645D-04  0.393464651559D-04 -0.106245990761D-03  0.899475502541D-05
  0.173023172209D-03 -0.178899534122D-04 -0.162139294684D-04 -0.109497818224D-03
  0.331028811850D+00 -0.634685750289D-03  0.231043877256D-04 -0.468436635247D-02
  0.305285547887D-02 -0.125184770235D-02 -0.210246027484D-02  0.308901534032D-02
 -0.128602864479D-02  0.640057853153D-03 -0.622359201346D-03  0.242259075920D-04
 -0.468379860568D-02  0.307944654812D-02 -0.128274964388D-02  0.555371545587D-03
  0.306109414918D-02 -0.125733327520D-02 -0.218044442567D-02 -0.164340560164D-03
 -0.166430546615D-03  0.620672389049D-02 -0.141696839287D-04  0.315829758603D+00
  0.230660552151D-05  0.565356012493D-05 -0.179709186929D-03  0.237557421251D-03
 -0.238350990674D-04 -0.355330374618D-03  0.244864965568D-03 -0.353233003444D-04
 -0.581620222529D-04  0.457890776391D-05  0.574072284047D-05 -0.179584818488D-03
  0.243171100352D-03 -0.341184215682D-04 -0.806531251227D-04  0.239049530646D-03
 -0.251626271900D-04 -0.377209004647D-03  0.362973561519D-04  0.327358952799D-04
  0.262057513044D-03 -0.564462410753D-05  0.242702576933D-04  0.330753442409D+00
 -0.703537946339D-02  0.187064277411D-04 -0.219905019239D-02 -0.559565999096D-02
 -0.637427638744D-03 -0.119447843076D-02 -0.557017493525D-02 -0.671968599951D-03
 -0.111810235404D-03 -0.702735531881D-02  0.191105892511D-04 -0.219847555568D-02
 -0.557612574135D-02 -0.668413785816D-03 -0.184069612809D-03 -0.559048807049D-02
 -0.641617318908D-03 -0.126381017968D-02 -0.711348961184D-02 -0.712218346298D-02
  0.297718251399D-02 -0.165685662837D-04 -0.161110891537D-03  0.335131306630D-04
  0.412336217229D+00 -0.703434906782D-02  0.206486002611D-04 -0.225898324825D-02
 -0.551506172270D-02 -0.645089689780D-03 -0.131624708758D-02 -0.548706918188D-02
 -0.683583041906D-03 -0.132192987491D-03 -0.702554570945D-02  0.210823542504D-04
 -0.225836591353D-02 -0.549360067040D-02 -0.679613562328D-03 -0.212182057512D-03
 -0.550937819774D-02 -0.649735387805D-03 -0.139310004776D-02 -0.710093599400D-02
 -0.711085901926D-02  0.306486375758D-02 -0.185117403297D-04 -0.152186686755D-03
  0.376737688422D-04 -0.710773653356D-02  0.412360828572D+00  0.416597627268D-02
  0.678628242941D-04  0.159928494601D-01 -0.542604574392D-02  0.504161456172D-02
 -0.125601942301D-02 -0.536723863895D-02  0.484510313098D-02 -0.475150828103D-02
  0.417924645226D-02  0.653936275555D-04  0.159940916663D-01 -0.537539125807D-02
  0.486711842733D-02 -0.505466840375D-02 -0.541799388173D-02  0.502596414945D-02
 -0.157110700223D-02  0.307178701898D-02  0.297181363924D-02 -0.204523911978D-01
 -0.108615778118D-03  0.620025593218D-02  0.260157204574D-03  0.297128454738D-02
  0.305831238280D-02  0.310393617693D+00 -0.666167867278D-05 -0.276698606128D-05
  0.563905634708D-04 -0.100068687443D-03  0.242900901406D-05  0.168669904104D-03
 -0.103594764306D-03  0.815374189662D-05  0.355223940109D-04 -0.774940512505D-05
 -0.280351312043D-05  0.563301377740D-04 -0.102786977634D-03  0.755088458543D-05
  0.465878789888D-04 -0.100781776999D-03  0.307822317417D-05  0.179469245612D-03
 -0.206369766004D-04 -0.187941736215D-04 -0.872209899181D-04  0.283383186913D-05
 -0.221622240288D-04 -0.611198813905D-05 -0.191573815174D-04 -0.212583238726D-04
 -0.862805710329D-04  0.331029151534D+00 -0.636253508927D-03  0.224903576328D-04
 -0.467221582022D-02  0.303080821940D-02 -0.125141524415D-02 -0.206508895656D-02
  0.306618617215D-02 -0.128432462751D-02  0.648020233265D-03 -0.624168064216D-03
  0.236038411880D-04 -0.467166147658D-02  0.305679639814D-02 -0.128117955869D-02
  0.565790161613D-03  0.303888883996D-02 -0.125675675249D-02 -0.214067554955D-02
 -0.168980583430D-03 -0.170660490432D-03  0.618784085002D-02 -0.135400082352D-04
 -0.118744019249D-02  0.229116375326D-04 -0.165421241381D-03 -0.156964001051D-03
  0.618158170162D-02 -0.214931556138D-04  0.315819817133D+00  0.235764748261D-05
  0.565657400550D-05 -0.179335405344D-03  0.237407514417D-03 -0.237110294437D-04
 -0.355442485993D-03  0.244718203888D-03 -0.352068759820D-04 -0.582974294440D-04
  0.463079922028D-05  0.574369193338D-05 -0.179210977841D-03  0.243023750957D-03
 -0.340011589308D-04 -0.808013828850D-04  0.238900164237D-03 -0.250392579028D-04
 -0.377334140584D-03  0.363263780571D-04  0.327615334051D-04  0.261586674201D-03
 -0.564869343553D-05  0.244356130353D-04  0.120874164431D-04  0.335389277152D-04
  0.377027463852D-04  0.259685197805D-03 -0.611558158368D-05  0.230762068540D-04
  0.330753411392D+00 -0.482354414752D-03  0.144149920064D-03  0.739563166986D-02
 -0.287117907750D-02  0.286983743431D-02 -0.691405810484D-02 -0.270466757605D-02
  0.253725474697D-02 -0.433554916849D-02 -0.434117633058D-03  0.143936795334D-03
  0.739873500663D-02 -0.273937147450D-02  0.257309671200D-02 -0.493135662087D-02
 -0.284003305329D-02  0.283631733728D-02 -0.750744154036D-02 -0.787353823697D-03
 -0.917066697879D-03 -0.887642773544D-02 -0.171767276563D-03  0.469783498244D-02
  0.386126104434D-03 -0.904111303154D-03 -0.772918670587D-03 -0.892886461277D-02
 -0.164392995493D-03  0.466162559108D-02  0.385944806612D-03  0.385975500250D+00
 -0.516293402189D-03  0.131843395174D-03  0.762981813179D-02 -0.330924178626D-02
  0.287575196093D-02 -0.616664694949D-02 -0.315838648710D-02  0.256868441625D-02
 -0.417383290779D-02 -0.472881570661D-03  0.131471032638D-03  0.763265293300D-02
 -0.318950882338D-02  0.260183818105D-02 -0.472039481532D-02 -0.328125827199D-02
  0.284511905922D-02 -0.671195089202D-02 -0.882080485651D-03 -0.100354486321D-02
 -0.924274917060D-02 -0.159126027459D-03  0.459384086118D-02  0.358836799120D-03
 -0.992195841725D-03 -0.870381370393D-03 -0.929099798858D-02 -0.150976749573D-03
  0.456060939743D-02  0.358640056877D-03 -0.137638990584D-02  0.384596946592D+00
  0.190783682341D-02  0.221014113507D-03  0.151174828613D-01 -0.422116308313D-02
  0.553296964850D-02 -0.100374964792D-01 -0.397155681790D-02  0.501129047735D-02
 -0.742010549576D-02  0.197906732961D-02  0.220006136151D-03  0.151221532971D-01
 -0.402241867922D-02  0.506775504020D-02 -0.834031828451D-02 -0.417529750384D-02
  0.548157631388D-02 -0.109577971484D-01  0.121229140291D-02  0.100201292955D-02
 -0.185281990539D-01 -0.271472557429D-03  0.836100230717D-02  0.615022482904D-03
  0.101997580204D-02  0.122855613845D-02 -0.186097965629D-01 -0.254719116098D-03
  0.830499949274D-02  0.614637395069D-03 -0.291900501098D-02 -0.402851556197D-02
  0.313512253440D+00 -0.650088259681D-02  0.737843029198D-04  0.174310437221D-02
 -0.668829999317D-02  0.797164023553D-03 -0.363208560664D-02 -0.660099616794D-02
  0.631923117879D-03 -0.203719785535D-02 -0.647533068822D-02  0.738856732033D-04
  0.174486626093D-02 -0.661942531181D-02  0.649640745503D-03 -0.233915750712D-02
 -0.667186486584D-02  0.780195068520D-03 -0.393139216434D-02 -0.678584955173D-02
 -0.684765399352D-02 -0.186467691468D-02 -0.847413394275D-04  0.201688365337D-02
  0.188183199620D-03 -0.684047686520D-02 -0.677646692451D-02 -0.189096522382D-02
 -0.827537098753D-04  0.199859877269D-02  0.188100689789D-03 -0.165606491783D-02
 -0.202104075928D-02 -0.129937458539D-02  0.739158720466D+00 -0.510415630567D-03
  0.133049010382D-03  0.762541636749D-02 -0.327660609049D-02  0.288058390189D-02
 -0.623680793947D-02 -0.312424663213D-02  0.257095674175D-02 -0.419380392768D-02
 -0.466545416126D-03  0.132688647047D-03  0.762827719893D-02 -0.315570738836D-02
  0.260438158963D-02 -0.474522416482D-02 -0.324832283138D-02  0.284966844631D-02
 -0.678687572518D-02 -0.871820231084D-03 -0.994151274808D-03 -0.923096793582D-02
 -0.160406268152D-03  0.461005282249D-02  0.361628146605D-03 -0.982654967521D-03
 -0.859883785518D-03 -0.927963314180D-02 -0.152304302121D-03  0.457652719217D-02
  0.361432320072D-03 -0.132085387009D-02 -0.198613225917D-02 -0.394755015391D-02
 -0.199172714994D-02  0.384696663648D+00 -0.474046271743D-03  0.145502630628D-03
  0.740042454459D-02 -0.283954539818D-02  0.287810735060D-02 -0.699116031888D-02
 -0.267136177188D-02  0.254262124678D-02 -0.436013706876D-02 -0.425302711887D-03
  0.145301076209D-03  0.740355695405D-02 -0.270643882479D-02  0.257877142945D-02
 -0.496141343868D-02 -0.280806836467D-02  0.284427038590D-02 -0.758991702967D-02
 -0.774951015633D-03 -0.905667067308D-03 -0.887586112319D-02 -0.173225691203D-03
  0.471920025468D-02  0.389319946086D-03 -0.892551723932D-03 -0.760265717860D-03
 -0.892876838626D-02 -0.165889453226D-03  0.468265953387D-02  0.389139360164D-03
 -0.602546055420D-03 -0.132826304636D-02 -0.284240832766D-02 -0.162603403123D-02
 -0.127211753153D-02  0.386085352050D+00  0.191611193653D-02  0.222926423050D-03
  0.151011625501D-01 -0.416395292580D-02  0.553791454123D-02 -0.101503074440D-01
 -0.391194593234D-02  0.501220557509D-02 -0.744972152612D-02  0.198807667575D-02
  0.221939285522D-03  0.151058744279D-01 -0.396335082179D-02  0.506909623295D-02
 -0.837762335742D-02 -0.411760685876D-02  0.548607289250D-02 -0.110781373607D-01
  0.122830682311D-02  0.101668313583D-02 -0.184973694002D-01 -0.273482207468D-03
  0.838370108795D-02  0.619390720846D-03  0.103488468229D-02  0.124496342086D-02
 -0.185796242917D-01 -0.256818172314D-03  0.832723290477D-02  0.619007383329D-03
 -0.282321425575D-02 -0.394204022840D-02 -0.884410400876D-02 -0.124927353041D-02
 -0.386018504682D-02 -0.274563123759D-02  0.313798442160D+00 -0.650767939463D-02
  0.734445231166D-04  0.171507580520D-02 -0.668248917264D-02  0.787236721855D-03
 -0.361717076902D-02 -0.659556251595D-02  0.622811914067D-03 -0.202502346213D-02
 -0.648223404809D-02  0.735481993744D-04  0.171683076707D-02 -0.661391597516D-02
  0.640440936505D-03 -0.232556027711D-02 -0.666612258332D-02  0.770346925259D-03
 -0.391504994348D-02 -0.679141330959D-02 -0.685288099907D-02 -0.182994403373D-02
 -0.843144779900D-04  0.200277598321D-02  0.187210350704D-03 -0.684572943679D-02
 -0.678204906151D-02 -0.185610538236D-02 -0.823587125401D-04  0.198457783501D-02
  0.187128529757D-03 -0.164892935569D-02 -0.201219102566D-02 -0.127928656585D-02
 -0.707030048369D-02 -0.198299769813D-02 -0.161900838741D-02 -0.122940023076D-02
  0.739159399510D+00  0.225289685139D-02  0.168563777791D-03  0.179391823965D-01
 -0.683811393473D-02  0.609511977824D-02 -0.654668144181D-02 -0.665814283546D-02
  0.567629407903D-02 -0.714120188235D-02  0.230214973964D-02  0.166523117665D-03
  0.179426858229D-01 -0.669251125851D-02  0.572206091498D-02 -0.785486615924D-02
 -0.680672235685D-02  0.605606195339D-02 -0.726734267937D-02  0.114769112099D-02
  0.966813750363D-03 -0.224602528383D-01 -0.221705577374D-03  0.851455367477D-02
  0.510295999272D-03  0.976936117056D-03  0.114927462712D-02 -0.225245958953D-01
 -0.198835096878D-03  0.847100602879D-02  0.509785814339D-03 -0.729357807172D-02
 -0.815211255925D-02 -0.162642914712D-01 -0.316721054750D-02 -0.809846325811D-02
 -0.724905553966D-02 -0.161636095961D-01 -0.313513297480D-02  0.321533558147D+00
 -0.165967708651D-05 -0.647367637389D-06  0.115717135192D-04 -0.223791611073D-04
  0.975097777791D-07  0.391975589514D-04 -0.232015371650D-04  0.144212708755D-05
  0.866904854570D-05 -0.191291822549D-05 -0.655598917480D-06  0.115576033686D-04
 -0.230136314745D-04  0.130040534570D-05  0.112609155071D-04 -0.225451193380D-04
  0.249376543439D-06  0.417288858128D-04 -0.479008492002D-05 -0.435381356985D-05
 -0.182979767783D-04  0.666665718989D-06 -0.570908357293D-05 -0.144028753882D-05
 -0.443791063809D-05 -0.493277307772D-05 -0.180774187660D-04  0.706280429563D-06
 -0.555233337917D-05 -0.144107641891D-05 -0.370755310564D-04 -0.339335526694D-04
 -0.570750676336D-04 -0.186313148743D-04 -0.342421818412D-04 -0.374222332905D-04
 -0.575641719206D-04 -0.185430658904D-04 -0.437598886119D-04  0.390374060006D+00
  0.988397655629D-04  0.341680053775D-04 -0.624593210141D-03  0.120323892700D-02
 -0.892553215031D-05 -0.207086928761D-02  0.124666612425D-02 -0.798489858467D-04
 -0.454720611208D-03  0.112216025825D-03  0.346051393589D-04 -0.623847999555D-03
  0.123673945693D-02 -0.723747521098D-04 -0.591493517869D-03  0.121200541526D-02
 -0.169411650562D-04 -0.220443202505D-02  0.265453856105D-03  0.242471697504D-03
  0.983770200443D-03 -0.351551206327D-04  0.297078146217D-03  0.759292578790D-04
  0.246917703973D-03  0.273007790655D-03  0.972134010682D-03 -0.372672894652D-04
  0.288806840078D-03  0.759713091681D-04  0.197665122895D-02  0.181084460440D-02
  0.304301343838D-02  0.100591384121D-02  0.182715004927D-02  0.199497868059D-02
  0.306884536751D-02  0.100122042584D-02  0.234244787873D-02 -0.873318343094D-05
  0.406060150218D+00 -0.262495290718D-02 -0.291123906141D-04 -0.764436586828D-02
  0.196031799736D-02 -0.240655524295D-02  0.390088263864D-03  0.193634853840D-02
 -0.231972782939D-02  0.223219236332D-02 -0.263000321595D-02 -0.278983370757D-04
 -0.764490586905D-02  0.193929301338D-02 -0.232949865838D-02  0.236367525969D-02
  0.195731620821D-02 -0.239986296426D-02  0.527525269321D-03 -0.209830638982D-02
 -0.205294475556D-02  0.979164037008D-02  0.483702521694D-04 -0.293380860948D-02
 -0.116579684718D-03 -0.205227399470D-02 -0.209120514449D-02  0.980421530940D-02
  0.375572174948D-04 -0.292570313552D-02 -0.116349215691D-03  0.396499223813D-02
  0.412183133005D-02  0.858271036786D-02  0.823301749650D-04  0.411798696602D-02
  0.396667714412D-02  0.857075038967D-02  0.653385915448D-04  0.103658589163D-01
  0.780968087361D-05 -0.419784457941D-03  0.369906152422D+00  0.868394592668D-05
  0.348347988503D-05 -0.704678524347D-04  0.125938028218D-03 -0.290000590930D-05
 -0.212251667876D-03  0.130376315538D-03 -0.101088243594D-04 -0.448453054235D-04
  0.100529117176D-04  0.352936182563D-05 -0.703917806753D-04  0.129359721968D-03
 -0.934964124086D-05 -0.587770914585D-04  0.126835471117D-03 -0.371731769041D-05
 -0.225848957217D-03  0.262354470244D-04  0.239137963916D-04  0.109124581429D-03
 -0.356882735162D-05  0.280792635442D-04  0.769799861240D-05  0.243707609528D-04
  0.270168056199D-04  0.107940479225D-03 -0.379462236875D-05  0.272368779777D-04
  0.770250448290D-05  0.206696927905D-03  0.189805626514D-03  0.320076508507D-03
  0.104313882307D-03  0.191476268110D-03  0.208579742490D-03  0.322718443920D-03
  0.103817967584D-03  0.249648706500D-03 -0.197694184706D-01  0.469203214094D-04
 -0.469651115690D-04  0.362429509487D+00 -0.131141378737D-02 -0.889356713099D-04
 -0.248468798211D-02 -0.138791476066D-02 -0.118623794600D-02  0.470149975725D-02
 -0.149439013358D-02 -0.988343698712D-03  0.210909256645D-02 -0.134304224653D-02
 -0.892747825481D-04 -0.248657698772D-02 -0.147132422961D-02 -0.100951096984D-02
  0.247262003835D-02 -0.140848741520D-02 -0.116544310198D-02  0.506104622086D-02
 -0.140403353297D-02 -0.133123548807D-02  0.278311035566D-02  0.100775114473D-03
 -0.211902851241D-02 -0.223754292847D-03 -0.134056515368D-02 -0.141688241063D-02
  0.281474037713D-02  0.999246231715D-04 -0.209696521708D-02 -0.223729983128D-03
 -0.216387325177D-02 -0.172446203267D-02 -0.214469267112D-02 -0.185182895711D-02
 -0.176185410809D-02 -0.220287562208D-02 -0.220686916270D-02 -0.185017795274D-02
  0.277134513986D-03  0.228688112481D-04 -0.121225649968D-02 -0.818896912074D-03
 -0.125667814901D-03  0.367111023901D+00  0.238834271495D-05  0.932103313048D-07
  0.112235914996D-04 -0.351215584001D-05  0.375591558229D-05 -0.350564222581D-05
 -0.341433890974D-05  0.352059256628D-05 -0.412951325066D-05  0.241484394918D-05
  0.918903432949D-07  0.112254410479D-04 -0.343272263780D-05  0.354637420279D-05
 -0.452631148282D-05 -0.349527899205D-05  0.373425766142D-05 -0.390745549919D-05
  0.174984080079D-05  0.164628238467D-05 -0.141235537814D-04 -0.125080809012D-06
  0.502128199662D-05  0.289374706418D-06  0.165136972630D-05  0.174902106626D-05
 -0.141595448701D-04 -0.110877801753D-06  0.499702596423D-05  0.289071403065D-06
 -0.477053752143D-05 -0.524752645843D-05 -0.107605237217D-04 -0.127836696714D-05
 -0.521885338965D-05 -0.474785609931D-05 -0.107059777870D-04 -0.125792939378D-05
 -0.145686040748D-04  0.180504063068D-08  0.131885558447D-05  0.685007528064D-05
  0.127809426845D-06  0.625606175477D-06  0.356444133710D+00  0.212596432491D-04
  0.840467135527D-05 -0.170513029214D-03  0.304530106843D-03 -0.713545679245D-05
 -0.512194704164D-03  0.315239306752D-03 -0.245266628907D-04 -0.108079215162D-03
  0.245629870629D-04  0.851547596578D-05 -0.170329485940D-03  0.312786187410D-03
 -0.226951807969D-04 -0.141691813931D-03  0.306695681197D-03 -0.910742040402D-05
 -0.544999694156D-03  0.636637413663D-04  0.580638894512D-04  0.263928221717D-03
 -0.860941156938D-05  0.675767863771D-04  0.185698306419D-04  0.591667107622D-04
  0.655498223974D-04  0.261071481558D-03 -0.915501485682D-05  0.655444102572D-04
  0.185807201884D-04  0.499303435439D-03  0.458550387606D-03  0.773203660141D-03
  0.252308459175D-03  0.462581849515D-03  0.503847284157D-03  0.779578590261D-03
  0.251110596315D-03  0.603351800431D-03 -0.214533694885D-05  0.113201275045D-03
 -0.113646915302D-03  0.115267586177D-04 -0.303305083613D-03  0.336056748155D-06
  0.130384050428D-01  0.356076142962D-03  0.159837894039D-03 -0.350269827862D-02
  0.592194902715D-02 -0.211812957787D-03 -0.978394666707D-02  0.612602886783D-02
 -0.541713580471D-03 -0.199728516625D-02  0.419099196874D-03  0.161995637089D-03
 -0.349920408880D-02  0.607920122845D-02 -0.506991280391D-03 -0.263604503249D-02
  0.596327489150D-02 -0.249319457843D-03 -0.104070708832D-01  0.118435965243D-02
  0.107868426155D-02  0.535725266612D-02 -0.163145223256D-03  0.120044406654D-02
  0.351503627711D-03  0.109979898401D-02  0.122065928929D-02  0.530300919269D-02
 -0.173922605176D-03  0.116182682144D-02  0.351719130291D-03  0.969639043145D-02
  0.892185513713D-02  0.150838570650D-01  0.487177871917D-02  0.899884236419D-02
  0.978335330324D-02  0.152054138021D-01  0.484833003184D-02  0.118917470855D-01
 -0.407882275366D-04  0.215196251705D-02 -0.232174374512D-02  0.218990281491D-03
 -0.584705592467D-02  0.664420814007D-05  0.528330283946D-03  0.226886009226D-01
  0.229757288009D-03  0.873492116139D-04 -0.172275353538D-02  0.313978770993D-02
 -0.597061547169D-04 -0.531501285732D-02  0.325100888942D-02 -0.240611612731D-03
 -0.113430022312D-02  0.264050570223D-03  0.884912043725D-04 -0.172084667354D-02
  0.322554698913D-02 -0.221556549118D-03 -0.148372423813D-02  0.316226750392D-02
 -0.801998496598D-04 -0.565609602786D-02  0.666301848830D-03  0.607946928890D-03
  0.267879246398D-02 -0.895884684277D-04  0.718409749148D-03  0.193309060789D-03
  0.619381590949D-03  0.685821955456D-03  0.264908633781D-02 -0.951826590711D-04
  0.697280938395D-03  0.193420638339D-03  0.515086069653D-02  0.472722268642D-02
  0.796354939914D-02  0.260780075612D-02  0.476906102974D-02  0.519798031299D-02
  0.802974285177D-02  0.259547836359D-02  0.619105038695D-02 -0.222984910943D-04
  0.117665897796D-02 -0.115062567705D-02  0.119839164752D-03 -0.313723698387D-02
  0.344451753915D-05  0.289128158418D-03  0.988965900825D-02  0.119192480582D-01
$end
