$hessapprox internal
  0.466913187123D+00 -0.212539432978D-02  0.118980073745D+01  0.112163429956D-02
 -0.325006595063D-02  0.111194560914D+00 -0.466333821210D-04  0.454195804733D-03
  0.181881465180D-01  0.205459532012D+00  0.164366501356D-04 -0.445167480307D-03
 -0.148096744874D-03  0.241832022436D-03  0.200033223902D+00 -0.223866832929D-04
  0.567024282007D-03  0.605928882472D-03 -0.528194822519D-03 -0.173812169372D-04
  0.200016567798D+00  0.213532239221D-02  0.319003453504D-02  0.325950010614D-02
 -0.856506275659D-02 -0.213020525514D-04  0.191872912820D-03  0.379725340096D+00
 -0.162921988623D-02 -0.234583719631D-02 -0.167118857632D-03 -0.381645333171D-02
 -0.737159476120D-04  0.850881422298D-04  0.316910575543D-01  0.395379486105D+00
 -0.260710022844D-04  0.459845440227D-03  0.875477520282D-03 -0.561006993820D-03
  0.116268328292D-04  0.927378541267D-05  0.211418764343D-03  0.822973743408D-04
  0.346908362160D+00 -0.211861422141D-02 -0.223958758208D-01 -0.172042366189D-01
  0.209693640047D-01  0.170875332207D-03 -0.297357251631D-03 -0.703950037643D-01
 -0.208183208800D-03 -0.270546468040D-03  0.284175727480D+00 -0.846654111853D-04
 -0.174366721663D-01  0.110864959215D-01  0.343232476730D-01 -0.313956549688D-04
 -0.269425985372D-03 -0.162885753882D-01  0.530634108207D-02 -0.514443757616D-03
  0.652825137279D-01  0.324890980687D+00  0.421994880435D-05 -0.580995517126D-03
 -0.132177118043D-02  0.556837199883D-03 -0.251540623496D-03  0.399612109185D-04
 -0.918035296121D-03  0.155682526587D-03 -0.286877401549D-03 -0.107271395643D-02
  0.194229154629D-03  0.364213007571D+00 -0.150462540271D-02 -0.758049502174D-02
 -0.199481446443D-02  0.370660313635D-02 -0.106775396491D-03  0.134272195575D-03
  0.592415066623D-02 -0.525141528786D-02  0.110919895185D-03 -0.789204873585D-02
 -0.376943266076D-02 -0.431121723462D-03  0.409808376738D+00 -0.143133843701D-02
 -0.376362778962D-02 -0.666136454878D-03  0.208222086737D-02 -0.732502644291D-04
  0.790335576194D-04  0.152368246444D-01 -0.828329026162D-02  0.838771860213D-04
  0.161052852294D-02  0.427879416518D-02 -0.365883458878D-03 -0.423478737100D-02
  0.405914432122D+00 -0.435205563776D-03 -0.960214629828D-03  0.800737665628D-02
 -0.397287641816D-02  0.719068432712D-06 -0.416281502930D-04 -0.585121724759D-02
 -0.240727978614D-03 -0.788985464331D-04 -0.129452233991D-01  0.473548591779D-02
  0.258779377055D-03 -0.843996464083D-03 -0.492553185987D-03  0.333138588673D+00
  0.223018118437D-03 -0.299918695765D-02 -0.404518362425D-02  0.238213171500D-02
 -0.973220290331D-04  0.209764624564D-05 -0.804139990200D-02  0.215844449858D-02
 -0.162243660519D-03 -0.691980413085D-02 -0.145117924842D-02  0.150850148051D-02
 -0.117165908059D-02  0.711084963662D-04 -0.305551096175D-03  0.336399335844D+00
 -0.477154711027D-03  0.817201682478D-04 -0.677556599700D-03 -0.445956986700D-02
  0.609598522027D-04 -0.374652746980D-04 -0.362188247161D-02 -0.273521804417D-02
  0.238747920415D-04 -0.194083820487D-01  0.173187261971D-01 -0.277508225411D-03
 -0.644984879797D-03 -0.135938905761D-02 -0.321941627691D-02 -0.287786385150D-03
  0.309922799658D+00  0.364067641366D-03 -0.153694345110D-03 -0.127029171426D-02
  0.163488785591D-02  0.135567219298D-03 -0.420407447631D-04  0.566563138154D-02
  0.338359447484D-03  0.102791300774D-03  0.789308812393D-02 -0.694156488869D-02
 -0.130012049531D-02  0.181800671076D-03 -0.219725035617D-03  0.126849527632D-02
  0.747142566085D-03  0.268148821513D-02  0.337291941821D+00 -0.938028942535D-03
 -0.635585084467D-02  0.253890188133D-02  0.203487455814D-03  0.202481050173D-04
 -0.171716294093D-04  0.838719238695D-02 -0.521839189441D-02 -0.191661680851D-04
 -0.556866229268D-02 -0.247133194934D-02 -0.173816202708D-03 -0.482106649190D-02
 -0.448900566911D-02 -0.943272286438D-03  0.374307586084D-03 -0.890216616408D-03
  0.797608883735D-03  0.413584143536D+00 -0.921319589203D-03 -0.176008021239D-02
 -0.218602749118D-02 -0.171902412986D-03 -0.594094491648D-04  0.100057645160D-03
  0.163347412305D-01 -0.649720826176D-02  0.120721302594D-03  0.135148121396D-02
 -0.509209737627D-03 -0.321023217741D-03 -0.322274546398D-02 -0.414579563435D-02
  0.379521209571D-03  0.526333199566D-03 -0.349099643958D-03 -0.161361389746D-03
 -0.303345486636D-02  0.408699969916D+00 -0.478278479644D-03  0.441220628012D-03
 -0.860979669097D-02 -0.452235080513D-02  0.686806323880D-04 -0.134965775123D-04
 -0.141657523308D-01 -0.192915561179D-02  0.847843494668D-04 -0.346909506149D-01
  0.310919465602D-01 -0.436137720943D-03 -0.213130300321D-03 -0.446311339296D-03
 -0.503745347983D-02 -0.133882655417D-02 -0.110138777353D-01  0.429303140559D-02
 -0.465945381477D-03  0.636710019049D-03  0.315509710045D+00 -0.268034211932D-03
 -0.105862376175D-01 -0.107926814688D-01  0.116165191016D-01 -0.208854198964D-03
  0.137904723871D-03 -0.218715055468D-01  0.548285845766D-02 -0.758523414833D-04
 -0.985213843401D-02 -0.125925649767D-01  0.113713125469D-02 -0.446439081935D-02
  0.128891989650D-02  0.418554199287D-03 -0.281803895766D-02  0.261286013463D-02
 -0.162690310700D-02 -0.143554118221D-02  0.102470442109D-02  0.247345708076D-02
  0.322936201020D+00 -0.250095118880D-03  0.168799383746D-02  0.280040625072D-02
 -0.420198079979D-02  0.357435028465D-04 -0.392951692567D-04  0.815978042102D-03
 -0.209077371536D-02 -0.108189029416D-04 -0.835832423464D-02  0.105346222501D-01
 -0.334643457697D-04  0.360778022763D-03 -0.795472365396D-03 -0.185599024046D-02
  0.363767725628D-03 -0.375414772735D-02  0.144575596637D-02 -0.350974010693D-03
 -0.257625571743D-03 -0.588711245123D-02  0.334276432569D-02  0.314204766755D+00
 -0.358603387755D-03 -0.428625152123D-02  0.937926505578D-02  0.577729183047D-03
 -0.152168023223D-03  0.280127939810D-04 -0.859408000002D-02  0.325123614557D-02
 -0.182349136351D-03 -0.843730634991D-02 -0.128335486094D-01  0.134946493497D-02
 -0.239803484937D-02  0.152247648675D-04 -0.127693523840D-02  0.276411814841D-03
  0.133733796884D-02  0.150343130547D-02 -0.118102964374D-02  0.976992162462D-03
  0.215670312345D-02 -0.576170247612D-02  0.134109544970D-02  0.333212946278D+00
 -0.955539449393D-03 -0.617139283578D-02  0.213763189969D-02  0.462615985758D-03
 -0.221902519264D-04  0.650970017483D-06  0.802209933689D-02 -0.510704406112D-02
 -0.428102357265D-04 -0.552254836406D-02 -0.229854437082D-02  0.186843551628D-03
 -0.478428588042D-02 -0.438591448942D-02 -0.897831723157D-03  0.475382242492D-03
 -0.904643059308D-03  0.593349633771D-03 -0.331266503853D-02 -0.300047720830D-02
 -0.489594607294D-03 -0.135786320066D-02 -0.324673708104D-03 -0.102417720551D-02
  0.413545567147D+00 -0.879666394165D-03 -0.219820089634D-02 -0.323121766740D-02
  0.742739935380D-03 -0.102309193273D-03  0.829324973695D-04  0.159485363185D-01
 -0.672098446561D-02  0.277760983222D-04  0.235122262800D-02  0.131237663581D-02
  0.454046232304D-03 -0.323403659894D-02 -0.421676165296D-02  0.449302422307D-03
  0.100833262477D-02 -0.544357404431D-03 -0.436576840641D-03 -0.299132717517D-02
 -0.357230437799D-02  0.334831886943D-03  0.170536095120D-02 -0.376676709042D-03
  0.150494109541D-02 -0.287224915184D-02  0.408534228791D+00 -0.506615558478D-03
  0.758039946392D-03 -0.851444613403D-02 -0.475560731154D-02  0.291739044967D-04
  0.102759858387D-04 -0.142830302077D-01 -0.176033041815D-02  0.751161573040D-04
 -0.352202123300D-01  0.305504168141D-01 -0.160162085477D-03 -0.205346888642D-03
 -0.389983003783D-03 -0.501783228612D-02 -0.128598793600D-02 -0.110023190792D-01
  0.412833332146D-02 -0.527800379859D-03  0.708855684152D-03 -0.195610957256D-01
  0.243987081649D-02 -0.584878585880D-02  0.222245381115D-02 -0.507673649230D-03
  0.453254440343D-03  0.315597658692D+00 -0.183868884966D-03 -0.109565002614D-01
 -0.949531774727D-02  0.107263215379D-01  0.115599781344D-03  0.499870949716D-04
 -0.199879161027D-01  0.500403035914D-02  0.211241355497D-03 -0.903561287746D-02
 -0.132390795752D-01 -0.229617322905D-02 -0.431101261229D-02  0.119834143128D-02
  0.202453725757D-03 -0.424731186827D-02  0.292937233708D-02 -0.404710090691D-04
 -0.109866653039D-02  0.110304537709D-02  0.290011734046D-02 -0.134044348927D-01
  0.334849449992D-02 -0.716322389281D-02 -0.147252166500D-02  0.943549498766D-03
  0.251733897725D-02  0.324517890296D+00 -0.253902314372D-03  0.165200987447D-02
  0.273125235486D-02 -0.411554083553D-02  0.194725428528D-04 -0.366533274240D-04
  0.687529707161D-03 -0.207713542865D-02 -0.287239693619D-04 -0.837631982412D-02
  0.106132204108D-01  0.157235040085D-03  0.339522104897D-03 -0.800035322871D-03
 -0.184864415685D-02  0.447477629321D-03 -0.377498641492D-02  0.136358964163D-02
 -0.371046138828D-03 -0.272138921487D-03 -0.591518981206D-02  0.341017667520D-02
 -0.245455155006D-02  0.141238357985D-02 -0.320809851572D-03 -0.341293380685D-03
 -0.585969627919D-02  0.319927527988D-02  0.314210970117D+00 -0.333567221048D-03
 -0.431537539345D-02  0.962385269184D-02  0.683441855088D-03  0.978582914407D-04
 -0.231382414652D-04 -0.791936818920D-02  0.302509957033D-02  0.780855563952D-04
 -0.714811500191D-02 -0.126929625358D-01 -0.157823918200D-02 -0.213127921071D-02
  0.281243276574D-03 -0.143624721579D-02 -0.113971760440D-02  0.163958112449D-02
  0.274195502027D-02 -0.987156588346D-03  0.116828378290D-02  0.255705538502D-02
 -0.699313153853D-02  0.142762602745D-02 -0.306422599077D-02 -0.118404751485D-02
  0.990512463228D-03  0.234337378461D-02 -0.511736870937D-02  0.131914830495D-02
  0.333504765543D+00 -0.148263717689D-02 -0.801169496709D-02 -0.306218096905D-02
  0.419803046860D-02 -0.124278098200D-03  0.132457672375D-03  0.572406330381D-02
 -0.527656354314D-02  0.799826645291D-04 -0.794330424114D-02 -0.355983540638D-02
 -0.128734066442D-03 -0.619107460307D-02 -0.432489256373D-02 -0.736983919572D-03
 -0.103701743084D-02 -0.648100595333D-03  0.580994260681D-04 -0.481099337439D-02
 -0.332904236238D-02 -0.294693620601D-03 -0.450622118436D-02  0.404563619004D-03
 -0.221378624758D-02 -0.474901626905D-02 -0.325318034645D-02 -0.271038246934D-03
 -0.466047795405D-02  0.401774534321D-03 -0.223025768233D-02  0.409551585486D+00
 -0.154577545900D-02 -0.256391714045D-02  0.162904397028D-02 -0.487618853946D-03
 -0.193989875082D-03  0.169527687156D-03  0.158459230810D-01 -0.754213082405D-02
  0.796124641074D-04 -0.221978481336D-02 -0.480556706626D-03  0.383939448076D-03
 -0.443754636570D-02 -0.474982163355D-02 -0.495662762301D-03  0.196959490036D-03
 -0.116403385388D-02 -0.658152723914D-03 -0.473646102416D-02 -0.383472396349D-02
 -0.993653569194D-04  0.774242476091D-03 -0.593282024784D-03 -0.946859047196D-04
 -0.452783652346D-02 -0.385132090351D-02  0.992113213722D-04 -0.212369585261D-03
 -0.558299128566D-03 -0.606956692390D-03 -0.448636478584D-02  0.406298819300D+00
 -0.441411234179D-03 -0.758505988194D-03  0.852621469933D-02 -0.427735814360D-02
  0.423649096964D-04 -0.457404698876D-04 -0.560184222940D-02 -0.242694797531D-03
 -0.267186402039D-04 -0.129164354733D-01  0.446491987406D-02 -0.282679382598D-03
 -0.760592595457D-03 -0.434565382556D-03 -0.265586240164D-02 -0.565970151426D-03
 -0.316583587372D-02  0.149510543818D-02 -0.920103098542D-03  0.457161707331D-03
 -0.493826748003D-02  0.226645028975D-03 -0.185343440582D-02 -0.153412822120D-02
 -0.936532423959D-03  0.384653177581D-03 -0.496296086319D-02  0.607155042161D-03
 -0.187975421295D-02 -0.118492795962D-02 -0.706116302330D-03 -0.547093756702D-03
  0.333110425303D+00  0.293066728444D-03 -0.332994090217D-02 -0.348912411021D-02
  0.209741144082D-02  0.220418340628D-03 -0.771122303057D-04 -0.664925246650D-02
  0.174859592758D-02  0.135628056710D-03 -0.567265960804D-02 -0.161734421624D-02
 -0.197431193834D-02 -0.962541754565D-03  0.149683311332D-03 -0.483086044487D-03
 -0.858086923578D-03  0.586905004936D-04  0.229603030994D-02  0.681886247994D-03
  0.646682647476D-03 -0.894388271649D-03 -0.416788324520D-02  0.424461075148D-03
 -0.114117076516D-02  0.338616358061D-03  0.286968232612D-03 -0.119001865706D-02
 -0.161185170792D-02  0.291136629433D-03  0.754702219344D-03 -0.115138871354D-02
 -0.655146997583D-03 -0.138649144478D-03  0.337299753319D+00 -0.505315501229D-03
  0.323215723582D-03 -0.790499548684D-03 -0.435156575204D-02  0.961106243038D-05
 -0.163986829445D-04 -0.399635481963D-02 -0.259915146708D-02 -0.618847116682D-05
 -0.195465323900D-01  0.173305833924D-01  0.165460556703D-03 -0.617698253743D-03
 -0.126514360709D-02 -0.319935185957D-02 -0.152363732417D-03 -0.657890964410D-02
  0.244627525861D-02 -0.962858637362D-03 -0.303385819276D-03 -0.110416899811D-01
  0.272271268588D-02 -0.373811320640D-02  0.149120060084D-02 -0.909901020981D-03
 -0.396342690084D-03 -0.109758037891D-01  0.249209328124D-02 -0.373018949425D-02
  0.136127465963D-02 -0.586839060788D-03 -0.931609783604D-03 -0.322178518415D-02
 -0.345485858332D-03  0.309944964730D+00  0.337020692837D-03 -0.121783656195D-03
 -0.152921249286D-02  0.154157804654D-02 -0.935409689636D-04  0.742790985461D-05
  0.501642802284D-02  0.574065604030D-03 -0.130902269405D-03  0.663958648586D-02
 -0.720354309066D-02  0.135351747181D-02 -0.733177847826D-04 -0.452422070233D-03
  0.142015130935D-02  0.201080531821D-02  0.242598028429D-02  0.441244114146D-03
  0.610769390954D-03 -0.324066299936D-03  0.395264260273D-02 -0.573745107457D-03
  0.138715489732D-02  0.260651816089D-02  0.728060330577D-03  0.382984481816D-04
  0.404316072153D-02 -0.196231185854D-02  0.146790938115D-02  0.133255111262D-02
  0.575383401612D-04 -0.176779051395D-03  0.118650023031D-02  0.552781110310D-03
  0.258396384447D-02  0.337307211298D+00 -0.142211728594D-02 -0.515183928612D-02
  0.188490418040D-02  0.392167353710D-03 -0.127342695597D-03  0.142601928912D-03
  0.718210438847D-02 -0.510096288539D-02  0.986928931703D-04 -0.909114758708D-02
 -0.351802697220D-02 -0.187319051086D-03 -0.526597402655D-02 -0.415216973719D-02
 -0.120916955599D-02 -0.640797043573D-03 -0.118078970344D-02  0.273492928985D-03
 -0.444010993370D-02 -0.283446815559D-02 -0.838353728239D-03 -0.280186283705D-02
 -0.207127438579D-03 -0.199393389677D-02 -0.436466652220D-02 -0.288969291407D-02
 -0.765848799743D-03 -0.291611394887D-02 -0.218200952014D-03 -0.194650746793D-02
 -0.536014426546D-02 -0.403293035474D-02 -0.116312262982D-02 -0.695716823643D-03
 -0.110941583596D-02  0.229671388970D-03  0.411141353887D+00 -0.127734446430D-02
 -0.453400184756D-02  0.160996876237D-02  0.206092400905D-03 -0.921402160515D-05
 -0.285933184939D-04  0.183670436313D-01 -0.956451925316D-02 -0.460351681131D-04
  0.232435472604D-02  0.614641648726D-02  0.176574482176D-03 -0.428269717509D-02
 -0.565599078154D-02 -0.598083087707D-03  0.106808664779D-02 -0.193503984966D-02
 -0.273391005249D-03 -0.417536405918D-02 -0.481255716747D-02 -0.113025785531D-02
  0.357737938479D-02 -0.145709405689D-02  0.649100463287D-03 -0.409090213583D-02
 -0.473669847679D-02 -0.109980123865D-02  0.321890206051D-02 -0.143761523953D-02
  0.526471634270D-03 -0.423156149562D-02 -0.576620593863D-02 -0.647418104909D-03
  0.814415466505D-03 -0.186197457436D-02 -0.154105031003D-03 -0.447528428682D-02
  0.404598200273D+00  0.232221173507D-04 -0.182222028447D-03  0.527627683372D-04
  0.790111355650D-04  0.436355248669D-04 -0.205876851301D-04  0.199530028388D-03
 -0.146264479451D-03  0.220152667040D-04  0.426243042370D-03  0.401212677888D-03
 -0.369380094500D-03  0.248238713363D-04 -0.341175853523D-04 -0.321727608317D-04
 -0.106532770394D-03 -0.554506979017D-05  0.197615701027D-03  0.630852452936D-04
 -0.393864360577D-04 -0.918467688383D-05 -0.443703361472D-07 -0.391871493766D-04
 -0.106428748256D-03  0.106284932070D-04 -0.116551300788D-03 -0.560380659364D-04
  0.444614627724D-03 -0.622078639918D-04  0.257035793275D-03 -0.206313645099D-05
 -0.175600274287D-03  0.294711550540D-04  0.339319723105D-03 -0.702494943687D-04
 -0.133106642779D-03 -0.392889454209D-04 -0.434768635176D-04  0.335726033129D+00
 -0.122991742642D-03 -0.511137315919D-02  0.465636661718D-02 -0.118844352697D-02
  0.158202453591D-04  0.219495448493D-04 -0.142488255902D-01  0.467350631394D-02
  0.137226548828D-04 -0.200481037695D-01 -0.115633931215D-01 -0.365484198643D-03
 -0.267256510079D-02  0.163517332089D-03 -0.194331893178D-02 -0.104793498514D-02
 -0.222795128543D-03  0.293438940214D-02 -0.361486439234D-03  0.179501490288D-02
 -0.159381331419D-02 -0.817610034364D-02  0.785359851760D-03 -0.273485278467D-02
 -0.509653922629D-03  0.179753552326D-02 -0.170464674481D-02 -0.736273345064D-02
  0.734411882918D-03 -0.239568371106D-02 -0.269638500636D-02 -0.409281857659D-04
 -0.186954856106D-02 -0.397404558357D-03 -0.401727004950D-03  0.260089178754D-02
 -0.194695248931D-02  0.132390981129D-02  0.129043496733D-03  0.332548149218D+00
 -0.762318525783D-03 -0.148142307658D-02  0.332676317937D-02 -0.455723777176D-02
  0.556624939981D-05 -0.413466158575D-05 -0.904217779220D-02 -0.140930330220D-02
  0.591509586361D-05 -0.249189603470D-01  0.136607833416D-01 -0.127024596263D-03
 -0.162671987965D-02 -0.107716825867D-02 -0.408424128747D-02 -0.101056224681D-02
 -0.659752807492D-02  0.283946031894D-02 -0.165205573100D-02  0.221513412353D-03
 -0.111136452571D-01  0.165790567502D-03 -0.349535062730D-02 -0.528476659790D-03
 -0.162443904976D-02  0.122023021541D-03 -0.110853443132D-01  0.267329271447D-03
 -0.351006972739D-02 -0.379954419748D-03 -0.161035074761D-02 -0.953767496840D-03
 -0.406265584476D-02 -0.860135783950D-03 -0.659411130193D-02  0.271803646593D-02
 -0.200795943599D-02 -0.149905076186D-02 -0.216349014305D-04 -0.250450818918D-02
  0.309017587537D+00 -0.233118263275D-04  0.336630679236D-05 -0.452206343282D-03
  0.419502425157D-04 -0.244660266316D-03  0.502891056867D-04 -0.739390425555D-03
  0.220655877138D-03 -0.253927346933D-03 -0.115052695182D-02  0.186978522317D-05
  0.285767742487D-02 -0.255305465986D-03 -0.237943198204D-03  0.170070290310D-03
  0.137024795313D-02 -0.292426729530D-03 -0.121715744979D-02 -0.188142994070D-03
 -0.189958212220D-03 -0.397009651766D-03  0.118516330712D-02 -0.758424659033D-04
  0.122187285538D-02  0.158279436092D-03  0.502179366473D-03 -0.124786698070D-03
 -0.201951347865D-02  0.100083729575D-03 -0.148143860673D-02  0.194881112000D-04
  0.513161925235D-03 -0.326471419141D-03 -0.186673461710D-02  0.130791409925D-03
  0.123602156787D-02 -0.409350202564D-04  0.139235160666D-03 -0.354502866699D-03
 -0.349570790611D-03 -0.135453869340D-03  0.338292617656D+00  0.219211699469D-03
 -0.189510202157D-02 -0.143167741087D-02 -0.206980302617D-02  0.314462695336D-03
 -0.113117563796D-03 -0.146455342513D-01  0.269157216209D-02  0.203863510296D-03
 -0.185826428888D-01  0.753040797775D-02 -0.276356824682D-02  0.200861985848D-03
  0.121985807915D-02 -0.252011517879D-02 -0.224589015033D-02 -0.365786063857D-02
  0.326692447663D-02  0.112505885806D-02  0.189013539850D-02 -0.753947673268D-02
 -0.303340956876D-02 -0.171616158241D-02 -0.191137534082D-02  0.688362586181D-03
  0.122882923504D-02 -0.787934814718D-02  0.449382015819D-03 -0.190291281517D-02
  0.764055786775D-03 -0.333774934054D-04  0.452888851349D-03 -0.203461920843D-02
  0.114654365730D-02 -0.418059112439D-02  0.830494330809D-03 -0.811366173008D-04
  0.165785387815D-02  0.408040424502D-03 -0.185293908660D-02 -0.478774248868D-02
 -0.262759702375D-02  0.368637507309D+00  0.346695994388D-03  0.217187707805D-02
  0.759520531696D-02 -0.143887451563D-02  0.902696649275D-04 -0.285095125829D-05
  0.141017518005D-01  0.278405077565D-03  0.114071662534D-03  0.181653092154D-01
 -0.187474164129D-01 -0.121531290439D-02  0.676842900881D-03 -0.536831526045D-03
  0.257889705800D-02  0.145725469275D-02  0.585468755381D-02 -0.309361484449D-03
  0.688476296533D-03 -0.449309994103D-03  0.106734905915D-01 -0.485184298971D-03
  0.281041660335D-02  0.402846685659D-03  0.515599753820D-03 -0.799791243285D-03
  0.105781564785D-01  0.961376142954D-03  0.272882414409D-02  0.155150344665D-02
  0.594509897863D-03 -0.675612190187D-03  0.279313395883D-02  0.288043474009D-02
  0.565395737437D-02 -0.134984677987D-02  0.889063239204D-03 -0.782822834104D-03
  0.143715480421D-03  0.405185761708D-02  0.620290257138D-02 -0.112704238256D-02
  0.631296513811D-02  0.354629281411D+00  0.295865238860D-03  0.241162768253D-02
  0.738477133825D-02 -0.145701973418D-02 -0.137163305553D-03  0.563626942320D-04
  0.132327359497D-01  0.610782265961D-03 -0.958423375899D-04  0.169712638517D-01
 -0.190948562090D-01  0.126857652524D-02  0.486335867810D-03 -0.635477015032D-03
  0.271084616599D-02  0.256268554143D-02  0.564232122422D-02 -0.141300412534D-02
  0.465405590508D-03 -0.526471291116D-03  0.104069602948D-01  0.398763013988D-03
  0.279072126487D-02  0.137920567010D-02  0.606073292089D-03 -0.285099376174D-03
  0.105620094602D-01 -0.985289106675D-03  0.286286939337D-02  0.163586653126D-03
  0.634369618707D-03 -0.839408467147D-04  0.249524147638D-02  0.113650668621D-02
  0.582367626533D-02 -0.306822894130D-03  0.910672554492D-03 -0.622232048706D-03
 -0.174949602885D-03  0.360738805798D-02  0.611400503498D-02  0.118245639003D-02
  0.392678922710D-02 -0.480805013255D-02  0.354660813213D+00  0.130905683116D-03
 -0.112388767900D-02 -0.202326142038D-03 -0.353846242983D-02 -0.119227939547D-03
 -0.159893667921D-05 -0.152863680246D-01  0.328299085593D-02 -0.204357457087D-03
 -0.219040949115D-01  0.567357914327D-02  0.206404121968D-02 -0.186284033342D-03
  0.785256289452D-03 -0.234773862877D-02  0.512478084821D-04 -0.411457697842D-02
  0.119782338806D-02  0.735868746769D-03  0.174214029145D-02 -0.805846628880D-02
 -0.106571422855D-02 -0.185328963130D-02 -0.214225523168D-04  0.893421890391D-03
  0.219170404458D-02 -0.790657287330D-02 -0.301856109543D-02 -0.174597641384D-02
 -0.193183297622D-02  0.407343021928D-04  0.146308634682D-02 -0.269421703952D-02
 -0.205015304824D-02 -0.391059685438D-02  0.292787473373D-02 -0.493057487747D-04
  0.176169992339D-02 -0.213768861960D-03 -0.240343604950D-02 -0.502215435988D-02
  0.184879165231D-02 -0.555525417947D-02  0.445451935848D-02  0.599998365028D-02
  0.367397326503D+00  0.741510819620D-03  0.445040205714D-02  0.151272594690D-02
 -0.191973735961D-02 -0.754267911191D-04 -0.250907200729D-05 -0.144795832974D-01
  0.524450299709D-02 -0.112907216686D-03 -0.246287935156D-02  0.461601779802D-02
  0.113582611257D-02  0.352677112705D-02  0.386836651134D-02 -0.456585106857D-03
 -0.466895878520D-03 -0.937858561963D-03 -0.161204954368D-02  0.261535558898D-02
  0.306252200059D-02 -0.231802829448D-02  0.161775908212D-02 -0.610404186718D-03
 -0.126922353975D-02  0.274529663877D-02  0.330088152111D-02 -0.220741418817D-02
  0.388645140171D-03 -0.542191958751D-03 -0.231545898124D-02  0.365883159167D-02
  0.423018134937D-02 -0.655635232294D-03 -0.170879325854D-02 -0.779687470334D-03
 -0.657067713036D-03  0.334530402030D-02  0.417528930151D-02 -0.145749132964D-03
 -0.232240785514D-02 -0.100729556659D-02  0.102261401675D-02 -0.307552112483D-02
 -0.350244007542D-04  0.860323630903D-03 -0.134415086784D-02  0.367896049210D+00
  0.816478941885D-03  0.382696225216D-02  0.135721787761D-02 -0.148532544220D-02
  0.165969294266D-03 -0.798947432201D-04 -0.137109391898D-01  0.477831991724D-02
  0.812239422465D-04 -0.791002047402D-03  0.560213565545D-02 -0.133601708790D-02
  0.367101309668D-02  0.390945018053D-02 -0.579444521779D-03 -0.150985931270D-02
 -0.758219665073D-03 -0.473255806992D-03  0.287288696341D-02  0.304616616501D-02
 -0.211452936742D-02  0.828154803142D-03 -0.619008767377D-03 -0.219363519036D-02
  0.268148020543D-02  0.272096690066D-02 -0.227124454492D-02  0.245017477721D-02
 -0.703504478439D-03 -0.869987849705D-03  0.358268598655D-02  0.350239433039D-02
 -0.354656386272D-03  0.115583077647D-03 -0.992577707148D-03 -0.167212425580D-02
  0.323767923436D-02  0.402448336465D-02  0.184769483580D-03 -0.184674668249D-02
 -0.954593336443D-03 -0.129150504723D-02 -0.637231094723D-03  0.945039086491D-03
 -0.207377940931D-03 -0.287828621243D-02 -0.176633283119D-02  0.368176364013D+00
  0.229766057796D-03  0.184310812413D-02 -0.441245049322D-02  0.485617854064D-02
  0.714164140019D-04 -0.143992198582D-03  0.702040512608D-02 -0.347385652041D-02
 -0.124711258219D-03  0.193395809586D-01  0.141193792491D-01  0.253890172571D-03
  0.234150911721D-02  0.381741021559D-03  0.111019651097D-02  0.136017396250D-02
 -0.660195972243D-04 -0.105298783187D-02  0.622683761951D-03 -0.140846762770D-02
  0.821867133471D-03  0.644387190729D-02 -0.763342054114D-03  0.283885265693D-02
  0.723714307233D-03 -0.117425941853D-02  0.787404039692D-03  0.591726840467D-02
 -0.715607177503D-03  0.272963707173D-02  0.242768301785D-02 -0.225500296148D-03
  0.101635978872D-02  0.102570103802D-02  0.279259153603D-04 -0.948048358653D-03
  0.126727198140D-02 -0.461921732997D-03 -0.148366900474D-04  0.248515818447D-02
  0.147454832793D-02  0.141881511755D-03  0.135814428577D-02 -0.253002268062D-02
 -0.235929304820D-02  0.123253350408D-02  0.549976466965D-03  0.487957286866D-03
  0.360655217114D+00  0.354831611100D-03  0.376680328457D-02 -0.614812581889D-02
  0.726794005863D-02  0.124976082901D-03 -0.230240718482D-03  0.125903723481D-01
 -0.584420378444D-02 -0.177971174342D-03  0.324258876726D-01  0.229939648681D-01
  0.212980232630D-03  0.409343390433D-02  0.667663419310D-03  0.181777246356D-02
  0.220737849874D-02 -0.642097449176D-04 -0.174135313236D-02  0.102007431350D-02
 -0.228313799139D-02  0.156019770141D-02  0.109787969589D-01 -0.131265662438D-02
  0.466671747180D-02  0.117611642456D-02 -0.197763016666D-02  0.150501644318D-02
  0.102974285250D-01 -0.124618387193D-02  0.467448636618D-02  0.421644011119D-02
 -0.305017625986D-03  0.170028698644D-02  0.185937294093D-02  0.759787997607D-04
 -0.173453500391D-02  0.226791144446D-02 -0.902816340443D-03 -0.163322833894D-04
  0.431957541635D-02  0.255189473856D-02  0.518689838090D-04  0.252531670228D-02
 -0.424384873120D-02 -0.410440462586D-02  0.202841181289D-02  0.878866452252D-03
  0.901221821274D-03 -0.624935835931D-03  0.359037013980D+00 -0.118686571154D-03
 -0.461524520623D-02 -0.341115761951D-02 -0.344526985770D-02 -0.151826095419D-03
  0.299671774248D-03 -0.604141366412D-02  0.496249575045D-02  0.259323311478D-03
 -0.242799737662D-01 -0.280064464764D-01 -0.283018207080D-03 -0.488864469213D-02
 -0.151237434511D-02  0.457481749392D-03 -0.186908291063D-02  0.258730522491D-02
  0.536809432207D-03 -0.873075967456D-03  0.119571129063D-02  0.231574218804D-02
 -0.122512348534D-01  0.295548510419D-02 -0.389447562431D-02 -0.107791099729D-02
  0.849949057933D-03  0.236448633511D-02 -0.114824291047D-01  0.288633541636D-02
 -0.394996140380D-02 -0.512438918788D-02 -0.398986465343D-03  0.615638469342D-03
 -0.153066068113D-02  0.243175606567D-02  0.561464033132D-03 -0.229662564151D-02
  0.479741421365D-03  0.350435806294D-04 -0.285973485358D-02  0.557976165483D-03
 -0.297048692773D-04 -0.387341404245D-03  0.240149406687D-02  0.227766011759D-02
  0.338359812165D-03  0.684209121681D-03  0.626617519130D-03 -0.454221966200D-03
 -0.249679978438D-03  0.360667596590D+00 -0.566055408096D-03 -0.237936632082D-02
 -0.134710192950D-01  0.158867557106D-01 -0.577634919900D-03  0.113838468808D-03
 -0.144883323357D-01 -0.166185328358D-02 -0.520767385642D-03  0.210719829935D-01
  0.213299878074D-01  0.547378995366D-02  0.502814351657D-03  0.307462701710D-02
  0.162521123861D-02 -0.181387718945D-02 -0.406939871142D-03 -0.110692395227D-01
 -0.202975568320D-02 -0.121759446968D-02  0.393412127662D-03  0.533957925646D-02
  0.125546574889D-03 -0.520321431658D-02 -0.110644217765D-02  0.600573234679D-03
  0.883643251277D-03 -0.179367905041D-02  0.529447988062D-03 -0.104381868531D-01
  0.921657432759D-03  0.313992467288D-02  0.606775634743D-03 -0.861443105381D-02
  0.654837916218D-03 -0.633895983375D-02  0.502646384782D-03  0.358939501772D-02
 -0.685794681354D-03 -0.104660002583D-01  0.369163818240D-03  0.517674339042D-02
 -0.667074206511D-02 -0.987312223050D-02 -0.522640449846D-02  0.158936795352D-02
  0.925122285257D-02  0.470116020634D-02  0.671132100886D-02  0.108648508260D-01
 -0.123112347851D-01  0.593780851578D-01  0.406939687132D-04  0.315342095827D-02
  0.591513187613D-02 -0.827644650818D-02 -0.839893325739D-03  0.244794848871D-03
  0.317941729601D-02  0.260306849111D-02 -0.760653372114D-03 -0.167105310986D-01
 -0.118427816405D-01  0.945772757092D-02 -0.890553754908D-03 -0.186685269865D-02
 -0.301971764482D-03  0.657577458409D-02 -0.100325588409D-02  0.704582104420D-03
  0.171586483921D-04  0.402629995075D-03 -0.178446337134D-02  0.179229166541D-02
 -0.271223377732D-03  0.812678944340D-02  0.111535665230D-02  0.238192023907D-02
 -0.781029040230D-03 -0.860588307060D-02  0.283658252773D-03 -0.872589449943D-03
  0.259723966797D-04  0.153628478826D-02 -0.190243983446D-02 -0.405794116218D-02
  0.363523076562D-03  0.889060549750D-02  0.860400032546D-04 -0.110473023982D-02
 -0.123835990387D-02  0.358392778809D-02 -0.704497644919D-03  0.876186350663D-02
 -0.859471762507D-02  0.510107814235D-03  0.819196177062D-02  0.660583037355D-02
 -0.848162934458D-03 -0.867152640534D-02 -0.267858753768D-02 -0.501745113889D-02
  0.588531649167D-02 -0.525285522530D-02  0.488041445152D-01  0.720435282424D-03
 -0.929129644281D-02 -0.892507682142D-02  0.942454295408D-02  0.482461225477D-03
 -0.465929764753D-03 -0.598720934296D-02 -0.450559665739D-02 -0.240755171268D-03
  0.989881735385D-02  0.208484791601D-01 -0.131514527282D-02 -0.202932756534D-02
 -0.297720922702D-02 -0.830389214266D-03  0.289853067081D-02 -0.265456431844D-02
  0.148848849558D-02  0.107506631300D-02 -0.295958923654D-02 -0.372187540218D-02
  0.372916449090D-02 -0.189068640591D-02 -0.119623045287D-02  0.657896917678D-03
 -0.266135359812D-02 -0.430527412742D-02  0.616832613140D-02 -0.197387213075D-02
  0.458660419971D-03 -0.194090866773D-02 -0.528197086405D-02 -0.690192783127D-03
  0.523603923868D-02 -0.318619550507D-02 -0.703555446037D-04 -0.237635815596D-02
 -0.124389116361D-02  0.508822594648D-03  0.134281109732D-02 -0.342397333557D-02
 -0.160314627292D-02  0.392216266571D-02  0.374693791183D-02  0.201580080181D-02
  0.437417229073D-03  0.321243504731D-02  0.538193578590D-02  0.288644108369D-02
  0.447408996750D-02 -0.281524579502D-02  0.367728215535D-02 -0.111338696498D-01
  0.465204909181D-01
$end
