$hessapprox internal
  0.106671032993D+01 -0.260606249253D-01  0.443600528242D+00 -0.312625669125D-01
  0.481249812824D-01  0.263254367473D+00  0.196673386640D-02  0.204782695895D-02
  0.988672524877D-03  0.837477044991D-02 -0.130270131203D-01  0.370591324364D-02
  0.685306811245D-02  0.389598673833D-03  0.427178374952D+00 -0.143598770541D-01
  0.347260373665D-02  0.755434755695D-02  0.316881207634D-03  0.251955963242D-03
  0.420665786219D+00 -0.250143433526D-01  0.480246949123D-02  0.460773701687D-02
 -0.441317787082D-03  0.240190848489D-03 -0.346831311260D-03  0.422191821335D+00
  0.294781610543D-01 -0.388585700414D-01 -0.450346327085D-01  0.284062773677D-03
 -0.428123469172D-02  0.782383372657D-03 -0.344165297391D-02  0.300815244476D+00
  0.245462439654D-01 -0.264182790894D-01 -0.314121123234D-01  0.379831283180D-03
 -0.310766654451D-02  0.434073743613D-03 -0.293127944144D-02 -0.150470260012D-01
  0.314097727918D+00  0.131063427077D-03 -0.416096648841D-02  0.119508132858D-02
  0.760225378829D-03 -0.500999339835D-03  0.452239525352D-04  0.410286966271D-03
 -0.572776922501D-03 -0.579394441211D-03  0.317190527769D+00  0.276684777430D-01
  0.390193545167D-02 -0.210308428511D-01  0.535932915784D-03 -0.194247036128D-02
 -0.915062334866D-03 -0.385632551295D-02  0.183551910718D-01  0.130098713309D-01
  0.152160871881D-03  0.335882993785D+00  0.290122424882D-02 -0.496006940641D-02
 -0.401722427765D-02  0.274139373284D-03 -0.595737887370D-03 -0.174573974239D-03
 -0.798294120484D-04  0.220331301423D-02  0.156633632343D-02 -0.871573516905D-03
  0.145307464979D-02  0.336882406832D+00 -0.244427110661D-01  0.171769591248D-01
  0.255523197282D-01  0.145608980529D-02  0.100479315027D-02  0.588241668350D-03
 -0.834401231164D-03 -0.992960276927D-02 -0.718600394364D-02 -0.145396200766D-02
 -0.611780286142D-02 -0.219124214113D-02  0.427743511088D+00 -0.165831095080D-01
  0.351888513258D-02  0.178738235075D-01  0.824563806399D-03  0.158178468482D-03
 -0.269839688417D-03 -0.240701720539D-02 -0.669430517225D-03 -0.734224004996D-04
  0.118579782781D-03  0.144074938591D-02 -0.559497449064D-03  0.286645022094D-02
  0.419291454018D+00 -0.569353547750D-02 -0.128168445028D-01  0.143888078560D-01
  0.818021221000D-03  0.104298077679D-02  0.221008064227D-02  0.160066029879D-02
 -0.247875312583D-01 -0.160207745190D-01 -0.157732157039D-02  0.509080097783D-02
 -0.160791741726D-02  0.648053399851D-02  0.228664732092D-02  0.331599590823D+00
 -0.123053392419D-01  0.979374278474D-02  0.476841596563D-02 -0.316095191253D-03
 -0.105369469407D-03 -0.578820846345D-03  0.425748554134D-03  0.268823104446D-02
  0.834120006363D-03 -0.806088034953D-04 -0.547998229767D-02 -0.534409753119D-03
  0.714684542032D-03 -0.860480530342D-03  0.515135366720D-02  0.354106322637D+00
 -0.571465123738D-02  0.222207923973D-01  0.136204774976D-01 -0.453372173318D-03
  0.168393369868D-02 -0.817473429380D-03  0.111513288061D-02  0.224687114892D-01
  0.134856705772D-01  0.890657375999D-03 -0.100998641109D-01 -0.257600832439D-03
  0.203322368025D-02  0.305770746713D-03  0.152550240510D-01 -0.434056874905D-02
  0.303667884904D+00 -0.813342751935D-02  0.228475451932D-02  0.926382092026D-02
  0.137938589322D-02  0.170435385614D-03  0.897058066016D-03  0.168584673566D-02
 -0.174435390736D-01 -0.124530293600D-01 -0.364407474575D-02 -0.379339990342D-02
 -0.271261286264D-02  0.352506610132D-02  0.208802647888D-02 -0.242114262077D-02
  0.423406792969D-02  0.818076457303D-02  0.340047491286D+00 -0.174538840859D-01
  0.400460498011D-02  0.679943119854D-02  0.186490084053D-03 -0.533240797204D-03
 -0.996681236703D-03 -0.171060981389D-02 -0.321606255500D-02 -0.191905163435D-02
  0.315336087795D-03 -0.767693058388D-03 -0.714597581284D-04 -0.411332540855D-03
 -0.144624830684D-02  0.146816448881D-02 -0.213002567162D-02  0.150220448151D-02
  0.575589481828D-03  0.412504646319D+00 -0.892027978464D-02  0.464468292866D-02
 -0.209823901566D-02  0.361553779741D-03 -0.188123568228D-02 -0.219306319494D-02
 -0.365464725397D-02  0.212413350691D-02  0.169005270632D-02  0.341393925234D-04
 -0.789013394354D-04  0.127157083368D-03 -0.321450932288D-02 -0.205305577199D-02
  0.248327973598D-02 -0.240503354246D-02 -0.124524797793D-02 -0.747219070715D-04
 -0.330427848799D-02  0.407377176355D+00 -0.164943262936D-01  0.914936463232D-02
  0.624150985114D-02 -0.168068784741D-02  0.155470855765D-02 -0.886681897501D-03
  0.209255404610D-02  0.148983588367D-01  0.903429402138D-02  0.269941727247D-02
 -0.511515123321D-02  0.102362313445D-02  0.963638043103D-03 -0.346816105457D-02
  0.752201029371D-02  0.844739224213D-03 -0.996539115973D-02  0.851322992800D-02
  0.303282309774D-03 -0.144869197407D-02  0.330328931510D+00  0.188068514457D-01
 -0.205745482941D-01 -0.663677470931D-02  0.389950441986D-04 -0.209661429229D-02
 -0.297140470906D-02 -0.456729852710D-02  0.185550852978D-01  0.136956699896D-01
 -0.215844230320D-03  0.126196014683D-01  0.636655826490D-03 -0.181875734449D-02
 -0.428858050025D-02 -0.510386812712D-02  0.706748193197D-02 -0.617207721679D-02
  0.174445875718D-02 -0.220218605160D-02  0.453093483939D-02 -0.838340083671D-02
  0.344417592032D+00 -0.338547435991D-03 -0.105158259464D-01  0.530887230476D-03
  0.409906958154D-03 -0.658693224948D-03  0.265584494835D-03 -0.819844778161D-03
 -0.129179152760D-01 -0.797018519247D-02 -0.735228630999D-03  0.530468675238D-02
 -0.414772478804D-03  0.465069884497D-03  0.375553458651D-04 -0.755762655424D-02
  0.256216288625D-02  0.915180974101D-02 -0.291894321121D-02 -0.116494213978D-02
  0.743844723907D-03  0.370243720108D-02  0.665872214222D-03  0.311918253971D+00
 -0.182279892100D-01  0.121429955791D-01  0.177723623985D-01  0.228308441799D-03
  0.231603892216D-02  0.219307354866D-02  0.381483634614D-02 -0.852037921566D-02
 -0.703453641604D-02 -0.300843856669D-03 -0.772202179852D-02 -0.141797411400D-02
  0.630957977867D-02  0.257121358525D-02  0.423783001554D-02  0.540097513901D-02
  0.118616045501D-02  0.385212538566D-02  0.147134480788D-02 -0.758730862124D-03
  0.348011040863D-02 -0.547459744522D-02  0.667857930129D-04  0.346247223305D+00
 -0.888266238940D-02 -0.255040076139D-02 -0.120745953038D-01 -0.365756812458D-04
 -0.304108641662D-02 -0.280466083515D-02 -0.427769027359D-02  0.579357781281D-02
  0.443247139240D-02  0.657083533925D-03  0.277357982524D-02  0.115169592115D-02
 -0.763954551183D-02 -0.425064319301D-02  0.486462860572D-04 -0.385123690232D-02
 -0.150728243338D-02 -0.240405603817D-02 -0.517420804681D-02 -0.315330286744D-02
 -0.140792126476D-02  0.555065374176D-02 -0.415015691013D-05 -0.154008587390D-02
  0.414074572063D+00 -0.129590874988D-01  0.363393927531D-02  0.123148666450D-01
  0.696800569867D-03  0.888400028052D-03  0.974491266704D-03  0.202332609216D-02
 -0.128972455046D-01 -0.939048236735D-02 -0.153991630671D-02 -0.361277567113D-02
 -0.171173376662D-02  0.335222720469D-02  0.132989802448D-02 -0.846184889277D-03
  0.210644202727D-02  0.585138049204D-02 -0.191214625748D-03  0.727346689279D-03
 -0.712891169981D-03  0.500317201704D-02 -0.513819062100D-02 -0.208906160632D-02
  0.507740502855D-02 -0.254386301502D-02  0.337894468020D+00 -0.163611166896D-02
  0.982265628577D-02  0.221334699541D-02 -0.115421361123D-03 -0.300314739357D-04
 -0.137877638546D-02 -0.179463507437D-03  0.167901096171D-01  0.103292661551D-01
  0.993099240009D-04 -0.446464293396D-02 -0.286945667486D-04 -0.193196557202D-02
 -0.133584791086D-02  0.815896291881D-02 -0.185468885098D-02 -0.107628480642D-01
  0.318245792264D-02 -0.381451019681D-03 -0.128799842052D-02 -0.598669732174D-02
 -0.282337635627D-02  0.574583989900D-02  0.372239270312D-04 -0.474369481528D-03
  0.271208195032D-02  0.329762114377D+00  0.287635271284D-02  0.639882752829D-03
 -0.172640289379D-02  0.114107422158D-03 -0.145047504950D-03 -0.150872550511D-03
 -0.497863561724D-03  0.316132951015D-02  0.219870447265D-02 -0.383680093715D-04
  0.339847475500D-03  0.970761532563D-04 -0.123210439495D-03  0.561838037232D-04
  0.923652708835D-03  0.391618664395D-03 -0.190029483801D-02  0.244678738390D-03
 -0.487160910337D-04  0.146999287502D-03 -0.978266958173D-03  0.196545599488D-02
  0.756788141453D-03 -0.566699143757D-03  0.196859928770D-03 -0.395547902952D-03
 -0.106620579216D-02  0.748058668779D-02 -0.219066608185D-01  0.451996658329D-02
  0.740817474005D-02  0.109468355961D-04 -0.681066599622D-03 -0.167678910060D-02
 -0.767241388897D-03 -0.712489996409D-02 -0.514549136264D-02 -0.466958452779D-03
 -0.250056551999D-02 -0.847138463867D-03 -0.174348443895D-03 -0.279821630959D-02
  0.520510647704D-03  0.171888215690D-02  0.325266553765D-02  0.197096795124D-02
 -0.238502673286D-02 -0.332433264816D-02  0.206568414100D-02 -0.161326028378D-02
 -0.132433587491D-02  0.270519818213D-02 -0.613815699181D-02  0.142179358785D-02
  0.834388380117D-03 -0.631809442279D-04  0.418530693675D+00 -0.245303713395D-01
  0.641598448732D-02  0.953502681850D-02  0.102725668304D-04 -0.600118864902D-03
 -0.182723121420D-02 -0.451237530425D-03 -0.795667805258D-02 -0.593248947324D-02
 -0.538672634731D-03 -0.414638242216D-02 -0.104564726702D-02 -0.306176126938D-03
 -0.285272287202D-02  0.126887331158D-02  0.970708750724D-04  0.338220960842D-02
  0.190321402100D-02 -0.199575248669D-02 -0.364455876841D-02  0.258526509324D-02
 -0.350599170678D-02 -0.138255890731D-02  0.321609054780D-02 -0.644313871479D-02
  0.218482070736D-02  0.566116185314D-03 -0.467329529343D-03 -0.213988368674D-03
  0.418257842842D+00 -0.235001911684D-01  0.593290035229D-02  0.339109381160D-02
 -0.127872062912D-03 -0.143752236397D-02 -0.261406340967D-02 -0.105128512410D-02
 -0.387195749325D-02 -0.333556124579D-02 -0.447289154703D-03 -0.420127391503D-02
 -0.717628933797D-03 -0.297605286783D-02 -0.412398099244D-02  0.180489192553D-02
  0.267003621709D-04  0.137831826942D-02  0.142185903237D-02 -0.333218959908D-02
 -0.389963567515D-02  0.205268199878D-02 -0.120870289375D-02 -0.518925425850D-03
  0.301483550785D-02 -0.464200091989D-02  0.171956533377D-02  0.741567779553D-04
 -0.544977300085D-03 -0.121105810709D-02 -0.595145457975D-03  0.413251847533D+00
 -0.384838368936D-02 -0.675581064096D-02  0.149128941591D-02  0.662901029249D-03
 -0.808814028082D-03  0.347263734343D-03 -0.566651747448D-03 -0.153793741386D-01
 -0.985047091161D-02 -0.132554840371D-02  0.254008868938D-02 -0.809570772882D-03
  0.373577020554D-03  0.536781402403D-03 -0.620102940442D-02  0.277709881668D-02
  0.943590283402D-02 -0.385147348521D-02 -0.836093830788D-03 -0.169981467608D-03
  0.641235743147D-02  0.275080083515D-02 -0.462655535476D-02  0.139305030702D-02
 -0.997041114086D-03 -0.207540842834D-02  0.525145509088D-02  0.751040368852D-03
 -0.135451750533D-02 -0.125416710948D-02 -0.745077179710D-03  0.319001362243D+00
 -0.130675142842D-01 -0.218821420630D-02  0.100903145110D-01 -0.311225006902D-04
  0.461090334243D-03  0.652365976260D-03  0.177665362907D-02 -0.130647238088D-01
 -0.912757967324D-02 -0.660129902516D-03 -0.142239347406D-02 -0.989801489436D-03
  0.227902626754D-02  0.425625287508D-04 -0.332272383427D-02  0.286657202704D-02
  0.711801441512D-02 -0.198159604637D-03 -0.862567393814D-04 -0.255650236562D-04
  0.493255592096D-02 -0.341859650676D-02 -0.326673834113D-02  0.428579749421D-02
 -0.239505652588D-03  0.852596059379D-03  0.335991121739D-02 -0.149635736614D-03
  0.532038120726D-03  0.133977022508D-02  0.202393491417D-02 -0.250693383677D-02
  0.320781046307D+00  0.549306383217D-02 -0.112280394287D-02 -0.436234453860D-02
  0.275121476175D-03 -0.303035401219D-03 -0.160009766876D-03 -0.100643153388D-02
  0.366766180173D-02  0.277596244466D-02 -0.389649996776D-04  0.180111697208D-02
  0.252407532523D-03 -0.404718872034D-03  0.710038594242D-04  0.114284109118D-03
  0.626249229300D-05 -0.176862871195D-02 -0.362743896892D-03 -0.440935275361D-04
  0.350198898762D-03 -0.118475975792D-02  0.263924386873D-02  0.396425087043D-03
 -0.134001999101D-02  0.300738192870D-03 -0.100025081309D-02 -0.836255458818D-03
  0.467808763268D-03 -0.568812533338D-03 -0.106972385914D-02 -0.116658995974D-02
  0.387099992475D-03 -0.113876775003D-02  0.319396231083D+00  0.137975181972D-01
 -0.778410898089D-03 -0.111049824141D-01 -0.152191161463D-03 -0.453251477591D-03
 -0.623257843584D-03 -0.190647336817D-02  0.105843879488D-01  0.775258751277D-02
  0.960754516197D-03  0.289183085717D-02  0.123403135722D-02 -0.250019621226D-02
 -0.206115619644D-03  0.132859126035D-02 -0.419320276805D-02 -0.494234321505D-02
 -0.409830784538D-03  0.211555807448D-03  0.138311551792D-03 -0.471430372962D-02
  0.231260707774D-02  0.219599734910D-02 -0.571598236342D-02 -0.242478382071D-03
 -0.138852861383D-02 -0.219502085365D-02  0.143300334949D-03 -0.762249226710D-03
 -0.127089884857D-02 -0.220649733191D-02  0.136696585999D-02 -0.203868009991D-02
  0.112084175126D-02  0.332802760977D+00 -0.517485599636D-02  0.273341818765D-02
  0.653458967620D-02  0.652825503170D-03  0.308962904794D-03  0.389501522048D-03
  0.456156007737D-03 -0.479851369501D-02 -0.355624749751D-02 -0.113497043629D-02
 -0.172393168599D-02 -0.104945230371D-02  0.205878141289D-02  0.994228100891D-03
  0.386012576009D-03  0.193866234908D-02  0.173171533690D-02  0.290302278412D-04
  0.285005160680D-03 -0.263833590027D-03  0.208146343961D-02 -0.253618292736D-03
 -0.572777012479D-03  0.241813509996D-02 -0.147813082062D-02  0.731480220780D-03
  0.369847955160D-03  0.788707841332D-04  0.621351953298D-03  0.611114267236D-03
  0.198506941805D-03 -0.557998572034D-03  0.297941102234D-03 -0.274999685441D-04
 -0.622784528483D-03  0.331265680176D+00  0.829167230719D-02 -0.328626370642D-02
 -0.890795755004D-02 -0.157254173753D-03 -0.612058268058D-03 -0.541350468966D-03
 -0.124935466159D-02  0.594043195971D-02  0.445496512802D-02  0.554296307320D-03
  0.270807080924D-02  0.840069946589D-03 -0.199848258070D-02 -0.773777366164D-03
 -0.501218536405D-03 -0.145878568116D-02 -0.234396899959D-02 -0.600701078868D-03
 -0.332495297869D-03  0.555957827843D-03 -0.206368609665D-02  0.278795879391D-02
  0.519250697795D-03 -0.290195713074D-02  0.145798038015D-02 -0.154905222927D-02
 -0.849406645457D-03  0.346386193199D-03 -0.994498982774D-03 -0.133392396496D-02
 -0.100115819692D-02  0.472379632273D-03 -0.121076412648D-02  0.834190546254D-03
  0.142419380715D-02 -0.488214426317D-03  0.842192650966D-02 -0.216430333759D-01
  0.408497344761D-02  0.101287534655D-01  0.437557575923D-03  0.417861882774D-03
  0.236927002525D-03  0.557662050501D-03 -0.543819926872D-02 -0.406651725505D-02
 -0.577672494324D-03 -0.240676074210D-02 -0.790797719913D-03  0.111515205424D-02
 -0.483567948906D-03  0.106970084547D-02  0.496445084845D-03  0.233283266924D-02
  0.649391779841D-03 -0.118538256778D-02 -0.292916936409D-02  0.184708762808D-02
 -0.435208698082D-02 -0.992057169820D-03  0.366272267379D-02 -0.458693322346D-02
  0.153034604521D-02  0.876008652779D-04 -0.261692830827D-03 -0.106320937357D-02
 -0.972765927135D-03 -0.203839923008D-02 -0.112840619952D-02  0.669441917828D-03
 -0.562321517061D-03 -0.713502712194D-03  0.505419098190D-03 -0.103438264044D-02
  0.418572509648D+00 -0.198449731473D-01  0.353725292015D-02  0.888194838355D-02
  0.292045387471D-03  0.770643131582D-04 -0.109014709674D-03  0.525919074606D-04
 -0.448231014953D-02 -0.328614904540D-02 -0.301004284976D-03 -0.194937468168D-02
 -0.543638478996D-03  0.286781358706D-03 -0.825972752027D-03  0.104697647645D-02
  0.186752721399D-03  0.199105702890D-02  0.409502177555D-03 -0.139434933985D-02
 -0.296574247458D-02  0.148520305335D-02 -0.373354861630D-02 -0.900001843153D-03
  0.318127009595D-02 -0.424349827280D-02  0.130584344069D-02  0.183809966111D-03
 -0.262032829807D-03 -0.142145469952D-02 -0.127700015947D-02 -0.214242929195D-02
 -0.999950145163D-03  0.634044333653D-03 -0.564903137878D-03 -0.723356509223D-03
  0.340160830477D-03 -0.909466528524D-03  0.146331245755D-03  0.416928379962D+00
 -0.174988383527D-01  0.313949915227D-02  0.299807012687D-02  0.112170583531D-03
 -0.499407776762D-03 -0.562527476446D-03 -0.465216553340D-03 -0.482877908819D-03
 -0.623164816368D-03 -0.525968679096D-04 -0.175318045062D-02 -0.117994034528D-03
 -0.151346707837D-02 -0.157451131562D-02  0.160487519007D-02  0.140811228556D-03
 -0.389621109788D-04  0.296277727368D-03 -0.239263164134D-02 -0.283633842305D-02
  0.684748084049D-03 -0.462890420523D-03 -0.697654751938D-04  0.255743405603D-02
 -0.225565117474D-02  0.489819355252D-03 -0.700330088184D-03 -0.168758371935D-03
 -0.220643727322D-02 -0.238125805934D-02 -0.229163954691D-02 -0.361398695604D-03
  0.121772374483D-02 -0.439828761424D-03 -0.153093988408D-02  0.411359953913D-04
 -0.446046812883D-03 -0.613111168092D-03 -0.902006370518D-03  0.414118786669D+00
  0.380256840486D-02 -0.126212869329D-01 -0.115750448179D-01  0.561311763976D-03
 -0.188309263271D-02 -0.152200170056D-03 -0.165375941603D-02 -0.131549552335D-01
 -0.785183316707D-02 -0.106819905699D-02  0.561831076948D-02  0.748991776243D-04
 -0.342360850797D-02 -0.522928851520D-03 -0.880648768258D-02  0.560333379659D-03
  0.971135882097D-02 -0.680371120977D-02 -0.165474399729D-02 -0.960726081620D-04
  0.679493712442D-02  0.593591094042D-02 -0.536208641051D-02 -0.182802151626D-02
  0.674663477719D-03 -0.444289695482D-02  0.625950471771D-02  0.105410032928D-02
 -0.311920795059D-02 -0.316585326759D-02 -0.192142485951D-02 -0.634195199017D-02
 -0.446350191159D-02  0.108498830513D-02  0.350851818273D-02 -0.176702355733D-02
  0.193159867200D-02 -0.255855032784D-02 -0.221358426768D-02 -0.884008745630D-03
  0.317771063331D+00 -0.783530854588D-05 -0.103590153945D-01 -0.446778639784D-02
 -0.115388978821D-03 -0.710576436302D-03 -0.122619584144D-03 -0.717280178298D-04
 -0.575870842133D-02 -0.344825789939D-02 -0.200831679616D-03  0.391714145680D-02
  0.159752944665D-03 -0.128629953105D-02 -0.136033228123D-02 -0.587037588208D-02
  0.212828886324D-02  0.499850793598D-02 -0.228493108328D-02 -0.830173156176D-03
  0.892555970770D-03  0.300425535810D-02  0.673140521764D-03 -0.331151678454D-02
  0.254458091348D-03  0.213318167252D-02 -0.193178762395D-02  0.346451556349D-02
  0.548844282427D-03 -0.123454230428D-02 -0.106606214176D-02  0.470346573990D-03
 -0.275075616436D-02 -0.172244676102D-02  0.276374637440D-03  0.640290028724D-03
 -0.661290988658D-03  0.692563778431D-03 -0.115535470864D-02 -0.871003849635D-03
  0.565504555514D-03 -0.249191955361D-02  0.318400547108D+00 -0.459394481294D-02
  0.601324537621D-02  0.600899780046D-02  0.161585464639D-03  0.315875244313D-03
  0.198780514766D-03  0.413344340047D-03 -0.270763842427D-02 -0.220888733509D-02
 -0.357163359018D-03 -0.326212166951D-02 -0.585901924007D-03  0.122058515639D-02
  0.994964753954D-03  0.229063152705D-02 -0.336625297785D-04  0.229512400882D-03
  0.685208327779D-03  0.207794327084D-03 -0.794554465328D-03  0.813485023926D-03
 -0.352955243733D-03  0.672622754359D-03  0.149842377202D-02 -0.156554661762D-02
  0.125546888171D-02 -0.454973669812D-03 -0.372549691969D-03  0.722097462595D-03
  0.898664453530D-03  0.295805282896D-03  0.325438794499D-03  0.138879758344D-02
 -0.616653006363D-03 -0.118173777278D-02  0.373011818842D-03 -0.815517641241D-03
  0.615281240960D-03  0.496875627953D-03 -0.112344436249D-03 -0.766674435597D-03
  0.144729545140D-03  0.318861794108D+00  0.845483837147D-02 -0.930521990948D-02
 -0.116524015690D-01  0.865195256514D-06 -0.139092158363D-02 -0.560732481877D-03
 -0.108913336877D-02  0.110748072467D-02  0.126710468943D-02 -0.232563510874D-03
  0.404074638945D-02  0.591535233161D-03 -0.342984393613D-02 -0.128022515088D-02
 -0.404998765461D-02  0.425783068897D-03  0.115156239346D-02 -0.333936160111D-02
 -0.103670787314D-02  0.112179930199D-02  0.152070541704D-02  0.485181788118D-02
 -0.159067157641D-02 -0.184428451062D-02  0.394080995983D-02 -0.312057747321D-02
  0.154677597328D-02  0.637496131707D-03 -0.196226111706D-02 -0.222718624308D-02
 -0.350251387192D-03 -0.158667972368D-02 -0.162468786565D-02  0.775064489134D-03
  0.859084450095D-03 -0.122912682734D-02  0.158382022097D-02 -0.208466163590D-02
 -0.158444936214D-02  0.306922749405D-03 -0.212875001550D-03  0.571390727295D-03
 -0.951599423080D-03  0.332049863682D+00 -0.738151124020D-02  0.421076397760D-02
  0.663806404160D-02  0.415372907313D-04  0.410505595405D-03  0.212789636551D-04
  0.506614468982D-03 -0.357642656089D-02 -0.276094244478D-02 -0.173547967839D-03
 -0.246420722858D-02 -0.566087935918D-03  0.156776806023D-02  0.228965203495D-03
  0.125276321557D-02  0.304833268184D-03  0.108453929325D-02  0.138360708962D-02
  0.755416687195D-04 -0.673898266318D-03  0.689960880727D-03 -0.199716052496D-02
 -0.656538617929D-04  0.189938106476D-02 -0.177122915134D-02  0.150293595623D-02
 -0.191756367815D-04 -0.318621838490D-03  0.719200692849D-03  0.110450151456D-02
  0.611368741016D-03  0.969115497153D-04  0.116042664537D-02 -0.616630030517D-03
 -0.113089040146D-02  0.583610615490D-03 -0.900816942489D-03  0.594447269915D-03
  0.407160547964D-03 -0.110355077499D-03 -0.976985665059D-03 -0.360046037459D-03
  0.635699531909D-03 -0.114259031120D-02  0.331383811118D+00  0.517717496168D-01
 -0.473749628511D-01 -0.931540743676D-01 -0.146448350595D-02 -0.633670788695D-02
 -0.641606134505D-02 -0.707810839606D-02  0.502015570889D-01  0.364703109376D-01
  0.186737379747D-02  0.260390777524D-01  0.629646927004D-02 -0.238193571691D-01
 -0.151218584721D-01 -0.134426820283D-01 -0.911038487988D-02 -0.160980948078D-01
 -0.806596482517D-02 -0.531346065151D-02  0.383543282791D-02 -0.115070047466D-01
  0.112361597714D-01  0.143531679739D-03 -0.219787987461D-01  0.139156522641D-01
 -0.134614646926D-01 -0.289080050928D-02  0.255036986453D-02 -0.894689789859D-02
 -0.113367390982D-01 -0.570428324327D-02 -0.101659879165D-03 -0.124158101676D-01
  0.630464730028D-02  0.134692355148D-01 -0.596802957617D-02  0.103342254368D-01
 -0.999776329143D-02 -0.880367993984D-02 -0.324549948402D-02  0.144195468638D-01
  0.465693415158D-02 -0.687719433148D-02  0.133674297688D-01 -0.785597539491D-02
  0.128877605840D+00 -0.743922815059D-01  0.169095850944D-02  0.440591976258D-01
 -0.275774720507D-03  0.612011757218D-02  0.521239328369D-02  0.151472064043D-01
 -0.648950784889D-01 -0.465315360367D-01 -0.357099109500D-02 -0.147561319665D-01
 -0.538479453537D-02  0.160621703000D-01  0.184193209763D-03 -0.123515274388D-01
  0.110271627142D-01  0.321713076459D-01  0.330093253188D-02  0.561204391431D-02
 -0.205835445876D-02  0.273710479461D-01 -0.298239514120D-01 -0.162301444548D-01
  0.218711658337D-01 -0.107530843604D-01  0.928080893172D-02  0.137009360497D-01
 -0.117875061570D-02  0.983670739052D-02  0.144524688829D-01  0.123044429219D-01
 -0.114232792248D-01  0.344277569505D-02 -0.467722056125D-02 -0.625406397171D-02
  0.345436982346D-02 -0.683427058220D-02  0.931165839283D-02  0.756789886776D-02
  0.495917608285D-02 -0.213857099518D-01 -0.107832718114D-01  0.674351216375D-02
 -0.142828539838D-01  0.722613505096D-02 -0.556308268619D-01  0.459930023506D+00
 -0.561563560884D-02 -0.264440570752D-01 -0.472198674298D-01 -0.356355327436D-02
 -0.567343568272D-02 -0.541094357495D-02 -0.296997449075D-02  0.356065965334D-02
  0.372939446601D-02  0.351943200072D-02  0.736770514551D-02  0.458615606363D-02
 -0.208528234662D-01 -0.128218018112D-01 -0.122656812852D-01 -0.111432434882D-02
  0.440520191961D-02 -0.802710352882D-02 -0.697681034209D-02 -0.472358980714D-02
  0.610597871975D-02  0.100975776137D-01 -0.607090483349D-02 -0.897928107445D-02
  0.101607434960D-02 -0.779941152667D-02  0.569804771563D-02  0.427381580539D-03
 -0.692710206437D-02 -0.617587381863D-02 -0.262347368745D-02 -0.618445091244D-02
 -0.392939146785D-02  0.459668159812D-04  0.399253403556D-02 -0.465456014540D-02
  0.361497724521D-02 -0.769600654014D-02 -0.649639155045D-02 -0.348980732167D-02
 -0.168359309952D-02  0.166404018281D-02 -0.283484997698D-02  0.562608562030D-02
 -0.329318870721D-02  0.431566693432D-01 -0.207398855095D-01  0.432036798862D+00
  0.530110436598D-02 -0.474978270062D-02 -0.499210218166D-02  0.445827608241D-03
 -0.728545450840D-03 -0.107735056526D-02 -0.120436806858D-02  0.644189592576D-02
  0.433474566693D-02 -0.385071403325D-03  0.339930204584D-02  0.510285317954D-04
 -0.284766414078D-02 -0.169184096882D-02 -0.935087474285D-03 -0.241933487969D-02
 -0.196002430426D-02 -0.118368219591D-02 -0.599386375436D-03  0.108153647512D-03
 -0.302866402013D-02 -0.699897028314D-02  0.871741490006D-03 -0.647145563404D-03
  0.840910473575D-03  0.115641214569D-02  0.120505537157D-02 -0.542390859241D-03
 -0.139018393682D-02 -0.921539087326D-03 -0.143650647521D-03  0.249684819973D-03
 -0.158982463545D-02 -0.839243349635D-04  0.184827518521D-02 -0.527945049165D-03
  0.244341983643D-03 -0.111864893531D-02 -0.619114186866D-03 -0.119531209863D-02
  0.197354965547D-02 -0.169701498085D-03 -0.546378742351D-04  0.181073877678D-03
 -0.420761662361D-03  0.690886118995D-02 -0.605090907498D-02  0.153643027419D-02
  0.153047570291D-01  0.147479583928D-01 -0.114927606097D-01 -0.110664535600D-01
 -0.352487791846D-03  0.161793677535D-02  0.312345717398D-02  0.386254435840D-02
 -0.547867967846D-02 -0.330076232504D-02  0.205636781995D-04  0.349162583862D-02
  0.687438096816D-03  0.106248683978D-02  0.231993141983D-02 -0.685754684734D-02
  0.239127425235D-02  0.446290048362D-02 -0.366351163631D-02  0.320426753581D-02
  0.268502166649D-02  0.438220365043D-02 -0.117739457758D-02 -0.284813414220D-02
 -0.209405123404D-02  0.273390964435D-02 -0.206690746260D-02  0.390127136106D-02
  0.569023802689D-03  0.229015327065D-02  0.192188225124D-02  0.195413583092D-02
 -0.295699072876D-02 -0.350615850025D-02  0.856529056082D-03  0.353522481117D-02
 -0.791231022944D-03  0.926187424367D-03  0.301428725710D-02  0.284921206170D-02
  0.272386285354D-02 -0.219035436315D-02 -0.229621405114D-02 -0.260713613229D-03
 -0.172108481726D-02 -0.361337712242D-03  0.109322511701D-01 -0.807497605486D-02
  0.579879338535D-02  0.123848712722D-02  0.369509191598D+00  0.207209202599D-01
 -0.115343951095D-01 -0.125482033209D-01 -0.329682698245D-03  0.480864975507D-03
  0.158869119533D-02  0.950585133242D-03  0.227398945917D-02  0.232381503825D-02
  0.598254826235D-03  0.557545252638D-02  0.120328107994D-02 -0.996755224649D-03
  0.146868416908D-02 -0.515556284516D-02 -0.407348084859D-03  0.904415442677D-03
 -0.330785397677D-02  0.197218699372D-02  0.278153335517D-02 -0.156501900885D-03
  0.960777277100D-03 -0.101072051502D-02 -0.471795864741D-02  0.370774797984D-02
 -0.275755422590D-02  0.204467484146D-02  0.490722191755D-03  0.422823106681D-03
  0.484723735049D-04  0.446925570117D-03 -0.133707354605D-02 -0.345828229583D-02
  0.105114506593D-02  0.390667313688D-02 -0.113235130851D-02  0.154017495402D-02
  0.960208486549D-03  0.113591268045D-02  0.137460958117D-02  0.588545200211D-03
 -0.108853478483D-02 -0.638788514568D-03  0.141814271177D-03 -0.977923960412D-03
  0.138740075852D-01 -0.150820445630D-01  0.733611521416D-02  0.185496806864D-02
 -0.286201985277D-03  0.370603728834D+00  0.568726080391D-01 -0.294683798146D-01
 -0.605933682737D-01  0.146446024119D-04 -0.425989562552D-02 -0.308778258100D-02
 -0.774032238890D-02  0.375652350645D-01  0.283590969517D-01  0.173922945352D-02
  0.216615039681D-01  0.462399557630D-02 -0.122082931854D-01 -0.544120735948D-02
 -0.716421328668D-02 -0.103140460022D-02 -0.141054906807D-01 -0.569510863832D-02
 -0.227041094419D-02  0.457580093324D-02 -0.104783897493D-01  0.201659036590D-01
  0.162223742456D-02 -0.163370091334D-01  0.967913986707D-02 -0.113964803961D-01
 -0.337634210390D-02  0.364787732616D-02 -0.599525670438D-02 -0.970845239672D-02
 -0.690474105035D-02  0.173292113411D-02 -0.109140396898D-01  0.725763020205D-02
  0.105126777805D-01 -0.280443511506D-02  0.830842022241D-02 -0.702918375049D-02
 -0.607073045536D-02 -0.250544344283D-02  0.111117007575D-01  0.330723555971D-02
 -0.570132696788D-02  0.101785122100D-01 -0.663027866659D-02  0.726838432877D-01
 -0.539522405030D-01  0.213117047181D-01  0.204485100394D-02  0.645505693233D-02
  0.967589200574D-02  0.427813859213D+00 -0.648499993042D-02  0.195701607518D-01
  0.245866914442D-01 -0.335405793464D-03  0.283462102305D-02  0.332731302112D-02
  0.317819478446D-02 -0.142244241620D-01 -0.101991996084D-01  0.745166740975D-03
 -0.993784532459D-02 -0.942384996753D-03  0.813498790274D-02  0.696084015874D-02
  0.658895570721D-02  0.249739162704D-03  0.337125139353D-02  0.301128174883D-02
  0.323371564666D-02 -0.776243038863D-03  0.265399249311D-02 -0.202909490594D-02
  0.154141801599D-02  0.486528206420D-02 -0.325831527437D-02  0.434562852064D-02
  0.203788083967D-03 -0.112623215773D-02  0.384596270545D-02  0.446174761490D-02
  0.215192851847D-02  0.105250356243D-02  0.466107672151D-02 -0.226796151092D-02
 -0.429446635426D-02  0.164862891056D-02 -0.335036632178D-02  0.460203904013D-02
  0.420538063803D-02  0.186897010869D-02 -0.336685406417D-02 -0.554286737062D-03
  0.176351110639D-02 -0.400190569692D-02  0.235461506626D-02 -0.298513564663D-01
  0.199014875971D-01 -0.115150879457D-01 -0.105003104943D-02 -0.337468406853D-02
 -0.413255525807D-02 -0.235356920372D-01  0.369458321971D+00 -0.318135550754D-01
  0.213004697200D-01  0.532640491916D-01  0.199762308916D-02  0.376809380443D-02
  0.141742845372D-02  0.221363789223D-02 -0.245281719052D-01 -0.177138175008D-01
 -0.375894652222D-02 -0.980535797197D-02 -0.477675182431D-02  0.998573146619D-02
  0.590517678207D-02  0.437733156639D-02 -0.171204576914D-03  0.102282629160D-01
  0.206870544533D-02  0.398466918818D-02 -0.767645983665D-02  0.185824224730D-02
 -0.217916222632D-01  0.114666782493D-02 -0.940090299161D-03 -0.293832157154D-01
  0.802378706843D-02  0.256451901486D-02 -0.230093058801D-02  0.780161977631D-02
  0.849573006571D-02 -0.391089430026D-02 -0.376717719329D-02 -0.394491265747D-02
 -0.246510830040D-02  0.104464886843D-01  0.183480801103D-02 -0.494606616939D-02
  0.686931090688D-02  0.486733185108D-02 -0.764804721935D-02 -0.104627110570D-01
 -0.116048322187D-01  0.436155360146D-02 -0.208586833587D-01  0.486764268643D-02
 -0.531086024797D-01  0.337647657204D-01 -0.260908727664D-01  0.572882681289D-02
  0.131308914799D-01  0.763193277198D-02 -0.370725017838D-01  0.216971969987D-01
  0.530441106094D+00  0.322914158067D-01 -0.472070241241D-01 -0.695988719311D-01
  0.130301896363D-02 -0.548278445854D-02 -0.605139153589D-02 -0.496028350682D-02
  0.502834449977D-01  0.348299637511D-01 -0.232908341259D-02  0.234754443027D-01
  0.282673092505D-02 -0.215389413157D-01 -0.146277819569D-01 -0.126544312833D-01
 -0.868869212878D-02 -0.166026611169D-01 -0.101104368478D-01 -0.474970828000D-02
  0.363813974007D-02 -0.101212623837D-01 -0.189675783123D-02  0.332572089709D-03
 -0.149357954439D-01  0.133735345280D-01 -0.102394658007D-01 -0.434001641016D-02
  0.167836271923D-02 -0.866754854460D-02 -0.102329998175D-01 -0.462465533172D-02
  0.626990065162D-04 -0.109634722102D-01  0.537499631136D-02  0.119207325109D-01
 -0.540464599326D-02  0.887661820757D-02 -0.860929674290D-02 -0.757942910915D-02
 -0.240501223043D-02  0.139619368920D-01  0.364387154586D-02 -0.569434194037D-02
  0.109989798780D-01 -0.653260429118D-02  0.856529206564D-01 -0.449977428578D-01
  0.373232774385D-01  0.705834105766D-02  0.111306136664D-01  0.125649521130D-01
  0.610646441359D-01 -0.231278489657D-01 -0.521953307460D-01  0.806514520738D-01
 -0.417335482143D-01  0.544640326034D-01  0.780809121925D-02  0.196494273171D-03
  0.435767471825D-03 -0.191552785578D-02 -0.209209805978D-03  0.455858514827D-02
  0.448752207610D-03  0.766611463316D-03 -0.247438243300D-01 -0.922410806425D-03
 -0.772061363596D-03  0.234418538321D-03  0.246918629169D-01 -0.905240368771D-02
 -0.122414228319D-01  0.799722325334D-02 -0.236134323906D-02 -0.115399676033D-01
 -0.557710104166D-03  0.282369799821D-02  0.889511578872D-02  0.631036098272D-02
 -0.155821000261D-01  0.909248989421D-02 -0.104509718844D-01 -0.232310791113D-02
  0.125601846987D-02  0.155275538161D-02 -0.391269009373D-02  0.599499161691D-02
  0.952528080132D-02 -0.205881421337D-02 -0.690022236977D-02  0.278421937984D-02
 -0.354570419054D-02  0.180702352196D-02  0.153631256686D-03 -0.491472502901D-02
  0.225203378490D-02  0.591847801935D-02 -0.165015904234D-02 -0.194954574101D-02
  0.177812495970D-02 -0.130059352875D-01  0.641991891471D-01 -0.157562990096D-01
  0.159031881309D-02  0.116779231965D-01  0.427244461668D-02 -0.155230017750D-01
 -0.139693975376D-02  0.184355051752D-01  0.609168523617D-03  0.593365513049D+00
  0.254532797629D-01 -0.348687918050D-01 -0.119896833010D-01  0.978557335081D-03
 -0.316777010083D-02 -0.457979627864D-02 -0.603736771567D-02  0.252212628999D-01
  0.188443724605D-01 -0.176058007857D-02  0.199525032680D-01  0.521208992884D-03
 -0.621510023766D-02 -0.738375269351D-02 -0.100180775622D-01 -0.294201194290D-02
 -0.595497856856D-02 -0.333279734855D-02 -0.981271736608D-03  0.503397426523D-02
 -0.106111489151D-01 -0.560627251341D-02 -0.113190721208D-02 -0.105429400934D-01
  0.591830094277D-02 -0.645717011349D-02 -0.190430252939D-02  0.142277044116D-02
 -0.404271776624D-02 -0.458221432318D-02 -0.283584692663D-02  0.761697014697D-03
 -0.805430121752D-02  0.303074829007D-02  0.866774897699D-02 -0.259144339914D-02
  0.453486112892D-02 -0.671508725133D-02 -0.530970836576D-02 -0.339284209509D-02
  0.737929534194D-02 -0.157887334814D-02 -0.601696591416D-03  0.393169329187D-02
 -0.283930371806D-02  0.246666631222D-01 -0.394969759530D-01  0.158073538855D-01
 -0.123391200720D-03  0.177717434664D-02  0.498779589835D-02  0.265153904981D-01
 -0.131687633922D-02 -0.103440815429D-01  0.499614175843D-02  0.132596258682D-01
  0.397910383767D+00  0.782488961548D-01 -0.507953895709D-01 -0.896649049988D-01
 -0.293209431093D-03 -0.640629100316D-02 -0.512847208558D-02 -0.115358319177D-01
  0.618242609211D-01  0.458057988690D-01  0.366640805262D-02  0.348696252917D-01
  0.732549987859D-02 -0.196283786977D-01 -0.105435456436D-01 -0.123251631697D-01
  0.630241796781D-02 -0.231526444521D-01 -0.668914063244D-02 -0.487303921533D-02
  0.676344939568D-02 -0.175408575962D-01  0.248979649192D-01  0.210374647311D-02
 -0.192968465476D-01  0.153745286018D-01 -0.143372025700D-01 -0.338802192145D-02
  0.527549395382D-02 -0.103298382250D-01 -0.153268427157D-01 -0.904544109599D-02
  0.415923427541D-02 -0.159504227057D-01  0.106646229258D-01  0.138055540885D-01
 -0.281074262466D-02  0.114935760333D-01 -0.104909036625D-01 -0.877837163521D-02
 -0.288473516344D-02  0.186833302049D-01  0.546471237770D-02 -0.767850394496D-02
  0.163872937555D-01 -0.984562940676D-02  0.105169477188D+00 -0.833699788982D-01
  0.357928722365D-01  0.804225806517D-02  0.996840387979D-02  0.142057762612D-01
  0.967246092275D-01 -0.353152058115D-01 -0.574475161313D-01  0.917344449857D-01
 -0.195747850576D-01  0.308525370204D-01  0.162276817648D+00 -0.312789927358D-01
  0.138109380731D-01  0.255547940794D-01  0.287147437649D-04  0.244061791147D-02
  0.771859896659D-03  0.449001102756D-02 -0.838356024363D-02 -0.776388448247D-02
 -0.991152280979D-03 -0.107746857530D-01 -0.222703227377D-02  0.426167836806D-02
  0.446347463193D-03  0.488937713943D-02  0.521439476159D-03  0.178972863337D-02
  0.431179957027D-02  0.104822663787D-02 -0.296943500210D-02  0.210100610576D-02
 -0.149669444278D-01  0.101310905995D-02  0.727936679745D-02 -0.661289242959D-02
  0.707276740070D-02 -0.674436837284D-03 -0.220062390706D-02  0.366565515500D-02
  0.546710383027D-02  0.340425718730D-02  0.974303308993D-03  0.496096899211D-02
 -0.337121139206D-02 -0.371991483774D-02  0.170212407703D-02 -0.406158612904D-02
  0.418525693490D-02  0.334536984977D-02  0.591872021777D-03 -0.218860697124D-02
 -0.124254434030D-02  0.260024651469D-02 -0.547835193412D-02  0.320449651666D-02
 -0.312624153059D-01  0.338614540658D-01 -0.541362346776D-02  0.709575512570D-03
  0.163071907557D-02 -0.199650052478D-02 -0.309318021169D-01  0.100355957206D-01
  0.332073819390D-01 -0.260512408685D-01  0.938783921668D-02 -0.165920861265D-01
 -0.428775002021D-01  0.381982620977D+00 -0.118487750506D-01  0.254250833883D-01
  0.756778643871D-02 -0.248402761885D-02 -0.999373864936D-04  0.829193567297D-03
  0.170589294253D-02 -0.245815889117D-01 -0.174614938039D-01  0.268114603081D-02
 -0.166003118066D-01  0.606690765020D-03 -0.236630930343D-02  0.432939659824D-02
  0.616088657027D-02 -0.174988877348D-02  0.892760720907D-02 -0.843149971918D-03
 -0.117582367530D-02 -0.591356815880D-02  0.870044002019D-02  0.824294009088D-02
  0.122345260921D-02  0.124808157602D-02 -0.690351808374D-02  0.340188185586D-02
  0.487420262578D-02 -0.257046814404D-02  0.198978232027D-02  0.380968356698D-02
  0.227390952838D-02 -0.266522569356D-02  0.664830806718D-02 -0.494530269352D-02
 -0.488923545353D-02 -0.511906951586D-03 -0.386568627281D-02  0.196375927846D-02
  0.197647583441D-02 -0.613053276584D-03 -0.804337836650D-02  0.103937550830D-02
  0.857752665908D-03 -0.407108167541D-02  0.254271785038D-02 -0.215952930397D-01
  0.207560172798D-01 -0.680644881989D-03  0.461173567349D-02 -0.294394856041D-02
 -0.144427450791D-02 -0.314049049984D-01  0.345603502732D-02  0.309202101872D-01
 -0.102904102376D-01 -0.247275697672D-01  0.165632640150D-01 -0.369543378771D-01
  0.193094621119D-01  0.369690646558D+00 -0.147316769057D-01  0.180297911640D-01
  0.178612972157D-02 -0.512601292022D-03  0.213668046023D-02  0.277917400567D-02
  0.430301121209D-02 -0.118799217578D-01 -0.894424100810D-02  0.935534816619D-03
 -0.111487391174D-01  0.185944230502D-04  0.279545497847D-02  0.343305387364D-02
  0.528838606126D-02 -0.146229521312D-02  0.228507546222D-02  0.766066528055D-03
  0.219679807547D-02 -0.310810315468D-02  0.707474004693D-02  0.472850150701D-03
 -0.421158690684D-03  0.478649410572D-02 -0.403413233560D-02  0.318400264693D-02
 -0.142519260442D-03 -0.716552726398D-03  0.237514331886D-02  0.310719923747D-02
  0.115842007758D-02 -0.664749221274D-03  0.346230292148D-02 -0.104269830026D-02
 -0.318468424216D-02  0.112725174233D-02 -0.178782479733D-02  0.406478819858D-02
  0.320197055169D-02  0.139287489867D-02 -0.339186622280D-02  0.728250376839D-03
 -0.259900109739D-03 -0.233609876281D-02  0.130074003213D-02 -0.637750317994D-02
  0.276550464703D-01 -0.529257648502D-02 -0.406557464296D-03  0.134815566780D-02
 -0.153063027821D-02 -0.988946680452D-02 -0.114913910128D-02  0.736361505509D-02
  0.341884462651D-02 -0.422296137224D-02  0.523027760377D-02 -0.120819690145D-01
  0.806431026784D-02 -0.137668110733D-01  0.445307763608D+00 -0.410511901830D-02
 -0.304411122749D-01 -0.268413278841D-01 -0.250220856315D-02 -0.218973959182D-02
 -0.148456455376D-02  0.138712998926D-02 -0.633173054781D-02 -0.323219367122D-02
  0.186505670212D-02  0.825608711216D-02  0.262128329797D-02 -0.967723766506D-02
 -0.788670635544D-02 -0.153920068652D-01  0.625459635156D-02  0.889733008723D-02
 -0.588162023764D-02 -0.199823472515D-02 -0.106499819067D-03  0.879945096652D-02
  0.266376219330D-02 -0.879341557358D-02 -0.278657190710D-02  0.305994740681D-02
 -0.580172579165D-02  0.721251817107D-02  0.108498252571D-02 -0.263797469377D-02
 -0.176580875290D-02  0.138517676647D-02 -0.620235551064D-02 -0.428648065807D-02
  0.543159847608D-03  0.283685520398D-02 -0.247000180916D-02  0.231849638385D-02
 -0.309670700652D-02 -0.231509551180D-02  0.518831263875D-03 -0.386904153664D-02
 -0.150844112366D-02 -0.628628590750D-03  0.248427921455D-02 -0.159134781151D-02
  0.240091825832D-01 -0.174370995697D-01  0.235935816719D-01 -0.208214905124D-02
  0.267330800907D-03  0.108803816731D-02  0.129718678534D-01 -0.555939700006D-02
 -0.189954568749D-01  0.184594319161D-01  0.926311862481D-02  0.760521151997D-04
  0.225013767078D-01 -0.202066893422D-02  0.562692505791D-02  0.359406279551D-02
  0.402284461394D+00 -0.320999822340D-01 -0.229185197334D-02 -0.318685150461D-01
 -0.559744533780D-02  0.301006272127D-03  0.120599715845D-02  0.772689246891D-02
 -0.160441260226D-01 -0.111080968469D-01  0.652158698562D-02 -0.100076706229D-01
  0.486496628209D-02 -0.933586194334D-02 -0.659151592641D-02 -0.514416207722D-02
  0.682303596752D-02  0.769313568535D-02 -0.118479937829D-02 -0.667529506961D-03
 -0.635271188044D-02  0.173509698828D-01  0.734123991187D-02 -0.819607312025D-02
  0.439143510670D-02 -0.212691394039D-02 -0.863957964652D-03  0.514967787043D-02
 -0.713505951059D-04  0.410145718977D-03  0.220911216197D-02  0.359699223862D-02
 -0.446693374458D-02  0.376728164852D-02 -0.166159660706D-02 -0.543378324095D-02
 -0.550154744303D-03 -0.772443500366D-03  0.189217997628D-02  0.166547742277D-02
  0.287116020078D-02 -0.567950677369D-02  0.269899557381D-02 -0.139667018125D-02
  0.252937615605D-02 -0.311888249524D-03  0.164131149531D-01  0.302857789354D-01
  0.262399917531D-01 -0.580666289866D-02  0.415425169263D-02 -0.748345279124D-03
 -0.178897305968D-02 -0.882203682033D-02 -0.229873049146D-01  0.249654465428D-01
 -0.747770687410D-02  0.918373129883D-02  0.436855724160D-02  0.729075660534D-02
 -0.132227181102D-01  0.322463985902D-02  0.308522344403D-01  0.423542597681D+00
$end
