$coord
   -1.25647759075079     -3.19780136201391     -1.81095423493601  c
    1.60730061809517     -3.01953451860781     -2.09373259736048  c
    2.10280207815927     -0.18448498760554     -1.99361222807715  c
    0.08884096203957      0.74878281213195     -0.33530181461922  n
   -1.84417507162544     -1.18484159678464      0.15317359015268  c
   -1.88223097133927     -5.05203157730320     -1.19992193721860  h
    2.50553572658316     -3.95390935997309     -0.49748857536372  h
    1.93846003307249      0.66435329274910     -3.86814705768831  h
   -2.18408900110633     -2.71084759125380     -3.58540276328555  h
    2.30795455587644     -3.85836522497094     -3.83364992222315  h
    3.95741606931189      0.27383054634216     -1.23131543208844  h
   -3.70219517104466     -0.33114676943281     -0.07852272440857  h
   -2.10477734397576      3.86942981636750      1.59314991534623  o
   -0.27342035146713      3.19252529207920      0.31777313933574  c
    1.69786696964502      5.04311567490992     -0.57402539534626  c
    1.88668900479132      5.00288891434920     -2.62344270033186  h
    1.13344649889912      6.92023889860780      0.02427509959968  h
    3.53598364565185      4.59361189479798      0.23687696162248  h
   -0.82856218582602     -4.33543545737438      3.30803784254278  o
   -1.60552216474317     -2.20687357726736      2.85393579549658  c
   -2.35864328459590     -0.54497190187586      4.64277426843242  n
   -2.68544363941660      1.26764122051164      4.13766839316405  h
   -2.03675938623409     -0.99617443838316      6.45785237725473  h
$user-defined bonds
$redundant
     number_of_atoms            23
     degrees_of_freedom         63
     internal_coordinates       63
     frozen_coordinates          0
# definitions of redundant internals
   1 k  1.0000000000000 stre   1    6           val=   2.05015
   2 k  1.0000000000000 stre   1    9           val=   2.06064
   3 k  0.0369794475311 bend   9    6    1      val=   0.58929
        0.5080038102105 bend   5    6    1
        0.4832745869450 bend   5    9    1
       -0.5217463972237 bend   2    6    1
       -0.4845523912531 bend   2    9    1
   4 k  0.0599003091838 bend   9    6    1      val=   0.53518
       -0.5027810298044 bend   5    6    1
        0.4797285958616 bend   5    9    1
       -0.5091881950846 bend   2    6    1
        0.5041934602191 bend   2    9    1
   5 k -0.8759392943058 bend   9    6    1      val=   5.43779
        0.2282526755429 bend   5    6    1
        0.2846984624959 bend   5    9    1
        0.1895867074313 bend   2    6    1
        0.2522592607148 bend   2    9    1
   6 k -0.0004888821777 bend   9    6    1      val=   0.14962
       -0.4914617379872 bend   5    6    1
        0.5237211425784 bend   5    9    1
        0.4770245273298 bend   2    6    1
       -0.5065855171943 bend   2    9    1
   7 k  1.0000000000000 stre   2   10           val=   2.05472
   8 k  1.0000000000000 stre   2    7           val=   2.05618
   9 k  0.0086061736022 bend   7   10    2      val=   0.12613
        0.5038446368539 bend   3   10    2
        0.4939100137695 bend   3    7    2
       -0.5283273519389 bend   1   10    2
       -0.4722177709288 bend   1    7    2
  10 k  0.0535681669795 bend   7   10    2      val=   0.79283
       -0.5129460800906 bend   3   10    2
        0.4834319794247 bend   3    7    2
       -0.4912348880533 bend   1   10    2
        0.5089190273854 bend   1    7    2
  11 k -0.8779729247951 bend   7   10    2      val=   5.52654
        0.2204327588650 bend   3   10    2
        0.2623316425603 bend   3    7    2
        0.2054535096080 bend   1   10    2
        0.2637117874635 bend   1    7    2
  12 k -0.0051004814554 bend   7   10    2      val=   1.09372
       -0.4812009750259 bend   3   10    2
        0.5211976588031 bend   3    7    2
        0.4851965190324 bend   1   10    2
       -0.5112308139188 bend   1    7    2
  13 k  1.0000000000000 stre   3   11           val=   2.05688
  14 k  1.0000000000000 stre   3    8           val=   2.06432
  15 k  0.0244380796556 bend   8   11    3      val=   0.78932
        0.5023046986273 bend   4   11    3
        0.4982677196920 bend   4    8    3
       -0.5135850447749 bend   2   11    3
       -0.4848220821045 bend   2    8    3
  16 k  0.0282969993516 bend   8   11    3      val=   0.29329
       -0.5125014925263 bend   4   11    3
        0.4937886432321 bend   4    8    3
       -0.4927506508274 bend   2   11    3
        0.4999110640006 bend   2    8    3
  17 k -0.8785237456870 bend   8   11    3      val=   5.84227
        0.2363279631434 bend   4   11    3
        0.2606575433459 bend   4    8    3
        0.2121808038567 bend   2   11    3
        0.2436843730571 bend   2    8    3
  18 k -0.0022257674425 bend   8   11    3      val=   0.47168
       -0.4868418573010 bend   4   11    3
        0.5064711411882 bend   4    8    3
        0.4964554912134 bend   2   11    3
       -0.5099009514863 bend   2    8    3
  19 k  1.0000000000000 stre   5   12           val=   2.05784
  20 k  0.2991347075750 bend   4   12    5      val=   5.76503
        0.5472125556327 bend   1   12    5
       -0.7817140434212 bend  20   12    5
  21 k  0.7839741606869 bend   4   12    5      val=   1.64800
       -0.6079587313694 bend   1   12    5
       -0.1255814330504 bend  20   12    5
  22 k  1.0000000000000 stre  14   13           val=   2.33209
  23 k  0.7071101915128 bend   4   13   14      val=   0.07901
       -0.7071033708439 bend  15   13   14
  24 k  1.0000000000000 outp  13   15    4   14 val=  -0.53383
  25 k  0.5773502691896 tors  17   15   14    4 val=  57.82435
        0.5773502691896 tors  16   15   14    4
        0.5773502691896 tors  18   15   14    4
  26 k  1.0000000000000 stre  15   17           val=   2.04942
  27 k  1.0000000000000 stre  15   16           val=   2.05849
  28 k  1.0000000000000 stre  15   18           val=   2.05871
  29 k  0.4221907096123 bend  16   17   15      val=   0.54556
        0.4100564806067 bend  18   17   15
        0.4050196537506 bend  18   16   15
       -0.3980720018913 bend  14   17   15
       -0.4061241634758 bend  14   16   15
       -0.4076390715531 bend  14   18   15
  30 k  0.2917548679899 bend  16   17   15      val=   0.78699
        0.4006994214597 bend  18   17   15
       -0.6974735159886 bend  18   16   15
        0.4279382462635 bend  14   17   15
       -0.2355907117136 bend  14   16   15
       -0.1709258291769 bend  14   18   15
  31 k -0.6712922262523 bend  16   17   15      val=   0.17543
        0.6144860141383 bend  18   17   15
        0.0711440838808 bend  18   16   15
       -0.0332945355280 bend  14   17   15
       -0.2749539412890 bend  14   16   15
        0.3000066812655 bend  14   18   15
  32 k  0.1959258387913 bend  16   17   15      val=   1.70458
        0.2310278589087 bend  18   17   15
       -0.4192759646839 bend  18   16   15
       -0.6970694240381 bend  14   17   15
        0.3723262957195 bend  14   16   15
        0.3285029788714 bend  14   18   15
  33 k  0.2925586265925 bend  16   17   15      val=  -0.03443
       -0.2849472106158 bend  18   17   15
       -0.0097378563689 bend  18   16   15
       -0.0299838740080 bend  14   17   15
       -0.6280288166113 bend  14   16   15
        0.6616649334272 bend  14   18   15
  34 k  1.0000000000000 stre  20   19           val=   2.31098
  35 k  0.7071118664569 bend  21   19   20      val=   0.85247
       -0.7071016958796 bend   5   19   20
  36 k  1.0000000000000 outp  19    5   21   20 val=  -0.58792
  37 k  0.7071067811865 tors  23   21   20    5 val=  88.42625
        0.7071067811865 tors  22   21   20    5
  38 k  1.0000000000000 stre  21   23           val=   1.89781
  39 k  1.0000000000000 stre  21   22           val=   1.90984
  40 k  0.8188527656162 bend  22   23   21      val=   1.63237
       -0.4067018955041 bend  20   23   21
       -0.4050601392831 bend  20   22   21
  41 k  0.0074487950648 bend  22   23   21      val=   2.69047
       -0.6980867964681 bend  20   23   21
        0.7159743990178 bend  20   22   21
  42 k  1.0000000000000 outp  22   23   20   21 val=  16.80419
  43 k  0.7071067811865 tors  15   14    4    3 val=  91.04633
        0.7071067811865 tors  15   14    4    5
  44 k  1.0000000000000 stre  14   15           val=   2.84710
  45 k  1.0000000000000 bend   4   15   14      val= 116.32103
  46 k  0.7071067811865 tors  21   20    5    1 val= 129.13870
        0.7071067811865 tors  21   20    5    4
  47 k  1.0000000000000 stre  20   21           val=   2.55520
  48 k  1.0000000000000 bend   5   21   20      val= 113.50624
  49 k  1.0000000000000 stre   4   14           val=   2.55531
  50 k  0.7076314403560 bend   3   14    4      val=   2.01192
       -0.7065817324413 bend   5   14    4
  51 k  1.0000000000000 outp  14    5    3    4 val=  -9.59005
  52 k  1.0000000000000 stre   5   20           val=   2.89752
  53 k  0.7614806473969 bend   4   20    5      val=   8.29545
       -0.6481876453929 bend   1   20    5
  54 k  0.6481876453929 bend   4   20    5      val= 111.31924
        0.7614806473969 bend   1   20    5
  55 k  1.0000000000000 stre   1    5           val=   2.87319
  56 k  1.0000000000000 stre   5    4           val=   2.77742
  57 k  1.0000000000000 stre   4    3           val=   2.77074
  58 k  1.0000000000000 stre   3    2           val=   2.87977
  59 k  1.0000000000000 stre   2    1           val=   2.88322
  60 k -0.5116672736017 bend   1    4    5      val=   0.86685
        0.1954395075848 bend   5    3    4
        0.1954395075848 bend   4    2    3
       -0.5116672736017 bend   3    1    2
        0.6324555320337 bend   2    5    1
  61 k  0.3717480344602 bend   1    4    5      val=  -2.81253
       -0.6015009550075 bend   5    3    4
        0.6015009550075 bend   4    2    3
       -0.3717480344602 bend   3    1    2
  62 k -0.5116672736017 tors   4    3    2    1 val=  -8.66539
        0.1954395075848 tors   3    2    1    5
        0.1954395075848 tors   2    1    5    4
       -0.5116672736017 tors   1    5    4    3
        0.6324555320337 tors   5    4    3    2
  63 k  0.3717480344602 tors   4    3    2    1 val=  30.67943
       -0.6015009550075 tors   3    2    1    5
        0.6015009550075 tors   2    1    5    4
       -0.3717480344602 tors   1    5    4    3
        63 non zero eigenvalues  of BmBt
           1           6.954066782    1    0
         1
           2           5.391572223    2    0
         2
           3           4.946129031    3    0
         3
           4           4.688272828    4    0
         4
           5           4.161552996    5    0
         5
           6           4.096732436    6    0
         6
           7           3.931035409    7    0
         7
           8           3.864327111    8    0
         8
           9           3.762174267    9    0
         9
          10           3.716089938   10    0
        10
          11           3.557456699   11    0
        11
          12           3.368333117   12    0
        12
          13           3.084843227   13    0
        13
          14           2.829608965   14    0
        14
          15           2.780443302   15    0
        15
          16           2.619543580   16    0
        16
          17           2.511431378   17    0
        17
          18           2.415947659   18    0
        18
          19           2.281985584   19    0
        19
          20           2.121870774   20    0
        20
          21           1.995579452   21    0
        21
          22           1.799777453   22    0
        22
          23           1.629424953   23    0
        23
          24           1.474329220   24    0
        24
          25           1.309048196   25    0
        25
          26           1.061342447   26    0
        26
          27           0.955710425   27    0
        27
          28           0.943023287   28    0
        28
          29           0.855479322   29    0
        29
          30           0.810409646   30    0
        30
          31           0.787838966   31    0
        31
          32           0.778335582   32    0
        32
          33           0.704226200   33    0
        33
          34           0.703399756   34    0
        34
          35           0.657997907   35    0
        35
          36           0.610705849   36    0
        36
          37           0.491960006   37    0
        37
          38           0.483872215   38    0
        38
          39           0.401719656   39    0
        39
          40           0.359763498   40    0
        40
          41           0.348622133   41    0
        41
          42           0.328612202   42    0
        42
          43           0.323640190   43    0
        43
          44           0.315864373   44    0
        44
          45           0.302372057   45    0
        45
          46           0.287319270   46    0
        46
          47           0.280506453   47    0
        47
          48           0.275029333   48    0
        48
          49           0.264996797   49    0
        49
          50           0.245202848   50    0
        50
          51           0.228745780   51    0
        51
          52           0.186834248   52    0
        52
          53           0.183853020   53    0
        53
          54           0.150282719   54    0
        54
          55           0.109637353   55    0
        55
          56           0.085334846   56    0
        56
          57           0.068587657   57    0
        57
          58           0.061748628   58    0
        58
          59           0.055169043   59    0
        59
          60           0.032670872   60    0
        60
          61           0.021658870   61    0
        61
          62           0.014739920   62    0
        62
          63           0.008640078   63    0
        63
$end
