$energy      SCF               SCFKIN            SCFPOT            RIRPA
     1 -530.8646065050      0.00000000      0.00000000     -3.889073129363
     2 -530.8650209902      0.00000000      0.00000000     -3.888678343285
     3 -530.8650002193      0.00000000      0.00000000     -3.888160841546
     4 -530.8655101260      0.00000000      0.00000000     -3.888174990905
     5 -530.8651779169      0.00000000      0.00000000     -3.888531244215
     6 -530.8651655258      0.00000000      0.00000000     -3.888543823193
     7 -530.8651558858      0.00000000      0.00000000     -3.888553556757
     8 -530.8651495674      0.00000000      0.00000000     -3.888559966211
     9 -530.8651534416      0.00000000      0.00000000     -3.888555887613
    10 -530.8651564816      0.00000000      0.00000000     -3.888552888807
    11 -530.8651586555      0.00000000      0.00000000     -3.888550720233
$end
