$coord
    0.49539520897541      3.67413208898361      0.00000000000000      c
   -0.92366084402459      1.16806727998361      0.00000000000000      c
    0.92859185897541     -1.05942440701639      0.00000000000000      c
   -1.30210196902459      5.89433350298361      0.00000000000000      n
   -2.48358102002459      5.87193216998361      1.56883530300000      h
   -2.48358102002459      5.87193216998361     -1.56883530300000      h
   -0.30102330202459      7.54808609398361      0.00000000000000      h
   -2.14965761702459      1.05488508898361      1.66764213400000      h
   -2.14965761702459      1.05488508898361     -1.66764213400000      h
    1.67224908597541      3.89810879498361     -1.67535704300000      h
    1.67224908597541      3.89810879498361      1.67535704300000      h
   -0.07237718502459     -2.86560193401639      0.00000000000000      h
    2.14382288797541     -1.00456044701639     -1.67326302700000      h
    2.14382288797541     -1.00456044701639      1.67326302700000      h
$user-defined bonds
$redundant
     number_of_atoms            14
     degrees_of_freedom         36
     internal_coordinates       36
     frozen_coordinates          0
# definitions of redundant internals
   1 k  1.0000000000000 tors    7    4    1    2 val=  60.00000
        1.0000000000000 tors    5    4    1    2
        1.0000000000000 tors    6    4    1    2
   2 k  1.0000000000000 stre    4    7           val=   1.93315
   3 k  1.0000000000000 stre    4    5           val=   1.96409
   4 k  1.0000000000000 stre    4    6           val=   1.96409
   5 k  0.4350150666288 bend    5    7    4      val=   1.45488
        0.4350150666288 bend    6    7    4
        0.3872732594864 bend    6    5    4
       -0.3923248940717 bend    1    7    4
       -0.3985124738263 bend    1    5    4
       -0.3985124738263 bend    1    6    4
   6 k -0.3324162094606 bend    5    7    4      val=  -0.16358
       -0.3324162094606 bend    6    7    4
        0.7127303378418 bend    6    5    4
       -0.4379438553296 bend    1    7    4
        0.1990220747487 bend    1    5    4
        0.1990220747487 bend    1    6    4
   7 k -0.6467561330632 bend    5    7    4      val=   0.00000
        0.6467561330632 bend    6    7    4
       -0.2858434962443 bend    1    5    4
        0.2858434962443 bend    1    6    4
   8 k  0.2084282572449 bend    5    7    4      val=   1.93784
        0.2084282572449 bend    6    7    4
       -0.4282696879181 bend    6    5    4
       -0.6879566026478 bend    1    7    4
        0.3580615243555 bend    1    5    4
        0.3580615243555 bend    1    6    4
   9 k  0.2858434962443 bend    5    7    4      val=  -0.00000
       -0.2858434962443 bend    6    7    4
       -0.6467561330632 bend    1    5    4
        0.6467561330632 bend    1    6    4
  10 k  1.0000000000000 stre    2    8           val=   2.07290
  11 k  1.0000000000000 stre    2    9           val=   2.07290
  12 k  0.0061934206854 bend    9    8    2      val=   0.07399
       -0.5007790732111 bend    1    8    2
       -0.5007790732111 bend    1    9    2
        0.4992005014060 bend    3    8    2
        0.4992005014060 bend    3    9    2
  13 k  0.5040229197592 bend    1    8    2      val=  -0.00000
       -0.5040229197592 bend    1    9    2
        0.4959444488624 bend    3    8    2
       -0.4959444488624 bend    3    9    2
  14 k  0.8994852307371 bend    9    8    2      val=   0.26816
       -0.2153228015814 bend    1    8    2
       -0.2153228015814 bend    1    9    2
       -0.2215835078746 bend    3    8    2
       -0.2215835078746 bend    3    9    2
  15 k -0.4959444488624 bend    1    8    2      val=   0.00000
        0.4959444488624 bend    1    9    2
        0.5040229197592 bend    3    8    2
       -0.5040229197592 bend    3    9    2
  16 k  1.0000000000000 stre    1   10           val=   2.05960
  17 k  1.0000000000000 stre    1   11           val=   2.05960
  18 k  0.1558295407180 bend   11   10    1      val=   2.75104
       -0.5053253629173 bend    2   10    1
       -0.5053253629173 bend    2   11    1
        0.4821875721256 bend    4   10    1
        0.4821875721256 bend    4   11    1
  19 k -0.5492837493216 bend    2   10    1      val=  -0.00000
        0.5492837493216 bend    2   11    1
       -0.4452946920088 bend    4   10    1
        0.4452946920088 bend    4   11    1
  20 k  0.8851887978623 bend   11   10    1      val=   0.71124
       -0.1451927332839 bend    2   10    1
       -0.1451927332839 bend    2   11    1
       -0.2951939468741 bend    4   10    1
       -0.2951939468741 bend    4   11    1
  21 k  0.4452946920088 bend    2   10    1      val=   0.00000
       -0.4452946920088 bend    2   11    1
       -0.5492837493216 bend    4   10    1
        0.5492837493216 bend    4   11    1
  22 k  1.0000000000000 tors   12    3    2    1 val=  60.00000
        1.0000000000000 tors   13    3    2    1
        1.0000000000000 tors   14    3    2    1
  23 k  1.0000000000000 stre    3   12           val=   2.06500
  24 k  1.0000000000000 stre    3   13           val=   2.06872
  25 k  1.0000000000000 stre    3   14           val=   2.06872
  26 k  0.4200903062524 bend   13   12    3      val=   1.33314
        0.4200903062524 bend   14   12    3
        0.4159036065480 bend   14   13    3
       -0.3986609173853 bend    2   12    3
       -0.3969520954695 bend    2   13    3
       -0.3969520954695 bend    2   14    3
  27 k -0.3417418876332 bend   13   12    3      val=   0.17137
       -0.3417418876332 bend   14   12    3
        0.6886378062043 bend   14   13    3
       -0.4413333480387 bend    2   12    3
        0.2207122699907 bend    2   13    3
        0.2207122699907 bend    2   14    3
  28 k  0.6396461070132 bend   13   12    3      val=   0.00000
       -0.6396461070132 bend   14   12    3
        0.3014180780625 bend    2   13    3
       -0.3014180780625 bend    2   14    3
  29 k -0.2193077233703 bend   13   12    3      val=   0.18057
       -0.2193077233703 bend   14   12    3
        0.4427305980542 bend   14   13    3
        0.6858337790093 bend    2   12    3
       -0.3445503519492 bend    2   13    3
       -0.3445503519492 bend    2   14    3
  30 k  0.3014180780625 bend   13   12    3      val=  -0.00000
       -0.3014180780625 bend   14   12    3
       -0.6396461070132 bend    2   13    3
        0.6396461070132 bend    2   14    3
  31 k  1.0000000000000 stre    2    3           val=   2.89699
  32 k  1.0000000000000 bend    1    3    2      val= 110.73440
  33 k  1.0000000000000 tors    4    1    2    3 val= 180.00000
  34 k  1.0000000000000 stre    1    4           val=   2.85662
  35 k  1.0000000000000 bend    2    4    1      val= 111.48537
  36 k  1.0000000000000 stre    1    2           val=   2.87994
        36 non zero eigenvalues  of BmBt
           1           5.990960227    1    0
         1
           2           4.248149158    2    0
         2
           3           3.981126224    3    0
         3
           4           3.930097741    4    0
         4
           5           3.740158037    5    0
         5
           6           3.356016967    6    0
         6
           7           3.067645228    7    0
         7
           8           2.973328015    8    0
         8
           9           2.535269189    9    0
         9
          10           2.377017274   10    0
        10
          11           2.327071892   11    0
        11
          12           1.608317661   12    0
        12
          13           0.902984037   13    0
        13
          14           0.879760554   14    0
        14
          15           0.798794798   15    0
        15
          16           0.796407415   16    0
        16
          17           0.772816042   17    0
        17
          18           0.759466122   18    0
        18
          19           0.748743754   19    0
        19
          20           0.699322560   20    0
        20
          21           0.688955174   21    0
        21
          22           0.576482051   22    0
        22
          23           0.478449219   23    0
        23
          24           0.421857795   24    0
        24
          25           0.413608138   25    0
        25
          26           0.338397948   26    0
        26
          27           0.305464829   27    0
        27
          28           0.292293172   28    0
        28
          29           0.274341430   29    0
        29
          30           0.273069157   30    0
        30
          31           0.250969843   31    0
        31
          32           0.178222774   32    0
        32
          33           0.163377978   33    0
        33
          34           0.070503956   34    0
        34
          35           0.040672773   35    0
        35
          36           0.032288876   36    0
        36
$frag
 atom   1 fragment 1 symmetry cs
 atom   2 fragment 1
 atom   3 fragment 1
 atom   4 fragment 1
 atom   5 fragment 1
 atom   6 fragment 1
 atom   7 fragment 1
 atom   8 fragment 1
 atom   9 fragment 1
 atom  10 fragment 1
 atom  11 fragment 1
 atom  12 fragment 1
 atom  13 fragment 1
 atom  14 fragment 1
   iteration   5
$end
