$coord
   -0.00000134013325      0.00004366846255      1.05083937273706  c
    4.43509596703114     -1.76955126784236      0.96010966413456  c
    3.39466922301765      2.47484115175578     -1.00180347458334  c
   -2.44753579017317      0.22655623441448     -0.46214089188190  c
   -3.39461159496376     -2.47484364562777     -1.00179951795863  c
   -4.43514795107307      1.76951853690910      0.96012397425599  c
    2.44752190681818     -0.22653390657360     -0.46214865993734  c
    3.75589866153692     -3.69224044131432      1.34850192918675  h
    6.18070322779241     -1.90544174291753     -0.15622879457770  h
    4.87705472518420     -0.87515417218488      2.77704422540562  h
    5.12072158044477      2.41935416221482     -2.15299585585543  h
    1.97862141199738      3.60156513358019     -2.02148777969261  h
    3.83108590087956      3.44094749201945      0.78427553238732  h
   -2.00205836981969      1.14197880551274     -2.27924709058577  h
   -3.83100030546562     -3.44096534028053      0.78427874795307  h
   -5.12066713839191     -2.41940127078951     -2.15298945684672  h
   -1.97853529973234     -3.60152766972997     -2.02148766923617  h
   -4.87708162657095      0.87510486388991      2.77705643244940  h
   -3.75599854584485      3.69222373457728      1.34852159424190  h
   -6.18075919645947      1.90536815642492     -0.15621179231850  h
    2.00201610308636     -1.14194138394184     -2.27925486998650  h
    0.00000845083951      0.00009890144105      3.35704438070909  o
$user-defined bonds
$redundant
     number_of_atoms            22
     degrees_of_freedom         60
     internal_coordinates       60
     frozen_coordinates          0
# definitions of redundant internals
   1 k  0.4082482904639 tors  10    2    7    1 val=  60.09716
        0.4082482904639 tors  10    2    7    3
        0.4082482904639 tors   8    2    7    1
        0.4082482904639 tors   8    2    7    3
        0.4082482904639 tors   9    2    7    1
        0.4082482904639 tors   9    2    7    3
   2 k  1.0000000000000 stre   2   10           val=   2.07281
   3 k  1.0000000000000 stre   2    8           val=   2.07579
   4 k  1.0000000000000 stre   2    9           val=   2.07649
   5 k  0.4063466410514 bend   8   10    2      val=   1.23051
        0.4211873464621 bend   9   10    2
        0.4237651617958 bend   9    8    2
       -0.4018308955129 bend   7   10    2
       -0.4014193788382 bend   7    8    2
       -0.3940826408750 bend   7    9    2
   6 k  0.3433906156858 bend   8   10    2      val=   0.19756
        0.3577465471678 bend   9   10    2
       -0.6872827309095 bend   9    8    2
        0.4310430009885 bend   7   10    2
       -0.2225034670929 bend   7    8    2
       -0.2154921791446 bend   7    9    2
   7 k  0.6309817390670 bend   8   10    2      val=  -0.15922
       -0.6124408940728 bend   9   10    2
       -0.0040116892923 bend   9    8    2
       -0.0017223902360 bend   7   10    2
        0.3303326476323 bend   7    8    2
       -0.3429861190492 bend   7    9    2
   8 k -0.2237973932480 bend   8   10    2      val=  -0.06365
       -0.2104019336508 bend   9   10    2
        0.4327774840924 bend   9    8    2
        0.6925206881832 bend   7   10    2
       -0.3289259703821 bend   7    8    2
       -0.3613477615823 bend   7    9    2
   9 k -0.3306798875241 bend   8   10    2      val=   0.73951
        0.3425888993248 bend   9   10    2
       -0.0095890728316 bend   9    8    2
       -0.0161346218527 bend   7   10    2
        0.6313702945589 bend   7    8    2
       -0.6118030180173 bend   7    9    2
  10 k  0.4082482904639 tors  11    3    7    1 val=  61.25657
        0.4082482904639 tors  11    3    7    2
        0.4082482904639 tors  13    3    7    1
        0.4082482904639 tors  13    3    7    2
        0.4082482904639 tors  12    3    7    1
        0.4082482904639 tors  12    3    7    2
  11 k  1.0000000000000 stre   3   11           val=   2.07547
  12 k  1.0000000000000 stre   3   13           val=   2.07699
  13 k  1.0000000000000 stre   3   12           val=   2.07713
  14 k  0.4069782485194 bend  13   11    3      val=   1.25716
        0.4190931160956 bend  12   11    3
        0.4263732307456 bend  12   13    3
       -0.4002623534505 bend   7   11    3
       -0.3974360569150 bend   7   13    3
       -0.3984597375533 bend   7   12    3
  15 k  0.5090449854794 bend  13   11    3      val=   0.42945
       -0.6602510993020 bend  12   11    3
        0.1627806674257 bend  12   13    3
       -0.0998723744955 bend   7   11    3
        0.4134083020512 bend   7   13    3
       -0.3123511286182 bend   7   12    3
  16 k  0.4984643605834 bend  13   11    3      val=   0.63760
        0.2122444939825 bend  12   11    3
       -0.6883699221420 bend  12   13    3
        0.3814529262425 bend   7   11    3
       -0.1165114680739 bend   7   13    3
       -0.2712031510895 bend   7   12    3
  17 k  0.2315035648010 bend  13   11    3      val=   0.58389
       -0.4269897705724 bend  12   11    3
        0.2002314526450 bend  12   13    3
        0.3373086814938 bend   7   11    3
       -0.6952198643954 bend   7   13    3
        0.3562097615474 bend   7   12    3
  18 k  0.3450111611978 bend  13   11    3      val=   0.53674
        0.0029746265623 bend  12   11    3
       -0.3406125932756 bend  12   13    3
       -0.6307818081313 bend   7   11    3
        0.0191790223359 bend   7   13    3
        0.6055476753986 bend   7   12    3
  19 k  1.0000000000000 stre   4   14           val=   2.08286
  20 k  0.4698408807530 bend   1   14    4      val=   2.18613
       -0.7989726237717 bend   6   14    4
        0.3753562217902 bend   5   14    4
  21 k -0.6758269076973 bend   1   14    4      val=   0.63074
       -0.0520177583706 bend   6   14    4
        0.7352225130166 bend   5   14    4
  22 k  0.4082482904639 tors  16    5    4    1 val=  61.25664
        0.4082482904639 tors  16    5    4    6
        0.4082482904639 tors  15    5    4    1
        0.4082482904639 tors  15    5    4    6
        0.4082482904639 tors  17    5    4    1
        0.4082482904639 tors  17    5    4    6
  23 k  1.0000000000000 stre   5   16           val=   2.07547
  24 k  1.0000000000000 stre   5   15           val=   2.07699
  25 k  1.0000000000000 stre   5   17           val=   2.07713
  26 k  0.4069781770714 bend  15   16    5      val=   1.25715
        0.4190932061537 bend  17   16    5
        0.4263732205782 bend  17   15    5
       -0.4002623472515 bend   4   16    5
       -0.3974360692822 bend   4   15    5
       -0.3984597205786 bend   4   17    5
  27 k  0.5090452361661 bend  15   16    5      val=   0.42946
       -0.6602509755533 bend  17   16    5
        0.1627804823185 bend  17   15    5
       -0.0998722316353 bend   4   16    5
        0.4134082018562 bend   4   15    5
       -0.3123512564082 bend   4   17    5
  28 k  0.4984641475932 bend  15   16    5      val=   0.63760
        0.2122447593668 bend  17   16    5
       -0.6883699597225 bend  17   15    5
        0.3814529954541 bend   4   16    5
       -0.1165116141707 bend   4   15    5
       -0.2712030793697 bend   4   17    5
  29 k  0.2315034731597 bend  15   16    5      val=   0.58389
       -0.4269897256361 bend  17   16    5
        0.2002315417332 bend  17   15    5
        0.3373088490307 bend   4   16    5
       -0.6952199068239 bend   4   15    5
        0.3562095834374 bend   4   17    5
  30 k  0.3450112719503 bend  15   16    5      val=   0.53674
        0.0029745147998 bend  17   16    5
       -0.3406125723210 bend  17   15    5
       -0.6307816993674 bend   4   16    5
        0.0191788246613 bend   4   15    5
        0.6055477441900 bend   4   17    5
  31 k  0.4082482904639 tors  18    6    4    1 val=  60.09701
        0.4082482904639 tors  18    6    4    5
        0.4082482904639 tors  19    6    4    1
        0.4082482904639 tors  19    6    4    5
        0.4082482904639 tors  20    6    4    1
        0.4082482904639 tors  20    6    4    5
  32 k  1.0000000000000 stre   6   18           val=   2.07281
  33 k  1.0000000000000 stre   6   19           val=   2.07579
  34 k  1.0000000000000 stre   6   20           val=   2.07649
  35 k  0.4063466386603 bend  19   18    6      val=   1.23051
        0.4211874048620 bend  20   18    6
        0.4237651062756 bend  20   19    6
       -0.4018308881767 bend   4   18    6
       -0.4014193893474 bend   4   19    6
       -0.3940826374016 bend   4   20    6
  36 k  0.3433909182546 bend  19   18    6      val=   0.19755
        0.3577461633043 bend  20   18    6
       -0.6872827528877 bend  20   19    6
        0.4310430426495 bend   4   18    6
       -0.2225032594738 bend   4   19    6
       -0.2154923952055 bend   4   20    6
  37 k  0.6309815767298 bend  19   18    6      val=  -0.15924
       -0.6124410970154 bend  20   18    6
       -0.0040112617833 bend  20   19    6
       -0.0017226251689 bend   4   18    6
        0.3303327229076 bend   4   19    6
       -0.3429859866410 bend   4   20    6
  38 k -0.2237974687244 bend  19   18    6      val=  -0.06364
       -0.2104018633265 bend  20   18    6
        0.4327775234052 bend  20   19    6
        0.6925206556567 bend   4   18    6
       -0.3289258788594 bend   4   19    6
       -0.3613478543482 bend   4   20    6
  39 k -0.3306798343097 bend  19   18    6      val=   0.73950
        0.3425888879911 bend  20   18    6
       -0.0095891266460 bend  20   19    6
       -0.0161347427108 bend   4   18    6
        0.6313703778508 bend   4   19    6
       -0.6118029631395 bend   4   20    6
  40 k  1.0000000000000 stre   7   21           val=   2.08286
  41 k  0.4698405708451 bend   1   21    7      val=   2.18614
       -0.7989726626476 bend   2   21    7
        0.3753565269577 bend   3   21    7
  42 k -0.6758271314325 bend   1   21    7      val=   0.63072
       -0.0520174301583 bend   2   21    7
        0.7352223305773 bend   3   21    7
  43 k  1.0000000000000 stre   1   22           val=   2.30621
  44 k -0.7071067811865 bend   4   22    1      val=  -0.00002
        0.7071067811865 bend   7   22    1
  45 k  1.0000000000000 outp  22    7    4    1 val=   0.00014
  46 k  0.7071067811865 tors   2    7    1    4 val= 149.12456
        0.7071067811865 tors   3    7    1    4
  47 k  1.0000000000000 stre   7    2           val=   2.89036
  48 k  1.0000000000000 stre   7    3           val=   2.91303
  49 k -0.7474514082865 bend   3    2    7      val=   1.99491
        0.6524478892688 bend   1    2    7
        0.1250125755246 bend   1    3    7
  50 k  0.3939373541532 bend   3    2    7      val=  19.70549
        0.5868425729538 bend   1    2    7
       -0.7074101749140 bend   1    3    7
  51 k  0.5349109769423 bend   3    2    7      val= 109.79176
        0.4795076082376 bend   1    2    7
        0.6956599028181 bend   1    3    7
  52 k  0.7071067811865 tors   6    4    1    7 val= 149.12156
        0.7071067811865 tors   5    4    1    7
  53 k  1.0000000000000 stre   4    6           val=   2.89036
  54 k  1.0000000000000 stre   4    5           val=   2.91303
  55 k -0.7474551857618 bend   5    6    4      val=   1.99478
        0.6524419595819 bend   1    6    4
        0.1250209368653 bend   1    5    4
  56 k  0.3939295083236 bend   5    6    4      val=  19.70559
        0.5868499320207 bend   1    6    4
       -0.7074084391349 bend   1    5    4
  57 k  0.5349114765545 bend   5    6    4      val= 109.79180
        0.4795066700935 bend   1    6    4
        0.6956601653006 bend   1    5    4
  58 k  1.0000000000000 stre   1    4           val=   2.88632
  59 k  1.0000000000000 stre   1    7           val=   2.88632
  60 k  1.0000000000000 bend   7    4    1      val= 116.77234
        60 non zero eigenvalues  of BmBt
           1           5.323431899    1    0
         1
           2           4.720132322    2    0
         2
           3           4.489506462    3    0
         3
           4           4.437078830    4    0
         4
           5           3.698494309    5    0
         5
           6           3.611099061    6    0
         6
           7           3.431020185    7    0
         7
           8           3.342094639    8    0
         8
           9           3.285158833    9    0
         9
          10           3.260564552   10    0
        10
          11           3.215949468   11    0
        11
          12           3.169608184   12    0
        12
          13           3.132727624   13    0
        13
          14           3.065827387   14    0
        14
          15           2.959547507   15    0
        15
          16           2.323070986   16    0
        16
          17           2.246758855   17    0
        17
          18           2.210131907   18    0
        18
          19           1.915881704   19    0
        19
          20           1.360066394   20    0
        20
          21           1.226082496   21    0
        21
          22           0.886853349   22    0
        22
          23           0.881724956   23    0
        23
          24           0.875443428   24    0
        24
          25           0.863556546   25    0
        25
          26           0.717548215   26    0
        26
          27           0.710481050   27    0
        27
          28           0.707646478   28    0
        28
          29           0.705636518   29    0
        29
          30           0.699080052   30    0
        30
          31           0.698303382   31    0
        31
          32           0.695357053   32    0
        32
          33           0.694804665   33    0
        33
          34           0.642782407   34    0
        34
          35           0.558374882   35    0
        35
          36           0.558239447   36    0
        36
          37           0.532038453   37    0
        37
          38           0.524555330   38    0
        38
          39           0.460098442   39    0
        39
          40           0.408911165   40    0
        40
          41           0.387533121   41    0
        41
          42           0.379192086   42    0
        42
          43           0.354803327   43    0
        43
          44           0.345633488   44    0
        44
          45           0.334293872   45    0
        45
          46           0.314098680   46    0
        46
          47           0.282889669   47    0
        47
          48           0.279469480   48    0
        48
          49           0.271421115   49    0
        49
          50           0.243451034   50    0
        50
          51           0.232103041   51    0
        51
          52           0.104698854   52    0
        52
          53           0.079384970   53    0
        53
          54           0.072000475   54    0
        54
          55           0.069628522   55    0
        55
          56           0.054509439   56    0
        56
          57           0.030659381   57    0
        57
          58           0.020255229   58    0
        58
          59           0.018166332   59    0
        59
          60           0.012924147   60    0
        60
$end
