$energy      SCF               SCFKIN            SCFPOT            RIRPA
     1 -348.1459203833      0.00000000      0.00000000     -2.576973630886
     2 -348.1463454088      0.00000000      0.00000000     -2.576557413595
     3 -348.1464703443      0.00000000      0.00000000     -2.576437964201
     4 -348.1464106086      0.00000000      0.00000000     -2.576498028110
     5 -348.1464148750      0.00000000      0.00000000     -2.576492969937
     6 -348.1464185936      0.00000000      0.00000000     -2.576489111694
     7 -348.1464181209      0.00000000      0.00000000     -2.576490026852
     8 -348.1464172590      0.00000000      0.00000000     -2.576491711634
     9 -348.1464151272      0.00000000      0.00000000     -2.576493422315
    10 -348.1464200773      0.00000000      0.00000000     -2.576489385459
    11 -348.1464187488      0.00000000      0.00000000     -2.576490134311
    12 -348.1464188437      0.00000000      0.00000000     -2.576490374342
    13 -348.1464182959      0.00000000      0.00000000     -2.576490733042
    14 -348.1464180923      0.00000000      0.00000000     -2.576490832728
    15 -348.1464179968      0.00000000      0.00000000     -2.576490906567
    16 -348.1464186770      0.00000000      0.00000000     -2.576490431483
$end
