$coord
   -2.41548766300000     -1.27832307000000      0.22817140000000      c
    2.41548766300000      1.27832307000000      0.22817140000000      c
    2.17103434300000     -1.41127113600000     -0.33113812100000      n
   -2.17103434300000      1.41127113600000     -0.33113812100000      n
   -0.00334868500000      2.78617917000000     -0.18601109000000      c
    0.00334868500000     -2.78617917000000     -0.18601109000000      c
    0.06087830900000      5.09385517100000     -0.37182255300000      o
   -0.06087830900000     -5.09385517100000     -0.37182255300000      o
   -3.77129674300000      2.44916265300000     -0.52981131800000      h
    3.77129674300000     -2.44916265300000     -0.52981131800000      h
   -3.85018466900000     -2.10927277800000     -1.00190138000000      h
    3.85018466900000      2.10927277800000     -1.00190138000000      h
   -3.01757043400000     -1.59441443700000      2.19251306200000      h
    3.01757043400000      1.59441443700000      2.19251306200000      h
$user-defined bonds
$redundant
     number_of_atoms            14
     degrees_of_freedom         36
     internal_coordinates       36
     frozen_coordinates          0
# definitions of redundant internals
   1 k  1.0000000000000 stre    5    7           val=   2.31604
   2 k  0.7071068223864 bend    4    7    5      val=   1.41381
       -0.7071067399867 bend    2    7    5
   3 k  1.0000000000000 outp    7    2    4    5 val=   0.05244
   4 k  1.0000000000000 stre    6    8           val=   2.31604
   5 k  0.7071068223864 bend    3    8    6      val=   1.41381
       -0.7071067399867 bend    1    8    6
   6 k  1.0000000000000 outp    8    1    3    6 val=   0.05244
   7 k  1.0000000000000 stre    4    9           val=   1.91769
   8 k  0.7072748117415 bend    5    9    4      val=  -1.73030
       -0.7069387106928 bend    1    9    4
   9 k  1.0000000000000 outp    9    1    5    4 val=  10.75733
  10 k  1.0000000000000 stre    3   10           val=   1.91769
  11 k  0.7072748117415 bend    6   10    3      val=  -1.73030
       -0.7069387106928 bend    2   10    3
  12 k  1.0000000000000 outp   10    2    6    3 val=  10.75733
  13 k  1.0000000000000 stre    1   11           val=   2.06444
  14 k  1.0000000000000 stre    1   13           val=   2.07871
  15 k  0.0923694670865 bend   13   11    1      val=   1.44006
       -0.4972062200405 bend    4   11    1
       -0.5145441665513 bend    4   13    1
        0.4889301984687 bend    6   11    1
        0.4903523406661 bend    6   13    1
  16 k  0.0075283537678 bend   13   11    1      val=   0.87210
        0.5583129021444 bend    4   11    1
       -0.5382445451992 bend    4   13    1
        0.4469845505633 bend    6   11    1
       -0.4457887933873 bend    6   13    1
  17 k  0.9022067090772 bend   13   11    1      val=   3.19695
       -0.1701566893249 bend    4   11    1
       -0.1609798112470 bend    4   13    1
       -0.2539801166217 bend    6   11    1
       -0.2581653654266 bend    6   13    1
  18 k -0.0037125515171 bend   13   11    1      val=   0.60101
       -0.4482376507865 bend    4   11    1
        0.4445344758071 bend    4   13    1
        0.5554780177159 bend    6   11    1
       -0.5412046720345 bend    6   13    1
  19 k  1.0000000000000 stre    2   12           val=   2.06444
  20 k  1.0000000000000 stre    2   14           val=   2.07871
  21 k  0.0923694670865 bend   14   12    2      val=   1.44006
       -0.4972062200405 bend    3   12    2
       -0.5145441665513 bend    3   14    2
        0.4889301984687 bend    5   12    2
        0.4903523406661 bend    5   14    2
  22 k  0.0075283537678 bend   14   12    2      val=   0.87210
        0.5583129021444 bend    3   12    2
       -0.5382445451992 bend    3   14    2
        0.4469845505633 bend    5   12    2
       -0.4457887933873 bend    5   14    2
  23 k  0.9022067090772 bend   14   12    2      val=   3.19695
       -0.1701566893249 bend    3   12    2
       -0.1609798112470 bend    3   14    2
       -0.2539801166217 bend    5   12    2
       -0.2581653654266 bend    5   14    2
  24 k -0.0037125515171 bend   14   12    2      val=   0.60101
       -0.4482376507865 bend    3   12    2
        0.4445344758071 bend    3   14    2
        0.5554780177159 bend    5   12    2
       -0.5412046720345 bend    5   14    2
  25 k  1.0000000000000 stre    1    4           val=   2.75799
  26 k  1.0000000000000 stre    4    5           val=   2.57105
  27 k  1.0000000000000 stre    5    2           val=   2.88027
  28 k  1.0000000000000 stre    2    3           val=   2.75799
  29 k  1.0000000000000 stre    3    6           val=   2.57105
  30 k  1.0000000000000 stre    6    1           val=   2.88027
  31 k -0.5000000000000 bend    1    5    4      val=  -3.40628
       -0.5000000000000 bend    4    2    5
        1.0000000000000 bend    5    3    2
       -0.5000000000000 bend    2    6    3
       -0.5000000000000 bend    3    1    6
        1.0000000000000 bend    6    4    1
  32 k  0.8660254037844 bend    1    5    4      val=   4.96298
       -0.8660254037844 bend    4    2    5
        0.8660254037844 bend    2    6    3
       -0.8660254037844 bend    3    1    6
  33 k -1.0000000000000 bend    1    5    4      val=   0.00000
        1.0000000000000 bend    4    2    5
       -1.0000000000000 bend    5    3    2
        1.0000000000000 bend    2    6    3
       -1.0000000000000 bend    3    1    6
        1.0000000000000 bend    6    4    1
  34 k -0.5000000000000 tors    4    5    2    3 val=   7.19713
       -0.5000000000000 tors    5    2    3    6
        1.0000000000000 tors    2    3    6    1
       -0.5000000000000 tors    3    6    1    4
       -0.5000000000000 tors    6    1    4    5
        1.0000000000000 tors    1    4    5    2
  35 k  0.8660254037844 tors    4    5    2    3 val=  22.29665
       -0.8660254037844 tors    5    2    3    6
        0.8660254037844 tors    3    6    1    4
       -0.8660254037844 tors    6    1    4    5
  36 k -1.0000000000000 tors    4    5    2    3 val=   0.00000
        1.0000000000000 tors    5    2    3    6
       -1.0000000000000 tors    2    3    6    1
        1.0000000000000 tors    3    6    1    4
       -1.0000000000000 tors    6    1    4    5
        1.0000000000000 tors    1    4    5    2
        36 non zero eigenvalues  of BmBt
           1           9.853842086    1    0
         1
           2           5.811249946    2    0
         2
           3           4.580951460    3    0
         3
           4           4.295706795    4    0
         4
           5           3.966386410    5    0
         5
           6           3.761119781    6    0
         6
           7           3.495363424    7    0
         7
           8           3.272209189    8    0
         8
           9           3.113288142    9    0
         9
          10           2.744544694   10    0
        10
          11           2.142963478   11    0
        11
          12           2.066506398   12    0
        12
          13           1.896005324   13    0
        13
          14           1.766956601   14    0
        14
          15           1.675456846   15    0
        15
          16           1.538890079   16    0
        16
          17           1.223315261   17    0
        17
          18           1.107579184   18    0
        18
          19           0.757120181   19    0
        19
          20           0.752168368   20    0
        20
          21           0.501186691   21    0
        21
          22           0.389164270   22    0
        22
          23           0.371286826   23    0
        23
          24           0.363027194   24    0
        24
          25           0.347971659   25    0
        25
          26           0.339240004   26    0
        26
          27           0.294507875   27    0
        27
          28           0.292122575   28    0
        28
          29           0.283713745   29    0
        29
          30           0.252231498   30    0
        30
          31           0.235120521   31    0
        31
          32           0.218945099   32    0
        32
          33           0.173795818   33    0
        33
          34           0.106297331   34    0
        34
          35           0.101004731   35    0
        35
          36           0.058996534   36    0
        36
$end
