$energy      SCF               SCFKIN            SCFPOT            RIRPA
     1 -530.8227843902      0.00000000      0.00000000     -4.040717687126
     2 -530.8238694855      0.00000000      0.00000000     -4.039015495026
     3 -530.8259138105      0.00000000      0.00000000     -4.037970353412
     4 -530.8270728164      0.00000000      0.00000000     -4.037176436854
     5 -530.8266263606      0.00000000      0.00000000     -4.037679247418
     6 -530.8273753373      0.00000000      0.00000000     -4.037020184618
     7 -530.8271367935      0.00000000      0.00000000     -4.037263816362
     8 -530.8273797686      0.00000000      0.00000000     -4.037035562837
     9 -530.8271451983      0.00000000      0.00000000     -4.037270766000
    10 -530.8272911111      0.00000000      0.00000000     -4.037130069509
    11 -530.8273267166      0.00000000      0.00000000     -4.037096521302
    12 -530.8273317587      0.00000000      0.00000000     -4.037092605561
    13 -530.8273257385      0.00000000      0.00000000     -4.037099073426
    14 -530.8273238238      0.00000000      0.00000000     -4.037101011992
    15 -530.8273268980      0.00000000      0.00000000     -4.037097668813
    16 -530.8273304642      0.00000000      0.00000000     -4.037094713120
    17 -530.8273314729      0.00000000      0.00000000     -4.037093647162
    18 -530.8273315212      0.00000000      0.00000000     -4.037093589164
$end
