$energy      SCF               SCFKIN            SCFPOT            RIRPA
     1 -530.8060105396      0.00000000      0.00000000     -3.536038656217
     2 -530.8070929315      0.00000000      0.00000000     -3.534958545957
     3 -530.8076097825      0.00000000      0.00000000     -3.534455124404
     4 -530.8074820834      0.00000000      0.00000000     -3.534576825942
     5 -530.8071232330      0.00000000      0.00000000     -3.534961308399
     6 -530.8070970569      0.00000000      0.00000000     -3.534987230014
     7 -530.8071191861      0.00000000      0.00000000     -3.534966319327
     8 -530.8071401826      0.00000000      0.00000000     -3.534946782272
     9 -530.8071211420      0.00000000      0.00000000     -3.534965978533
    10 -530.8071116067      0.00000000      0.00000000     -3.534976134935
    11 -530.8071085302      0.00000000      0.00000000     -3.534978816928
    12 -530.8071092457      0.00000000      0.00000000     -3.534978388699
    13 -530.8071076491      0.00000000      0.00000000     -3.534978289617
    14 -530.8071058516      0.00000000      0.00000000     -3.534978903654
    15 -530.8071082396      0.00000000      0.00000000     -3.534978163564
    16 -530.8071067305      0.00000000      0.00000000     -3.534979213496
    17 -530.8071022933      0.00000000      0.00000000     -3.534983321628
    18 -530.8071072563      0.00000000      0.00000000     -3.534979438990
    19 -530.8071078975      0.00000000      0.00000000     -3.534978990665
    20 -530.8071078079      0.00000000      0.00000000     -3.534978494571
    21 -530.8071095120      0.00000000      0.00000000     -3.534976580576
    22 -530.8071076980      0.00000000      0.00000000     -3.534978628031
    23 -530.8071075420      0.00000000      0.00000000     -3.534978962050
    24 -530.8071068216      0.00000000      0.00000000     -3.534979352173
    25 -530.8071045076      0.00000000      0.00000000     -3.534982005379
    26 -530.8071070685      0.00000000      0.00000000     -3.534979259307
    27 -530.8071079061      0.00000000      0.00000000     -3.534978413290
    28 -530.8071079491      0.00000000      0.00000000     -3.534978776768
$end
