$hessapprox internal
  0.423357965399D+00 -0.235341717639D-02  0.414537438856D+00 -0.648904191770D-03
 -0.342545628075D-03  0.334475670702D+00  0.125700876713D-02  0.291526856364D-02
  0.244048107669D-02  0.333013012021D+00  0.164235712503D-03  0.106855704806D-02
  0.310101803914D-03 -0.318404668278D-03  0.319267411475D+00  0.477046000810D-03
 -0.980285004384D-03 -0.182248857501D-03  0.136525789743D-02 -0.294728435453D-03
  0.337372048723D+00 -0.234460322673D-02 -0.109852613177D-02 -0.635459809709D-04
  0.191307857962D-02  0.889688722231D-03 -0.136200123195D-02  0.420204031823D+00
 -0.274693053923D-02 -0.261007561158D-03  0.154411867172D-02  0.196524328740D-02
  0.141081993337D-02 -0.363241341473D-02 -0.198458141348D-03  0.420547136180D+00
 -0.211905608960D-04  0.104939903493D-02  0.887319206771D-03 -0.754782034353D-03
  0.312515864453D-03 -0.656872941682D-03  0.106029757406D-02  0.155386224384D-02
  0.336898980843D+00 -0.878103542025D-03 -0.128036187444D-02 -0.208426662520D-02
  0.372725286522D-02  0.486402573825D-03 -0.222335799901D-02  0.600382682821D-04
  0.124111805497D-02  0.129563170313D-02  0.333718563627D+00  0.938450572631D-03
  0.250394635771D-02  0.246809700965D-02 -0.196963763797D-02  0.508917480302D-03
 -0.130044643472D-02  0.186923672258D-02  0.125535049014D-02  0.375830226852D-03
  0.297568143106D-02  0.317508383968D+00  0.594197699915D-03  0.132103649403D-02
  0.933731756308D-03 -0.847546614412D-03  0.144940112974D-03 -0.162011995013D-03
  0.119221792101D-02  0.108566897336D-02  0.597397646138D-04  0.158217765826D-02
 -0.296869188716D-03  0.336498034004D+00 -0.245418526833D-02 -0.123621146815D-02
  0.803187730199D-03  0.619023646778D-03  0.847397044742D-03 -0.156983706583D-02
 -0.114871507822D-02 -0.822227429229D-03  0.607744574908D-03  0.124044517162D-02
  0.978496502556D-03  0.749315235937D-03  0.418331754768D+00 -0.362574503888D-02
 -0.210078977986D-02  0.868181427691D-03  0.163531460958D-02  0.996573703435D-03
 -0.144455577187D-02 -0.194853051414D-02 -0.191968959111D-02  0.195395578633D-03
  0.678482304112D-03  0.102445296469D-02  0.933789994569D-03 -0.224657461756D-02
  0.410332790876D+00  0.266952228365D-03  0.516915243936D-03 -0.125118796265D-02
  0.177443667778D-02  0.694755603964D-03 -0.659032150504D-03  0.503547614331D-03
  0.956216910982D-03  0.117257566295D-02 -0.167164646200D-02  0.167775878232D-02
  0.705408480857D-03  0.101727598199D-02  0.583267362960D-03  0.337541870615D+00
 -0.584222804090D-03  0.944878166533D-03  0.431002321782D-03 -0.751669184116D-03
  0.416063745613D-03 -0.675186259590D-03  0.162433283000D-02  0.320752453005D-02
  0.826259990174D-03  0.255455927944D-02  0.806681045260D-03  0.279375657926D-03
  0.133704262515D-02  0.198526656808D-02 -0.240935855995D-03  0.339683082306D+00
  0.113061768804D-02  0.301122604858D-02  0.614051591890D-02 -0.703269886780D-02
  0.226205054592D-03 -0.897131456008D-03  0.206590440891D-02 -0.698356267809D-03
 -0.964468685599D-03  0.799867736514D-02 -0.529957077935D-02 -0.190355833388D-02
 -0.404582487196D-03  0.166414234168D-03  0.408123760597D-02  0.360710088019D-03
  0.302975596297D+00  0.921158209431D-03 -0.126651996800D-02 -0.145740248557D-02
  0.464519973547D-02 -0.276430965163D-03 -0.530742538063D-03 -0.133182419489D-02
 -0.331968940132D-02 -0.243578839273D-03 -0.532853196576D-02  0.480469456122D-03
  0.110567341087D-02 -0.588526009519D-03 -0.129305866530D-02 -0.118166219132D-02
  0.723347340692D-03  0.398281324625D-02  0.333614205599D+00 -0.271325974287D-02
 -0.152995708057D-02 -0.132840635835D-02  0.247110127924D-02  0.588455371893D-03
  0.156619354673D-02 -0.213525507237D-02 -0.156715478284D-02 -0.706896103367D-04
 -0.220931879703D-02  0.219659424210D-02  0.100919297599D-02 -0.218999333358D-02
 -0.182045057618D-02  0.120892496931D-03 -0.107739920834D-02  0.357411545049D-02
  0.168903156750D-02  0.416852769048D+00  0.120613901067D-02  0.215710653344D-02
  0.328031817988D-02 -0.474263488655D-02 -0.176772709923D-03  0.191092781633D-02
  0.762095647421D-03 -0.171531868088D-02 -0.134226030888D-02  0.469343494984D-02
 -0.420749649428D-02 -0.140506598041D-02 -0.105314076526D-02  0.184176100030D-03
  0.178871909793D-02 -0.215929724140D-02 -0.113228129719D-01  0.654735693736D-02
  0.383304655551D-02  0.328660012957D+00 -0.862513843304D-03 -0.102993993674D-02
 -0.487593718240D-02  0.622541344274D-02  0.385003005100D-03  0.616084432867D-03
 -0.852708338772D-03  0.173613304705D-02  0.132823064074D-02 -0.740889330870D-02
  0.499309424580D-02  0.148804201399D-02  0.863136459751D-03  0.857057902123D-03
 -0.251439983703D-02 -0.490707031989D-03  0.136456368956D-01 -0.420929952773D-02
 -0.107632345993D-02  0.967597130309D-02  0.328662835580D+00 -0.670727824259D-02
 -0.755827682876D-02  0.647212133660D-03  0.135947045232D-02 -0.585878535688D-03
  0.826590395782D-02 -0.815726819948D-02 -0.109375645735D-01 -0.440498288221D-02
 -0.132784845869D-02 -0.120433556108D-02 -0.226401105010D-03 -0.109050632157D-01
 -0.941510431224D-02 -0.337409032242D-03 -0.547128186120D-02 -0.687855362455D-02
  0.124566476531D-01 -0.130971115848D-02  0.277278488034D-02  0.723231449582D-02
  0.961258671414D+00  0.155842251621D-02  0.758856373840D-02 -0.312309343969D-02
  0.571523760976D-02  0.542528461660D-03  0.394649066891D-02  0.663511853215D-02
  0.130462982842D-01  0.201938874462D-02 -0.562589351657D-02  0.634504945444D-02
  0.129743511603D-02  0.624351636714D-02  0.108451069240D-01 -0.212685834667D-02
  0.185649068774D-02  0.116937671741D-01  0.411339406384D-03  0.763842301203D-02
  0.978658241341D-02 -0.531746741590D-02  0.240578125810D-01  0.466280139309D+00
 -0.579782254737D-03  0.953997468634D-02  0.327228620060D-02  0.703053160826D-02
  0.467402412172D-02 -0.488202825606D-02  0.904458250243D-02  0.127664890748D-01
  0.596519088017D-02  0.362684804387D-02  0.449491578077D-02  0.351772885108D-02
  0.522307295148D-02  0.900568579427D-02  0.637650858486D-03  0.103641818933D-01
  0.200320397763D-02  0.743806278854D-03  0.686594563748D-02 -0.502528830419D-02
  0.314531062071D-02 -0.780189493250D-02  0.460368618354D-01  0.267931005921D+00
 -0.222518865536D-03 -0.320351644233D-03  0.935444877110D-03 -0.403563378686D-03
  0.625560474991D-03 -0.180381562392D-02  0.193357501101D-03 -0.373588611263D-03
  0.707391871345D-03  0.170748547735D-02 -0.757033539823D-03 -0.905513783240D-04
 -0.114419770522D-03 -0.704436942352D-03 -0.225431293694D-03  0.592643976777D-03
 -0.186963511571D-02 -0.481888054856D-03 -0.980739767702D-03 -0.335100493520D-02
  0.141942785053D-02 -0.670088987920D-02  0.905952046966D-03 -0.400167038415D-02
  0.673815443741D-02 -0.232286760611D-02 -0.233772322495D-02 -0.516239133934D-03
  0.103563794561D-02  0.266988066153D-03 -0.444783298569D-03 -0.180742513728D-02
 -0.142713367774D-02  0.139828263985D-03 -0.131264813624D-03  0.961624727728D-03
  0.460757805779D-03 -0.163376547230D-02 -0.206976890254D-02 -0.277327375622D-03
  0.948069145287D-03  0.181411661988D-02 -0.732506151628D-03 -0.285086101674D-02
  0.816660454210D-03 -0.165689067712D-02 -0.692720160743D-02  0.201656277512D-02
  0.187920871551D-02  0.358935856231D-03  0.424746807728D+00 -0.290602998669D-02
 -0.359162485218D-02  0.131933033399D-03 -0.113847960509D-02  0.203813028316D-03
  0.135963979764D-03 -0.282589322620D-02 -0.356999788703D-02 -0.354845684828D-03
  0.231955648553D-02 -0.654396094722D-03 -0.184796662086D-03 -0.302162969956D-02
 -0.328524118617D-02 -0.369961957144D-03  0.845437898100D-04 -0.144205005282D-02
  0.208259605491D-02 -0.420135708624D-02 -0.259012063114D-02  0.559033422690D-03
 -0.114856152740D-01  0.249915675365D-02 -0.591621073713D-02 -0.948278549304D-03
 -0.145871301851D-02  0.415941895211D+00 -0.204921010894D-02 -0.114731686070D-02
  0.526083307731D-03  0.341010698374D-03  0.115479937181D-03  0.237483398887D-03
 -0.127259477358D-02 -0.853374969540D-03 -0.544845457128D-03  0.872870075639D-04
  0.714480379136D-03  0.333516738682D-03 -0.136270835333D-02 -0.131088088686D-02
  0.102781683136D-02  0.695199035956D-03 -0.121064568433D-03  0.299643393807D-04
 -0.722855250588D-03  0.116419192988D-02  0.658823840236D-03 -0.419991376910D-02
  0.544851599034D-02  0.633972836573D-02  0.616443818541D-03 -0.142033139290D-02
 -0.140228227780D-02  0.416084543249D+00 -0.467338945949D-03 -0.203846719278D-02
 -0.338133946634D-02  0.727462054885D-02  0.671149537915D-03 -0.221729377616D-02
 -0.149406863470D-02 -0.129483863375D-02  0.131087861568D-02 -0.713199648551D-02
  0.323275482129D-02  0.186621618444D-02  0.195898839584D-03 -0.102859815802D-02
 -0.274080285776D-02  0.873648993762D-03  0.101762050472D-01 -0.695259628558D-02
 -0.622288655663D-03  0.818917407640D-02 -0.838227184595D-02  0.589478676349D-02
 -0.377744700660D-02 -0.369904916347D-02 -0.435744535470D-03 -0.140827372727D-02
  0.891576464641D-03  0.946256178282D-03  0.315696891026D+00  0.271824048211D-03
 -0.980005271145D-04  0.351060167298D-02 -0.663183656515D-02 -0.563059463489D-03
  0.203835135330D-02 -0.336358037013D-03 -0.278275028078D-02 -0.181231607463D-02
  0.596417259826D-02 -0.471817013222D-02 -0.230127755639D-02 -0.200867887968D-02
 -0.115308834973D-02  0.185884962758D-02 -0.204801746932D-02 -0.114959229208D-01
  0.653443494468D-02  0.680918750312D-03 -0.840196389780D-02  0.939747347848D-02
 -0.631323009989D-02  0.385667377809D-02 -0.102316204138D-01 -0.215406785681D-02
  0.101292281019D-02 -0.144303383950D-02 -0.518227543800D-03  0.880514416388D-02
  0.312673713235D+00 -0.121912831797D-02 -0.301441669526D-02 -0.234969893970D-02
 -0.228084892099D-02  0.102906316619D-02  0.186065490758D-02 -0.222180215564D-02
 -0.357353745868D-02  0.139707525425D-02  0.277604541128D-02 -0.766935859368D-03
 -0.792453563136D-03 -0.207957190099D-02 -0.190274232084D-02 -0.293853592919D-02
 -0.464526860870D-02  0.112647555613D-02  0.736418677956D-02 -0.512763494380D-02
 -0.590002733527D-02 -0.573067548726D-03 -0.129263468457D-01 -0.701160785249D-02
 -0.288203541066D-01 -0.511946820727D-02 -0.495332126449D-03 -0.532312610348D-02
  0.316944515270D-02  0.371960020147D-03 -0.258474845308D-02  0.290575641367D+00
 -0.304919138087D-03  0.144136600950D-02 -0.280261624784D-03  0.796375128418D-03
  0.639926486214D-03 -0.616172026043D-03  0.113373784466D-02  0.247660823956D-02
  0.100934025172D-02  0.346729208708D-03  0.168636132075D-02  0.843094293899D-03
  0.112258513370D-02  0.116784267579D-02  0.371931613234D-03  0.536620826066D-03
  0.188219099159D-02 -0.782049799493D-05  0.984147411450D-04  0.254873728633D-03
 -0.716553123811D-03 -0.181588176428D-02  0.207235906662D-02  0.760850927199D-02
  0.414445971860D-03 -0.301913337874D-03 -0.129836266644D-02  0.568106707653D-03
  0.174210834303D-03 -0.918427601684D-03 -0.364740555184D-02  0.334334272112D+00
 -0.157324447723D-02 -0.313413790774D-02 -0.225621592537D-02 -0.558899546628D-02
  0.775034781009D-03  0.475827054337D-02 -0.245803534652D-02 -0.382327244989D-02
  0.777923262513D-03  0.567685572624D-02 -0.175139170140D-02 -0.170308894001D-02
 -0.291848770965D-02 -0.156618151090D-02 -0.287572004749D-02 -0.695555196297D-02
 -0.163391410827D-02  0.136587536512D-01 -0.587825369210D-02 -0.922257772401D-02
  0.188376929730D-02 -0.169951793346D-01 -0.769217038586D-02 -0.329858620443D-01
 -0.628640136751D-02 -0.332238131156D-03 -0.719754681609D-02  0.363044775171D-02
  0.532384553952D-02 -0.629213164146D-02 -0.360015461751D-01 -0.514489315072D-02
  0.286766007046D+00 -0.761002919307D-02 -0.481944361809D-02  0.394073524775D-02
  0.307390377489D-02  0.202170874055D-02 -0.290804597569D-02 -0.380238194458D-02
 -0.333276375772D-02 -0.104356096085D-02  0.291374800317D-02  0.856359822426D-03
  0.137249897091D-02 -0.475534536708D-02 -0.420049977564D-02  0.632389480061D-03
  0.524230997861D-02 -0.359791120689D-02 -0.722818551300D-03 -0.300596476140D-02
 -0.163520616795D-02  0.399515944871D-02 -0.231611995612D-01  0.288055157768D-01
  0.241726016687D-01 -0.290309892831D-02 -0.364835164814D-02 -0.631892793343D-02
 -0.267154168410D-02 -0.438678186675D-03 -0.631512395593D-02 -0.640491726083D-02
  0.336584593378D-02 -0.661763788016D-02  0.100203545371D+01 -0.353653444710D-03
  0.401874840023D-03  0.168474141846D-02 -0.406052725231D-02 -0.117186479764D-02
  0.306180923446D-02 -0.181599027370D-03  0.456190473891D-03 -0.214221391449D-02
  0.276791939552D-02 -0.229168388203D-02 -0.179967503135D-02 -0.102409590726D-02
  0.727791383106D-03  0.820810588143D-03 -0.134132933324D-02 -0.643404451085D-02
  0.532365362312D-02  0.124284754912D-02 -0.304241078391D-02  0.515995806279D-02
  0.134937453971D-02  0.522840087117D-02  0.538591262630D-02 -0.180023151923D-03
  0.766981507476D-03 -0.297901361732D-03 -0.634256980315D-03  0.719077266756D-02
 -0.483600077183D-02 -0.436447911714D-03 -0.977825068872D-03 -0.324939605527D-02
  0.249161649668D-02  0.445783002588D+00 -0.368836890548D-02 -0.316742401670D-02
 -0.561804040079D-02  0.295511740652D-02 -0.579743680800D-03  0.133443893653D-01
 -0.375626039814D-02 -0.104052862452D-02 -0.226431894189D-02 -0.104220092452D-01
  0.477836628704D-02 -0.166488259154D-02 -0.409862295044D-02  0.629043183253D-03
 -0.322266506071D-02 -0.819220083446D-02  0.128370553733D-01  0.735518089221D-02
  0.338457555695D-02  0.156006229769D-01 -0.451412332039D-02  0.995846288354D-02
  0.667820476946D-03 -0.953712896321D-02 -0.316060412008D-02 -0.345168179481D-02
 -0.218690312753D-02 -0.209884000832D-03 -0.278163117579D-02  0.789075909454D-02
 -0.330835976487D-02 -0.357683144639D-02 -0.321373247036D-02 -0.139690911445D-01
  0.333316992011D-02  0.209408960598D+00 -0.136125316262D-03 -0.224870972431D-02
  0.911599950984D-03 -0.468375599308D-02 -0.992995132346D-03 -0.177266680379D-02
 -0.909875476105D-03 -0.164206417051D-02 -0.627533215890D-03  0.399195873967D-02
 -0.167515683463D-02 -0.790813626997D-03  0.135197864672D-03 -0.281737207869D-02
  0.172579686183D-02  0.446289469997D-03 -0.418400455732D-02 -0.376428604311D-03
 -0.386504267189D-02 -0.241696328347D-02 -0.969158283671D-04 -0.914411324269D-02
 -0.623651464428D-02 -0.187184054374D-01  0.207375118617D-02  0.750313733877D-03
  0.230528847918D-02 -0.242929855906D-02  0.306964953839D-02 -0.123235445523D-02
  0.816040370008D-02 -0.861383575750D-03  0.812630290649D-02 -0.533774069514D-02
 -0.189055334602D-02 -0.294092839306D-01  0.574846880195D-01 -0.283214305528D-02
 -0.283198683766D-02 -0.488997116451D-03  0.324148411547D-02  0.692271264514D-03
 -0.122470851201D-02 -0.251511933763D-02 -0.295517434395D-02  0.128293881507D-02
 -0.140846393559D-02  0.208814906044D-02  0.140613719867D-02 -0.313673204553D-02
 -0.554614215441D-02  0.568213061651D-03  0.979299423884D-03  0.177769628012D-02
 -0.151742577309D-02 -0.414780884473D-02  0.138741309332D-02 -0.941184420186D-03
 -0.120768974457D-01  0.761871088017D-02  0.273340641561D-02 -0.202725581522D-03
 -0.327588497131D-02 -0.432584654645D-02 -0.272852629682D-02 -0.295343881585D-02
  0.528351353832D-03 -0.115803259869D-02  0.663409143177D-03 -0.856641875217D-03
 -0.108055715254D-01 -0.121510705437D-03 -0.392810083905D-02  0.121982903639D-02
  0.507366788810D+00 -0.426629550157D-02 -0.479700942833D-02 -0.135488326267D-02
  0.279945300510D-02  0.556405497525D-04  0.270611223563D-02 -0.559590826401D-02
 -0.676498605889D-02 -0.740216082294D-04 -0.201442716970D-02  0.195296509659D-02
  0.141188231070D-02 -0.645248074868D-02 -0.906599126114D-02  0.110244518465D-02
 -0.233488117853D-02  0.450398001691D-04  0.504175831084D-02 -0.503171914973D-02
  0.292306608249D-02  0.358615269127D-03 -0.120079911092D-01  0.126414651633D-01
 -0.971650923363D-03 -0.177173980961D-02 -0.584370520770D-02 -0.870807173310D-02
 -0.409902578931D-02  0.756234104726D-03 -0.126392109589D-02 -0.651156661689D-02
 -0.888189479659D-03 -0.866565324200D-02 -0.166218789827D-01 -0.723013935832D-03
 -0.108773678168D-03  0.227741343667D-02 -0.655822903833D-02  0.490500176119D+00
  0.104917194189D-02  0.302123628305D-02  0.328890573000D-02 -0.253419447535D-02
  0.276375932036D-03 -0.704566482260D-03  0.247003036864D-02  0.237692756974D-02
 -0.173691509114D-03  0.385386800184D-02 -0.206367343877D-02 -0.682965199478D-03
  0.105686718453D-02  0.178589342962D-02  0.184904043015D-02  0.150894888329D-02
 -0.688325896219D-02  0.169697220321D-02  0.263153293768D-02 -0.514150813724D-02
  0.623807125574D-02 -0.232638153775D-03  0.107788084533D-01  0.153125945892D-01
 -0.462655651029D-03  0.134889603941D-02 -0.454736438368D-03  0.340681494973D-03
  0.516353890594D-02 -0.640829039735D-02 -0.350264184317D-03  0.192900593579D-02
 -0.174993761536D-02  0.262820493984D-02 -0.228082874051D-02 -0.434996867239D-03
 -0.334489197205D-02  0.373913664677D-02  0.366520091451D-02  0.340814589050D+00
 -0.117315439473D-02 -0.344104428332D-02 -0.511898850753D-02  0.113130687241D-01
  0.114528194685D-02 -0.429295872369D-02 -0.174361461797D-02 -0.265238336510D-03
  0.223153057295D-02 -0.103083310837D-01  0.534923878634D-02  0.279427121304D-02
  0.109165697797D-02 -0.729251302769D-03 -0.482812438962D-02  0.328456207424D-02
  0.175245698924D-01 -0.124614341733D-01 -0.242768529058D-02  0.130156489359D-01
 -0.149154773924D-01  0.837245820844D-02 -0.366897240028D-02  0.148715993990D-02
  0.498814087672D-03 -0.166019281907D-02  0.279452526180D-02  0.995296511651D-03
 -0.179591831630D-01  0.142504902686D-01  0.221975488183D-02  0.673908414157D-03
  0.106532657948D-01  0.353240666764D-03  0.121901144046D-01 -0.160328470346D-01
  0.850483585329D-02 -0.182791324370D-02  0.337672941719D-02  0.752832946910D-02
  0.343082984579D+00 -0.110172795282D-02 -0.229475415724D-02 -0.527742213191D-03
 -0.187100882120D-02 -0.134669300089D-02  0.174042123892D-02 -0.230115320355D-02
 -0.322552939458D-02 -0.117863919756D-02 -0.211614566192D-03 -0.195654312897D-03
 -0.471400132707D-03 -0.241022959567D-02 -0.259157140470D-02  0.154401029676D-02
 -0.114199782989D-02 -0.140714011363D-02  0.119027231618D-02 -0.182100607660D-02
 -0.628439260706D-04  0.725364464638D-03 -0.598404294504D-02 -0.964946564195D-02
 -0.295927963391D-02  0.241182743533D-02 -0.822594857238D-03  0.727720150695D-03
 -0.287648555156D-02  0.190321146066D-02  0.197576035156D-02  0.982274737576D-02
 -0.227385028958D-02  0.101501615541D-01 -0.168097341764D-02 -0.327585737870D-02
  0.104361799493D-01 -0.463072923175D-02 -0.715492236633D-02 -0.110803229014D-01
  0.157682259807D-02  0.895066240505D-02  0.222104128685D-01 -0.877221430712D-04
 -0.145954540612D-02  0.299370916181D-02 -0.576353160093D-02 -0.740389035269D-03
 -0.360486506172D-02 -0.135583883487D-03 -0.884743408413D-03 -0.890256513899D-03
  0.670854687509D-02 -0.377474399975D-02 -0.123319162933D-02  0.210040957284D-03
 -0.151902703022D-02 -0.114989315567D-04  0.145793427385D-03 -0.932937285693D-02
 -0.195966974499D-02 -0.383292833507D-02 -0.868704021330D-02  0.437137713662D-02
 -0.101692414090D-01 -0.122950175917D-01 -0.481844770206D-01  0.836746123019D-03
  0.190281470882D-02  0.187163537608D-02 -0.591256653880D-03  0.472211716569D-02
 -0.471512371001D-02  0.263603976274D-02 -0.322849272735D-03  0.368690206057D-04
 -0.419594499411D-02 -0.590000058108D-02 -0.549966178374D-02  0.117214794476D-01
  0.343884672403D-03 -0.437933747561D-02 -0.732757200192D-02  0.106454009540D-01
 -0.299142303795D-02  0.512468414812D-01 -0.148305368362D-02 -0.783115103430D-02
 -0.671702212674D-03 -0.311997807513D-02 -0.124691679352D-02 -0.308155476375D-02
 -0.421580821224D-02 -0.665020444738D-02  0.241800211739D-03  0.288629215856D-02
 -0.321888500111D-02 -0.182612543820D-02 -0.288372557173D-02 -0.635766091000D-02
 -0.217433234204D-02  0.311117516325D-02 -0.114686552518D-02 -0.433911352392D-02
 -0.113308077476D-01 -0.580163372154D-02 -0.487969499001D-02 -0.186806492950D-01
 -0.165528042607D-01 -0.286576554830D-01  0.256090023268D-02  0.103133907048D-02
  0.507164482845D-02 -0.350780728472D-02 -0.483867879808D-02  0.572290780623D-02
  0.994806729382D-02 -0.476789930976D-02  0.129836450021D-01 -0.109603236129D-01
  0.103427846311D-02 -0.128542564051D-01  0.178068542263D-01 -0.239400448023D-02
 -0.739744678053D-02 -0.292215341221D-02 -0.250628686234D-02  0.521549176389D-02
  0.162681053994D-01  0.433091757255D+00  0.157161998076D-02 -0.232091477579D-02
  0.332201158687D-02 -0.581392081069D-02 -0.925010381950D-03 -0.411662215929D-02
 -0.204294335900D-02 -0.598448035429D-02 -0.777252639831D-03  0.583134660547D-02
 -0.621213551801D-02 -0.172222621038D-02 -0.190826371459D-02 -0.519819372510D-02
  0.197707597992D-02  0.700088916488D-03 -0.115511934763D-01 -0.104397169497D-02
 -0.435656195391D-02 -0.110976155031D-01  0.509074971327D-02 -0.125473463191D-01
 -0.153745274669D-01 -0.201466116419D-01  0.128841330861D-02  0.113517749896D-02
  0.888663338627D-03 -0.316479019574D-02  0.441701957855D-02 -0.387548520874D-02
  0.879944926889D-02 -0.158660450469D-02  0.943205609541D-02 -0.123036464856D-01
 -0.445526463880D-02  0.343319882864D-03  0.279777377480D-02 -0.745532358517D-03
 -0.395190058747D-02 -0.811222081211D-02  0.699819835649D-02  0.683303033085D-02
  0.426055989981D-02  0.185167948669D-01  0.411921799692D+00 -0.331413497215D-02
 -0.385189035264D-02 -0.354562899765D-02 -0.502767749680D-02 -0.305404338717D-02
  0.137131293842D-01 -0.228573932620D-02  0.720407682296D-03 -0.374427965407D-02
 -0.367514630779D-02  0.240908598604D-02 -0.336898785061D-02 -0.256781414718D-02
  0.257110703133D-03 -0.828010536134D-03 -0.669209237430D-02  0.383509132261D-02
  0.993955373025D-02  0.126130334862D-02  0.123013575808D-01 -0.199122202578D-02
  0.379471884919D-02  0.112811326585D-02 -0.228177879872D-01  0.126407182239D-05
 -0.291067665865D-03  0.326341609174D-02 -0.232085823764D-02  0.440191205961D-02
  0.410438995122D-02  0.885530629435D-02 -0.495123359110D-02  0.735967211647D-02
 -0.961481289502D-02  0.265850973544D-03  0.550846303291D-02  0.213880241577D-01
 -0.141794549870D-02  0.507977574147D-02 -0.174730497993D-02  0.814871176649D-02
 -0.121627476371D-01  0.499405470792D-02  0.130268275524D-01 -0.377926572348D-02
  0.467921961272D-01 -0.178910895548D-02 -0.751350860165D-02 -0.531039980068D-02
 -0.323868218823D-02 -0.279104754759D-02  0.650626694354D-02 -0.743908287726D-02
 -0.975844322740D-02 -0.216175709774D-02 -0.311663649006D-02  0.334593893159D-03
 -0.107327230038D-02 -0.549022662218D-02 -0.782189174552D-02  0.378468720484D-04
 -0.713912327127D-02  0.371918924260D-02  0.565226979954D-02 -0.719467884607D-02
  0.509248608023D-02 -0.541815416139D-02 -0.316389693660D-02 -0.235709360052D-01
 -0.475168287505D-01  0.246491456897D-02 -0.331818825352D-02  0.229627073385D-03
 -0.428111924381D-02  0.100651765442D-02  0.856852001518D-02  0.928070598255D-02
 -0.730053793448D-02  0.890664173728D-02 -0.115500373533D-01 -0.303021879693D-02
  0.900688850858D-02  0.152355260175D-01 -0.707785529234D-02 -0.758827742760D-02
 -0.102107758221D-02  0.613277560818D-02 -0.143948772455D-01  0.122513298911D-01
  0.189531776617D-01  0.129668172434D-01  0.165622190980D-01  0.634826067880D+00
  0.600803066427D-03  0.167136918952D-02 -0.437650791241D-02  0.751002387120D-02
 -0.229601859088D-02  0.107907901301D-01  0.327825399589D-03  0.479829741373D-02
 -0.355555656135D-02 -0.117361599491D-01  0.746473895910D-03 -0.226665490413D-02
 -0.265293410460D-03  0.848560344999D-02 -0.816575172612D-02 -0.262744253213D-02
  0.699657955319D-02  0.480713753501D-02  0.979599622858D-02  0.130626294413D-01
 -0.317985061660D-02  0.434218534454D-01  0.238494789097D-01  0.296335389342D-01
 -0.467199104168D-02  0.194802074072D-02  0.334564300693D-02  0.611141057648D-02
 -0.549097612737D-02  0.746820700021D-02 -0.117899458505D-01 -0.380701732890D-02
 -0.986306524905D-02  0.250381218087D-01  0.182912833052D-01  0.255582329327D-01
 -0.150719550327D-01 -0.275068769282D-04  0.128043653423D-01  0.980158307805D-02
 -0.608195172477D-02 -0.454551715015D-02 -0.215033454015D-01 -0.171911514529D-01
 -0.158156121317D-01  0.188062083337D-01 -0.151586684069D-01  0.475425984466D+00
 -0.140381739590D-02 -0.377145678349D-02 -0.244393004727D-02  0.513915409903D-02
  0.503899185326D-03 -0.668879830784D-04 -0.401560724089D-02 -0.528622738934D-02
  0.987039818952D-03 -0.617246479985D-02  0.236279649614D-02  0.969353502386D-03
 -0.290353704419D-02 -0.578852531372D-02 -0.723150022921D-04 -0.683720405199D-03
  0.661560938384D-02 -0.237586717337D-02 -0.322253652707D-02  0.573581619803D-02
 -0.451539493927D-02 -0.389638184192D-02  0.259382129463D-02 -0.346367207550D-03
 -0.573586220881D-03 -0.348453205048D-02 -0.260125954069D-02 -0.202460128897D-02
 -0.673197400734D-02  0.590749774945D-02  0.216257874162D-02 -0.726275677710D-03
  0.570450411899D-02 -0.114241759562D-01  0.336855402131D-02 -0.247617832025D-02
  0.133266448440D-02 -0.267789576573D-02 -0.702476925969D-04  0.343028241653D-02
 -0.126421195487D-01  0.214756423712D-02 -0.269930621467D-02  0.704800775767D-03
  0.410418329520D-02  0.314010577820D-02  0.576273518030D-02  0.218514022478D-03
  0.624326858316D+00 -0.175004618877D-03 -0.240632061940D-02  0.158980624687D-02
 -0.280317947276D-02  0.271185117792D-02 -0.167031902869D-01 -0.931785240295D-03
 -0.235943621334D-02  0.528857795529D-02  0.813415547878D-02  0.122336517200D-02
  0.313995509784D-02  0.226763653097D-02 -0.748845985056D-02  0.563404308442D-02
  0.595635069612D-02  0.285144135567D-02 -0.148578883019D-01 -0.148939967021D-01
 -0.124110382025D-01 -0.600712512208D-02 -0.446268215271D-01 -0.425489252978D-01
 -0.177570371921D-01  0.942071462006D-02 -0.165839655750D-02 -0.523735746904D-03
 -0.662881687880D-02 -0.236404447357D-02  0.618628383078D-03  0.154247828372D-01
  0.318729318331D-02  0.165958698041D-01 -0.166470138427D-01 -0.139922405468D-01
 -0.370155156129D-01  0.472436959605D-02 -0.934589300683D-03 -0.193632216117D-01
 -0.549818007185D-02 -0.825444039873D-02  0.134299708449D-01  0.280738665751D-01
  0.220371848843D-01  0.346035144414D-01 -0.492314670401D-01  0.197392269829D-02
 -0.945453230367D-01 -0.670192943228D-02  0.523575768970D+00  0.423127425674D-02
 -0.772756781026D-02 -0.560489052009D-02 -0.187211037747D-01 -0.511372863165D-02
  0.143319701770D-01 -0.100800341506D-01 -0.165378713947D-01 -0.557182109682D-02
  0.299129926462D-02 -0.466227624892D-02 -0.434885500873D-02 -0.641668924619D-02
 -0.138690555449D-01  0.698131205196D-02 -0.217151789342D-01 -0.615253779794D-02
  0.231572673359D-01 -0.971424704874D-02 -0.190257764769D-02  0.152224061851D-04
 -0.128481509775D-01 -0.711459212154D-01 -0.111500907162D+00  0.446343837575D-02
 -0.480255961189D-02 -0.279703693614D-02 -0.956075072876D-02  0.221878946025D-01
  0.490851607916D-03  0.166092354729D-01 -0.117020652177D-01  0.753273471099D-02
 -0.410513509782D-01 -0.227677241771D-01 -0.574772152353D-02  0.282390938890D-01
  0.350245653692D-02  0.529205716944D-02 -0.221256695157D-01  0.203276245020D-01
  0.992713829189D-02  0.235026164153D-01  0.372970323784D-01  0.394733276452D-01
  0.441251229726D-02  0.584955525859D-01 -0.758882795674D-01  0.278643533113D-01
  0.647357781241D-01  0.237489215981D+00  0.884012513301D-04  0.135860051286D-01
  0.492655184159D-02  0.533254736707D-02  0.419937733773D-02 -0.444925505236D-02
  0.117126458938D-01  0.183312306958D-01  0.540462466888D-02  0.303036280609D-02
  0.607489817142D-02  0.321445360678D-02  0.839450170046D-02  0.120952684720D-01
  0.300124858002D-02  0.876272370714D-02  0.709242698017D-03 -0.315365094405D-02
  0.104498962274D-01 -0.143336229698D-02  0.703041092755D-02  0.198672751016D-02
  0.474186794421D-01  0.811726407650D-01 -0.117875668078D-02  0.239545983302D-02
 -0.409449620084D-02  0.614953864306D-02  0.863448287034D-03 -0.113568534840D-01
 -0.149161802251D-01  0.105512885543D-01 -0.186097746745D-01  0.255245118552D-01
 -0.157562804038D-02 -0.530632026516D-03 -0.184760550387D-01  0.906664030805D-02
  0.736441095627D-02  0.105201099395D-01  0.510782848330D-02 -0.123467803602D-01
 -0.218350068916D-01 -0.350459102848D-01 -0.315316343471D-01 -0.146691425691D-01
 -0.405070418706D-01  0.231060718421D-01 -0.697574933608D-03 -0.252294121815D-01
 -0.110815567758D+00  0.446511180466D+00  0.508129204185D-02  0.150947777491D-01
 -0.776443189911D-03  0.130832087101D-01  0.101938790338D-02  0.615484411941D-02
  0.121641599796D-01  0.190998640666D-01  0.177123354391D-02 -0.672945592961D-02
  0.289514521565D-02  0.186603300134D-02  0.822469709282D-02  0.197692188675D-01
 -0.855107451329D-02  0.490091653580D-02  0.351975106872D-02  0.753421161281D-02
  0.193866639051D-01  0.615413405029D-02  0.178603336117D-02  0.601950752611D-01
  0.641914036781D-01  0.946933067854D-01 -0.886565519753D-02  0.557292948654D-02
 -0.748705846435D-03  0.159523858500D-01 -0.478698546280D-02 -0.465122366625D-02
 -0.425950232929D-01  0.403677997081D-02 -0.469929894867D-01  0.612791287400D-01
  0.188558031920D-01  0.191963981480D-01 -0.267612000333D-01  0.132533621405D-01
  0.283598422251D-01  0.201180897628D-01  0.146112603317D-02 -0.122124252860D-01
 -0.430765941089D-01 -0.449169705657D-01 -0.447689279334D-01  0.996427857217D-02
 -0.484135470925D-01  0.100576265462D+00  0.632727214421D-02 -0.118375609342D+00
 -0.166051654691D+00  0.978166169675D-01  0.544787814203D+00  0.515463401196D-02
  0.328216853800D-02  0.870640390192D-02 -0.873679242459D-02  0.260134635049D-02
 -0.145749850112D-01  0.551130087362D-02 -0.237810390097D-02  0.433332574938D-02
  0.189875485705D-01 -0.539508069455D-02  0.327394353163D-02  0.522825223750D-02
 -0.234895828110D-02  0.594717369844D-02  0.724248093733D-02 -0.171867698697D-01
 -0.446925170160D-02 -0.640497806392D-02 -0.220100032955D-01  0.620206452440D-02
 -0.356617981451D-01 -0.227676212512D-01 -0.391270638844D-01  0.152729091767D-02
  0.398914699474D-02  0.218504937163D-02 -0.131941844362D-03  0.457485831830D-02
 -0.132005681690D-01  0.534997196473D-02  0.591563423743D-02  0.349902051900D-02
 -0.110551862946D-01 -0.200487703536D-01 -0.297577198260D-01  0.177119363501D-01
  0.903071035235D-02  0.160798216582D-02 -0.125546048368D-01  0.102601661945D-01
  0.517585152944D-02  0.275734573747D-01  0.273426877832D-01  0.127563532253D-01
 -0.196789800599D-01  0.253968737587D-01 -0.951215174516D-01  0.425181248910D-02
  0.110187435206D+00  0.785460910625D-01 -0.212734684804D-01 -0.107194251150D+00
  0.481793454498D+00 -0.840424073267D-04  0.874235963876D-02 -0.221519702977D-03
  0.772751947221D-02  0.308040137500D-02 -0.268765550228D-02  0.664264597532D-02
  0.123777477660D-01  0.402975843665D-02 -0.366307503458D-02  0.805479164540D-02
  0.385655934101D-02  0.637494352513D-02  0.826592629024D-02  0.158469872187D-02
  0.387381091006D-02  0.103082309118D-01 -0.469477233672D-02  0.719862550345D-02
  0.733362748708D-02 -0.218163789248D-02  0.763549577834D-02  0.220725139430D-01
  0.523017444371D-01  0.543237302264D-03 -0.375078260959D-03 -0.311699853792D-02
  0.412780378906D-02 -0.392495294215D-02 -0.125874712323D-02 -0.830518498196D-02
  0.719209386435D-02 -0.896461767815D-02  0.189688739461D-01  0.524130659174D-03
 -0.388303628704D-02 -0.130582532833D-01  0.401115254509D-02  0.450658787734D-02
  0.103671388199D-01 -0.704568637224D-02 -0.881032970872D-02 -0.110015160695D-01
 -0.332460643215D-01 -0.160419514258D-01 -0.177583211351D-01 -0.311388312662D-01
  0.373220093030D-02 -0.417947984056D-02 -0.114812988330D-01 -0.587089652525D-01
  0.612054166488D-01  0.544507198929D-01 -0.953006634814D-03  0.413227672587D+00
  0.320351959191D-02  0.176952731848D-01 -0.272091971644D-02  0.168957058296D-01
  0.319385286070D-02  0.511762733819D-02  0.124803132993D-01  0.221707397634D-01
  0.441644311954D-02 -0.136681034898D-01  0.139449751474D-01  0.630948772149D-02
  0.110740247375D-01  0.174617369193D-01 -0.205181256285D-03  0.128885300192D-02
  0.180339039062D-01  0.116310412164D-02  0.214078906836D-01  0.229954396888D-01
 -0.384960163806D-02  0.471029771907D-01  0.526309783425D-01  0.910046612854D-01
 -0.393672369652D-02 -0.636276097951D-04 -0.483650902251D-02  0.111565000118D-01
 -0.653277034754D-02 -0.681471170378D-03 -0.215480065705D-01  0.107690676528D-01
 -0.225205514794D-01  0.406779816260D-01  0.707101958000D-02  0.691734176326D-02
 -0.212949281749D-01  0.123213203546D-01  0.298590953488D-01  0.209090242560D-01
 -0.120654503653D-01 -0.227095385362D-01 -0.310965127800D-01 -0.704270281507D-01
 -0.410044840296D-01 -0.747335746970D-02 -0.475834725919D-01  0.447421693262D-01
  0.153501228485D-02 -0.825350997652D-01 -0.106896631266D+00  0.113571650543D+00
  0.149092742563D+00 -0.405918770964D-01  0.717571905959D-01  0.574313891728D+00
  0.386865191687D-02  0.147805997796D-01  0.662076281061D-03  0.959229845336D-02
  0.412660131239D-02 -0.362444172940D-02  0.103941906463D-01  0.157206820336D-01
  0.561318077010D-02 -0.477637107845D-02  0.989741509775D-02  0.610261061275D-02
  0.100405035934D-01  0.102818793865D-01  0.437150225570D-02  0.188091288862D-02
  0.968155541698D-02 -0.333991424698D-02  0.128617621364D-01  0.919157125037D-02
 -0.529680218440D-03  0.147440388017D-01  0.218387203460D-01  0.570310875574D-01
 -0.711815361603D-03 -0.556091863782D-03 -0.572420107648D-02  0.621311214065D-02
 -0.197148324248D-02 -0.546924525433D-02 -0.115089765972D-01  0.113441838512D-01
 -0.133426638867D-01  0.193229438906D-01 -0.421004272785D-02 -0.745739970808D-02
 -0.149766910349D-01  0.103903823752D-01  0.172145544547D-01  0.102056889085D-01
 -0.825544811372D-02 -0.101684984456D-01 -0.153702042543D-01 -0.514147551261D-01
 -0.191868628125D-01 -0.289459440596D-01 -0.308334511117D-01 -0.156265016684D-01
  0.106275269586D-02  0.283991079688D-02 -0.378230612165D-01  0.735790889712D-01
  0.491627247908D-01  0.168271991524D-01  0.565247139082D-01  0.103655624151D+00
  0.503181569232D+00  0.311337336676D-04  0.726873472597D-02  0.567371602843D-02
  0.182143143585D-02  0.453155853925D-02 -0.138736493908D-01  0.735879611642D-02
  0.102077850559D-01  0.658081129799D-02  0.695150406220D-02  0.374330149262D-02
  0.346790382428D-02  0.683168459711D-02  0.270379334741D-02  0.505952915276D-02
  0.923186207641D-02 -0.165335763580D-02 -0.118853717687D-01 -0.480382045193D-03
 -0.925852566993D-02  0.367090588573D-02 -0.292304299263D-01  0.935953950397D-02
  0.308670302511D-01  0.236913191795D-02  0.129299232880D-02 -0.273172847041D-02
  0.960373625035D-03 -0.186348606604D-02 -0.932481801942D-02 -0.189983794802D-02
  0.979385430955D-02 -0.331236889040D-02  0.151427119093D-02 -0.766397934661D-02
 -0.243167815766D-01 -0.435465339806D-03  0.446401665510D-02 -0.438911062958D-02
  0.286297265684D-02 -0.244894548726D-03 -0.317325206105D-02  0.412657447035D-02
 -0.910182477319D-02 -0.241786092185D-02 -0.289973921132D-01 -0.178132327905D-01
 -0.428045604472D-01 -0.489629817354D-02  0.593181291043D-01 -0.156588161456D-01
  0.410217585897D-01 -0.124602845248D-01  0.440932813432D-01  0.332617681180D-01
  0.264475685218D-01  0.490642079934D-01  0.425175980625D+00  0.147779980442D-02
  0.665166507828D-02  0.148768342862D-02  0.435722842485D-02  0.250746087729D-02
 -0.613829731826D-02  0.497936016453D-02  0.780688627357D-02  0.350050469234D-02
 -0.382797674861D-03  0.379864004511D-02  0.269313968205D-02  0.506078984470D-02
  0.414927558655D-02  0.218608184564D-02  0.365787196236D-02  0.326830671011D-02
 -0.625216834426D-02  0.366372050953D-02 -0.297174282033D-03  0.390221800326D-03
 -0.952694477979D-03  0.822587193109D-02  0.298349729646D-01  0.103056099709D-02
  0.254826138667D-03 -0.210916683343D-02  0.230441372755D-02 -0.211170106421D-02
 -0.307997119904D-02 -0.392908252326D-02  0.601646381012D-02 -0.424821211583D-02
  0.102140941631D-01 -0.154586419163D-02 -0.799819931895D-02 -0.831637194454D-02
  0.372349810542D-02  0.233807281942D-02  0.489622429582D-02 -0.398581951386D-02
 -0.294791565786D-02 -0.451119488717D-02 -0.197591911924D-01 -0.598130975796D-02
 -0.215613000663D-01 -0.188052823133D-01 -0.125376475157D-01 -0.213121369162D-02
  0.180855565173D-01 -0.226790342321D-01  0.339066044373D-01  0.138822134280D-01
  0.101455420599D-01  0.262441215562D-01  0.352172177073D-01  0.397939427375D-01
  0.309576913928D-01  0.386808222097D+00 -0.352014475723D-03 -0.122406084007D-02
 -0.442918967862D-02  0.208279108712D-02 -0.188657169983D-02  0.828690947802D-02
 -0.145105257689D-02  0.414748466266D-03 -0.292555302683D-02 -0.676573540278D-02
  0.182797488822D-02 -0.789843595574D-03 -0.845250887828D-03  0.303922167878D-02
 -0.337298714432D-02 -0.473074411126D-02  0.693047970703D-02  0.544211942504D-02
  0.395586592165D-02  0.108380278000D-01 -0.480096990184D-02  0.219696980228D-01
 -0.131940553037D-03 -0.260518593036D-02 -0.118224654485D-02 -0.416391649157D-03
  0.186053123863D-02  0.168993203096D-02 -0.966307277305D-03  0.630739498276D-02
 -0.246732240573D-02 -0.344748369415D-02 -0.234484656300D-02  0.957227928995D-02
  0.643701440928D-02  0.559504807096D-02  0.237384766029D-02 -0.225184934106D-02
  0.430852565055D-02  0.362598335789D-02 -0.187060340582D-02 -0.486937520175D-02
 -0.357940605604D-02 -0.709738186280D-02 -0.389261016420D-02  0.121774315551D-01
 -0.254499056368D-02  0.248361733044D-01 -0.451005299085D-03 -0.409188271837D-01
 -0.129412288724D-01 -0.376625568664D-02  0.245235360069D-01 -0.295091461910D-01
 -0.696929293579D-02  0.548368135769D-02 -0.124690539255D-01 -0.229602362038D-01
 -0.992630427269D-02  0.375215200511D+00  0.595900948574D-03 -0.308446811460D-02
 -0.119921013638D-04 -0.153399891502D-03 -0.104086262024D-02  0.156590219016D-02
 -0.203961636607D-02 -0.501481097280D-02 -0.117946093494D-02 -0.114351452578D-02
 -0.217811186062D-02 -0.793324713634D-03 -0.203169184696D-02 -0.279213329071D-02
 -0.123628502029D-02 -0.359978904078D-03 -0.212397021368D-02  0.411109422192D-03
 -0.935620544624D-03  0.121038569215D-02 -0.601882448006D-03  0.279015309484D-02
 -0.135980068557D-02 -0.166342984177D-01 -0.136525158711D-02  0.284266346647D-03
  0.248657407552D-02 -0.777033680662D-03 -0.257040461806D-02  0.274027524623D-02
  0.583726477604D-02 -0.191675384521D-02  0.915600873341D-02 -0.753600267467D-02
  0.202251901458D-02  0.443633941758D-02  0.534345991200D-02 -0.118543452986D-03
  0.459312606525D-02 -0.239991338954D-02 -0.367628279263D-02  0.223026424276D-02
  0.278681042767D-02  0.117505262569D-01  0.207622971828D-02  0.146571955451D-01
  0.168664095667D-01  0.334997514915D-02  0.222919696219D-02 -0.948131810631D-02
  0.285918499800D-01 -0.165665032330D-01 -0.433183746652D-02 -0.579217779117D-04
 -0.136798336712D-01 -0.150086390372D-01 -0.189953697828D-01 -0.184304606234D-01
 -0.130320763116D-01  0.506220849965D-02  0.373233527536D+00 -0.348608880702D-02
  0.301746222835D-02  0.592433424322D-03  0.689643781941D-02  0.848258421015D-03
  0.213232765475D-02  0.378356523246D-02  0.842470050758D-02 -0.242507291127D-03
 -0.118259517596D-02  0.211357733915D-02  0.102059389671D-02  0.108121539670D-02
  0.963474769640D-02 -0.566404589625D-02  0.679556896883D-02  0.315244920119D-02
  0.452447444045D-03  0.630677591804D-02  0.383682909142D-02 -0.209863334267D-03
  0.173391173346D-01  0.393131425000D-01  0.633989659666D-01 -0.377039962346D-02
  0.214545527767D-02  0.395849815832D-04  0.562810146014D-02 -0.477888848835D-02
 -0.137036937378D-02 -0.185772620722D-01  0.197880103621D-02 -0.190427007683D-01
  0.289890463056D-01  0.120797156552D-01  0.122754249571D-01 -0.204529780285D-01
 -0.368655060020D-02 -0.428829905719D-02  0.119295086967D-01 -0.313824979713D-03
 -0.799418104765D-02 -0.210867526276D-01 -0.222047759004D-01 -0.236545287100D-01
  0.900350363870D-03 -0.383335617522D-01  0.670480273411D-01 -0.117315563496D-01
 -0.667121740769D-01 -0.121396174400D+00  0.561885582481D-01  0.114073420060D+00
 -0.626291104086D-01  0.276571755002D-01  0.668629901938D-01  0.123481507747D-01
 -0.882449179940D-02  0.546323561891D-02  0.155990636694D-01 -0.623744821353D-02
  0.935297106109D-01 -0.322881549669D-02  0.539750437627D-02  0.364781457059D-02
  0.497715312013D-02  0.246090696005D-02 -0.676865831920D-02  0.403508250398D-02
  0.120421522299D-01  0.354777867471D-02 -0.264791858221D-02  0.260048193555D-02
 -0.168986188960D-02  0.269997254428D-02  0.338314909494D-02  0.839183425084D-03
  0.736128166568D-02 -0.398863587168D-03 -0.113413040286D-01  0.380788028783D-02
 -0.345297740049D-02  0.741751264194D-02 -0.940023361318D-02  0.384878734249D-01
  0.567708494599D-01  0.157198038352D-03  0.108227168198D-02 -0.284681672328D-02
  0.146551576322D-02 -0.322994742532D-02 -0.497183882442D-02 -0.458447194260D-02
  0.556233093070D-02 -0.437690232927D-02  0.862843275689D-02  0.889487278546D-02
  0.676810630343D-02 -0.114753032842D-01 -0.695833119198D-04 -0.420677964630D-02
  0.881487885111D-02  0.539097016063D-03 -0.670093436852D-02 -0.172014523786D-01
 -0.156512223614D-01 -0.174524956059D-01  0.148303904580D-02 -0.296518417230D-01
  0.453396762781D-01 -0.336594861660D-02 -0.294151953799D-01 -0.828504698250D-01
  0.562489358500D-01  0.770394437551D-01 -0.716330210007D-01  0.333054441266D-01
  0.572286663238D-01  0.230660596592D-01  0.170748377833D-01  0.183953085666D-01
  0.467061145731D-02 -0.174792416323D-01  0.460990138960D-01  0.957216061197D-01
$end
