$hessapprox internal
  0.416735887793D+00 -0.268093563329D-05  0.339713598382D+00 -0.377412224921D-02
 -0.908109342015D-04  0.301297614963D+00 -0.560665231906D-02  0.655139788761D-04
  0.300263715870D-02  0.429606118437D+00 -0.297262525323D-02 -0.345770295172D-04
 -0.261055320993D-01  0.329770337554D-02  0.340284822605D+00  0.214751387499D-03
 -0.890065374805D-04  0.451131463312D-02 -0.236397951426D-02  0.239717271997D-02
  0.501504710171D-01 -0.560660371290D-02  0.674791101368D-04  0.296522333023D-02
 -0.503665786897D-02  0.329402495220D-02 -0.242705665873D-02  0.429688779852D+00
 -0.296232904006D-02 -0.399346119326D-04 -0.258725887622D-01  0.316294062114D-02
 -0.210245070144D-01  0.256285885430D-02  0.315549393939D-02  0.340522335950D+00
  0.875519298058D-04 -0.142043811080D-03  0.385660344145D-02 -0.315229365829D-02
  0.117944765771D-02  0.450308809405D-02 -0.325046895236D-02  0.144976586387D-02
  0.545481739386D-01 -0.683764835973D-02 -0.248560907445D-05 -0.378044598571D-02
 -0.560191790815D-02 -0.297505388988D-02  0.208605698968D-03 -0.560173353269D-02
 -0.296512758643D-02  0.777419972288D-04  0.416736082362D+00 -0.273879999937D-05
  0.279870393594D-05 -0.905035317659D-04  0.649121111659D-04 -0.347232451064D-04
 -0.880473949456D-04  0.668572244532D-04 -0.400238171338D-04 -0.140575544799D-03
 -0.254551142088D-05  0.339713527268D+00 -0.377420227206D-02 -0.906097564369D-04
 -0.314428696897D-01  0.300732889217D-02 -0.261077486369D-01  0.450496733501D-02
  0.297005461785D-02 -0.258751869488D-01  0.384650692721D-02 -0.378051211315D-02
 -0.903044465412D-04  0.301285273324D+00 -0.560739372989D-02  0.675624361275D-04
  0.294699069227D-02 -0.503139160509D-02  0.328068546129D-02 -0.242893739625D-02
 -0.498922856020D-02  0.314202423109D-02 -0.325496519233D-02 -0.560251782488D-02
  0.669393922786D-04  0.295182805177D-02  0.429699498000D+00 -0.296298074990D-02
 -0.398388929737D-04 -0.258810966525D-01  0.316601439611D-02 -0.210299826097D-01
  0.256010786076D-02  0.315863828960D-02 -0.209063568781D-01  0.144484728444D-02
 -0.296577269437D-02 -0.399291976347D-04 -0.258836879820D-01  0.314516893802D-02
  0.340511058989D+00  0.926731781081D-04 -0.146302116700D-03  0.400453601079D-02
 -0.325277170524D-02  0.124038338021D-02  0.463656329527D-02 -0.335391420157D-02
  0.151874840166D-02  0.733460514478D-02  0.825691689222D-04 -0.144789229752D-03
  0.399413649113D-02 -0.335853082339D-02  0.151368747479D-02  0.549827861077D-01
 -0.560753846570D-02  0.653777124473D-04  0.299653625646D-02 -0.507884573757D-02
  0.329106979117D-02 -0.235918744852D-02 -0.503818528061D-02  0.315658376308D-02
 -0.314566378738D-02 -0.560281348357D-02  0.647770709885D-04  0.300121839049D-02
 -0.503292778300D-02  0.315965126833D-02 -0.324593324572D-02  0.429603195020D+00
 -0.297159190324D-02 -0.346467525336D-04 -0.260914593961D-01  0.329397175262D-02
 -0.211280369891D-01  0.239879975682D-02  0.329023601980D-02 -0.210141694779D-01
  0.118318948479D-02 -0.297402533482D-02 -0.347920207934D-04 -0.260936810006D-01
  0.327689984063D-02 -0.210196455599D-01  0.124422632520D-02  0.328734513920D-02
  0.340305241628D+00  0.219794376341D-03 -0.934402282673D-04  0.466266638159D-02
 -0.246818773222D-02  0.245849988649D-02  0.286187778210D-02 -0.253435228723D-02
  0.263256900102D-02  0.472594935882D-02  0.213342494787D-03 -0.924346770559D-04
  0.465600362194D-02 -0.253635957729D-02  0.262966937417D-02  0.486609725320D-02
 -0.246317930245D-02  0.246023312761D-02  0.504356157639D-01 -0.687933852933D-02
 -0.153316925506D-04 -0.458087753033D-02 -0.564542234889D-02 -0.378152630326D-02
  0.674379562152D-03 -0.565322709128D-02 -0.374506058596D-02  0.695726386354D-03
 -0.688020625530D-02 -0.152797752301D-04 -0.458185041101D-02 -0.565497524709D-02
 -0.374633383371D-02  0.720296521435D-03 -0.564607380111D-02 -0.377975081853D-02
  0.699577912438D-03  0.412550650928D+00 -0.687314851567D-02 -0.173805618761D-04
 -0.446206360836D-02 -0.570244987522D-02 -0.371447255724D-02  0.736317324063D-03
 -0.571171797189D-02 -0.367421970799D-02  0.799705036748D-03 -0.687415765034D-02
 -0.173062894985D-04 -0.446318271056D-02 -0.571350243472D-02 -0.367555390553D-02
  0.827342766371D-03 -0.570298642490D-02 -0.371266484659D-02  0.764713742680D-03
 -0.688765149726D-02  0.412586612662D+00  0.611570318186D-03  0.458861409134D-04
  0.231388896385D-02  0.721471969346D-03  0.243845505033D-02 -0.162550720316D-02
  0.750550376365D-03  0.234485811936D-02 -0.222719370191D-02  0.614739633858D-03
  0.454784788007D-04  0.231711785275D-02  0.753590912936D-03  0.234700885939D-02
 -0.229751293236D-02  0.720411619419D-03  0.243602853906D-02 -0.169842828119D-02
  0.535496522893D-03  0.496453671784D-03  0.331194273759D+00  0.649977183065D-05
 -0.384463167024D-05  0.157378129670D-03 -0.950455187023D-04  0.738819335466D-04
  0.119367212315D-03 -0.977423157944D-04  0.811047626160D-04  0.193782488421D-03
  0.623430560261D-05 -0.380390270731D-05  0.157104343921D-03 -0.978401986812D-04
  0.809800132685D-04  0.199560121032D-03 -0.948499239060D-04  0.739650163230D-04
  0.125385448462D-03  0.249270566512D-04  0.276598414487D-04 -0.660928053895D-04
  0.331031373114D+00 -0.644388572922D-03  0.192558916002D-04 -0.764190221844D-02
  0.165608502274D-02 -0.579722041323D-02 -0.271533058887D-03  0.167470485192D-02
 -0.582126952529D-02 -0.110793950759D-02 -0.643066252607D-03  0.189241071406D-04
 -0.764046619034D-02  0.167211224957D-02 -0.582172841997D-02 -0.113464450745D-02
  0.165301707686D-02 -0.579528243620D-02 -0.299884862559D-03 -0.987658137986D-03
 -0.990794842383D-03  0.108419883399D-02 -0.192552120828D-04  0.315717709455D+00
 -0.154509865934D-04  0.609888755518D-05 -0.311170788222D-03  0.161661238517D-03
 -0.165932570883D-03 -0.186405211969D-03  0.165985358519D-03 -0.177281223188D-03
 -0.308655132577D-03 -0.150299764753D-04  0.603313340763D-05 -0.310735916928D-03
  0.166112720519D-03 -0.177093065083D-03 -0.317800340225D-03  0.161332183027D-03
 -0.166043155644D-03 -0.195936062309D-03 -0.469123769671D-04 -0.511524240470D-04
  0.111580161711D-03 -0.817673754985D-05  0.179946344313D-04  0.330754128710D+00
 -0.687081490323D-02 -0.158761885018D-04 -0.446998445922D-02 -0.567436425092D-02
 -0.370087126597D-02  0.687030780920D-03 -0.568261731078D-02 -0.366353991340D-02
  0.724974611860D-03 -0.687172006741D-02 -0.158168548943D-04 -0.447099691045D-02
 -0.568433911343D-02 -0.366481680460D-02  0.750334089734D-03 -0.567496095778D-02
 -0.369911457169D-02  0.713058258684D-03 -0.689059970830D-02 -0.687306577493D-02
  0.516431797250D-03  0.255748718651D-04 -0.972299570811D-03 -0.477725426380D-04
  0.412579130660D+00 -0.687707632423D-02 -0.139568179281D-04 -0.458592383703D-02
 -0.562019547446D-02 -0.376735906438D-02  0.629230838379D-03 -0.562707420085D-02
 -0.373356725157D-02  0.627473047911D-03 -0.687784902542D-02 -0.139185126713D-04
 -0.458679926751D-02 -0.562876409461D-02 -0.373478777883D-02  0.649960330807D-03
 -0.562090123581D-02 -0.376563096092D-02  0.652263595408D-03 -0.690741896894D-02
 -0.689119157407D-02  0.553516224418D-03  0.230193950724D-04 -0.970308675247D-03
 -0.438160652478D-04 -0.689345448428D-02  0.412546262860D+00  0.610735367858D-03
  0.454253209788D-04  0.231467623033D-02  0.713177141502D-03  0.243299101949D-02
 -0.161033202633D-02  0.741945844990D-03  0.234029190111D-02 -0.220433480804D-02
  0.613872833609D-03  0.450222043514D-04  0.231787246571D-02  0.744966451211D-03
  0.234242482787D-02 -0.227395563018D-02  0.712134719506D-03  0.243058069824D-02
 -0.168252702184D-02  0.536218364546D-03  0.497530995632D-03  0.313530402942D-03
 -0.654525227014D-04  0.107820167811D-02  0.110539346868D-03  0.517280487570D-03
  0.554030009169D-03  0.331182417721D+00  0.643016489950D-05 -0.382279295103D-05
  0.155329419834D-03 -0.942379298258D-04  0.725479120498D-04  0.118743958549D-03
 -0.969185418781D-04  0.797317633110D-04  0.192658883151D-03  0.616620444999D-05
 -0.378231680227D-05  0.155057200274D-03 -0.970163920023D-04  0.796075397277D-04
  0.198404073900D-03 -0.940437987549D-04  0.726309209305D-04  0.124728311615D-03
  0.247084547643D-04  0.274275013363D-04 -0.655924713970D-04  0.516446011248D-05
 -0.193796321360D-04 -0.813417365944D-05  0.253557365520D-04  0.228129474653D-04
 -0.649562971892D-04  0.331031273917D+00 -0.643618626936D-03  0.192166112971D-04
 -0.763193495245D-02  0.165363996658D-02 -0.578984337058D-02 -0.270714836522D-03
  0.167222597873D-02 -0.581383352945D-02 -0.110578950745D-02 -0.642299003701D-03
  0.188853984304D-04 -0.763050179665D-02  0.166963617143D-02 -0.581429237552D-02
 -0.113243820578D-02  0.165057657075D-02 -0.578790742794D-02 -0.299007341800D-03
 -0.986397440893D-03 -0.989519147231D-03  0.108260842298D-02 -0.192104246787D-04
 -0.129294512088D-02  0.179391987083D-04 -0.971055018683D-03 -0.969076997338D-03
  0.107662122145D-02 -0.193348058050D-04  0.315720706237D+00 -0.154990525417D-04
  0.608581331945D-05 -0.311527060860D-03  0.161499887507D-03 -0.166387556618D-03
 -0.185956462052D-03  0.165815505276D-03 -0.177710062869D-03 -0.308014300676D-03
 -0.150789469240D-04  0.602018110594D-05 -0.311093112647D-03  0.165942129076D-03
 -0.177522470129D-03 -0.317139569596D-03  0.161171224948D-03 -0.166497551152D-03
 -0.195466612904D-03 -0.469301235964D-04 -0.511594983077D-04  0.111452834608D-03
 -0.815819640699D-05  0.177471262832D-04  0.127334838178D-04 -0.477856571678D-04
 -0.438392824611D-04  0.110413833025D-03 -0.811576404727D-05  0.176920693031D-04
  0.330754017280D+00 -0.388072517684D-02  0.859954272457D-04 -0.398738295056D-02
 -0.129882320993D-02 -0.198337746361D-02 -0.269052787776D-02 -0.123879413870D-02
 -0.214519509452D-02 -0.431667866351D-02 -0.387465130601D-02  0.850665449090D-04
 -0.398119800262D-02 -0.123611410527D-02 -0.214244610585D-02 -0.444587428396D-02
 -0.130323437758D-02 -0.198531936333D-02 -0.282513358312D-02 -0.427768126816D-02
 -0.433923141087D-02  0.166917285363D-02 -0.116331240561D-03  0.461742916068D-03
  0.183523574201D-03 -0.429254691349D-02 -0.423501552827D-02  0.165486224124D-02
 -0.115645172416D-03  0.460697469894D-03  0.183115610227D-03  0.387189003662D+00
 -0.386310204110D-02  0.710049063362D-04 -0.347150477730D-02 -0.165166637572D-02
 -0.177273779202D-02 -0.222042097887D-02 -0.160207909365D-02 -0.190621953450D-02
 -0.356308738666D-02 -0.385806341630D-02  0.702330112107D-04 -0.346638645505D-02
 -0.159982505299D-02 -0.190397242540D-02 -0.366972366629D-02 -0.165534473998D-02
 -0.177432204233D-02 -0.233153551113D-02 -0.419177041273D-02 -0.424251414988D-02
  0.142216353607D-02 -0.959874011245D-04  0.366737747652D-03  0.151313266150D-03
 -0.420384403393D-02 -0.415643137196D-02  0.141030953762D-02 -0.954157295478D-04
  0.365891739445D-03  0.150975381921D-03  0.101328134490D-03  0.386358597750D+00
  0.789520678977D-03  0.245982895142D-03  0.294967306108D-01 -0.285755277725D-02
  0.266602952807D-01 -0.958776964249D-02 -0.271521669449D-02  0.261269398528D-01
 -0.115564478102D-01  0.806699500883D-03  0.244104885415D-03  0.295139554263D-01
 -0.269033899081D-02  0.261412122080D-01 -0.119391218008D-01 -0.285789750162D-02
  0.266411076408D-01 -0.998328856367D-02  0.102368914495D-02  0.786640669170D-03
 -0.521297869702D-05 -0.371953254694D-03  0.945734330119D-02  0.658162122920D-03
  0.873046829789D-03  0.110019327439D-02 -0.298455380910D-04 -0.368516976705D-03
  0.944429233917D-02  0.657886375193D-03  0.712614244010D-02  0.578443793806D-02
  0.301822726035D+00 -0.512585289066D-02  0.118648039502D-03  0.103556673993D-01
 -0.563418963081D-02  0.983846977102D-02 -0.448800557966D-02 -0.556345430036D-02
  0.958670661172D-02 -0.562346610545D-02 -0.511740021160D-02  0.117658447817D-03
  0.103640773701D-01 -0.555233124334D-02  0.959301970158D-02 -0.580692962639D-02
 -0.563540153470D-02  0.983024254494D-02 -0.467791119093D-02 -0.509252387754D-02
 -0.520232550926D-02  0.609920522352D-03 -0.176390637193D-03  0.391647200904D-02
  0.307226265049D-03 -0.515674070304D-02 -0.505190293469D-02  0.596714234522D-03
 -0.174797975899D-03  0.391095279955D-02  0.307027984973D-03  0.440401814545D-03
 -0.203256901898D-03 -0.820899632154D-02  0.738689926720D+00 -0.386184442619D-02
  0.723115694844D-04 -0.347696373548D-02 -0.162840766250D-02 -0.175980520951D-02
 -0.226328833841D-02 -0.157793981568D-02 -0.189582700252D-02 -0.362797721562D-02
 -0.385671549337D-02  0.715267252144D-04 -0.347175280135D-02 -0.157563072824D-02
 -0.189352989297D-02 -0.373659279389D-02 -0.163213784259D-02 -0.176143425486D-02
 -0.237646084665D-02 -0.419501265683D-02 -0.424675939688D-02  0.143938067266D-02
 -0.977997505651D-04  0.383063158459D-03  0.154253702487D-03 -0.420743722093D-02
 -0.415908001999D-02  0.142732866687D-02 -0.972165572578D-04  0.382189738379D-03
  0.153910604655D-03  0.141274025550D-03 -0.241149652827D-03  0.585727646363D-02
 -0.165368212578D-03  0.386424988762D+00 -0.387893852388D-02  0.874355276032D-04
 -0.398783737962D-02 -0.127423448434D-02 -0.196471746897D-02 -0.273804050821D-02
 -0.121323910278D-02 -0.212934443436D-02 -0.438808153126D-02 -0.387276511048D-02
  0.864924770428D-04 -0.398155041136D-02 -0.121049586504D-02 -0.212653945825D-02
 -0.451946039452D-02 -0.127870105976D-02 -0.196671066047D-02 -0.287491580985D-02
 -0.428065188360D-02 -0.434331607280D-02  0.168754173323D-02 -0.118334179027D-03
  0.480872497550D-03  0.186783024804D-03 -0.429591948280D-02 -0.423733827811D-02
  0.167301516672D-02 -0.117635192800D-03  0.479795425751D-03  0.186369441054D-03
  0.600291762469D-03  0.137730856518D-03  0.720023076654D-02  0.479617017097D-03
  0.178293390136D-03  0.387277533190D+00  0.793411942665D-03  0.249091582617D-03
  0.294814909758D-01 -0.280072896874D-02  0.266892902892D-01 -0.968966326190D-02
 -0.265629626016D-02  0.261498957478D-01 -0.117108585701D-01  0.810805619699D-03
  0.247182723401D-03  0.294989361610D-01 -0.263128855405D-02  0.261642867033D-01
 -0.120982407889D-01 -0.280119765343D-02  0.266699968341D-01 -0.100900777400D-01
  0.101674360613D-02  0.777312289388D-03  0.359726297802D-04 -0.376262838066D-03
  0.949576976818D-02  0.665150285006D-03  0.865272431988D-03  0.109466253523D-02
  0.108680819530D-04 -0.372799229304D-03  0.948265415677D-02  0.664862082396D-03
  0.722193235083D-02  0.586366550910D-02 -0.204996518633D-01 -0.811650685090D-02
  0.593785026437D-02  0.729749063756D-02  0.302178659407D+00 -0.512412847254D-02
  0.118836976845D-03  0.103765646256D-01 -0.563492993999D-02  0.985751826672D-02
 -0.449524298816D-02 -0.556408354417D-02  0.960534931559D-02 -0.563240978191D-02
 -0.511566269468D-02  0.117845915970D-03  0.103849877909D-01 -0.555294268035D-02
  0.961167306850D-02 -0.581616657876D-02 -0.563614271481D-02  0.984927708253D-02
 -0.468545185387D-02 -0.509065518425D-02 -0.520063537859D-02  0.610042933495D-03
 -0.176674146196D-03  0.392325261480D-02  0.307724369839D-03 -0.515498183029D-02
 -0.504997314219D-02  0.596816869933D-03 -0.175078966505D-03  0.391772393470D-02
  0.307525827399D-03  0.446356068117D-03 -0.198331230351D-03 -0.822265579431D-02
 -0.754397885388D-02 -0.160383939063D-03  0.485631471038D-03 -0.813002518092D-02
  0.738680869282D+00 -0.165173620845D-02  0.174127908265D-03  0.929664607956D-02
 -0.115473839983D-02  0.970838388338D-02 -0.624437013492D-02 -0.104550854218D-02
  0.935104371870D-02 -0.840801484545D-02 -0.163955232535D-02  0.172580080083D-03
  0.930896123773D-02 -0.103293054543D-02  0.935932396227D-02 -0.867516161183D-02
 -0.115848380134D-02  0.969871768879D-02 -0.652135542913D-02 -0.189310533008D-02
 -0.204337180514D-02  0.131054543949D-02 -0.252051931898D-03  0.436996840683D-02
  0.427668580412D-03 -0.196873249593D-02 -0.182591956403D-02  0.128844465330D-02
 -0.250052262020D-03  0.436361760594D-02  0.427216693137D-03  0.415874125984D-02
  0.322052592396D-02 -0.239961948177D-02 -0.190964908612D-02  0.328406283934D-02
  0.422622126105D-02 -0.224660006812D-02 -0.191045240390D-02  0.347228460961D+00
 -0.254232576917D-06 -0.540684932981D-06  0.638405912588D-05 -0.104325030928D-04
 -0.208413326003D-05  0.175410549414D-04 -0.107999637540D-04 -0.104040582353D-05
  0.269338091957D-04 -0.291593926718D-06 -0.535249978317D-06  0.634569916070D-05
 -0.108208717547D-04 -0.106044255868D-05  0.277514782943D-04 -0.104098029558D-04
 -0.206701942915D-05  0.183915459373D-04  0.176048032852D-05  0.216913937577D-05
 -0.757411957478D-05  0.745855199555D-06 -0.591622524454D-05 -0.120286024325D-05
  0.189446494364D-05  0.151015219996D-05 -0.749050230086D-05  0.741249378109D-06
 -0.590592952259D-05 -0.120060943851D-05 -0.165164234895D-04 -0.136395429598D-04
 -0.347642753919D-04 -0.176109227622D-04 -0.138776743407D-04 -0.167770879377D-04
 -0.353315073838D-04 -0.176384139455D-04 -0.282146246587D-04  0.390373994543D+00
 -0.409258836664D-04  0.410560153310D-04 -0.133094267703D-02  0.952357246327D-03
 -0.511982019177D-03 -0.129146622045D-02  0.980893809024D-03 -0.589733789526D-03
 -0.206226279547D-02 -0.380904060481D-04  0.406275831606D-04 -0.132802213625D-02
  0.982097721437D-03 -0.588346272677D-03 -0.212407502451D-02  0.950375256663D-03
 -0.512989812184D-03 -0.135582527081D-02 -0.225003787834D-03 -0.254727024244D-03
  0.667527139286D-03 -0.557987131580D-04  0.276937182825D-03  0.884930332226D-04
 -0.232873700312D-03 -0.205030826989D-03  0.660832419992D-03 -0.554821818760D-04
  0.276370164694D-03  0.883029541548D-04  0.124753850662D-02  0.102993900603D-02
  0.358428415051D-02  0.172694144081D-02  0.104892079172D-02  0.126846076191D-02
  0.362944297216D-02  0.172969408098D-02  0.253288453231D-02 -0.786161485821D-05
  0.406195707968D+00 -0.161727849017D-02 -0.793764271154D-04 -0.105271225021D-01
 -0.124250813423D-03 -0.939324504514D-02  0.313325518050D-02 -0.169605455753D-03
 -0.921964251274D-02  0.371343171081D-02 -0.162278609855D-02 -0.787917471581D-04
 -0.105326588095D-01 -0.177903237248D-03 -0.922439854545D-02  0.383721439411D-02
 -0.124417568536D-03 -0.938677131730D-02  0.326111872297D-02 -0.171006448110D-02
 -0.163232407180D-02  0.156575108974D-03  0.120848824067D-03 -0.323099969819D-02
 -0.215172522519D-03 -0.165916468413D-02 -0.173375626676D-02  0.164167379319D-03
  0.119718760773D-03 -0.322657747316D-02 -0.215101396334D-03 -0.306041968862D-02
 -0.262653536446D-02  0.713207312308D-02  0.176266433349D-02 -0.264925683749D-02
 -0.308334302070D-02  0.707708001279D-02  0.176765970748D-02  0.575937750575D-03
  0.110216711931D-04 -0.115723132799D-02  0.371802137198D+00 -0.137966863290D-05
  0.167028530323D-05 -0.507797967301D-04  0.381587281560D-04 -0.181594371572D-04
 -0.527052634990D-04  0.393171405092D-04 -0.213286347121D-04 -0.838284566453D-04
 -0.126430196574D-05  0.165291769781D-05 -0.506610071445D-04  0.393676741649D-04
 -0.212716523122D-04 -0.863442714533D-04  0.380791257469D-04 -0.182016075213D-04
 -0.553244740415D-04 -0.875065682845D-05 -0.996513471775D-05  0.267902286905D-04
 -0.227341611872D-05  0.119620557930D-04  0.361156535433D-05 -0.908005104590D-05
 -0.794194797661D-05  0.265192482596D-04 -0.226040350944D-05  0.119381279285D-04
  0.360390907900D-05  0.508313580254D-04  0.419753411722D-04  0.142125951490D-03
  0.687869414228D-04  0.427439548997D-04  0.516779956954D-04  0.143954791693D-03
  0.688962531535D-04  0.101559403353D-03 -0.197688476821D-01  0.242491331265D-04
 -0.457831269186D-04  0.362425718020D+00  0.144457931030D-02  0.526634138991D-04
  0.152321724161D-01 -0.169375248165D-02  0.127632059591D-01 -0.247086659538D-02
 -0.166984232818D-02  0.126333926682D-01 -0.229960768128D-02  0.144824756108D-02
  0.524288851252D-04  0.152357675763D-01 -0.166060392542D-02  0.126378537520D-01
 -0.238442409015D-02 -0.169112401018D-02  0.127560694856D-01 -0.255785847766D-02
  0.181821411107D-02  0.175389690131D-02 -0.999697447511D-03 -0.883292691826D-04
  0.381565954944D-02  0.170471963036D-03  0.176198770293D-02  0.182452537150D-02
 -0.100136891912D-02 -0.872568426137D-04  0.381063213488D-02  0.170611742398D-03
  0.194193088610D-02  0.164576214211D-02 -0.140945833831D-01 -0.522909697835D-02
  0.165207916517D-02  0.194614409828D-02 -0.140784414187D-01 -0.523889044443D-02
 -0.434729050103D-02 -0.466102243210D-05  0.770678518649D-03  0.557080604340D-02
  0.296677198333D-04  0.357823675699D+00  0.824359183625D-07 -0.256412111837D-07
  0.270969663772D-05 -0.102639008260D-05  0.180724980700D-05  0.717316582985D-06
 -0.104562234932D-05  0.185247277180D-05  0.132526792672D-05  0.806686977713D-07
 -0.253387350850D-07  0.270785488818D-05 -0.104552212809D-05  0.185190368749D-05
  0.136325900773D-05 -0.102457842505D-05  0.180723139771D-05  0.757019465581D-06
  0.269223015371D-06  0.284881595615D-06 -0.620111961520D-06  0.329904593959D-07
  0.207745625331D-06 -0.489492277923D-07  0.269018136523D-06  0.254604379987D-06
 -0.615163642027D-06  0.328664291943D-07  0.207622416837D-06 -0.487878643375D-07
 -0.817030316899D-06 -0.683022179937D-06 -0.438779011735D-05 -0.203420178161D-05
 -0.696874607089D-06 -0.832605241181D-06 -0.442063317620D-05 -0.203739884676D-05
 -0.250198145837D-05  0.316735722003D-07 -0.352046954448D-06  0.144519096818D-05
 -0.265658116327D-07 -0.140675979801D-05  0.356444142891D+00 -0.443824286988D-05
  0.357182205721D-05 -0.126525880621D-03  0.847726083041D-04 -0.530461585663D-04
 -0.111840846077D-03  0.872632982371D-04 -0.597914056346D-04 -0.179632481586D-03
 -0.419157925465D-05  0.353434933221D-05 -0.126271700504D-03  0.873631642323D-04
 -0.596723926899D-04 -0.185006564798D-03  0.845969006800D-04 -0.531301327892D-04
 -0.117437191372D-03 -0.208423582980D-04 -0.234116478760D-04  0.592487463932D-04
 -0.484380179157D-05  0.219028940014D-04  0.766269062730D-05 -0.214977970456D-04
 -0.190924978991D-04  0.586619316190D-04 -0.481668587047D-05  0.218562891577D-04
  0.764591085120D-05  0.108368949923D-03  0.894488701972D-04  0.323727495864D-03
  0.155046817892D-03  0.911116839402D-04  0.110203492972D-03  0.327682736441D-03
  0.155294736180D-03  0.225225942024D-03 -0.686633939113D-06  0.518465534135D-04
 -0.104761081553D-03  0.211044560679D-05  0.723492138547D-04 -0.317320568857D-07
  0.130151021401D-01 -0.264527025754D-03  0.188337923370D-03 -0.704134156836D-02
  0.453581442478D-02 -0.308997975588D-02 -0.587950609131D-02  0.466742250795D-02
 -0.344499231749D-02 -0.947931177594D-02 -0.251521387072D-03  0.186355152131D-03
 -0.702793560536D-02  0.467252063226D-02 -0.343877543195D-02 -0.976256012983D-02
  0.452643671628D-02 -0.309428013761D-02 -0.617449788977D-02 -0.114292806132D-02
 -0.127783227626D-02  0.316459613404D-02 -0.255042350749D-03  0.107951051644D-02
  0.402801804228D-03 -0.117648194455D-02 -0.105023857772D-02  0.313350317546D-02
 -0.253627076883D-03  0.107714692917D-02  0.401908655059D-03  0.570839513588D-02
  0.471113398203D-02  0.174796290599D-01  0.834076870695D-02  0.479920536057D-02
  0.580562181269D-02  0.176890959190D-01  0.835413176803D-02  0.120435854902D-01
 -0.363236524488D-04  0.273367102696D-02 -0.566504792807D-02  0.111312307876D-03
  0.399731662568D-02 -0.165286290779D-05  0.237513411289D-03  0.251696426419D-01
 -0.123891597500D-03  0.105088927717D-03 -0.364077893104D-02  0.247953460122D-02
 -0.149588546317D-02 -0.329447324592D-02  0.255275348566D-02 -0.169448714118D-02
 -0.528341914350D-02 -0.116634190127D-03  0.103987939322D-03 -0.363330126282D-02
  0.255572888781D-02 -0.169097263016D-02 -0.544156029130D-02  0.247438997260D-02
 -0.149838435673D-02 -0.345914844026D-02 -0.603564603403D-03 -0.679283903755D-03
  0.173424587759D-02 -0.142593630378D-03  0.661125338312D-03  0.225724264609D-03
 -0.623071588132D-03 -0.552174102947D-03  0.171701422649D-02 -0.141792615210D-03
  0.659733369563D-03  0.225232429581D-03  0.318968202596D-02  0.263293954076D-02
  0.943395430812D-02  0.452514804344D-02  0.268177516127D-02  0.324354801049D-02
  0.955012214388D-02  0.453237782869D-02  0.658946718081D-02 -0.201757077790D-04
  0.152544163413D-02 -0.305105175033D-02  0.620859486355D-04  0.208824568376D-02
 -0.938119641390D-06  0.132626996947D-03  0.113862416444D-01  0.128162258492D-01
$end
