$coord
    0.51979712000998     -0.42087460567970      7.29227756290206      n
    0.77418894719900     -0.33765011814490      5.39674740643010      h
    0.78717932903785      1.36519388075107      7.92055911320896      h
   -2.08065401934774     -1.18882795363815      7.81655522924229      c
   -2.37899749188818     -1.24277397878172      9.85095035912420      h
   -3.53820391847349      0.02131635833307      6.98485085714224      h
   -2.37297949839129     -3.09663461199747      7.10673308667335      h
$user-defined bonds
$frag
 atom   1 fragment  1 symmetry  c1
 atom   2 fragment  1
 atom   3 fragment  1
 atom   4 fragment  1
 atom   5 fragment  1
 atom   6 fragment  1
 atom   7 fragment  1
   iteration     5
$redundant
     number_of_atoms             7
     degrees_of_freedom         15
     internal_coordinates       15
     frozen_coordinates          0
# definitions of redundant internals
   1 k  1.0000000000000 stre    1    3           val=   1.91214
   2 k  1.0000000000000 stre    1    2           val=   1.91433
   3 k  0.8655529684194 bend    2    3    1      val=   8.89131
       -0.3549244016725 bend    4    3    1
       -0.3533365647054 bend    4    2    1
   4 k  0.5000064920261 bend    2    3    1      val= 108.03710
        0.6525478505142 bend    4    3    1
        0.5693635136897 bend    4    2    1
   5 k  0.0284880113761 bend    2    3    1      val=   7.48528
       -0.6694848556067 bend    4    3    1
        0.7422792340630 bend    4    2    1
   6 k  1.0000000000000 tors    7    4    1    2 val=  60.20376
        1.0000000000000 tors    7    4    1    3
        1.0000000000000 tors    5    4    1    2
        1.0000000000000 tors    5    4    1    3
        1.0000000000000 tors    6    4    1    2
        1.0000000000000 tors    6    4    1    3
   7 k  1.0000000000000 stre    4    7           val=   2.05646
   8 k  1.0000000000000 stre    4    5           val=   2.05686
   9 k  1.0000000000000 stre    4    6           val=   2.06897
  10 k  0.3620072588000 bend    5    7    4      val=   1.44350
        0.4402812732996 bend    6    7    4
        0.4536990718677 bend    6    5    4
       -0.4050107295874 bend    1    7    4
       -0.4019451087528 bend    1    5    4
       -0.3790339504754 bend    1    6    4
  11 k  0.6921191491799 bend    5    7    4      val=   2.26442
       -0.2961858861291 bend    6    7    4
       -0.2751755976590 bend    6    5    4
        0.2223909537396 bend    1    7    4
        0.2373492486517 bend    1    5    4
       -0.5017280065021 bend    1    6    4
  12 k  0.0186866330405 bend    5    7    4      val=   0.32724
        0.6274894895428 bend    6    7    4
       -0.6282154510631 bend    6    5    4
        0.3255687742989 bend    1    7    4
       -0.3243042778660 bend    1    5    4
       -0.0092090099277 bend    1    6    4
  13 k  0.4998408850987 bend    5    7    4      val=   2.00594
       -0.2344894219470 bend    6    7    4
       -0.2290896855113 bend    6    5    4
       -0.3354687211492 bend    1    7    4
       -0.3362495416380 bend    1    5    4
        0.6458240468192 bend    1    6    4
  14 k  0.0002016978508 bend    5    7    4      val=   0.12406
       -0.3258504323133 bend    6    7    4
        0.3241830634827 bend    6    5    4
        0.6307800223749 bend    1    7    4
       -0.6251732794547 bend    1    5    4
       -0.0013154690010 bend    1    6    4
  15 k  1.0000000000000 stre    1    4           val=   2.76170
        15 non zero eigenvalues  of BmBt
           1           4.210221567    1    0
         1
           2           3.742095429    2    0
         2
           3           3.236586610    3    0
         3
           4           2.810045941    4    0
         4
           5           2.329567959    5    0
         5
           6           1.326812156    6    0
         6
           7           1.264107751    7    0
         7
           8           0.869306614    8    0
         8
           9           0.731493731    9    0
         9
          10           0.692280183   10    0
        10
          11           0.688622797   11    0
        11
          12           0.512103290   12    0
        12
          13           0.389130367   13    0
        13
          14           0.261784073   14    0
        14
          15           0.232092981   15    0
        15
$end
