$basis
*
c cc-pVQZ
# c     (21s6p3d2f1g) / [5s4p3d2f1g]     {99111/3111/111/11/1}
*
   9  s
  33980.000000      0.91000000000E-04
  5089.0000000      0.70400000000E-03
  1157.0000000      0.36930000000E-02
  326.60000000      0.15360000000E-01
  106.10000000      0.52929000000E-01
  38.110000000      0.14704300000
  14.750000000      0.30563100000
  6.0350000000      0.39934500000
  2.5300000000      0.21705100000
   9  s
  33980.000000     -0.19000000000E-04
  5089.0000000     -0.15100000000E-03
  1157.0000000     -0.78500000000E-03
  326.60000000     -0.33240000000E-02
  106.10000000     -0.11512000000E-01
  38.110000000     -0.34160000000E-01
  14.750000000     -0.77173000000E-01
  6.0350000000     -0.14149300000
  2.5300000000     -0.11801900000
   1  s
 0.73550000000       1.0000000000
   1  s
 0.29050000000       1.0000000000
   1  s
 0.11110000000       1.0000000000
   3  p
  34.510000000      0.53780000000E-02
  7.9150000000      0.36132000000E-01
  2.3680000000      0.14249300000
   1  p
 0.81320000000       1.0000000000
   1  p
 0.28900000000       1.0000000000
   1  p
 0.10070000000       1.0000000000
   1  d
  1.8480000000       1.0000000000
   1  d
 0.64900000000       1.0000000000
   1  d
 0.22800000000       1.0000000000
   1  f
  1.4190000000       1.0000000000
   1  f
 0.48500000000       1.0000000000
   1  g
  1.0110000000       1.0000000000
*
o cc-pVQZ
# o     (21s6p3d2f1g) / [5s4p3d2f1g]     {99111/3111/111/11/1}
*
   9  s
  61420.000000      0.90000000000E-04
  9199.0000000      0.69800000000E-03
  2091.0000000      0.36640000000E-02
  590.90000000      0.15218000000E-01
  192.30000000      0.52423000000E-01
  69.320000000      0.14592100000
  26.970000000      0.30525800000
  11.100000000      0.39850800000
  4.6820000000      0.21698000000
   9  s
  61420.000000     -0.20000000000E-04
  9199.0000000     -0.15900000000E-03
  2091.0000000     -0.82900000000E-03
  590.90000000     -0.35080000000E-02
  192.30000000     -0.12156000000E-01
  69.320000000     -0.36261000000E-01
  26.970000000     -0.82992000000E-01
  11.100000000     -0.15209000000
  4.6820000000     -0.11533100000
   1  s
  1.4280000000       1.0000000000
   1  s
 0.55470000000       1.0000000000
   1  s
 0.20670000000       1.0000000000
   3  p
  63.420000000      0.60440000000E-02
  14.660000000      0.41799000000E-01
  4.4590000000      0.16114300000
   1  p
  1.5310000000       1.0000000000
   1  p
 0.53020000000       1.0000000000
   1  p
 0.17500000000       1.0000000000
   1  d
  3.7750000000       1.0000000000
   1  d
  1.3000000000       1.0000000000
   1  d
 0.44400000000       1.0000000000
   1  f
  2.6660000000       1.0000000000
   1  f
 0.85900000000       1.0000000000
   1  g
  1.8460000000       1.0000000000
*
h cc-pVQZ
# h     (6s3p2d1f) / [4s3p2d1f]     {3111/111/11/1}
*
   3  s
  82.640000000      0.20060000000E-02
  12.410000000      0.15343000000E-01
  2.8240000000      0.75579000000E-01
   1  s
 0.79770000000       1.0000000000
   1  s
 0.25810000000       1.0000000000
   1  s
 0.89890000000E-01   1.0000000000
   1  p
  2.2920000000       1.0000000000
   1  p
 0.83800000000       1.0000000000
   1  p
 0.29200000000       1.0000000000
   1  d
  2.0620000000       1.0000000000
   1  d
 0.66200000000       1.0000000000
   1  f
  1.3970000000       1.0000000000
*
na cc-pVQZ
# na    (51s21p3d2f1g) / [6s5p3d2f1g]     {(16)(16)(16)111/99111/111/11/1}
*
  16  s
  1224000.0000      0.47889400000E-05
  183200.00000      0.37239500000E-04
  41700.000000      0.19583100000E-03
  11810.000000      0.82669800000E-03
  3853.0000000      0.30025100000E-02
  1391.0000000      0.97031000000E-02
  542.50000000      0.28233700000E-01
  224.90000000      0.73205800000E-01
  97.930000000      0.16289700000
  44.310000000      0.28870800000
  20.650000000      0.34682900000
  9.7290000000      0.20686500000
  4.2280000000      0.32800900000E-01
  1.9690000000     -0.64773600000E-03
 0.88900000000      0.14587800000E-02
 0.39640000000     -0.17834600000E-03
  16  s
  1224000.0000     -0.11695800000E-05
  183200.00000     -0.90911000000E-05
  41700.000000     -0.47849900000E-04
  11810.000000     -0.20196200000E-03
  3853.0000000     -0.73583700000E-03
  1391.0000000     -0.23874600000E-02
  542.50000000     -0.70496900000E-02
  224.90000000     -0.18785600000E-01
  97.930000000     -0.44615300000E-01
  44.310000000     -0.89774100000E-01
  20.650000000     -0.14294000000
  9.7290000000     -0.12431500000
  4.2280000000      0.99964800000E-01
  1.9690000000      0.41708000000
 0.88900000000      0.47512300000
 0.39640000000      0.16326800000
  16  s
  1224000.0000      0.17587100000E-06
  183200.00000      0.13659400000E-05
  41700.000000      0.71979500000E-05
  11810.000000      0.30334900000E-04
  3853.0000000      0.11075200000E-03
  1391.0000000      0.35859600000E-03
  542.50000000      0.10627200000E-02
  224.90000000      0.28268700000E-02
  97.930000000      0.67674200000E-02
  44.310000000      0.13648000000E-01
  20.650000000      0.22281400000E-01
  9.7290000000      0.19601100000E-01
  4.2280000000     -0.16770800000E-01
  1.9690000000     -0.77373400000E-01
 0.88900000000     -0.11350100000
 0.39640000000     -0.13913000000
   1  s
 0.69930000000E-01   1.0000000000
   1  s
 0.32890000000E-01   1.0000000000
   1  s
 0.16120000000E-01   1.0000000000
   9  p
  413.40000000      0.90819600000E-03
  97.980000000      0.74177300000E-02
  31.370000000      0.35746400000E-01
  11.620000000      0.11852000000
  4.6710000000      0.26140300000
  1.9180000000      0.37839500000
 0.77750000000      0.33463200000
 0.30130000000      0.12684400000
 0.22750000000     -0.14711700000E-01
   9  p
  413.40000000     -0.90174100000E-04
  97.980000000     -0.73934200000E-03
  31.370000000     -0.35730900000E-02
  11.620000000     -0.12014200000E-01
  4.6710000000     -0.26717800000E-01
  1.9180000000     -0.39275300000E-01
 0.77750000000     -0.37608300000E-01
 0.30130000000     -0.43322800000E-01
 0.22750000000      0.51800300000E-01
   1  p
 0.75270000000E-01   1.0000000000
   1  p
 0.31260000000E-01   1.0000000000
   1  p
 0.13420000000E-01   1.0000000000
   1  d
 0.15380000000       1.0000000000
   1  d
 0.86500000000E-01   1.0000000000
   1  d
 0.48700000000E-01   1.0000000000
   1  f
 0.19120000000       1.0000000000
   1  f
 0.10360000000       1.0000000000
   1  g
 0.17220000000       1.0000000000
*
$end
