$coord
   -4.29977887381561     -0.25525464212623      1.57099333929196      c
   -4.70677444638357     -1.37558208135904     -0.10878463785957      h
   -4.20714229914034     -1.54663956556399      3.17251646470801      h
   -5.88087622347160      1.02979381982835      1.86591573289965      h
   -1.81734607686990      1.17026561414101      1.26498116346247      c
   -1.49042549300545      2.36297366685877      2.91906498602969      h
   -1.93919325765042      2.44803672375031     -0.35235527716097      h
    0.42802707736321     -0.59471630465445      0.90704169833567      c
    0.58476514667840     -1.84274586881448      2.54742251389070      h
    0.07398383634911     -1.82547308787904     -0.71580904629149      h
    2.91585059400300      0.79590449883929      0.50833539433180      c
    3.23452824538813      2.09338526115226      2.08332203485763      h
    2.77051738661691      1.97238901271101     -1.18163362263107      h
    5.15437226079268     -0.99562282624346      0.25976045220515      c
    4.89201256399106     -2.27374477484769     -1.33368808887386      h
    6.91923413284582      0.02209672640883     -0.03017633363793      h
    5.35774032966086     -2.14939329120134      1.95411877952058      h
$redundant
     number_of_atoms            17
     degrees_of_freedom         45
     internal_coordinates       45
     frozen_coordinates          0
# definitions of redundant internals
   1 k  1.0000000000000 tors    4    1    5    8 val=  58.48969
        1.0000000000000 tors    3    1    5    8
        1.0000000000000 tors    2    1    5    8
   2 k  1.0000000000000 stre    1    4           val=   2.05869
   3 k  1.0000000000000 stre    1    3           val=   2.05940
   4 k  1.0000000000000 stre    1    2           val=   2.05972
   5 k  0.4336113883848 bend    3    4    1      val=   1.37626
        0.4192123565560 bend    2    4    1
        0.4040355624636 bend    2    3    1
       -0.3933813200708 bend    5    4    1
       -0.3973383227868 bend    5    3    1
       -0.4004632598663 bend    5    2    1
   6 k -0.3130497469644 bend    3    4    1      val=   0.45754
       -0.3504744882348 bend    2    4    1
        0.6928719918170 bend    2    3    1
       -0.4505730707757 bend    5    4    1
        0.2315487650410 bend    5    3    1
        0.2060703017840 bend    5    2    1
   7 k -0.6489344515740 bend    3    4    1      val=   0.16285
        0.6360398992870 bend    2    4    1
        0.0295672832083 bend    2    3    1
       -0.0132398564613 bend    5    4    1
       -0.2924859305696 bend    5    3    1
        0.2962090249447 bend    5    2    1
   8 k  0.2074400187861 bend    3    4    1      val=  -0.12125
        0.2341852670529 bend    2    4    1
       -0.4485324704616 bend    2    3    1
       -0.6805403173728 bend    5    4    1
        0.3635923813954 bend    5    3    1
        0.3249768897389 bend    5    2    1
   9 k  0.2994596335878 bend    3    4    1      val=   0.28399
       -0.2891937878334 bend    2    4    1
       -0.0112353629642 bend    2    3    1
       -0.0231274233500 bend    5    4    1
       -0.6285138245298 bend    5    3    1
        0.6565060107974 bend    5    2    1
  10 k  1.0000000000000 stre    5    7           val=   2.06478
  11 k  1.0000000000000 stre    5    6           val=   2.06529
  12 k  0.0125510250065 bend    6    7    5      val=   0.21644
        0.4985501668157 bend    8    7    5
        0.4997383509758 bend    8    6    5
       -0.5013502042553 bend    1    7    5
       -0.5001997163099 bend    1    6    5
  13 k -0.0004084167096 bend    6    7    5      val=   0.01402
        0.4957240560285 bend    8    7    5
       -0.4941350748310 bend    8    6    5
        0.5046381878890 bend    1    7    5
       -0.5053991695842 bend    1    6    5
  14 k  0.9044027981015 bend    6    7    5      val=   1.52248
       -0.2195445208763 bend    8    7    5
       -0.2190104004499 bend    8    6    5
       -0.2064141588432 bend    1    7    5
       -0.2080466814523 bend    1    6    5
  15 k -0.0008449219941 bend    6    7    5      val=   0.09073
       -0.5046606544312 bend    8    7    5
        0.5053775581488 bend    8    6    5
        0.4953066575364 bend    1    7    5
       -0.4945520687405 bend    1    6    5
  16 k  1.0000000000000 stre    8    9           val=   2.06712
  17 k  1.0000000000000 stre    8   10           val=   2.06731
  18 k  0.0023814500627 bend   10    9    8      val=   0.04004
       -0.5031516249554 bend   11    9    8
       -0.4971521895362 bend   11   10    8
        0.5004519520554 bend    5    9    8
        0.4992197062655 bend    5   10    8
  19 k  0.0083371232252 bend   10    9    8      val=   0.24797
       -0.4999496365813 bend   11    9    8
        0.5020904409901 bend   11   10    8
       -0.5002806883337 bend    5    9    8
        0.4975995128669 bend    5   10    8
  20 k  0.9065553489945 bend   10    9    8      val=   2.21860
       -0.2048547185182 bend   11    9    8
       -0.2148843096748 bend   11   10    8
       -0.2094768801947 bend    5    9    8
       -0.2147931880433 bend    5   10    8
  21 k -0.0018416216343 bend   10    9    8      val=   0.18822
        0.4979192910798 bend   11    9    8
       -0.4999645354096 bend   11   10    8
       -0.4984533201952 bend    5    9    8
        0.5036394930101 bend    5   10    8
  22 k  1.0000000000000 stre   11   13           val=   2.06428
  23 k  1.0000000000000 stre   11   12           val=   2.06533
  24 k  0.0116171253430 bend   12   13   11      val=   0.19894
        0.4983349235409 bend    8   13   11
        0.5000838987845 bend    8   12   11
       -0.5015326109444 bend   14   13   11
       -0.4999084723367 bend   14   12   11
  25 k -0.0008268065419 bend   12   13   11      val=   0.03013
        0.4964969894399 bend    8   13   11
       -0.4939298162448 bend    8   12   11
        0.5043257320147 bend   14   13   11
       -0.5051524012814 bend   14   12   11
  26 k  0.9047230232672 bend   12   13   11      val=   1.55345
       -0.2187345039989 bend    8   13   11
       -0.2182681139652 bend    8   12   11
       -0.2059928598990 bend   14   13   11
       -0.2087041926443 bend   14   12   11
  27 k -0.0012402133340 bend   12   13   11      val=   0.13167
       -0.5042353564685 bend    8   13   11
        0.5052454336813 bend    8   12   11
        0.4957803694273 bend   14   13   11
       -0.4946453721533 bend   14   12   11
  28 k  1.0000000000000 tors   16   14   11    8 val=  59.85464
        1.0000000000000 tors   15   14   11    8
        1.0000000000000 tors   17   14   11    8
  29 k  1.0000000000000 stre   14   16           val=   2.05780
  30 k  1.0000000000000 stre   14   15           val=   2.05949
  31 k  1.0000000000000 stre   14   17           val=   2.05995
  32 k  0.4259648081954 bend   15   16   14      val=   1.43916
        0.4275675427159 bend   17   16   14
        0.4050622595822 bend   17   15   14
       -0.3936653166616 bend   11   16   14
       -0.3981970208291 bend   11   15   14
       -0.3976572588519 bend   11   17   14
  33 k -0.3314822853899 bend   15   16   14      val=   0.50489
       -0.3312011219601 bend   17   16   14
        0.6917544644157 bend   17   15   14
       -0.4523950703752 bend   11   16   14
        0.2205559330356 bend   11   15   14
        0.2204424027926 bend   11   17   14
  34 k  0.6432403434096 bend   15   16   14      val=   0.02196
       -0.6420317191438 bend   17   16   14
        0.0006637027307 bend   17   15   14
       -0.0004663712636 bend   11   16   14
        0.2947107635520 bend   11   15   14
       -0.2952660496344 bend   11   17   14
  35 k  0.2209083762465 bend   15   16   14      val=  -0.20709
        0.2222512028224 bend   17   16   14
       -0.4512928193874 bend   17   15   14
       -0.6793350815985 bend   11   16   14
        0.3452792990126 bend   11   15   14
        0.3426729284616 bend   11   17   14
  36 k -0.2953799473670 bend   15   16   14      val=   0.02762
        0.2945956318839 bend   17   16   14
        0.0008434968053 bend   17   15   14
        0.0016000581978 bend   11   16   14
        0.6420107062001 bend   11   15   14
       -0.6432597312282 bend   11   17   14
  37 k  1.0000000000000 tors    1    5    8   11 val= 178.04615
  38 k  1.0000000000000 stre    5    1           val=   2.87893
  39 k  1.0000000000000 bend    8    1    5      val= 112.47275
  40 k  1.0000000000000 tors   14   11    8    5 val= 177.69498
  41 k  1.0000000000000 stre   11   14           val=   2.87791
  42 k  1.0000000000000 bend    8   14   11      val= 112.55512
  43 k  1.0000000000000 stre    8   11           val=   2.87786
  44 k  1.0000000000000 stre    8    5           val=   2.87836
  45 k  1.0000000000000 bend    5   11    8      val= 113.28400
        45 non zero eigenvalues  of BmBt
           1           5.435480997    1    0
         1
           2           4.809406722    2    0
         2
           3           4.341862200    3    0
         3
           4           3.955689958    4    0
         4
           5           3.803828339    5    0
         5
           6           3.608807517    6    0
         6
           7           3.450035093    7    0
         7
           8           3.158008403    8    0
         8
           9           3.030611718    9    0
         9
          10           2.854910197   10    0
        10
          11           2.449358926   11    0
        11
          12           2.422297017   12    0
        12
          13           2.301792868   13    0
        13
          14           2.161810797   14    0
        14
          15           1.443078962   15    0
        15
          16           0.883849888   16    0
        16
          17           0.879164595   17    0
        17
          18           0.790252704   18    0
        18
          19           0.769895527   19    0
        19
          20           0.768795130   20    0
        20
          21           0.757390817   21    0
        21
          22           0.731500152   22    0
        22
          23           0.700723970   23    0
        23
          24           0.693156827   24    0
        24
          25           0.692125953   25    0
        25
          26           0.676016609   26    0
        26
          27           0.506562536   27    0
        27
          28           0.464721055   28    0
        28
          29           0.428704098   29    0
        29
          30           0.404014999   30    0
        30
          31           0.356538107   31    0
        31
          32           0.338933433   32    0
        32
          33           0.311232323   33    0
        33
          34           0.287200900   34    0
        34
          35           0.280182368   35    0
        35
          36           0.268177867   36    0
        36
          37           0.246127423   37    0
        37
          38           0.182396707   38    0
        38
          39           0.169786307   39    0
        39
          40           0.158152164   40    0
        40
          41           0.072381579   41    0
        41
          42           0.061330520   42    0
        42
          43           0.037858227   43    0
        43
          44           0.033079655   44    0
        44
          45           0.016539203   45    0
        45
$user-defined bonds
$frag
 atom   1 fragment  1 symmetry  c1
 atom   2 fragment  1
 atom   3 fragment  1
 atom   4 fragment  1
 atom   5 fragment  1
 atom   6 fragment  1
 atom   7 fragment  1
 atom   8 fragment  1
 atom   9 fragment  1
 atom  10 fragment  1
 atom  11 fragment  1
 atom  12 fragment  1
 atom  13 fragment  1
 atom  14 fragment  1
 atom  15 fragment  1
 atom  16 fragment  1
 atom  17 fragment  1
   iteration     4
$end
