$coord
   -1.26084210616541     -3.20469166807461     -1.81301634349221  c
    1.60826711322596     -3.02617816187344     -2.09979233813304  c
    2.10820725416539     -0.18641357671482     -1.99732924320226  c
    0.08640765034263      0.75037087414581     -0.33981935849329  n
   -1.84968599291131     -1.18718167229862      0.15282388668040  c
   -1.88439381179556     -5.06042794624967     -1.19744759346639  h
    2.51007619776020     -3.96469650584042     -0.50565135327136  h
    1.94790204040494      0.66489243454583     -3.87281554930182  h
   -2.19118651272307     -2.72020855287109     -3.58894375591807  h
    2.30464075711224     -3.86240002157061     -3.84539591301799  h
    3.96213400410816      0.26880121212468     -1.22620792616838  h
   -3.70846893942525     -0.33150274546267     -0.07996161341231  h
   -2.10682350465062      3.87148740509846      1.59740645016654  o
   -0.27447496050187      3.19524888803115      0.31747704199789  c
    1.69954934554528      5.05139202893825     -0.57241101342253  c
    1.89263454594382      5.01228685356064     -2.62363398594683  h
    1.12993423757705      6.92951550157644      0.02594281384105  h
    3.53802385584613      4.60403516377277      0.24471369875948  h
   -0.83136653172707     -4.33940028045402      3.31462933028886  o
   -1.60722051614139     -2.20797126345423      2.85814352240416  c
   -2.35407759359748     -0.53954245561415      4.64755750255683  n
   -2.68278574726462      1.27410595424275      4.13830190442226  h
   -2.03645078512798     -0.99152146555845      6.46542983612891  h
$user-defined bonds
$redundant
     number_of_atoms            23
     degrees_of_freedom         63
     internal_coordinates       63
     frozen_coordinates          0
# definitions of redundant internals
   1 k  1.0000000000000 stre   1    6           val=   2.05219
   2 k  1.0000000000000 stre   1    9           val=   2.06257
   3 k  0.0344177442872 bend   9    6    1      val=   0.53992
        0.5107656557242 bend   5    6    1
        0.4812225589153 bend   5    9    1
       -0.5219534685802 bend   2    6    1
       -0.4836561684079 bend   2    9    1
   4 k  0.0648315771667 bend   9    6    1      val=   0.73454
       -0.5026743372442 bend   5    6    1
        0.4806548312192 bend   5    9    1
       -0.5098086051820 bend   2    6    1
        0.5021767583095 bend   2    9    1
   5 k -0.8758798527439 bend   9    6    1      val=   5.37322
        0.2242274477064 bend   5    6    1
        0.2859278782965 bend   5    9    1
        0.1886490741211 bend   2    6    1
        0.2553689693336 bend   2    9    1
   6 k -0.0000743571232 bend   9    6    1      val=   0.11128
       -0.4896223328249 bend   5    6    1
        0.5243094159025 bend   5    9    1
        0.4758144838684 bend   2    6    1
       -0.5088911268700 bend   2    9    1
   7 k  1.0000000000000 stre   2   10           val=   2.05702
   8 k  1.0000000000000 stre   2    7           val=   2.05800
   9 k  0.0112167072660 bend   7   10    2      val=   0.21523
        0.5024333165200 bend   3   10    2
        0.4948883804259 bend   3    7    2
       -0.5275456777619 bend   1   10    2
       -0.4735145158524 bend   1    7    2
  10 k  0.0484043738213 bend   7   10    2      val=   0.68957
       -0.5120990223368 bend   3   10    2
        0.4834680122126 bend   3    7    2
       -0.4911876422551 bend   1   10    2
        0.5102989213977 bend   1    7    2
  11 k -0.8777470067815 bend   7   10    2      val=   5.61817
        0.2246587128108 bend   3   10    2
        0.2616339852286 bend   3    7    2
        0.2071593142267 bend   1   10    2
        0.2602332245252 bend   1    7    2
  12 k -0.0049177767687 bend   7   10    2      val=   1.08071
       -0.4829224431535 bend   3   10    2
        0.5205298531330 bend   3    7    2
        0.4857879072954 bend   1   10    2
       -0.5097259170310 bend   1    7    2
  13 k  1.0000000000000 stre   3   11           val=   2.05886
  14 k  1.0000000000000 stre   3    8           val=   2.06588
  15 k  0.0256471431118 bend   8   11    3      val=   0.79616
        0.5009309449866 bend   4   11    3
        0.4992398216970 bend   4    8    3
       -0.5169457805680 bend   2   11    3
       -0.4815984559671 bend   2    8    3
  16 k  0.0319633093018 bend   8   11    3      val=   0.41235
       -0.5149517401296 bend   4   11    3
        0.4907502072014 bend   4    8    3
       -0.4910192522019 bend   2   11    3
        0.5018639061488 bend   2    8    3
  17 k -0.8781807748488 bend   8   11    3      val=   5.82342
        0.2357511786839 bend   4   11    3
        0.2625414951750 bend   4    8    3
        0.2093318077437 bend   2   11    3
        0.2459106870658 bend   2    8    3
  18 k -0.0030401328492 bend   8   11    3      val=   0.54225
       -0.4854585024365 bend   4   11    3
        0.5083760841444 bend   4    8    3
        0.4956330799922 bend   2   11    3
       -0.5101199928368 bend   2    8    3
  19 k  1.0000000000000 stre   5   12           val=   2.05948
  20 k  0.2973255677759 bend   4   12    5      val=   5.68470
        0.5483028110146 bend   1   12    5
       -0.7816402843893 bend  20   12    5
  21 k  0.7847034796570 bend   4   12    5      val=   1.63166
       -0.6067016603748 bend   1   12    5
       -0.1270965944182 bend  20   12    5
  22 k  1.0000000000000 stre  14   13           val=   2.33517
  23 k  0.7071163604526 bend   4   13   14      val=   0.09623
       -0.7070972017908 bend  15   13   14
  24 k  1.0000000000000 outp  13   15    4   14 val=  -0.57172
  25 k  0.5773502691896 tors  17   15   14    4 val=  57.63769
        0.5773502691896 tors  16   15   14    4
        0.5773502691896 tors  18   15   14    4
  26 k  1.0000000000000 stre  15   17           val=   2.05179
  27 k  1.0000000000000 stre  15   16           val=   2.06066
  28 k  1.0000000000000 stre  15   18           val=   2.06102
  29 k  0.4289589497802 bend  16   17   15      val=   0.55237
        0.4007600607861 bend  18   17   15
        0.4073135823313 bend  18   16   15
       -0.3989493493056 bend  14   17   15
       -0.4047959807059 bend  14   16   15
       -0.4079961634913 bend  14   18   15
  30 k  0.2165640022089 bend  16   17   15      val=   0.94796
        0.4689840743587 bend  18   17   15
       -0.6808529104884 bend  18   16   15
        0.4199435850799 bend  14   17   15
       -0.2781244971615 bend  14   16   15
       -0.1260453674421 bend  14   18   15
  31 k -0.6988800034935 bend  16   17   15      val=   0.49196
        0.5647254456250 bend  18   17   15
        0.1654255326776 bend  18   16   15
       -0.0761144936845 bend  14   17   15
       -0.2521664140210 bend  14   16   15
        0.3096853054471 bend  14   18   15
  32 k  0.1668610771101 bend  16   17   15      val=   1.70105
        0.2591138515539 bend  18   17   15
       -0.4166368423392 bend  18   16   15
       -0.6942585761872 bend  14   17   15
        0.4079329606000 bend  14   16   15
        0.2881438243844 bend  14   18   15
  33 k  0.2987533092991 bend  16   17   15      val=   0.17328
       -0.2758926165196 bend  18   17   15
       -0.0278031031301 bend  18   16   15
       -0.0804222324694 bend  14   17   15
       -0.5969872962855 bend  14   16   15
        0.6862908599038 bend  14   18   15
  34 k  1.0000000000000 stre  20   19           val=   2.31372
  35 k  0.7071101759167 bend  21   19   20      val=   0.84657
       -0.7071033864401 bend   5   19   20
  36 k  1.0000000000000 outp  19    5   21   20 val=  -0.54136
  37 k  0.7071067811865 tors  23   21   20    5 val=  88.37949
        0.7071067811865 tors  22   21   20    5
  38 k  1.0000000000000 stre  21   23           val=   1.89996
  39 k  1.0000000000000 stre  21   22           val=   1.91225
  40 k  0.8191061300143 bend  22   23   21      val=   1.73429
       -0.4055525096400 bend  20   23   21
       -0.4056997777887 bend  20   22   21
  41 k  0.0093078415209 bend  22   23   21      val=   2.88400
       -0.6977457801268 bend  20   23   21
        0.7162849924446 bend  20   22   21
  42 k  1.0000000000000 outp  22   23   20   21 val=  16.44164
  43 k  0.7071067811865 tors  15   14    4    3 val=  91.08016
        0.7071067811865 tors  15   14    4    5
  44 k  1.0000000000000 stre  14   15           val=   2.85201
  45 k  1.0000000000000 bend   4   15   14      val= 116.38100
  46 k  0.7071067811865 tors  21   20    5    1 val= 128.96508
        0.7071067811865 tors  21   20    5    4
  47 k  1.0000000000000 stre  20   21           val=   2.55802
  48 k  1.0000000000000 bend   5   21   20      val= 113.47504
  49 k  1.0000000000000 stre   4   14           val=   2.55728
  50 k  0.7076581183654 bend   3   14    4      val=   2.04264
       -0.7065550137898 bend   5   14    4
  51 k  1.0000000000000 outp  14    5    3    4 val=  -9.33536
  52 k  1.0000000000000 stre   5   20           val=   2.90165
  53 k  0.7610114858545 bend   4   20    5      val=   8.20470
       -0.6487384052124 bend   1   20    5
  54 k  0.6487384052124 bend   4   20    5      val= 111.30717
        0.7610114858545 bend   1   20    5
  55 k  1.0000000000000 stre   1    5           val=   2.87778
  56 k  1.0000000000000 stre   5    4           val=   2.78303
  57 k  1.0000000000000 stre   4    3           val=   2.77715
  58 k  1.0000000000000 stre   3    2           val=   2.88526
  59 k  1.0000000000000 stre   2    1           val=   2.88893
  60 k -0.5116672736017 bend   1    4    5      val=   0.87389
        0.1954395075848 bend   5    3    4
        0.1954395075848 bend   4    2    3
       -0.5116672736017 bend   3    1    2
        0.6324555320337 bend   2    5    1
  61 k  0.3717480344602 bend   1    4    5      val=  -2.84520
       -0.6015009550075 bend   5    3    4
        0.6015009550075 bend   4    2    3
       -0.3717480344602 bend   3    1    2
  62 k -0.5116672736017 tors   4    3    2    1 val=  -8.49849
        0.1954395075848 tors   3    2    1    5
        0.1954395075848 tors   2    1    5    4
       -0.5116672736017 tors   1    5    4    3
        0.6324555320337 tors   5    4    3    2
  63 k  0.3717480344602 tors   4    3    2    1 val=  30.62153
       -0.6015009550075 tors   3    2    1    5
        0.6015009550075 tors   2    1    5    4
       -0.3717480344602 tors   1    5    4    3
        63 non zero eigenvalues  of BmBt
           1           6.874315506    1    0
         1
           2           5.339114466    2    0
         2
           3           4.883414378    3    0
         3
           4           4.639806401    4    0
         4
           5           4.139336930    5    0
         5
           6           4.077872495    6    0
         6
           7           3.909611333    7    0
         7
           8           3.845140399    8    0
         8
           9           3.741317820    9    0
         9
          10           3.694928032   10    0
        10
          11           3.541997111   11    0
        11
          12           3.352606884   12    0
        12
          13           3.071336574   13    0
        13
          14           2.820844416   14    0
        14
          15           2.770393692   15    0
        15
          16           2.609546103   16    0
        16
          17           2.505486756   17    0
        17
          18           2.396708120   18    0
        18
          19           2.270560491   19    0
        19
          20           2.108394891   20    0
        20
          21           1.985051832   21    0
        21
          22           1.780483527   22    0
        22
          23           1.616180948   23    0
        23
          24           1.462167883   24    0
        24
          25           1.298417416   25    0
        25
          26           1.054524448   26    0
        26
          27           0.950260553   27    0
        27
          28           0.936519458   28    0
        28
          29           0.850231688   29    0
        29
          30           0.805014991   30    0
        30
          31           0.780401317   31    0
        31
          32           0.771827898   32    0
        32
          33           0.696766527   33    0
        33
          34           0.695042459   34    0
        34
          35           0.652690323   35    0
        35
          36           0.607732966   36    0
        36
          37           0.488199296   37    0
        37
          38           0.478177294   38    0
        38
          39           0.398470042   39    0
        39
          40           0.355548975   40    0
        40
          41           0.345571577   41    0
        41
          42           0.324014398   42    0
        42
          43           0.319257575   43    0
        43
          44           0.311707720   44    0
        44
          45           0.299638012   45    0
        45
          46           0.284548989   46    0
        46
          47           0.277303473   47    0
        47
          48           0.272031226   48    0
        48
          49           0.262441656   49    0
        49
          50           0.242651106   50    0
        50
          51           0.226093124   51    0
        51
          52           0.185496276   52    0
        52
          53           0.181285125   53    0
        53
          54           0.148314514   54    0
        54
          55           0.108803693   55    0
        55
          56           0.083935370   56    0
        56
          57           0.067743455   57    0
        57
          58           0.061149058   58    0
        58
          59           0.054519529   59    0
        59
          60           0.032473777   60    0
        60
          61           0.021353886   61    0
        61
          62           0.014558023   62    0
        62
          63           0.008585416   63    0
        63
$end
