$dipgrad
  6.983112706575034E-002 -9.342990180016830E-004  4.489450720050192E-002
 -1.563185702491143E-004  2.107287204500263E-003 -1.791692715200077E-002
  5.538041865549848E-002 -8.223850469499250E-003  0.111242978241000     
  3.750311651674887E-002 -2.847470361949933E-002 -2.903355338700064E-002
 -2.696429458499960E-002  8.563186974149817E-002  1.884528037925104E-002
 -1.017058097549928E-002  1.050034212000117E-002  0.121283578623499     
  0.364145075300248      -0.144513400591248      -0.136978371625252     
 -9.370248388075042E-002  0.186322211862250       7.256002829024999E-002
 -0.118749393583750       3.534177309074960E-002  0.415323848375998     
 -0.454569025283499       8.449496467000106E-003  0.186296890273002     
  0.193866485848501       -1.34091940547400      -0.308921733509501     
  0.160684586630999      -0.125234707709251      -0.474972011351749     
  0.289756080811501       0.214184857461000      -2.373954176450033E-002
  0.119813071579999       0.329560927124001      -8.078468245747983E-003
 -2.808333854474876E-002 -2.222760583824868E-002  0.110858373207248     
  2.109952099599854E-002 -3.922303177699982E-002  1.322343057000019E-002
 -5.411765613475006E-002 -4.804876298799832E-002 -6.622757712487770E-004
  2.105677523324967E-002  3.522445699000176E-002  8.928966563100105E-002
  1.395102868675113E-002  5.234242772517161E-004 -5.506033006275057E-002
  1.089910727774812E-002  2.163845486249927E-003  1.885245024050020E-002
 -7.113656954225167E-002  5.239340915400015E-002 -6.465079774747862E-003
 -4.507965759747989E-003  5.805942396549801E-002  1.399180414751733E-003
  4.781751317001204E-003 -2.124019149050138E-002  6.632720379899926E-002
  5.591774749225120E-002  3.498093174324757E-002 -0.142187967452248     
 -1.565815792299863E-002  1.703117024999812E-002 -4.649284520799879E-002
  4.066873668175097E-002  4.629050738399754E-002  4.634365596025147E-002
 -6.633771992475002E-002  8.623503028498680E-003 -0.119725257932249     
  1.941218125675048E-002  3.047364191050006E-002  6.298951830799870E-002
  2.387485431299963E-002  5.892146902250484E-003 -5.051590851299914E-002
  8.902971489599953E-002 -9.233202374575034E-002 -8.295277720100080E-002
 -0.110084178603001      -2.287823564425251E-002  1.386871548500201E-002
 -5.394493473225015E-002  9.351992910000551E-003 -1.166846197424853E-002
 -5.458957879450055E-002 -4.471151444825072E-002 -2.089833181498357E-003
 -4.809741768000142E-002 -1.268457260100164E-002  3.164060175500638E-003
  6.749156942250090E-002 -1.087324351750629E-003  1.435959210250026E-002
  3.742629798874908E-002  1.602591751624916E-002 -1.082575889899962E-002
 -0.873390551815750       0.355332414951501       0.433359936303501     
  6.351970834924947E-002 -0.885814375416749      -6.486359255500063E-002
  0.368392757411501      -0.202837514905502      -0.718883725899250     
  0.859146365249500      -0.227331585357499      -0.509614891466251     
 -0.170646561878252        1.65433956538975       0.354862243168003     
 -0.466677489356998       0.379127230737500       0.514381509768500     
 -9.816516389624941E-002 -0.175002578235750       9.750163175674953E-002
 -0.128619753320250      -6.739087347324979E-002  4.684029515850119E-002
  8.737381990050197E-002  5.428895003450063E-002  5.691194514149955E-002
  4.922343437374910E-002 -2.872945931399751E-002 -3.894113058749982E-003
 -2.495136464124859E-002  5.082347985874980E-002 -3.331675531049738E-002
  2.588188498774957E-002  6.122985231252209E-003 -8.431601205300121E-002
  5.856020194224820E-002  5.129416154424915E-002  2.133523082450128E-002
 -2.863424979249185E-003 -5.181479832725155E-002 -1.664568570525216E-002
  1.519873512274839E-002 -4.901134869624846E-002  6.483528864450194E-002
 -4.846866289724971E-002 -8.913945347521768E-004 -2.742777093499849E-002
  4.389548733899906E-002  2.458652276499940E-002  4.405568835174900E-002
 -5.319424061025202E-002  3.561822675500204E-002  4.212789971075048E-002
 -0.413183075388249       0.273587232983000       4.709166469925030E-002
  0.225488082065251       -1.10964612994250      -6.089692535900249E-002
  9.016725239979761E-004  0.263749155459500      -0.640409750981752     
  0.277208127549500      -0.532040535042499      -0.189354026031749     
 -0.438639974534250        1.38937810756700       0.225909496984250     
 -0.241287165478252       0.135520136805750        1.00109466896675     
 -0.554418705246751       0.202998276291999       0.217053681299001     
  8.375041970599961E-002 -0.746379846856501      -0.166313040519250     
  0.288623550186751      -0.399855007215499      -0.708000477657500     
  0.285230368598499      -3.287052416300063E-002 -6.647257378725180E-002
  7.567990349499898E-002  0.354867018998248      -0.176946772398498     
 -7.420467939674991E-002 -0.133526933052000       0.280487932681750     
  0.275729333070751       3.365919147874930E-002 -5.424957826050125E-002
  4.086466425250179E-002  0.131525496843501       7.832660033249561E-003
 -2.152948917575059E-002  1.039240257399987E-002  0.183255903008750     
$end
