$hessapprox internal
  0.424238561876D+00 -0.313517970516D-02  0.413585604145D+00  0.996565672632D-03
  0.128387039240D-02  0.335504347720D+00  0.911114558251D-03  0.173541952128D-02
  0.920545514138D-03  0.336030575138D+00  0.377318292772D-03  0.202242624312D-03
 -0.152463400192D-02  0.972012747120D-03  0.317479784994D+00 -0.116061467800D-02
  0.227471997987D-03  0.780559877912D-02  0.103088216630D-02  0.703914687039D-02
  0.311495884776D+00 -0.216543130462D-02 -0.370475642328D-02 -0.114110949940D-02
  0.155571590232D-02 -0.157441669625D-02  0.307695627550D-02  0.418328944864D+00
 -0.347208181033D-02 -0.411702697538D-02  0.142602578136D-02  0.120869041321D-02
  0.621819558526D-03 -0.367519864941D-02 -0.317237620633D-02  0.417313923978D+00
 -0.856079335446D-04  0.454152645148D-03  0.397564281141D-03 -0.481835310552D-03
  0.302283963646D-03 -0.100310323978D-02  0.457524380079D-03  0.359737047149D-03
  0.336408887627D+00 -0.330423866305D-03 -0.444164647248D-03 -0.245706801611D-02
  0.171420532786D-02 -0.233032270553D-02  0.657508079434D-02 -0.259896026647D-02
  0.735608163968D-03  0.783560077080D-03  0.328536161912D+00 -0.278455107199D-03
 -0.307951419759D-03  0.106572474381D-02  0.686493742999D-03  0.118413475528D-02
 -0.367957573368D-02 -0.238565341783D-03 -0.803119270355D-03  0.245714384729D-03
 -0.937503561069D-03  0.317619264601D+00  0.715698053401D-03  0.825096090545D-03
 -0.407411342950D-02 -0.101956625881D-03 -0.364237448477D-02  0.147856168129D-01
 -0.152995347516D-02  0.288809611850D-02  0.703196674238D-03 -0.576536427628D-02
  0.154490204387D-02  0.326898751263D+00 -0.132687468549D-02 -0.360564690403D-02
 -0.191980499004D-02  0.106903531043D-02 -0.194723999494D-02  0.375190351762D-02
 -0.339773884597D-02 -0.284604542874D-02  0.170548569147D-03 -0.242500106787D-02
 -0.767156399762D-04 -0.209466472849D-02  0.419432877950D+00 -0.349400259892D-02
 -0.452845221893D-02  0.568185278913D-03  0.115461818108D-02 -0.215461715007D-03
 -0.240406052009D-02 -0.349304751706D-02 -0.458951712273D-02  0.373022380301D-03
 -0.956361321033D-03 -0.111427548994D-02  0.156479051981D-02 -0.279849814268D-02
  0.410168658202D+00  0.136811390176D-02  0.382709528973D-03 -0.345087508868D-02
 -0.309085792542D-03 -0.346720457761D-02  0.970256549225D-02 -0.143154631818D-02
  0.154833929950D-02  0.718715460676D-03 -0.109763348050D-02  0.206755550240D-02
 -0.429481749470D-02 -0.215786622922D-02  0.137506421669D-02  0.331744503349D+00
  0.148184104398D-02  0.600060837457D-03 -0.236657601757D-02 -0.787208059873D-03
 -0.251786702553D-02  0.707957079852D-02 -0.827449563947D-03  0.104304970351D-02
  0.369185800955D-03  0.280787269026D-02  0.261109095945D-02 -0.161111666739D-02
 -0.151369972084D-02  0.194423260019D-02 -0.653938893871D-02  0.328785292944D+00
  0.543819482390D-03  0.418453656506D-03 -0.784985767551D-03 -0.261439731069D-03
 -0.672442206828D-03  0.254678883392D-02 -0.489284535295D-04  0.710538534296D-03
  0.247179348387D-03 -0.714944003152D-03  0.206067455297D-03 -0.145176951135D-02
 -0.186193440631D-03  0.576890488924D-03 -0.114641216173D-02 -0.899447954678D-03
  0.318547921349D+00 -0.266219250795D-02 -0.112767252223D-02  0.425142383066D-02
  0.188001794958D-02  0.356256878112D-02 -0.164894588172D-01  0.376864742615D-03
 -0.281363377775D-02 -0.748135366593D-04 -0.299125147400D-02 -0.432383403630D-02
  0.679332635169D-02  0.136949619855D-02 -0.357495702840D-02  0.961097116542D-02
  0.127027586353D-01  0.190902018668D-02  0.316737130562D+00 -0.330755567198D-02
 -0.450150803012D-02 -0.363013496482D-03  0.149612791641D-02 -0.698542331165D-03
 -0.344548436801D-03 -0.411915227140D-02 -0.389110345729D-02  0.547667157449D-03
 -0.101993009624D-02 -0.431150257121D-03  0.672881095180D-03 -0.416000145633D-02
 -0.422012132406D-02  0.628962080600D-04 -0.726085050709D-03  0.321017706964D-03
 -0.368095168186D-03  0.415715336338D+00  0.264674099679D-04  0.153061857443D-03
  0.306438419816D-02 -0.256844232292D-03  0.339652384272D-02 -0.848301155032D-02
  0.166885480058D-02 -0.124447079694D-02 -0.604063279909D-03  0.441197130399D-02
 -0.126901778591D-02  0.553490634290D-02  0.187424218987D-02 -0.128737418054D-03
  0.364336899104D-02  0.119197367671D-02  0.837247211480D-03 -0.212127952516D-02
 -0.314122343947D-03  0.330089353747D+00 -0.803769166844D-04 -0.941994609963D-03
  0.119003089460D-02  0.195710935910D-03  0.100677937289D-02 -0.584262109997D-02
  0.620532377246D-03 -0.161704986059D-02 -0.918255219733D-03  0.354894534286D-02
  0.333219251047D-03  0.422966338838D-02  0.122491971883D-02 -0.654240119845D-03
  0.290200528330D-03 -0.184413718864D-02  0.617437929563D-03 -0.122424817399D-02
 -0.639741122173D-03 -0.179208823504D-02  0.336387134297D+00  0.163449400933D-02
 -0.767403584408D-03 -0.153474862245D-02  0.968132757399D-03 -0.175407626879D-02
  0.668669529433D-02 -0.321085368346D-02 -0.905931185321D-03  0.946159923802D-03
 -0.843509401848D-03  0.235993992212D-03 -0.166664029309D-02 -0.394022896990D-02
 -0.686492571968D-03 -0.531297980879D-02 -0.658490376231D-02 -0.810218317774D-03
  0.913665879862D-02 -0.372473894407D-02  0.361448460474D-03 -0.196604897107D-04
  0.965363618928D+00 -0.430945620884D-03 -0.417311225421D-03  0.305944315263D-02
  0.995303624740D-03  0.295739420613D-02 -0.410534289426D-02 -0.154869722879D-02
 -0.225681168465D-02 -0.199594366277D-02  0.410518692470D-02 -0.949847037050D-03
  0.374897091407D-02 -0.280842413419D-02 -0.258354552297D-02 -0.167685849117D-02
 -0.146843137860D-02 -0.132277830261D-02  0.173072228543D-02 -0.201858707268D-02
 -0.246622031762D-02  0.935948686757D-03 -0.101601112382D-01  0.468274775436D+00
 -0.163748923570D-02 -0.758872343817D-03 -0.146138393160D-02 -0.356938069369D-02
 -0.167765107791D-03  0.350045473163D-02 -0.206053059388D-02 -0.234550368808D-03
 -0.200191664498D-03  0.603153307363D-02 -0.209651285629D-03 -0.895564210794D-03
 -0.297709333726D-02  0.645491594237D-03 -0.532863958340D-02 -0.360609789513D-02
 -0.255578205485D-02  0.164446477284D-01 -0.104297350704D-02 -0.316658017498D-02
  0.173145864061D-03 -0.178838303118D-01  0.205151919928D-01  0.228933544922D+00
  0.467333123357D-03  0.495935159539D-03 -0.110503279499D-02  0.373880631003D-03
 -0.110782909677D-02  0.455542457267D-02 -0.492243183204D-03  0.870379922475D-03
  0.638367314868D-03 -0.276305910209D-02 -0.292610021300D-03 -0.333803405863D-02
 -0.452736525900D-04  0.914654260138D-04 -0.206737407570D-02 -0.816204765072D-03
 -0.889861764800D-03  0.107189551751D-02 -0.160341192359D-04  0.252766756125D-02
  0.237667708505D-02  0.608361090717D-03  0.332052501772D-02 -0.157527481439D-02
  0.319637833055D-02 -0.322079011793D-02 -0.359129737031D-02  0.139953958784D-02
  0.110759528281D-02  0.704200102694D-03 -0.248102934317D-02 -0.265176633409D-02
 -0.398168614007D-02  0.121693367445D-03  0.524609487532D-03 -0.410700893253D-03
  0.200724604222D-02 -0.230384459097D-02 -0.402095223449D-02  0.179212757546D-02
  0.134419325898D-02  0.731483912569D-03 -0.249731068254D-02 -0.347454399623D-02
 -0.959557788177D-03 -0.114707881917D-02  0.441479078695D-03 -0.139504290630D-02
 -0.478028715244D-03  0.101625908033D-02  0.423462647164D+00 -0.299275037777D-02
 -0.349544148334D-02  0.104616071855D-02  0.885949825261D-03  0.105641923230D-03
 -0.173686967012D-03 -0.276954219482D-02 -0.407140778335D-02  0.329297387463D-03
  0.154618695468D-02  0.265924832642D-03  0.158179671430D-02 -0.259492135845D-02
 -0.381973134223D-02 -0.160209160259D-03 -0.124355134950D-02  0.315264973380D-03
  0.926980555521D-03 -0.363411570437D-02 -0.103765218225D-03 -0.144178272617D-02
  0.352019228946D-05 -0.130782202867D-03 -0.386930002710D-02 -0.721798058881D-03
 -0.341799304075D-02  0.416214946088D+00 -0.369242218611D-02 -0.345923408336D-02
  0.179620984375D-02  0.990836275713D-03  0.738029260400D-03 -0.199513562106D-02
 -0.312130672913D-02 -0.388354964619D-02  0.395076564239D-03 -0.457731449025D-04
 -0.364625824559D-03  0.156111290552D-02 -0.336251521707D-02 -0.438498692382D-02
  0.245425996708D-02  0.263748392355D-02  0.819179293710D-03 -0.308114546107D-02
 -0.343419472748D-02 -0.822687439735D-03 -0.144430800116D-02  0.953760228440D-03
 -0.188293964620D-02 -0.101259151167D-03  0.153506720336D-02 -0.390699044108D-02
 -0.294130387304D-02  0.415318179409D+00  0.106827335363D-02  0.127919225655D-04
 -0.884264784223D-03  0.784505942349D-03 -0.702355885912D-03  0.136555070589D-02
 -0.511692871351D-03  0.405297118489D-04 -0.272620663063D-03 -0.137097710567D-02
 -0.188052910065D-03 -0.102593194357D-02  0.148434045857D-03  0.512055736030D-04
 -0.163773364757D-02 -0.103134037129D-02 -0.315650386939D-03  0.231224905497D-03
 -0.100829215016D-02  0.104096901392D-02  0.102610275321D-02 -0.232217451863D-02
  0.198931752544D-02  0.142037209455D-02  0.139206359904D-03  0.383129821968D-03
  0.597053992793D-03 -0.103392575359D-03  0.326980857891D+00  0.820529483227D-03
  0.569716089546D-03 -0.274817812972D-02 -0.673866140479D-04 -0.302379040575D-02
  0.971288594095D-02 -0.110734830551D-02  0.148232449514D-02  0.923417231667D-03
 -0.206864915750D-02  0.149913958830D-02 -0.499913465447D-02 -0.164584467963D-02
  0.114013753130D-02 -0.542734864348D-02 -0.518177806391D-02 -0.134853251064D-02
  0.741967334915D-02  0.273396267285D-03  0.429257763645D-02  0.152383697694D-02
 -0.125695358273D-02  0.441190686718D-02 -0.432891772406D-02 -0.529897392640D-02
  0.165985436583D-02 -0.135988868601D-02  0.303719988146D-02 -0.729932631711D-03
  0.312853685901D+00  0.204940167600D-02  0.172187261648D-03 -0.296738626475D-02
 -0.117186156887D-02 -0.377399502467D-02  0.720607620288D-02 -0.425356743959D-03
  0.916653290512D-04  0.120940541389D-02  0.663477508487D-02  0.392844799025D-02
  0.394992080948D-03 -0.836922456362D-03  0.251937548930D-02 -0.109345575404D-01
 -0.175559820884D-01 -0.146765436453D-02  0.188984149461D-01 -0.872769649772D-03
  0.214836150592D-02 -0.392429695569D-02 -0.453997707416D-02  0.335761729000D-02
 -0.147216544754D-01 -0.788450931842D-02  0.166508162142D-02 -0.677392587719D-02
  0.627758368141D-02 -0.373479902009D-03 -0.161083060633D-01  0.265918905372D+00
 -0.123952997716D-02 -0.462208510794D-03  0.531221527011D-02 -0.542877350323D-03
  0.530903564626D-02 -0.158230127433D-01  0.262604976292D-02 -0.264126369475D-02
 -0.105088447006D-02  0.671489613351D-02 -0.158861581188D-02  0.957284078444D-02
  0.296600185862D-02 -0.126105465175D-02  0.758407104468D-02  0.459646583602D-02
  0.198288827456D-02 -0.785149705016D-02  0.743810764527D-04 -0.772190223718D-02
 -0.395074187248D-02  0.424989469362D-02 -0.470731753716D-02 -0.498622093047D-03
  0.534956872817D-02 -0.252549177243D-02 -0.410681711672D-03 -0.260488554932D-02
  0.172975589998D-02  0.871882681382D-02  0.928685620558D-02  0.319835657902D+00
  0.882937175324D-03 -0.377385961617D-03  0.294492490003D-02 -0.294729112966D-02
  0.180878659065D-02 -0.946460307188D-02  0.278118033207D-02 -0.317882293285D-02
  0.153944611986D-03  0.205632294493D-01  0.454248262355D-02  0.133665477398D-01
  0.216046115827D-02  0.251160511325D-02 -0.611017539702D-02 -0.209266861453D-01
  0.643886383871D-03  0.209663653704D-01 -0.147720553487D-02 -0.855252648160D-02
 -0.118697410918D-01 -0.247111148535D-02 -0.114195046715D-02 -0.193354596392D-01
 -0.252455413441D-02 -0.132901257846D-02 -0.106411177267D-01  0.534070585799D-02
  0.169096436273D-02 -0.105877665423D-01 -0.644709005416D-01 -0.606077614477D-02
  0.229410845440D+00 -0.769724939360D-03 -0.267427615035D-02 -0.907645739723D-03
  0.390361495070D-02 -0.108754809237D-02  0.900918274715D-02 -0.577959158237D-02
 -0.296030017953D-02  0.664933804655D-03 -0.691246132746D-02 -0.256715740718D-02
 -0.515572389513D-02 -0.560932003046D-02 -0.426950293130D-02 -0.367744291943D-02
  0.762196555529D-04 -0.139896920919D-02  0.159103304424D-02 -0.615084209635D-02
  0.259228307835D-02  0.436196046534D-02 -0.103266205470D-01 -0.149118616304D-02
 -0.171777331929D-02 -0.168101473838D-02 -0.132330184317D-02 -0.781183875543D-03
 -0.275215424117D-02 -0.992949748400D-03 -0.209895766989D-02  0.330320301026D-02
  0.626032161350D-02  0.146056995012D-01  0.100375884865D+01  0.940060603006D-03
 -0.682959012420D-03 -0.246366510381D-02  0.343273035224D-03 -0.240929367952D-02
  0.459909180023D-02 -0.205879049477D-02  0.461796769696D-04 -0.143449051082D-03
  0.692299952537D-03  0.143447447550D-02 -0.131439447145D-02 -0.239000883336D-02
  0.114550731568D-03 -0.591074381804D-02 -0.687168097393D-02 -0.988410003786D-03
  0.787194791104D-02 -0.129105184750D-02  0.166129873483D-02 -0.577061947233D-03
 -0.932434891622D-02  0.185190565803D-02  0.391472323844D-02  0.508127574310D-03
  0.524921396199D-03 -0.823604837895D-03  0.801233526590D-03 -0.999178737252D-03
 -0.283549465477D-02 -0.967034422012D-02  0.399620694366D-02 -0.930986745149D-02
 -0.274033632278D-02  0.442435154717D+00  0.126526566577D-02 -0.333601856719D-03
 -0.408677719229D-02  0.123307425605D-02 -0.254652211784D-02  0.776875227331D-02
 -0.277701718154D-02  0.990119131729D-03  0.102396375679D-02 -0.568527020106D-02
 -0.898754976333D-03 -0.497835329579D-02 -0.106223484403D-02 -0.868886597341D-03
 -0.470240955605D-02 -0.212244125506D-02 -0.146356571407D-02  0.196918570612D-02
 -0.236317233403D-02  0.362136667292D-02  0.513643439570D-02 -0.771027927897D-02
 -0.618448918625D-03  0.859875201254D-03 -0.268457252507D-02  0.161923275970D-02
  0.145905751491D-02 -0.639574922811D-03 -0.104103658383D-02 -0.434922991155D-02
 -0.672634112096D-03  0.796158431428D-02  0.109653958577D-01 -0.128150592741D-01
 -0.479736918854D-02  0.188684209100D+00  0.142411041651D-02  0.750727072534D-03
  0.245472513415D-03  0.100848945502D-02 -0.479364032930D-03  0.362686203633D-03
  0.127500306736D-03  0.543312907816D-03 -0.209608997074D-03 -0.975746637620D-03
 -0.411377512214D-03  0.326757615231D-03  0.511742157929D-03  0.418471595577D-04
 -0.134903425821D-02 -0.100408651050D-02 -0.281939402626D-03 -0.385375652411D-03
 -0.604842203788D-03  0.196294903178D-02 -0.556788462863D-03 -0.767898251870D-04
  0.240238561162D-03 -0.158751085106D-01 -0.630611473488D-03  0.101425877045D-02
  0.514750080380D-03  0.149923327852D-02 -0.452518829422D-03 -0.393662008369D-03
 -0.118409093243D-02  0.106895056134D-02  0.825076119027D-03  0.813023401004D-03
 -0.894084762304D-03 -0.251472858033D-01  0.500623324694D-01 -0.306553244874D-02
 -0.443327960730D-02 -0.154293548473D-02  0.187242290696D-03 -0.201241078956D-02
  0.477048290210D-03 -0.305535491108D-02 -0.315595249903D-02  0.658577891707D-03
  0.261441285336D-03  0.800446809044D-03  0.113360696263D-02 -0.336696539945D-02
 -0.298889204882D-02 -0.833285950188D-03 -0.204740294350D-02  0.564753793057D-03
  0.184176787596D-02 -0.175981720039D-02  0.957399589603D-03 -0.201277760100D-02
 -0.238688954763D-02 -0.711985492447D-02 -0.173642518553D-02  0.461580370022D-03
 -0.265492619585D-02 -0.371995389664D-02 -0.326642040611D-02 -0.183580024378D-02
 -0.110675060626D-03 -0.248409767926D-02  0.448085832478D-03 -0.302038763770D-02
 -0.429621737043D-02 -0.376058263081D-02 -0.713325991711D-03  0.159629375909D-03
  0.514393495410D+00 -0.396357401992D-02 -0.494469935784D-02 -0.149075084095D-02
  0.657516736278D-04 -0.183556259027D-02 -0.154117735459D-03 -0.319211355601D-02
 -0.351789474015D-02  0.467507986938D-03  0.102191026658D-02  0.872769473830D-03
  0.167116615268D-02 -0.340873049434D-02 -0.331914776930D-02 -0.259316042695D-03
 -0.147719088770D-02  0.679897940913D-03  0.186507931215D-02 -0.193638462230D-02
  0.584804497948D-03 -0.252672003622D-02 -0.280435888009D-02 -0.651340972754D-02
  0.210815967895D-02  0.865029794420D-03 -0.321450318900D-02 -0.416493173641D-02
 -0.419853585206D-02 -0.167178432928D-02  0.495786875212D-03 -0.167800507925D-02
 -0.823611711736D-03 -0.359436799481D-02 -0.319272453350D-02 -0.288469212104D-02
 -0.502861415157D-03  0.358439182131D-02  0.116195715424D-02  0.504825095456D+00
 -0.119669114612D-02 -0.105113888651D-02  0.555573866561D-02  0.173486204588D-02
  0.570089049707D-02 -0.191251897075D-01  0.635874474831D-03 -0.349989098921D-02
 -0.120253808359D-03  0.173409251390D-02 -0.521204427383D-02  0.976118033829D-02
  0.968468918051D-03 -0.288529740646D-02  0.877646226158D-02  0.797171530342D-02
  0.158593370122D-02 -0.142048959006D-01 -0.132851470538D-02 -0.819369847288D-02
 -0.193365730302D-02  0.147563964074D-02  0.681173480058D-03  0.861178289464D-02
  0.194689094995D-02 -0.248456289225D-02  0.141223200603D-03 -0.157294202214D-02
  0.225631943032D-03  0.821102369663D-02  0.110553583061D-01 -0.117773221890D-01
  0.190482934710D-02 -0.180657594326D-02  0.628070692628D-02 -0.226523459961D-02
  0.260211638055D-03  0.203007509517D-02  0.173679175272D-02  0.324377180659D+00
 -0.382489570224D-03 -0.162870302385D-02 -0.104571526085D-02  0.139303565774D-02
 -0.718348810157D-03  0.962484035840D-04 -0.285140843825D-02 -0.130937697798D-02
  0.758921667225D-03 -0.236411336421D-02 -0.195969559340D-02 -0.356166118168D-04
 -0.328913956824D-02 -0.161947244643D-02 -0.135988538034D-02 -0.919004337624D-03
 -0.709580737230D-03  0.546070956378D-03 -0.207998772665D-02 -0.466361971358D-03
  0.855477401023D-03 -0.771886583624D-02  0.124775541207D-02  0.739878890662D-03
 -0.196015158299D-02 -0.424657592178D-03 -0.356197489720D-03  0.267553060024D-03
 -0.182529976573D-02 -0.679113007220D-03 -0.128098542178D-02  0.200505890368D-02
  0.202922465309D-02 -0.992652572123D-02 -0.161485004912D-02 -0.932358094913D-02
  0.982143588910D-03 -0.126580869625D-03  0.120846368781D-02 -0.345116227270D-02
  0.370047670515D+00 -0.327943038385D-04 -0.207091721593D-03 -0.295414853127D-02
 -0.133368453554D-02 -0.381852091115D-02  0.793139322144D-02 -0.173028151712D-03
  0.896430676106D-03 -0.846919566618D-03 -0.947565708468D-03  0.387890851660D-02
 -0.486522481205D-02  0.304363834639D-03  0.931848718267D-03 -0.421919730904D-02
 -0.200654163890D-02 -0.170493126000D-03  0.308242661164D-02  0.722920599804D-03
  0.619041597511D-02 -0.167088832974D-03  0.227638499903D-02 -0.108712128292D-03
  0.116243994648D-01  0.228506584866D-02  0.356282406452D-04 -0.353531066741D-03
 -0.146042424622D-02  0.118291005929D-02 -0.239974391860D-02  0.285727863083D-03
  0.547674523896D-02  0.692889638003D-02  0.712614208210D-02 -0.222158365238D-02
  0.744191050299D-02 -0.790377780106D-02 -0.615845441145D-02 -0.784129850715D-02
  0.149173046514D-01  0.501921842636D-02  0.252189482767D-01  0.140921691122D-02
  0.167227232554D-03 -0.341027318856D-03  0.152407828286D-02 -0.639490854701D-03
  0.329172754253D-02  0.129427241141D-03  0.564055401565D-03  0.506042102493D-03
 -0.301124606422D-03  0.169843109496D-02 -0.411674176455D-03  0.103915813454D-03
 -0.169966947041D-03 -0.112119023784D-02 -0.542324878540D-02  0.577286031561D-03
  0.139412814796D-02 -0.223463645083D-03  0.761141348188D-03 -0.636564380462D-03
  0.322576190122D-02 -0.158234339819D-01 -0.591245851892D-01 -0.209954668810D-03
  0.796628482273D-03  0.748079719859D-03  0.143429680107D-02 -0.161800265856D-02
 -0.288384729449D-03 -0.267090053077D-02  0.231022182955D-02 -0.474354659149D-02
 -0.286198944206D-02 -0.723516129122D-02 -0.514328095722D-02  0.105941853056D-01
  0.787824895122D-03 -0.310040790964D-03 -0.175134949561D-02 -0.200482272356D-02
 -0.591614756477D-02  0.571949685798D-01 -0.289828484315D-02 -0.430346977233D-02
 -0.311959951452D-03  0.210446672705D-02 -0.681365845451D-03  0.193755018142D-02
 -0.402455312439D-02 -0.397501595673D-02  0.195713167736D-03 -0.270073049955D-02
 -0.964419884114D-03 -0.113420719164D-02 -0.278197682759D-02 -0.445851668981D-02
 -0.723902989744D-04  0.134824650984D-02  0.248587999038D-03 -0.176960131204D-02
 -0.496332863781D-02  0.909412490292D-03  0.100501945447D-02 -0.275762297929D-02
 -0.239735021953D-02  0.207514628053D-02  0.220629528993D-03 -0.346043822725D-02
 -0.310750361950D-02 -0.504549010767D-02  0.126872572834D-03  0.305055900306D-03
  0.368615795305D-02  0.607402775189D-03  0.620229858077D-02 -0.369055477477D-02
 -0.324290690509D-03 -0.174686279230D-02  0.119108931929D-02 -0.311681111708D-02
 -0.287094641153D-02 -0.214902277617D-02 -0.350093117766D-02  0.175127949296D-02
 -0.209559057032D-02  0.385466225618D+00 -0.796726959135D-03 -0.255550909934D-03
 -0.119258930086D-02 -0.958023780156D-03 -0.146875070916D-02 -0.310743370768D-02
 -0.655870939821D-04  0.955875385376D-03  0.208563021422D-02  0.123791346666D-02
  0.974403509348D-03  0.252257651722D-02 -0.532986476958D-04  0.163690250293D-02
  0.164906165380D-02 -0.122342840467D-02  0.207455159186D-02  0.174944011271D-02
  0.656498365817D-04 -0.282676136005D-02 -0.634414931937D-02  0.145672428959D-02
 -0.242351076936D-01 -0.309273335852D-02  0.226784889967D-02  0.756638576059D-04
 -0.466354083845D-03  0.135820958490D-02 -0.424365565583D-02  0.138224047720D-02
 -0.282999857552D-02 -0.255717632479D-02 -0.865246802699D-02  0.113802390383D-02
 -0.556505018138D-02  0.569612095944D-03 -0.109433407443D-02  0.606863062843D-02
  0.640917318555D-02 -0.423502660999D-02 -0.249830381721D-02  0.134688289868D-02
  0.121054271697D-02  0.162073865510D-02  0.420765248310D+00  0.128546326831D-02
 -0.241208444684D-03 -0.403431114740D-02  0.411470260476D-03 -0.342900251420D-02
  0.711149382656D-02 -0.123978282895D-02  0.175775866993D-02 -0.129320505921D-02
 -0.327777849898D-02  0.425904331142D-03 -0.398507454626D-02  0.643705247890D-03
  0.184217572774D-03 -0.654427378153D-02 -0.350476504321D-02 -0.198586223466D-02
  0.295255326320D-02 -0.111119671422D-02  0.666317678251D-02  0.375814857754D-02
 -0.824700209725D-02  0.923415638946D-02 -0.484891532534D-02 -0.904637940880D-03
  0.181196480046D-02  0.963906408969D-03 -0.128257341903D-02  0.503369843655D-03
 -0.302315367158D-02 -0.124956710727D-03  0.591460317805D-02  0.984030775761D-02
 -0.372677912652D-02 -0.227336211114D-02 -0.110604106754D-01  0.187405294661D-01
 -0.149360472207D-02  0.434226741730D-02  0.580188806216D-02  0.132930933081D-02
 -0.144334968992D-01  0.237605812013D-02  0.257935769679D-02 -0.759922644015D-02
  0.331078468001D-01 -0.265508380256D-02 -0.274801701871D-02 -0.466698670024D-04
 -0.250251303855D-03 -0.120331329377D-02 -0.689036166969D-03  0.446797961836D-04
 -0.237910413369D-02 -0.511789929265D-03 -0.333294669955D-03  0.179147620054D-02
  0.670603797508D-03  0.161587867525D-02 -0.229636197956D-02  0.205935023250D-02
  0.309458175819D-02  0.151350136439D-02 -0.594444635414D-02 -0.725886551193D-03
  0.387357716588D-02 -0.153307204900D-02  0.973886243734D-02 -0.744193276084D-02
 -0.647918587681D-02  0.231147800675D-02 -0.257336046234D-02 -0.250334752169D-02
 -0.504886908552D-02  0.125835182525D-02  0.115096345296D-02  0.578372964469D-02
 -0.100909743946D-02  0.715785225770D-02  0.703908738072D-02 -0.348092754820D-04
  0.918358433154D-02  0.576929758661D-02 -0.103200860585D-02 -0.168239877434D-02
  0.306517561268D-02  0.465675496117D-02 -0.145125668637D-01  0.119139952047D-01
  0.101532645977D-02  0.832861165391D-02  0.499130813255D-02  0.617362410533D+00
  0.343313412622D-03 -0.407706475828D-03  0.163022543270D-02 -0.209464432397D-02
  0.228006082962D-02 -0.524466139354D-02  0.953738280959D-03 -0.105259180362D-02
 -0.423290739694D-02  0.238288281634D-02 -0.332919698119D-02  0.121815706746D-02
  0.173931892938D-02 -0.789142500194D-03 -0.333938610184D-02  0.287279182021D-02
 -0.350489710619D-02 -0.221634977893D-02  0.249774448246D-04  0.534664046252D-03
  0.874267645355D-02 -0.104032510242D-01  0.425657436764D-01  0.499626331939D-01
 -0.256836214456D-03 -0.441387695224D-03 -0.340357148825D-03 -0.426547753327D-02
  0.655638414730D-02  0.276809815713D-02  0.874085246299D-02 -0.432739220533D-02
  0.124649260274D-01 -0.170557830283D-02  0.991558109577D-02  0.377827119798D-02
 -0.877921876887D-03 -0.608382483685D-02 -0.396833904477D-02  0.420609533904D-02
  0.495900028366D-02 -0.102832233209D-02 -0.343601223396D-01  0.113918761083D-02
 -0.339010797644D-01  0.256664776107D-01 -0.129438533838D-01  0.488418633363D+00
 -0.165232212470D-02 -0.253044658098D-02  0.610530453548D-03  0.351976783102D-02
 -0.893058265752D-03 -0.290010962755D-03 -0.419040922346D-02 -0.347185467840D-02
  0.393247997951D-03 -0.513446388628D-02 -0.104953924849D-02 -0.468795976049D-03
 -0.330982717405D-02 -0.471695342598D-02 -0.140019598066D-02  0.131406582230D-02
 -0.420053252060D-04 -0.695496815489D-02 -0.467700613213D-02  0.420315691965D-02
  0.798798023070D-03  0.130157626575D-02  0.983803742572D-02  0.133304436296D-01
 -0.167241743069D-02 -0.230467262455D-02 -0.287457473830D-02 -0.205209879287D-02
  0.890615393049D-04 -0.300163570290D-02 -0.458415000134D-02  0.429415948586D-02
  0.253923202163D-02 -0.191162816009D-02  0.235886814268D-03 -0.209615509704D-02
  0.390156440451D-03 -0.526500176063D-02 -0.550101655114D-02  0.197180421400D-03
 -0.321783975268D-02 -0.214230825234D-02 -0.334319059632D-02 -0.250840823926D-02
 -0.495563351720D-02  0.629473309227D-03 -0.576891707960D-02  0.165587182093D-01
  0.615854429750D+00  0.281949176337D-02  0.344611853770D-02 -0.195962389476D-02
  0.312018813433D-03 -0.277381881611D-02  0.208956684829D-02  0.349528164455D-02
  0.461729677906D-02  0.345950224535D-02 -0.573361843006D-02  0.289561571261D-02
 -0.347108529642D-02  0.451833244709D-02  0.521022089832D-02  0.471706972015D-02
  0.932036288646D-03  0.381864659858D-02 -0.554024009740D-02  0.334509657329D-02
  0.123322159742D-02 -0.527129311962D-02  0.225778597836D-01 -0.346654317276D-01
 -0.367394003019D-01 -0.105179097463D-02  0.286448461488D-02  0.228589188829D-02
  0.644798970228D-02 -0.430863872692D-02 -0.419913232238D-02 -0.669689553137D-02
  0.492440926571D-02 -0.645211990105D-02  0.923047638622D-02 -0.476149319404D-02
  0.265963927781D-02 -0.562103142954D-02  0.100531911731D-01  0.525542969543D-02
 -0.300319061056D-02 -0.307009122486D-02  0.388785042467D-02  0.286954454615D-01
  0.393551671798D-02  0.338614660132D-01 -0.299447646494D-01  0.101578223195D-01
 -0.747687783605D-01 -0.140428708136D-01  0.460596959928D+00  0.481753967060D-02
  0.360558768344D-02 -0.171397983182D-02  0.558894705472D-03 -0.981745795253D-03
  0.193156145059D-01  0.257298859101D-02  0.388376747066D-02  0.187874232511D-02
 -0.558552902489D-03  0.528768029334D-02 -0.832019132360D-02  0.342516205313D-02
  0.372420876927D-02  0.144665170714D-03 -0.479485587733D-02  0.206098149840D-02
  0.137305807797D-01 -0.886714628135D-04  0.368990241109D-03 -0.128065532700D-02
  0.110005810011D-01 -0.384473717623D-01 -0.662110327635D-01  0.437296300893D-02
  0.295009863070D-02  0.448937868039D-02  0.241033281210D-02 -0.157975055291D-02
 -0.124041600179D-03  0.644581497506D-02  0.422153466528D-02  0.404005209807D-02
  0.436060726267D-02 -0.102189970770D-01  0.253281509708D-02  0.129468622471D-01
  0.354067418242D-02 -0.208971529759D-03  0.194539990439D-02 -0.483344764189D-02
 -0.307369959072D-02  0.358405147330D-01  0.115307265951D-02  0.210407959624D-01
 -0.570043043281D-02  0.231487623641D-01 -0.817237999036D-01  0.790213216657D-02
  0.738510041296D-01  0.127962368735D+00 -0.315020950903D-02 -0.537712620743D-02
 -0.141817944728D-02  0.344653664693D-03 -0.178980069132D-02  0.154650546330D-02
 -0.575370931167D-02 -0.491314209753D-02  0.761954903482D-04  0.232323622968D-02
 -0.703665943805D-03  0.194780350992D-02 -0.619108406714D-02 -0.417760233610D-02
 -0.511558935784D-02 -0.513106523434D-02 -0.116429876060D-02  0.826530102364D-02
 -0.605489265216D-02 -0.633140608643D-03 -0.649440530249D-03 -0.153452105530D-01
  0.482477567398D-02  0.141648568965D-01  0.786284849678D-03 -0.354011713034D-02
 -0.458710675849D-02 -0.430968731504D-02 -0.107222292823D-02  0.221032297131D-03
 -0.520142321674D-02 -0.186120519301D-03 -0.705740113602D-02 -0.113736739721D-01
 -0.548529629953D-02 -0.184829955737D-02 -0.226799251946D-02 -0.506108918784D-02
 -0.300868027996D-02  0.156533112437D-02 -0.331227281312D-02 -0.358874308868D-03
 -0.170026554895D-01 -0.540227171465D-02 -0.764713924875D-02  0.651003258053D-02
  0.741239324231D-03  0.297571283290D-01  0.107767890377D-02 -0.138771994493D-01
 -0.308836637437D-01  0.352728964788D+00 -0.472007204403D-02 -0.332962210409D-02
  0.335646356908D-02 -0.355528886876D-02  0.555463830871D-02 -0.884847843608D-02
 -0.139273504916D-02 -0.338566846324D-02 -0.434440581046D-02  0.122299628698D-01
 -0.227196242021D-02  0.655395907783D-02 -0.422074653019D-02 -0.284858651210D-02
 -0.120857185709D-02 -0.167873190390D-02 -0.364293879629D-02  0.994749404723D-02
  0.209505206920D-03 -0.863546471724D-02  0.447638355797D-02 -0.239022864610D-01
  0.476712596687D-01  0.610452491066D-01  0.226107350237D-02 -0.374007787102D-02
 -0.336399085060D-02 -0.590181047483D-02  0.515846949376D-02  0.756159490789D-02
  0.474523321468D-02 -0.132819751683D-01 -0.979734889442D-02 -0.676806128872D-02
  0.109475466587D-01  0.664890815595D-02 -0.503212897175D-02 -0.381665033520D-02
 -0.849189797360D-04  0.307863071447D-02  0.940431254861D-02  0.323175385023D-02
 -0.494610878234D-01 -0.414051742091D-02 -0.425670171365D-01  0.289333882539D-01
 -0.145423164609D-01  0.107654561284D+00  0.232730778631D-01 -0.910701725761D-01
 -0.121316005618D+00  0.290500446054D-01  0.487364017001D+00  0.182566039976D-03
  0.268681751438D-02  0.189280674849D-03 -0.747090538884D-03 -0.670746531193D-03
  0.898637366537D-02  0.209621355640D-02  0.162111971062D-02  0.387962330765D-02
 -0.369296976762D-03  0.274941675356D-02 -0.189119116097D-02  0.287558557042D-02
  0.299228859912D-02  0.572478763540D-02  0.238006024023D-02  0.341979899318D-02
  0.452405719872D-02 -0.197531041854D-02 -0.484899140787D-03 -0.664860022194D-02
  0.185947683684D-01 -0.431700993253D-01 -0.556593746258D-01 -0.619973115528D-03
  0.933570575629D-03  0.234110704309D-02  0.208270516336D-02 -0.354968134993D-02
 -0.427815642744D-03  0.298089757475D-02  0.829572813733D-03 -0.371530929066D-03
  0.389518733424D-02 -0.956762513304D-02  0.111278026370D-01  0.934435734619D-02
  0.865720971569D-02  0.758945034303D-02 -0.730310247824D-02 -0.325394186063D-02
 -0.328270473388D-02  0.367071895549D-01  0.149808275491D-02  0.377454184947D-01
 -0.383597712585D-02  0.217557810864D-01 -0.894864216601D-01 -0.679831620282D-02
  0.699545402557D-01  0.795363017934D-01 -0.144585729720D-01 -0.117722780414D+00
  0.483012446962D+00 -0.180305430162D-02 -0.198187780430D-02  0.459542063300D-03
  0.236428441244D-02 -0.111435368356D-02  0.353205954094D-02 -0.482120813624D-02
 -0.245930627983D-02  0.950542960960D-03 -0.975071118313D-03  0.213385691608D-03
 -0.111906481389D-04 -0.666631214648D-02 -0.317531580189D-02 -0.361131408648D-02
 -0.393061760040D-02 -0.390138041397D-03  0.427632267698D-02 -0.404319433249D-02
  0.994176493354D-03 -0.170498778052D-02 -0.655179600036D-02  0.221363533844D-02
  0.163761710427D-02  0.253723306432D-04 -0.164077872538D-02 -0.218592842087D-02
 -0.706350101718D-04 -0.257103511735D-02 -0.715327286658D-03 -0.596955456211D-02
  0.269424199978D-02 -0.432930857291D-02 -0.543835429048D-02 -0.520528375390D-02
 -0.928930280773D-02  0.531431876223D-03 -0.398000607912D-02 -0.393946862890D-02
  0.286348158989D-02 -0.324777898351D-02 -0.201783113677D-02 -0.453330657902D-02
 -0.468826673837D-02 -0.306907613715D-02 -0.502704444731D-02 -0.112582699768D-02
  0.728663222789D-02 -0.181427998897D-02 -0.100652407824D-02 -0.652825399107D-02
 -0.643695778932D-02  0.857072580246D-02 -0.272935679533D-02  0.370617790433D+00
 -0.356308650172D-02 -0.355605817764D-02  0.326048249848D-02  0.747125202357D-03
  0.253230082536D-02 -0.934010051252D-02 -0.652425284853D-03 -0.533963702528D-02
 -0.278763195410D-02  0.584385383645D-03 -0.309687171518D-02  0.506417750595D-02
  0.121153250616D-02 -0.533595125942D-02  0.270061796565D-02  0.765152564309D-02
 -0.706745617740D-03 -0.122620996830D-01 -0.272894837224D-02  0.243129997370D-02
  0.339677616133D-02  0.209468055436D-02  0.239675977400D-01  0.268130478654D-01
 -0.563254263977D-03 -0.384756453145D-02 -0.295207903987D-02 -0.785156709515D-02
  0.509481377403D-02  0.319279971529D-02  0.960840946577D-02 -0.541875174557D-02
  0.119951959077D-01  0.320837664275D-02  0.821789004560D-02  0.653602981774D-02
  0.916126062358D-02 -0.467731610623D-02 -0.217321800095D-02 -0.311449586815D-02
  0.520668211553D-02 -0.932680369651D-02 -0.922855337585D-02 -0.280075192866D-03
 -0.180726104595D-01  0.291667588831D-01 -0.117268724569D-01  0.488695253908D-01
  0.500533677749D-03 -0.479761560980D-01 -0.217410503408D-01  0.202021250602D-01
  0.620227183247D-01 -0.293402319287D-01  0.325909806137D-02  0.425428881649D+00
 -0.193616709370D-02 -0.304105045175D-02 -0.280367866486D-03  0.730783741759D-03
 -0.392972468518D-03 -0.211129644432D-02 -0.202381720276D-02 -0.280221534074D-02
  0.476011467740D-03 -0.229429631289D-03 -0.280487996818D-03  0.200959993033D-02
 -0.169917285481D-02 -0.249337028777D-02  0.139390537406D-02  0.942248680641D-04
  0.794922492308D-03 -0.130843682517D-02 -0.226517226052D-02 -0.452155879621D-03
 -0.152799181648D-02 -0.250201702184D-03 -0.586331027864D-02 -0.546737605556D-02
  0.273010535495D-03 -0.222667554279D-02 -0.186243176457D-02 -0.259724373204D-02
 -0.104811730263D-02  0.124069041327D-02  0.129445120872D-02 -0.109337727570D-02
 -0.285503849460D-03 -0.400949024291D-02 -0.219931625553D-02  0.268525789840D-03
  0.167725829718D-02  0.115092903982D-02  0.106912553429D-02 -0.298209098800D-02
 -0.129137227560D-02 -0.160451711564D-02  0.396724923452D-02 -0.291762750720D-02
  0.200945175489D-02  0.162538500050D-02  0.240393624992D-02 -0.685608512117D-02
 -0.415642208787D-02  0.691680532609D-02  0.101486410851D-01 -0.397455289691D-02
 -0.810622830637D-02  0.136484255523D-01 -0.375788441878D-02 -0.193488662813D-02
  0.407826829820D+00 -0.128023778383D-02 -0.180373519737D-02 -0.170750949218D-03
  0.252553362473D-03 -0.592273450587D-03  0.581447185021D-02 -0.173712555186D-02
 -0.169042244750D-02  0.121019301801D-02 -0.157729915448D-02  0.844225711326D-03
 -0.317925716087D-02 -0.591270347733D-03 -0.194960872261D-02  0.847894723343D-03
  0.101005832166D-02  0.783431484432D-03  0.185866192301D-02 -0.328873998235D-02
  0.576188751641D-03  0.138590925588D-03  0.449046958252D-02 -0.103694314715D-01
 -0.123866223452D-01  0.124748468500D-05 -0.201995073473D-02 -0.219642277182D-02
 -0.205646483622D-02  0.330193502362D-03 -0.120015479531D-02  0.182214692092D-02
  0.170031799656D-02  0.294821793429D-02 -0.182489860512D-02 -0.110029483962D-02
  0.369767156390D-02  0.455054449105D-03 -0.145518050038D-02 -0.310600459893D-02
  0.548107112674D-04 -0.262304623889D-02  0.197237805811D-02  0.641750359669D-02
 -0.231331067739D-02  0.108410826894D-01 -0.434640203729D-02  0.331174550416D-02
 -0.209051083232D-01  0.857827873838D-04  0.241945957400D-01  0.177913793504D-01
 -0.856644422072D-02 -0.353397828794D-01  0.221159062872D-01 -0.259564416984D-02
 -0.119780384075D-01  0.450676210965D-03  0.371611753065D+00 -0.219530167459D-02
 -0.320750805899D-02  0.288897542176D-03  0.115083294822D-02 -0.241324666750D-03
  0.287144756096D-03 -0.283235426968D-02 -0.316686496299D-02  0.391120476476D-03
 -0.570721312019D-03  0.699560264140D-04  0.163295837617D-03 -0.239499115644D-02
 -0.349940370084D-02  0.211098574487D-03 -0.178042255538D-03  0.510826591290D-03
 -0.718455751065D-03 -0.320825249385D-02 -0.720861904302D-04 -0.560973412339D-03
 -0.653826934166D-03 -0.477855468632D-02 -0.374501942588D-02  0.920274031407D-03
 -0.284253911496D-02 -0.295976869602D-02 -0.302002032908D-02 -0.769224322709D-04
  0.351460475057D-03  0.395155227431D-03 -0.491408804401D-04 -0.243858899436D-03
 -0.250340253728D-02 -0.113196696768D-02  0.663376922169D-03 -0.245936274346D-02
 -0.296082598526D-02 -0.403013667167D-02 -0.571786594191D-03 -0.213594792072D-02
  0.132043546403D-02  0.107180756811D-02 -0.331414629145D-02  0.251463599357D-02
 -0.541913959017D-02 -0.119476156389D-02 -0.745658871982D-02 -0.221989152309D-02
  0.122633417787D-01  0.731578255292D-02 -0.812375957758D-02 -0.126806630853D-01
  0.389427911537D-02 -0.339321203963D-02 -0.830629320758D-02 -0.234486347618D-02
  0.506465251382D-03  0.361949994200D+00 -0.603473496599D-03 -0.145326448055D-02
  0.110637712420D-02 -0.649455151354D-03  0.191539765904D-02 -0.569116209065D-02
  0.165846160827D-02 -0.129263285618D-02 -0.252982554779D-02  0.130877682015D-02
 -0.150052579551D-02  0.163073871069D-02  0.246628971187D-02 -0.102988110931D-02
  0.201663472457D-02  0.346228259335D-02 -0.621671424004D-03 -0.555834805936D-02
  0.175171188620D-02 -0.778114993381D-03  0.363419422942D-02 -0.862806016716D-03
  0.124443555253D-01  0.100864936297D-01  0.810165883746D-03 -0.117232833898D-02
 -0.398923966886D-03 -0.378049071617D-02  0.359628068694D-02  0.325777497683D-02
  0.910378794091D-02 -0.450808510992D-02  0.803908111816D-02  0.295009583241D-02
  0.714346260371D-02 -0.207575171447D-02  0.473613390460D-02 -0.764846238561D-03
 -0.364897902007D-03 -0.427278658168D-03  0.436017723138D-02 -0.116025224923D-02
 -0.420381622651D-02  0.849778189648D-03 -0.127869113187D-01  0.119399170899D-01
 -0.676797802631D-02  0.249545668421D-01  0.460744825031D-02 -0.218866833432D-01
 -0.220639574580D-01  0.794377367793D-02  0.293558798279D-01 -0.363599825638D-01
  0.256500110410D-02  0.103892571201D-01 -0.156336178754D-02 -0.933680218471D-02
 -0.196596574868D-02  0.373324565384D+00  0.134115162502D-02  0.237462398219D-02
  0.268341150617D-02  0.166518484464D-02  0.158867440543D-02 -0.395117006389D-02
  0.844097637362D-03  0.103017872216D-03 -0.156939869018D-03 -0.190099024639D-02
 -0.161049501676D-02  0.207833384459D-02  0.157262957040D-02 -0.339104697415D-03
  0.127675192319D-02  0.381150624766D-02  0.237714288860D-03 -0.751126676371D-02
 -0.129121474989D-02  0.138532300286D-02 -0.264683790812D-04  0.500865302525D-02
  0.450980627064D-02  0.496856624839D-02 -0.300930840726D-03  0.948064141838D-03
  0.204399207774D-02  0.707487341946D-03  0.590652276500D-03  0.109909252744D-02
  0.351909882506D-02 -0.713835944089D-03  0.694447213777D-02  0.389739285975D-02
  0.653639919095D-03  0.787842172288D-03  0.396130418316D-02 -0.140481903105D-02
 -0.993642034800D-03 -0.466164130560D-02 -0.171390994982D-02 -0.115887900714D-02
  0.133356828812D-02  0.206763509870D-02 -0.252209052582D-02  0.608162610148D-02
  0.610247244294D-03  0.609633741882D-02  0.939719538476D-04 -0.808359693590D-02
  0.127798072664D-01  0.555937911339D-02  0.615154688018D-02  0.113374431872D-01
  0.287248070035D-02  0.363698155471D-02 -0.275416933556D-03  0.480288788501D-02
  0.295953743276D-04 -0.260085919138D-02  0.369321068124D+00 -0.308336179189D-02
 -0.136706471411D-02  0.150227969907D-02 -0.247385751099D-02  0.162311159284D-02
 -0.132187127067D-03 -0.607565294504D-03 -0.201223385103D-02 -0.208462710569D-02
  0.362813739057D-02 -0.237531524625D-02  0.162641675159D-03 -0.314720633848D-02
  0.214211866841D-03 -0.111112274878D-02  0.286103485333D-02 -0.241480532486D-02
  0.484185534311D-02  0.299530651077D-03 -0.226567052866D-02  0.367538195395D-02
 -0.111694917324D-01  0.271456685761D-01  0.452191560008D-01 -0.104196491540D-02
 -0.190753148042D-02 -0.188938407132D-02 -0.285474849995D-02  0.320872814797D-02
  0.127386733910D-02  0.191245598610D-02 -0.399457444858D-02  0.767444934344D-03
 -0.619724314937D-03  0.810227330694D-02  0.318450866866D-03 -0.757892550724D-02
 -0.347061189345D-02 -0.230461232551D-02  0.518356802736D-02  0.525262415981D-02
  0.515939273130D-02 -0.298174844498D-01 -0.354496688336D-04 -0.154980680336D-01
  0.486348374158D-02 -0.159416998033D-01  0.591199477784D-01  0.634500299706D-02
 -0.474949076942D-01 -0.669072732629D-01  0.217334520338D-01  0.737493608606D-01
 -0.653578210176D-01  0.927599034933D-02  0.260428195852D-01 -0.605803499278D-02
 -0.212617434617D-01 -0.577050767835D-02  0.142965775266D-01  0.182672800670D-02
  0.558257169444D-01 -0.317602271739D-02 -0.509677203626D-03  0.134219252024D-03
 -0.151412933979D-02  0.101238713586D-02 -0.627963646330D-02 -0.879475164067D-03
  0.248915480727D-02 -0.165826995036D-02  0.559298288618D-03 -0.105512962090D-02
 -0.668184019682D-03 -0.111634993755D-02 -0.357467331551D-03 -0.179098722099D-02
  0.506352642348D-03 -0.173173105192D-02 -0.301740885954D-02  0.275256992219D-02
 -0.216937438118D-02  0.369631481015D-02 -0.113345575042D-01  0.248283998243D-01
  0.455289673578D-01  0.881903096688D-03 -0.556701972676D-03 -0.243189453763D-02
 -0.110619055197D-02  0.125098462409D-02  0.773119579378D-03 -0.100506869229D-02
 -0.374648182230D-02 -0.179919455390D-02  0.647094575601D-03  0.102917476537D-01
  0.160720816071D-02 -0.579112659159D-02 -0.177894392134D-03  0.206553576761D-02
  0.333904964175D-02  0.435201636508D-02  0.281701710103D-02 -0.274053410028D-01
  0.248463613501D-02 -0.698050645395D-02  0.106517075216D-01 -0.129644245280D-01
  0.586044932307D-01  0.727019850965D-02 -0.469788044207D-01 -0.578106864950D-01
  0.197557501638D-01  0.714346366569D-01 -0.856088817430D-01  0.775487843569D-02
  0.149425249133D-01 -0.115598515228D-01 -0.140212101210D-01 -0.104117602623D-02
  0.160009880223D-01 -0.682996813478D-02  0.329802307836D-01  0.883062970473D-01
$end
