$optinfo internal
 gdiistep   off
 trostep    on
 calchess   off
 iteration   8
 ndiis       5
 itrvec      0
 tradius    1.680982355125E-02
 actrad     1.680982355125E-02
 energyo   -5.347624533508E+02
 predengy  -1.792174575329E-05
 trnvec
  0.000000000000D+00  0.000000000000D+00  0.000000000000D+00
  0.000000000000D+00  0.000000000000D+00  0.000000000000D+00
  0.000000000000D+00  0.000000000000D+00  0.000000000000D+00
  0.000000000000D+00  0.000000000000D+00  0.000000000000D+00
  0.000000000000D+00  0.000000000000D+00  0.000000000000D+00
  0.000000000000D+00  0.000000000000D+00  0.000000000000D+00
  0.000000000000D+00  0.000000000000D+00  0.000000000000D+00
  0.000000000000D+00  0.000000000000D+00  0.000000000000D+00
  0.000000000000D+00  0.000000000000D+00  0.000000000000D+00
  0.000000000000D+00  0.000000000000D+00  0.000000000000D+00
  0.000000000000D+00  0.000000000000D+00  0.000000000000D+00
  0.000000000000D+00  0.000000000000D+00  0.000000000000D+00
  0.000000000000D+00  0.000000000000D+00  0.000000000000D+00
  0.000000000000D+00  0.000000000000D+00  0.000000000000D+00
  0.000000000000D+00  0.000000000000D+00  0.000000000000D+00
  0.000000000000D+00  0.000000000000D+00  0.000000000000D+00
  0.000000000000D+00  0.000000000000D+00  0.000000000000D+00
  0.000000000000D+00  0.000000000000D+00  0.000000000000D+00
  0.000000000000D+00  0.000000000000D+00  0.000000000000D+00
  0.000000000000D+00  0.000000000000D+00  0.000000000000D+00
  0.000000000000D+00  0.000000000000D+00  0.000000000000D+00
 displ
 -0.994139645232D-03 -0.124914132649D-02 -0.389389699879D-04
  0.179277295845D-03 -0.102774481206D-03 -0.975097549989D-03
 -0.119293414288D-02 -0.116056008145D-02 -0.634561274577D-04
  0.185004472413D-03 -0.256518291538D-03  0.575925554888D-03
 -0.101546557796D-02 -0.138091030612D-02 -0.312548075604D-03
 -0.313337654883D-03 -0.171914300729D-03 -0.539838453685D-03
 -0.127910982050D-02 -0.179755697959D-03 -0.170446888002D-03
 -0.995350507668D-03 -0.458061872439D-03 -0.416309281980D-02
  0.776392357394D-02 -0.107651338895D-02 -0.103962001743D-02
 -0.113214630118D-02  0.185018774055D-03  0.319107736010D-03
  0.254659377211D-03 -0.195212846141D-03  0.317207400421D-04
 -0.958510747704D-03 -0.226296466077D-03 -0.140738439953D-02
 -0.467049830515D-04 -0.162640921491D-02 -0.139243730283D-02
 -0.372067563873D-03 -0.313095072826D-03  0.408159810402D-03
  0.547788359004D-02 -0.146893130077D-02 -0.828490225816D-03
 -0.412797119991D-02 -0.736568345508D-03 -0.515382558132D-03
 -0.105252178543D-02  0.874169210042D-03  0.598203126503D-02
 -0.263402108746D-02 -0.628755504173D-03 -0.400540825492D-03
 -0.205401949560D-02 -0.151966577469D-02 -0.147618020556D-02
 -0.662183104245D-03 -0.133020661984D-02  0.297357231319D-03
 -0.718065856038D-03  0.391278595333D-03  0.852254085760D-02
 dxyz
 -0.314206803961D-04  0.319740738589D-02 -0.329822131513D-02
  0.260813760894D-03 -0.497827833418D-03  0.972630503146D-02
 -0.119804809340D-02 -0.642433349771D-03  0.233895101815D-02
 -0.479236900020D-02  0.230024075262D-03 -0.490521460862D-02
 -0.235232468930D-02  0.215658815620D-03 -0.393143837331D-02
 -0.442136709844D-02  0.387775856194D-02 -0.886430448369D-02
 -0.859517392396D-02  0.492412706171D-02  0.165506836123D-01
  0.737537633887D-03 -0.570470468014D-02  0.137521110405D-02
  0.754406489591D-02  0.780934937889D-02 -0.463137049737D-02
  0.801353599079D-02 -0.527334081450D-02  0.164187227985D-01
 -0.388676919513D-02  0.254077131213D-02  0.425190790879D-02
 -0.209189290047D-02 -0.196169363521D-02 -0.272931584118D-02
  0.699646565097D-02 -0.687394115502D-02  0.160735553665D-01
 -0.270838052770D-02 -0.231359716229D-02  0.162288399225D-02
 -0.507919981113D-02 -0.296949386450D-02 -0.299930918341D-03
 -0.179183206727D-01  0.625833627620D-02 -0.126518733958D-02
  0.250076172190D-02 -0.519141336217D-02  0.120190504214D-01
 -0.163248419707D-02 -0.114309743040D-01 -0.138797969541D-01
 -0.289542227804D-02  0.695058540105D-03 -0.716706194860D-02
  0.219912928303D-02  0.165966009076D-02 -0.661463667150D-02
  0.817186415573D-02  0.354727842299D-02 -0.685979947317D-02
  0.101328915775D-01  0.228603431394D-02 -0.736203482328D-02
  0.110461083973D-01  0.561795592555D-02 -0.856895800556D-02
 grado
  0.274787030935D-03  0.282235349356D-03  0.300794358798D-04
 -0.400817301266D-04  0.281085702268D-04  0.283505628788D-03
  0.312586625399D-03  0.202186427372D-03  0.926957805736D-05
  0.180737703311D-04  0.225562732785D-05 -0.716705502334D-04
  0.212438513176D-03  0.346172590227D-03  0.547508853110D-04
  0.107853675320D-03  0.153786545390D-04  0.259652509700D-03
  0.314847710947D-03  0.455732074400D-04  0.546750111047D-04
  0.602073941880D-03  0.418682468434D-03  0.880704412126D-03
 -0.180388141387D-03  0.269185609130D-03  0.240785888666D-03
  0.264431882851D-03 -0.151224055062D-04 -0.824583336298D-04
 -0.107809815915D-03  0.282486742400D-04 -0.500281804987D-04
  0.576219469731D-03  0.642587686545D-04  0.616361375211D-05
 -0.451332619728D-05  0.549250097627D-03  0.481962908876D-03
  0.115809213979D-03  0.793951722500D-04  0.510745939868D-04
 -0.371680711968D-03  0.324907658812D-03  0.157105226569D-05
  0.143362938888D-03  0.239036783583D-03  0.762870640420D-03
  0.476561203248D-03 -0.672010273684D-03 -0.950519104166D-03
  0.796241040814D-03  0.101737730339D-02 -0.607219524701D-04
  0.570796251757D-03  0.906180253034D-03  0.501199795250D-03
 -0.108450371749D-03  0.177930814807D-03  0.101464303508D-03
  0.349557721179D-03  0.509152819179D-03 -0.400593639080D-03
$end
