$energy      SCF               SCFKIN            SCFPOT            RIRPA
     1 -542.1957845914      0.00000000      0.00000000     -4.540166505789
     2 -542.1960245925      0.00000000      0.00000000     -4.539967802367
     3 -542.1961641185      0.00000000      0.00000000     -4.539821690070
     4 -542.1961461282      0.00000000      0.00000000     -4.539848220849
     5 -542.1961448479      0.00000000      0.00000000     -4.539849974474
     6 -542.1961437072      0.00000000      0.00000000     -4.539851113464
     7 -542.1961354114      0.00000000      0.00000000     -4.539859506956
     8 -542.1961518060      0.00000000      0.00000000     -4.539843168165
     9 -542.1961519228      0.00000000      0.00000000     -4.539843019761
$end
