$t2large written by cc_energy   
#      i       j       a       b       t2(ab,ij)
       1       1       2       2     -0.04856174
       1       1       2       2     -0.04856174
       1       1       5       5     -0.03274617
       1       1       5       5     -0.03274617
       1       1       4       4     -0.03274617
       1       1       4       4     -0.03274617
       1       1       3       3     -0.03274617
       1       1       3       3     -0.03274617
       1       1       6       2      0.02255276
       1       1       6       2      0.02255276
$end
