$dipgrad
  0.328031733916250      -9.978060640050031E-002  9.403490028425110E-002
 -9.271766213500010E-002  0.170481536174000      -1.754175994825302E-002
  7.898140502224996E-002  2.079848222497765E-004  0.357950153544750     
  0.422581411685000       0.131144670349250      -0.135072181330748     
  0.117003285025750       0.219728844588000      -2.887224864749904E-002
 -0.127415661429250       3.390091467250084E-003  0.377103596217249     
  9.581876075575035E-002  1.467497163000001E-002 -2.600151890400082E-002
  1.411903186624985E-002  2.174543780349980E-002  2.542389807574930E-002
 -2.338001185001048E-004  2.750270840325003E-002  0.108133408428751     
  3.905678929925008E-002  8.427580325750042E-003 -5.441882039997070E-003
 -1.823601286874976E-002  0.114904233787000       2.953861276400183E-002
 -6.179745539500181E-003 -7.454719669749976E-003  0.145239767677746     
  7.614183799725047E-002 -4.241471237549990E-002  4.289894206199740E-002
 -5.384021873249684E-003  7.866682569000055E-003  6.966689857751396E-003
  7.784724720249353E-003  1.556062554175022E-002  8.446204822524783E-002
  4.311483329599991E-002  5.276173583750043E-003  3.175487737299698E-002
 -3.482260162125037E-002  5.568045998274977E-002 -2.404999529275198E-002
 -1.100772939350014E-002 -6.758693559499873E-003  6.589971738502065E-003
  9.755528057900018E-002  5.936168747999737E-003 -2.727343074498956E-003
  4.517282435725009E-002  5.668224139424999E-002  2.115860142049564E-002
  3.236352619275032E-002  4.604544427775012E-002  0.110782617574501     
  2.013944414575031E-002 -3.170740055825003E-002 -6.515252026750851E-003
 -1.407537897075012E-002  9.089475703999983E-002  2.254599909399801E-002
  4.617073544749967E-003  1.874546861500154E-003  6.880166465849658E-002
  0.150299144916750      -2.197637598500002E-002  1.236382198475106E-002
 -3.045786639574999E-002  0.514075987281250       6.783135186925193E-002
 -2.408814100925000E-002  6.080043273750009E-002  0.339396215633997     
 -0.134330948867500       5.884213938399975E-002 -5.412213647925102E-002
  2.828984457150033E-002  8.057430488499912E-003  1.594905451499651E-002
 -6.355617625624990E-002  3.864106654975011E-002  2.282574442525331E-002
  3.563632336475026E-002 -1.074285170599987E-002 -1.431411480025124E-002
  3.489668167249577E-003  1.707274431675017E-002 -2.927510714674786E-002
  1.984135810724971E-002 -5.312460378300021E-002 -8.442761891049866E-002
 -1.895906500999633E-003 -8.651563011750213E-003 -1.167221891501535E-003
  2.641884242999409E-003  2.978360754650015E-002 -8.112274386249951E-002
  1.794676666000417E-003 -1.498194066975010E-002 -0.144637391047003     
  1.621877617799944E-002 -4.752939919499752E-003  7.629241514750529E-003
 -1.093294494800001E-002 -0.201541307360000       4.297315455975004E-002
  4.858957159499522E-003  3.627987517750009E-003  4.552097515750364E-002
 -0.135642996176000      -6.754020898599999E-002  6.633341618149657E-002
 -5.237017382824991E-002 -3.244199109998791E-004  2.702064815074956E-002
  9.439748410125029E-002  4.809346601174977E-002  1.464324545900064E-002
  4.002512990375004E-002  2.967537737974986E-002  3.283611489246496E-003
  6.634368146250097E-003 -1.569721610749850E-003 -2.904198144549897E-002
 -4.043660072425015E-002 -6.258617392975001E-002 -0.112898930861749     
 -2.278258219600010E-002 -5.249868540749998E-002 -3.063177082400226E-002
 -7.265645216749522E-003 -3.444781539625012E-002 -7.905367802000240E-002
  0.104457955701751      -4.307826983774993E-002 -0.199491567080751     
 -9.841911054900010E-002  4.366981159024987E-002 -2.810406540074695E-002
  8.233691074074970E-002 -1.840185837149975E-002  3.729091730200196E-002
 -7.481382280800017E-002  5.917406176874987E-002  3.417566610747214E-003
 -0.133955306919250       7.238464224125010E-002 -4.058138911374742E-002
  1.463254694425015E-002 -7.480792640002926E-004  1.104085088999840E-002
 -6.509380653774988E-002  2.184278287825012E-002  2.428496075049802E-002
  1.925896811324976E-002 -1.672183259525013E-002 -1.195163886250072E-002
 -1.247896808500432E-003 -6.134757512524999E-002  1.019645574025230E-002
  4.171265386450004E-002 -0.121565838575000      -0.201647589005505     
  2.028844281449990E-002  1.725908400550015E-002  9.151926985001557E-003
  1.506913064749996E-002 -0.198792229627500       8.675222498499835E-003
  1.096897436699967E-002 -3.570618330399969E-002  5.219793708775011E-002
 -1.620848959500015E-003 -1.776297293650010E-002 -1.024169726200341E-002
 -1.318047898649991E-002  7.967984276750009E-002 -2.754436219574719E-002
 -8.211938930250545E-003  1.353372750474979E-002 -7.721766405325292E-002
  3.076662850624995E-002  2.387332932999968E-002 -1.301141705251085E-003
  1.228769290525025E-002 -1.183534667500014E-002 -4.934171437725454E-002
 -4.980620282900028E-002 -7.719996146649984E-002 -0.145081154651000     
 -0.122151516329250      -7.250164101575002E-002  6.880943216749924E-002
 -5.221601857825012E-002 -1.282212190075009E-002  3.452129703200302E-002
  9.989275660224964E-002  6.509589089924994E-002  1.551545403000176E-003
 -0.102994017745250       5.463075268350021E-002 -5.945665754324980E-002
  7.154881433399998E-002 -1.394055314325009E-002  2.790286871725001E-002
 -8.292697716500014E-002  2.578599377475004E-002 -3.237279966025186E-002
 -3.948093993724963E-002  3.568732434625008E-002  4.512902175050071E-002
  1.869468051000217E-003 -3.291617560349999E-002 -8.640841548950284E-002
 -4.401331637750028E-002 -3.880256065350030E-002 -0.209359817822247     
 -0.673665004449750      -1.754621451150011E-002  0.112053237786253     
 -3.670764687249695E-003 -0.671168897904750      -4.437132604001581E-003
  0.171350092912250      -1.011077291200001E-002 -0.677177688597247     
  0.614914063347500      -6.211155003875007E-002  0.114883900639001     
 -8.043298469875004E-002  0.301690776955500      -1.270388405374967E-002
  0.126659086605500      -2.385005892024984E-002  0.332842409572753     
 -1.770955604975047E-002  5.047627931699973E-002 -3.676189778574757E-002
  0.109434335686500      -0.184983727860500       7.865162625253497E-003
 -4.850076771949971E-002  2.824039926000235E-003  7.889180077996771E-003
 -0.104221858995000      -5.171070814799991E-002  5.557260786924756E-002
 -0.118737919431250      -7.258056128500029E-003  7.469843836849788E-002
  9.028500380349955E-002  4.242007644874972E-002 -2.733312251649855E-002
 -0.809341572339500       5.482737998649991E-002 -1.218694380550334E-002
  4.840595421675004E-002 -0.470472186982000      -7.986969722249548E-002
 -2.690417435824988E-002 -3.794595957675000E-002 -0.640881812527000     
  0.349000642092500      -2.827793690274999E-002 -0.187415278519998     
 -3.713177628725042E-002  0.234717829289500       7.762369158075266E-002
 -0.216846536513500       5.678012374074996E-002  0.449257359128746     
$end
