$energy      SCF               SCFKIN            SCFPOT            RIRPA
     1 -519.0623809532      0.00000000      0.00000000     -4.356857318715
     2 -519.0605134201      0.00000000      0.00000000     -4.357735733243
     3 -519.0634389104      0.00000000      0.00000000     -4.356178126924
     4 -519.0654935456      0.00000000      0.00000000     -4.354802256758
     5 -519.0667391347      0.00000000      0.00000000     -4.353744506661
     6 -519.0669963789      0.00000000      0.00000000     -4.353548427276
     7 -519.0641997687      0.00000000      0.00000000     -4.354413937764
     8 -519.0642118069      0.00000000      0.00000000     -4.354437952645
     9 -519.0642739451      0.00000000      0.00000000     -4.354449630154
    10 -519.0644178291      0.00000000      0.00000000     -4.354475304611
    11 -519.0647403026      0.00000000      0.00000000     -4.354515596132
    12 -519.0654419261      0.00000000      0.00000000     -4.354466679926
    13 -519.0667545628      0.00000000      0.00000000     -4.353817584141
    14 -519.0658285733      0.00000000      0.00000000     -4.354228213906
    15 -519.0663001006      0.00000000      0.00000000     -4.353993896266
    16 -519.0666740042      0.00000000      0.00000000     -4.353886068185
    17 -519.0666760938      0.00000000      0.00000000     -4.353935995710
    18 -519.0670950664      0.00000000      0.00000000     -4.353501712267
    19 -519.0670461723      0.00000000      0.00000000     -4.353577404207
    20 -519.0669958799      0.00000000      0.00000000     -4.353645955700
    21 -519.0666872141      0.00000000      0.00000000     -4.353942598472
    22 -519.0667792433      0.00000000      0.00000000     -4.353858753772
    23 -519.0668676429      0.00000000      0.00000000     -4.353777617424
    24 -519.0670598670      0.00000000      0.00000000     -4.353574641851
    25 -519.0669151397      0.00000000      0.00000000     -4.353730270888
    26 -519.0668946575      0.00000000      0.00000000     -4.353750795568
    27 -519.0669026340      0.00000000      0.00000000     -4.353742944915
    28 -519.0669082234      0.00000000      0.00000000     -4.353737304733
    29 -519.0668979856      0.00000000      0.00000000     -4.353747079473
    30 -519.0669044279      0.00000000      0.00000000     -4.353741047339
    31 -519.0669058229      0.00000000      0.00000000     -4.353739736979
    32 -519.0669056799      0.00000000      0.00000000     -4.353739846794
$end
