$coord
   39.18725081764958     24.74029453173884      4.00810912785045       c
   37.91546513021755     22.14948000355263      3.77378308737263       c
   35.03363277756694     22.26853274992442      4.05535228117259       c
   33.74294982880605     19.68527712626975      3.82102624069477       c
   30.85922775002255     19.81566822943886      4.07613926863433       c
   29.56287562286300     17.23808178418284      3.82858514522631       c
   26.67726381794663     17.37792151801638      4.05535228117259       c
   25.37335278625553     14.80600425115902      3.78890089643571       c
   22.48774098133915     14.95907206792275      3.99866049718602       c
   21.17249159285075     12.39093425333116      3.72653993405049       c
   18.28876951406726     12.55534042689221      3.93818926093368       c
   16.96218176878153      9.99287179069928      3.67551732846258       c
   14.08034941613093     10.16483686879188      3.90606391667462       c
   12.74809249244655      7.60425795873183      3.66417897166526       c
    9.86814986592883      7.77811276295731      3.92685090413637       c
    8.53400321611156      5.21564412676438      3.71142212498740       c
    5.65595031572673      5.38571947872408      4.00621940171756       c
    4.34070092723832      2.81380221186672      3.80590843163169       c
    2.28845834692451      3.00088509902240      4.00432967558468       h
   38.81875422173689     25.57933293474007      5.86570991647704       h
   41.23760367183051     24.59667534563953      3.76811390897397       h
   38.46915488715304     26.04798501569571      2.57191726685736       h
   38.38222748504030     21.31233132668429      1.93318983394201       h
   38.68647339243489     20.86635595932327      5.21186467449860       h
   34.56120124434553     23.10568142679276      5.89594553460321       h
   34.26073478921671     23.55165679415377      2.61538096791373       h
   34.22860944495766     18.84245927100275      1.98610216566281       h
   34.50073000809319     18.40782226043905      5.27044618461806       h
   30.37356813387094     20.65281690630719      5.91484279593206       h
   30.10333729686830     21.10257172593398      2.63238850310970       h
   30.06365304807770     16.39337420278296      1.99744052246012       h
   30.30175854082129     15.95495773995349      5.28556399368114       h
   26.17648639273193     18.21318046875183      5.89027635620455       h
   25.94216035225411     18.67049419291016      2.60593233724930       h
   25.88168911600177     13.96507612202490      1.95964599980241       h
   26.09711789515073     13.51532130239812      5.24776947102343       h
   21.97940465159292     15.79433101865821      5.83169484608510       h
   21.76586559857684     16.25353446894942      2.54546110099696       h
   21.67893819646410     11.55189585032994      1.89728503741719       h
   21.89247724948018     11.09647185230450      5.18351878250532       h
   17.78610236271967     13.39626855602633      5.76933388369987       h
   17.56878385743783     13.85169255405176      2.48310013861174       h
   17.45540028946469      9.14816420929940      1.84248297956350       h
   17.68594687767673      8.69651966353973      5.12871672465164       h
   13.59468979997932     11.01521362859041      5.73909826557370       h
   13.35280485496996     11.45740954368565      2.45286452048556       h
   13.21863429953508      6.75577092506617      1.82925489663330       h
   13.48697541040483      6.31168528383805      5.11359891558855       h
    9.40327723723896      8.63604842728739      5.76177497916833       h
    9.12359776957189      9.06312653331955      2.47743096021308       h
    8.98375803573835      4.35959818856718      1.87271859768967       h
    9.29178339539871      3.92874063026925      5.15517289051204       h
    5.21186467449860      6.24932432145282      5.84114347674952       h
    4.90005986257247      6.66506407068766      2.55868918392716       h
    4.72431533221411      1.92563092941047      1.97476380886550       h
    5.00966397827984      1.52500898923871      5.28367426754826       h
$end
