$coord
   -2.28170962849468      0.00000000000000     -2.34009960693510      c
   -2.27274360655825      0.00000000000000      0.29854731995285      c
    0.00000000000000      0.00000000000000     -3.67272511561830      c
    0.00000000000000      0.00000000000000      1.65224384695465      c
    2.28170962849468      0.00000000000000     -2.34009960693510      c
    2.27274360655825      0.00000000000000      0.29854731995285      c
    0.00000000000000      0.00000000000000      4.58243266579012      c
    2.15490928558272      0.00000000000000      5.59892365595559      o
   -2.15490928558272      0.00000000000000      5.59892365595559      o
   -4.06540167059814      0.00000000000000     -3.36943436888443      h
   -4.00977500426271      0.00000000000000      1.39631905700030      h
    0.00000000000000      0.00000000000000     -5.73046351130491      h
    4.06540167059814      0.00000000000000     -3.36943436888443      h
    4.00977500426271      0.00000000000000      1.39631905700030      h
$redundant
     number_of_atoms            14
     degrees_of_freedom         36
     internal_coordinates       36
     frozen_coordinates          0
# definitions of redundant internals
   1 k  1.0000000000000 tors    8    7    4    2 val=  90.00000
        1.0000000000000 tors    8    7    4    6
        1.0000000000000 tors    9    7    4    2
        1.0000000000000 tors    9    7    4    6
   2 k  1.0000000000000 stre    7    8           val=   2.38262
   3 k  1.0000000000000 stre    7    9           val=   2.38262
   4 k -0.8164965809277 bend    9    8    7      val=  -7.11946
        0.4082482904639 bend    4    8    7
        0.4082482904639 bend    4    9    7
   5 k -0.7071067811865 bend    4    8    7      val=  -0.00000
        0.7071067811865 bend    4    9    7
   6 k  1.0000000000000 outp    8    4    9    7 val=   0.00000
   7 k  1.0000000000000 stre    1   10           val=   2.05939
   8 k -0.7071067811865 bend    2   10    1      val=  -0.22924
        0.7071067811865 bend    3   10    1
   9 k  1.0000000000000 outp   10    3    2    1 val=   0.00000
  10 k  1.0000000000000 stre    2   11           val=   2.05484
  11 k -0.7071067811865 bend    1   11    2      val=  -2.58427
        0.7071067811865 bend    4   11    2
  12 k  1.0000000000000 outp   11    4    1    2 val=   0.00000
  13 k  1.0000000000000 stre    3   12           val=   2.05774
  14 k -0.7071067811865 bend    1   12    3      val=   0.00000
        0.7071067811865 bend    5   12    3
  15 k  1.0000000000000 outp   12    5    1    3 val=   0.00000
  16 k  1.0000000000000 stre    5   13           val=   2.05939
  17 k -0.7071067811865 bend    6   13    5      val=  -0.22924
        0.7071067811865 bend    3   13    5
  18 k  1.0000000000000 outp   13    3    6    5 val=   0.00000
  19 k  1.0000000000000 stre    6   14           val=   2.05484
  20 k -0.7071067811865 bend    5   14    6      val=  -2.58427
        0.7071067811865 bend    4   14    6
  21 k  1.0000000000000 outp   14    4    5    6 val=   0.00000
  22 k  1.0000000000000 stre    4    7           val=   2.93019
  23 k -0.7071067811865 bend    2    7    4      val=   0.00000
        0.7071067811865 bend    6    7    4
  24 k  1.0000000000000 outp    7    6    2    4 val=   0.00000
  25 k  1.0000000000000 stre    1    2           val=   2.63866
  26 k  1.0000000000000 stre    2    4           val=   2.64535
  27 k  1.0000000000000 stre    4    6           val=   2.64535
  28 k  1.0000000000000 stre    6    5           val=   2.63866
  29 k  1.0000000000000 stre    5    3           val=   2.64236
  30 k  1.0000000000000 stre    3    1           val=   2.64236
  31 k -0.5000000000000 bend    1    4    2      val=   0.39971
       -0.5000000000000 bend    2    6    4
        1.0000000000000 bend    4    5    6
       -0.5000000000000 bend    6    3    5
       -0.5000000000000 bend    5    1    3
        1.0000000000000 bend    3    2    1
  32 k  0.8660254037844 bend    1    4    2      val=   0.79942
       -0.8660254037844 bend    2    6    4
        0.8660254037844 bend    6    3    5
       -0.8660254037844 bend    5    1    3
  33 k -1.0000000000000 bend    1    4    2      val=  -0.45781
        1.0000000000000 bend    2    6    4
       -1.0000000000000 bend    4    5    6
        1.0000000000000 bend    6    3    5
       -1.0000000000000 bend    5    1    3
        1.0000000000000 bend    3    2    1
  34 k -0.5000000000000 tors    2    4    6    5 val=   0.00000
       -0.5000000000000 tors    4    6    5    3
        1.0000000000000 tors    6    5    3    1
       -0.5000000000000 tors    5    3    1    2
       -0.5000000000000 tors    3    1    2    4
        1.0000000000000 tors    1    2    4    6
  35 k  0.8660254037844 tors    2    4    6    5 val=   0.00000
       -0.8660254037844 tors    4    6    5    3
        0.8660254037844 tors    5    3    1    2
       -0.8660254037844 tors    3    1    2    4
  36 k -1.0000000000000 tors    2    4    6    5 val=   0.00000
        1.0000000000000 tors    4    6    5    3
       -1.0000000000000 tors    6    5    3    1
        1.0000000000000 tors    5    3    1    2
       -1.0000000000000 tors    3    1    2    4
        1.0000000000000 tors    1    2    4    6
        36 non zero eigenvalues  of BmBt
           1          10.897137478    1    0
         1
           2           5.368318940    2    0
         2
           3           4.865868865    3    0
         3
           4           4.405557339    4    0
         4
           5           4.373392957    5    0
         5
           6           3.689303040    6    0
         6
           7           3.608569030    7    0
         7
           8           3.544449810    8    0
         8
           9           3.265184794    9    0
         9
          10           2.940035852   10    0
        10
          11           2.816464251   11    0
        11
          12           2.307291164   12    0
        12
          13           1.932057294   13    0
        13
          14           1.810731390   14    0
        14
          15           1.797230741   15    0
        15
          16           1.728382956   16    0
        16
          17           1.459901969   17    0
        17
          18           1.204618565   18    0
        18
          19           1.154574787   19    0
        19
          20           0.811642264   20    0
        20
          21           0.782008919   21    0
        21
          22           0.482879678   22    0
        22
          23           0.388490102   23    0
        23
          24           0.379195026   24    0
        24
          25           0.377597666   25    0
        25
          26           0.360005497   26    0
        26
          27           0.345452624   27    0
        27
          28           0.344782234   28    0
        28
          29           0.294316820   29    0
        29
          30           0.263733704   30    0
        30
          31           0.261770921   31    0
        31
          32           0.142689255   32    0
        32
          33           0.134009681   33    0
        33
          34           0.106065083   34    0
        34
          35           0.055300473   35    0
        35
          36           0.041468864   36    0
        36
$user-defined bonds
$end
