$coord
   11.64638215697422     -1.85382133636082      1.95586654753664       c
   10.94340403554076     -1.85382133636082      4.43896668614838       c
    8.33747169829146     -1.79335010010848      5.17029069957512       c
    6.45908392220313     -1.78012201717828      3.22954196110156       c
    7.18851820949699     -1.80279873077290      0.64439661131400       c
    9.80578890354360     -1.78957064784270     -0.03212534425906       c
    5.31768933794020     -1.71776105479305     -1.27556513969781       c
   10.48042113298378     -1.68752543666688     -2.59081452818622       c
    8.66061486701490     -1.57603159482663     -4.51455573146380       c
    6.03956472070252     -1.61193639135145     -3.85504131108671       c
    9.32579846579065     -1.42296377806289     -7.13749560390908       c
    7.52299973501775     -1.31524938848841     -8.97808885733969       c
    4.88116260124362     -1.37572062474075     -8.37715594708206       c
    4.16306667074707     -1.54579597670046     -5.77689278823141       c
    1.56280351189643     -1.60626721295280     -5.11926809398721       c
    0.83714867686834     -1.73287886385613     -2.53034329193388       c
    2.70608782229224     -1.72343023319171     -0.61227126705495       c
    3.86071048948537     -1.76122475584942      3.89472555987731       c
    1.98232271339704     -1.75555557745076      1.96909463046684       c
   -0.61416099318783     -1.78957064784270      2.62860905084393       c
   -2.48498986474462     -1.83870352729773      0.71242675209789       c
   -1.76122475584942     -1.77445283877962     -1.86704941929102       c
   -0.31369453805902     -1.56280351189643     -7.03545039273325       c
   -2.91584742304255     -1.66484872307225     -6.37404624622328       c
   -3.63961253193775     -1.80657818303867     -3.79645980096726       c
    3.00088509902240     -1.29257267489378    -10.23853618797441       c
    0.42329865376638     -1.39461788606960     -9.63004437318524       c
   -4.81124273432685     -1.63461310494608     -8.29967717563375       c
   -7.36237301372247     -1.76878366038096     -7.60803741099760       c
   -8.11637374074384     -1.92185147714470     -5.07580439293084       c
   -6.23798596465551     -1.90862339421450     -3.13127620219151       c
   -5.09470165425969     -1.94830764300510      1.37572062474075       c
   -6.96364079968360     -2.03145559285207     -0.54613085240395       c
   -1.51933981084006     -1.35304391114612    -11.51977050607088       c
   -4.01566803238199     -1.47398638365080    -10.88482252542130       c
   -9.57902176759733     -2.15995696988829      0.13228082930200       c
  -11.41772529489506     -2.19775149254600     -1.85571106249370       c
  -10.72041635186025     -2.06925011550978     -4.34070092723832       c
  -10.25365399703750     -2.19208231414735      2.69285973936204       c
   -8.43951690946728     -2.05224258031381      4.61849066877251       c
   -5.81846676315490     -1.93507956007490      3.95897624839542       c
   -3.94196871319945     -1.82358571823465      5.88082772554012       c
   -1.34359528048169     -1.73665831612191      5.21942357903015       c
    0.53101304334087     -1.67240762760379      7.13560587777619       c
    3.13316592832440     -1.67618707986957      6.47231200513333       c
    5.02667151347581     -1.64217200947762      8.39794293454380       c
    7.58158124513720     -1.71587132866016      7.70441344377477       c
    4.22920708539807     -1.54201652443468     10.98497801046424       c
   -0.20975960075031     -1.58925967775683      9.73397931049395       c
    1.73098913772325     -1.50989118017563     11.62370544337959       c
   -4.66573382209465     -1.73665831612191      8.48487033665654       c
   -2.78734604600632     -1.60626721295280     10.34814030368178       c
   -9.10847996050880     -1.97476380886550      7.24332026735067       c
   -7.30757095586878     -1.81035763530445      9.08580324691417       c
   13.63626377490280     -1.88783640675276      1.44186103939175       h
   12.37203699200231     -1.88405695448699      5.91673252206495       h
   12.47408220317813     -1.68185625826822     -3.10104058406534       h
   11.31756980985212     -1.39272815993672     -7.63638330299089       h
    8.06913058742170     -1.19052746371796    -10.95663211847096       h
    3.55457485595789     -1.16407129785756    -12.21518972297280       h
   -8.79856487471555     -1.76311448198231     -9.08013406851552       h
   -0.95809114937302     -1.22832198637567    -13.49264458880349       h
   -5.45752907177374     -1.44564049165752    -12.34936027840768       h
  -13.40571718669075     -2.32436314344934     -1.34548500661458       h
  -12.15093903445469     -2.10137545976884     -5.81657703702201       h
  -12.24542534109897     -2.28656862079163      3.19930634297539       h
    9.01588337999740     -1.69508434119842      9.17651010129268       h
    5.67295785092270     -1.48910419271389     12.44762603731773       h
    1.16785075012333     -1.43241240872732     13.59846925224509       h
   -3.34292552907470     -1.54012679830180     12.32668356481305       h
  -11.09836157843738     -2.05413230644669      7.74598741869825       h
   -7.85748126053851     -1.74988639905211     11.06623623417833       h
$end
