$coord
   -1.77863147868343      1.49296179838334      0.02214552480676      n
   -1.74375469317489     -1.04384341206194      0.06685615409301      c
    0.10816889138615     -1.91918318573479      0.09704671736872      h
   -3.92405235201439     -2.51903919209190      0.07424800683440      c
   -3.77289292998801     -4.55534684198331      0.11126178725059      h
   -6.26692322187564     -1.32911912225785      0.03325737714006      c
   -7.99651764722651     -2.41711900708675      0.03740480065788      h
   -6.32849492691338      1.29827739148209     -0.01339051622968      c
   -8.09831578615909      2.31700180411581     -0.04659874537247      h
   -4.04987929603078      2.61279877620589     -0.01679975791793      c
   -4.04042296095290      4.65940812449154     -0.05250221012736      h
$redundant
     number_of_atoms            11
     degrees_of_freedom         27
     internal_coordinates       27
     frozen_coordinates          0
# definitions of redundant internals
   1 k  1.0000000000000 stre    2    3           val=   2.04860
   2 k -0.7071067801053 bend    1    3    2      val=   2.25863
        0.7071067822678 bend    4    3    2
   3 k  1.0000000000000 outp    3    4    1    2 val=   0.02224
   4 k  1.0000000000000 stre    4    5           val=   2.04225
   5 k  0.7071067812333 bend    6    5    4      val=   0.67257
       -0.7071067811398 bend    2    5    4
   6 k  1.0000000000000 outp    5    2    6    4 val=  -0.00515
   7 k  1.0000000000000 stre    6    7           val=   2.04334
   8 k  0.7071067811875 bend    4    7    6      val=   0.03489
       -0.7071067811856 bend    8    7    6
   9 k  1.0000000000000 outp    7    8    4    6 val=   0.00307
  10 k  1.0000000000000 stre    8    9           val=   2.04234
  11 k  0.7071067811901 bend    6    9    8      val=   0.59408
       -0.7071067811830 bend   10    9    8
  12 k  1.0000000000000 outp    9   10    6    8 val=   0.00153
  13 k  1.0000000000000 stre   10   11           val=   2.04694
  14 k -0.7071067811659 bend    1   11   10      val=   2.12558
        0.7071067812072 bend    8   11   10
  15 k  1.0000000000000 outp   11    8    1   10 val=  -0.00342
  16 k  1.0000000000000 stre    1   10           val=   2.53261
  17 k  1.0000000000000 stre   10    8           val=   2.63060
  18 k  1.0000000000000 stre    8    6           val=   2.62853
  19 k  1.0000000000000 stre    6    4           val=   2.62805
  20 k  1.0000000000000 stre    4    2           val=   2.63248
  21 k  1.0000000000000 stre    2    1           val=   2.53744
  22 k -0.5000000000000 bend    1    8   10      val=  -1.75497
       -0.5000000000000 bend   10    6    8
        1.0000000000000 bend    8    4    6
       -0.5000000000000 bend    6    2    4
       -0.5000000000000 bend    4    1    2
        1.0000000000000 bend    2   10    1
  23 k  0.8660254037844 bend    1    8   10      val=   0.20666
       -0.8660254037844 bend   10    6    8
        0.8660254037844 bend    6    2    4
       -0.8660254037844 bend    4    1    2
  24 k -1.0000000000000 bend    1    8   10      val=  -1.77920
        1.0000000000000 bend   10    6    8
       -1.0000000000000 bend    8    4    6
        1.0000000000000 bend    6    2    4
       -1.0000000000000 bend    4    1    2
        1.0000000000000 bend    2   10    1
  25 k -0.5000000000000 tors   10    8    6    4 val=   0.00634
       -0.5000000000000 tors    8    6    4    2
        1.0000000000000 tors    6    4    2    1
       -0.5000000000000 tors    4    2    1   10
       -0.5000000000000 tors    2    1   10    8
        1.0000000000000 tors    1   10    8    6
  26 k  0.8660254037844 tors   10    8    6    4 val=   0.00106
       -0.8660254037844 tors    8    6    4    2
        0.8660254037844 tors    4    2    1   10
       -0.8660254037844 tors    2    1   10    8
  27 k -1.0000000000000 tors   10    8    6    4 val=  -0.00009
        1.0000000000000 tors    8    6    4    2
       -1.0000000000000 tors    6    4    2    1
        1.0000000000000 tors    4    2    1   10
       -1.0000000000000 tors    2    1   10    8
        1.0000000000000 tors    1   10    8    6
        27 non zero eigenvalues  of BmBt
           1          10.736203577    1    0
         1
           2           5.362067993    2    0
         2
           3           4.315945465    3    0
         3
           4           4.256075165    4    0
         4
           5           4.215555444    5    0
         5
           6           3.559324324    6    0
         6
           7           3.411456506    7    0
         7
           8           3.066545742    8    0
         8
           9           3.043240812    9    0
         9
          10           2.404016036   10    0
        10
          11           1.922878455   11    0
        11
          12           1.754658341   12    0
        12
          13           1.732570077   13    0
        13
          14           1.169969456   14    0
        14
          15           1.013295659   15    0
        15
          16           0.792403898   16    0
        16
          17           0.696663013   17    0
        17
          18           0.437136855   18    0
        18
          19           0.387278288   19    0
        19
          20           0.360027752   20    0
        20
          21           0.326479082   21    0
        21
          22           0.301155388   22    0
        22
          23           0.286054248   23    0
        23
          24           0.279863677   24    0
        24
          25           0.268922191   25    0
        25
          26           0.129650643   26    0
        26
          27           0.110004352   27    0
        27
$user-defined bonds
$frag
 atom   1 fragment  1 symmetry  c1
 atom   2 fragment  1
 atom   3 fragment  1
 atom   4 fragment  1
 atom   5 fragment  1
 atom   6 fragment  1
 atom   7 fragment  1
 atom   8 fragment  1
 atom   9 fragment  1
 atom  10 fragment  1
 atom  11 fragment  1
   iteration     4
$end
