$coord
    1.87989008108014      0.47245155732043     -0.21248689272762  c
    0.01923208467004     -1.17220649714113      0.67930261990025  c
    0.43052715851517     -3.75527045147246      0.76637449271126  c
    2.72349674830282     -4.74866365663423     -0.04056756691878  c
    4.59955260038450     -3.14321456781269     -0.94656746525043  c
    4.16866021371333     -0.55789817845935     -1.02293621887641  c
    1.48405731616418      3.23279049351468     -0.26796756072883  c
   -2.25177437677812     -0.29352131886006      1.63542364956437  o
   -0.41855144792699      4.35183834947993      0.34366111104675  o
    3.56055758725980      4.49108307068423     -1.09988731399081  o
   -3.90790060401103      0.63939585495483     -0.13726233814950  c
    3.06238730516836      6.25290927088118     -1.06750183926431  h
   -3.59590487232674      0.39003126304087     -2.37381825126498  o
   -6.06057499481537      1.94091672799782      1.14801814307707  c
   -1.05264611068686     -4.95545185190788      1.46612053808914  h
    3.03483022756693     -6.75778152229673      0.02795485116697  h
    6.37875078311151     -3.89329657238844     -1.58298516461085  h
    5.61144600582920      0.69106373017754     -1.71423773061934  h
   -6.76053856692570      0.79628069845912      2.70329341644813  h
   -7.55044317780382      2.30170784392435     -0.21147119467835  h
   -5.35505396049148      3.71683575653793      1.90754071507606  h
$user-defined bonds
$redundant
     number_of_atoms            21
     degrees_of_freedom         57
     internal_coordinates       57
     frozen_coordinates          0
# definitions of redundant internals
   1 k  1.0000000000000 stre   7    9           val=   2.29048
   2 k  0.7071068523722 bend  10    9    7      val=  -2.66011
       -0.7071067100009 bend   1    9    7
   3 k  1.0000000000000 outp   9    1   10    7 val=   0.26985
   4 k  1.0000000000000 tors  12   10    7    1 val= 179.39484
   5 k  1.0000000000000 stre  10   12           val=   1.83119
   6 k  1.0000000000000 bend   7   12   10      val= 104.23256
   7 k  1.0000000000000 stre  11   13           val=   2.27194
   8 k  0.7071067890844 bend   8   13   11      val=  -2.05122
       -0.7071067732886 bend  14   13   11
   9 k  1.0000000000000 outp  13   14    8   11 val=  -0.21621
  10 k  1.0000000000000 stre   3   15           val=   2.03221
  11 k -0.7071067699821 bend   2   15    3      val=   1.32359
        0.7071067923910 bend   4   15    3
  12 k  1.0000000000000 outp  15    4    2    3 val=   0.00415
  13 k  1.0000000000000 stre   4   16           val=   2.03425
  14 k -0.7071067467112 bend   3   16    4      val=   0.27745
        0.7071068156619 bend   5   16    4
  15 k  1.0000000000000 outp  16    5    3    4 val=  -0.32336
  16 k  1.0000000000000 stre   5   17           val=   2.03303
  17 k -0.7071067754452 bend   6   17    5      val=   0.27768
        0.7071067869279 bend   4   17    5
  18 k  1.0000000000000 outp  17    4    6    5 val=  -0.10330
  19 k  1.0000000000000 stre   6   18           val=   2.02964
  20 k  0.7071068348920 bend   5   18    6      val=   0.61532
       -0.7071067274811 bend   1   18    6
  21 k  1.0000000000000 outp  18    1    5    6 val=   0.03517
  22 k  0.5773502691896 tors  20   14   11    8 val=  73.25971
        0.5773502691896 tors  19   14   11    8
        0.5773502691896 tors  21   14   11    8
  23 k  1.0000000000000 stre  14   20           val=   2.04892
  24 k  1.0000000000000 stre  14   19           val=   2.05403
  25 k  1.0000000000000 stre  14   21           val=   2.05634
  26 k -0.4600608259286 bend  19   20   14      val=   0.08492
       -0.4005571457390 bend  21   20   14
       -0.3557131946628 bend  21   19   14
        0.3901023642504 bend  11   20   14
        0.4145255779662 bend  11   19   14
        0.4211351602564 bend  11   21   14
  27 k -0.0901802279014 bend  19   20   14      val=   0.03594
       -0.5151976820272 bend  21   20   14
        0.6659281008272 bend  21   19   14
       -0.4244902190554 bend  11   20   14
        0.3155822630965 bend  11   19   14
        0.0565201610340 bend  11   21   14
  28 k -0.7052011353700 bend  19   20   14      val=   1.10243
        0.5077432951356 bend  21   20   14
        0.2896791199899 bend  21   19   14
       -0.1373155071848 bend  11   20   14
       -0.2230179607712 bend  11   19   14
        0.3039433385018 bend  11   21   14
  29 k  0.1126766083219 bend  19   20   14      val=   0.86164
        0.3035129086426 bend  21   20   14
       -0.4205053627574 bend  21   19   14
       -0.6686650505018 bend  11   20   14
        0.4789711674431 bend  11   19   14
        0.2045306996817 bend  11   21   14
  30 k  0.3076760411859 bend  19   20   14      val=  -0.17417
       -0.2472447519299 bend  21   20   14
       -0.0706824124907 bend  21   19   14
       -0.1744480718147 bend  11   20   14
       -0.5311822985559 bend  11   19   14
        0.7256877557385 bend  11   21   14
  31 k  0.7071067811865 tors  10    7    1    2 val=  87.90997
        0.7071067811865 tors  10    7    1    6
  32 k  1.0000000000000 stre   7   10           val=   2.56656
  33 k  1.0000000000000 bend   1   10    7      val= 112.13743
  34 k  1.0000000000000 tors  14   11    8    2 val= 190.14443
  35 k  1.0000000000000 stre  11   14           val=   2.82487
  36 k  1.0000000000000 bend   8   14   11      val= 109.91468
  37 k  1.0000000000000 stre   1    7           val=   2.78913
  38 k  0.7071069793809 bend   2    7    1      val=   0.66354
       -0.7071065829922 bend   6    7    1
  39 k  1.0000000000000 outp   7    6    2    1 val=  -0.88775
  40 k  0.7071067811865 tors  11    8    2    1 val= 161.07170
        0.7071067811865 tors  11    8    2    3
  41 k  1.0000000000000 stre   8   11           val=   2.59914
  42 k  1.0000000000000 bend   2   11    8      val= 115.11470
  43 k  1.0000000000000 stre   2    8           val=   2.61605
  44 k -0.7070571084252 bend   3    8    2      val=   2.32926
        0.7071564504587 bend   1    8    2
  45 k  1.0000000000000 outp   8    1    3    2 val=  -2.96476
  46 k  1.0000000000000 stre   1    2           val=   2.63861
  47 k  1.0000000000000 stre   2    3           val=   2.61705
  48 k  1.0000000000000 stre   3    4           val=   2.62597
  49 k  1.0000000000000 stre   4    5           val=   2.63019
  50 k  1.0000000000000 stre   5    6           val=   2.62209
  51 k  1.0000000000000 stre   6    1           val=   2.63760
  52 k -0.2886751345948 bend   1    3    2      val=  -0.73702
       -0.2886751345948 bend   2    4    3
        0.5773502691896 bend   3    5    4
       -0.2886751345948 bend   4    6    5
       -0.2886751345948 bend   5    1    6
        0.5773502691896 bend   6    2    1
  53 k  0.5000000000000 bend   1    3    2      val=  -0.14796
       -0.5000000000000 bend   2    4    3
        0.5000000000000 bend   4    6    5
       -0.5000000000000 bend   5    1    6
  54 k -0.4082482904639 bend   1    3    2      val=  -0.71508
        0.4082482904639 bend   2    4    3
       -0.4082482904639 bend   3    5    4
        0.4082482904639 bend   4    6    5
       -0.4082482904639 bend   5    1    6
        0.4082482904639 bend   6    2    1
  55 k -0.2886751345948 tors   2    3    4    5 val=  -0.05528
       -0.2886751345948 tors   3    4    5    6
        0.5773502691896 tors   4    5    6    1
       -0.2886751345948 tors   5    6    1    2
       -0.2886751345948 tors   6    1    2    3
        0.5773502691896 tors   1    2    3    4
  56 k  0.5000000000000 tors   2    3    4    5 val=  -0.23801
       -0.5000000000000 tors   3    4    5    6
        0.5000000000000 tors   5    6    1    2
       -0.5000000000000 tors   6    1    2    3
  57 k -0.4082482904639 tors   2    3    4    5 val=   0.09260
        0.4082482904639 tors   3    4    5    6
       -0.4082482904639 tors   4    5    6    1
        0.4082482904639 tors   5    6    1    2
       -0.4082482904639 tors   6    1    2    3
        0.4082482904639 tors   1    2    3    4
        57 non zero eigenvalues  of BmBt
           1          10.899292610    1    0
         1
           2           5.386782499    2    0
         2
           3           5.084221700    3    0
         3
           4           4.478038747    4    0
         4
           5           4.389608811    5    0
         5
           6           4.277329977    6    0
         6
           7           3.797962172    7    0
         7
           8           3.687290228    8    0
         8
           9           3.673761257    9    0
         9
          10           3.646289979   10    0
        10
          11           3.549227071   11    0
        11
          12           3.322605654   12    0
        12
          13           3.025227605   13    0
        13
          14           2.956449933   14    0
        14
          15           2.788371588   15    0
        15
          16           2.720988899   16    0
        16
          17           2.539406993   17    0
        17
          18           2.440452982   18    0
        18
          19           2.183454477   19    0
        19
          20           2.017523883   20    0
        20
          21           1.844579571   21    0
        21
          22           1.798289662   22    0
        22
          23           1.686269957   23    0
        23
          24           1.480422345   24    0
        24
          25           1.265915591   25    0
        25
          26           1.203243669   26    0
        26
          27           1.068576172   27    0
        27
          28           0.992092208   28    0
        28
          29           0.886118330   29    0
        29
          30           0.767184284   30    0
        30
          31           0.712957900   31    0
        31
          32           0.705390556   32    0
        32
          33           0.693839040   33    0
        33
          34           0.616789096   34    0
        34
          35           0.568863639   35    0
        35
          36           0.443929541   36    0
        36
          37           0.382504132   37    0
        37
          38           0.371047525   38    0
        38
          39           0.335856656   39    0
        39
          40           0.324900358   40    0
        40
          41           0.288412145   41    0
        41
          42           0.283841420   42    0
        42
          43           0.275327851   43    0
        43
          44           0.265005451   44    0
        44
          45           0.260894211   45    0
        45
          46           0.228205773   46    0
        46
          47           0.200312629   47    0
        47
          48           0.133745294   48    0
        48
          49           0.120535642   49    0
        49
          50           0.103991048   50    0
        50
          51           0.087028186   51    0
        51
          52           0.054210596   52    0
        52
          53           0.048558001   53    0
        53
          54           0.035075397   54    0
        54
          55           0.025798014   55    0
        55
          56           0.009988584   56    0
        56
          57           0.008203730   57    0
        57
$end
