$energy      SCF               SCFKIN            SCFPOT            RIRPA
     1 -645.0445884052      0.00000000      0.00000000     -3.960092057805
     2 -645.0466807395      0.00000000      0.00000000     -3.958411395972
     3 -645.0500988073      0.00000000      0.00000000     -3.956019869832
     4 -645.0495132872      0.00000000      0.00000000     -3.956673737879
     5 -645.0496222554      0.00000000      0.00000000     -3.956619853477
     6 -645.0499113460      0.00000000      0.00000000     -3.956279108955
     7 -645.0499248582      0.00000000      0.00000000     -3.956335773885
     8 -645.0498044428      0.00000000      0.00000000     -3.956461699250
     9 -645.0497728543      0.00000000      0.00000000     -3.956494578599
    10 -645.0497956732      0.00000000      0.00000000     -3.956473969309
    11 -645.0498080185      0.00000000      0.00000000     -3.956462114153
    12 -645.0497820284      0.00000000      0.00000000     -3.956488328658
    13 -645.0497850606      0.00000000      0.00000000     -3.956485412994
    14 -645.0497871853      0.00000000      0.00000000     -3.956483236186
    15 -645.0497883604      0.00000000      0.00000000     -3.956482085411
$end
