$coord
    0.79177045647222     -0.51339860181033      7.60610415691297      c
    3.05092420420336     -0.20357659258803      7.75069802028792      o
   -0.30332899715710     -2.80262221411934      7.98298803203564      o
    1.08458198252578     -3.93855264393068      8.34777720259413      h
   -1.13931087396305      1.45934606680752      7.00010455074236      c
   -0.23546540927567      3.29416876181190      6.91162233676954      h
   -1.99497905968573      1.01866913625461      5.18084999598716      h
   -2.62246434554065      1.44888359807280      8.42212248308122      h
$redundant
     number_of_atoms             8
     degrees_of_freedom         18
     internal_coordinates       18
     frozen_coordinates          0
# definitions of redundant internals
   1 k  1.0000000000000 stre    1    2           val=   2.28488
   2 k  0.7071070809642 bend    3    2    1      val=  -2.10834
       -0.7071064814088 bend    5    2    1
   3 k  1.0000000000000 outp    2    5    3    1 val=  -0.26612
   4 k  1.0000000000000 tors    4    3    1    5 val= 179.64803
   5 k  1.0000000000000 stre    3    4           val=   1.83022
   6 k  1.0000000000000 bend    1    4    3      val= 105.03425
   7 k  1.0000000000000 tors    6    5    1    3 val=  53.27380
        1.0000000000000 tors    8    5    1    3
        1.0000000000000 tors    7    5    1    3
   8 k  1.0000000000000 stre    5    6           val=   2.04728
   9 k  1.0000000000000 stre    5    8           val=   2.05475
  10 k  1.0000000000000 stre    5    7           val=   2.05817
  11 k -0.4537659231543 bend    8    6    5      val=   0.02498
       -0.4113567956140 bend    7    6    5
       -0.3550865865985 bend    7    8    5
        0.3880977441802 bend    1    6    5
        0.4141146976164 bend    1    8    5
        0.4203388488877 bend    1    7    5
  12 k -0.2060727013288 bend    8    6    5      val=   0.25903
       -0.4193612347149 bend    7    6    5
        0.7076669790583 bend    7    8    5
       -0.4468947498893 bend    1    6    5
        0.2556678450220 bend    1    8    5
        0.1256848394960 bend    1    7    5
  13 k -0.6815223456907 bend    8    6    5      val=   0.54083
        0.5920633224194 bend    7    6    5
        0.1496835294236 bend    7    8    5
       -0.0718574757980 bend    1    6    5
       -0.2637900408400 bend    1    8    5
        0.2963688126555 bend    1    7    5
  14 k  0.1625521850002 bend    8    6    5      val=   0.98203
        0.2600596844203 bend    7    6    5
       -0.4308093187689 bend    7    8    5
       -0.6815520130009 bend    1    6    5
        0.4205892959744 bend    1    8    5
        0.2809636564378 bend    1    7    5
  15 k  0.2987456191233 bend    8    6    5      val=   0.31589
       -0.2679272502731 bend    7    6    5
       -0.0363260060133 bend    7    8    5
       -0.0873451030310 bend    1    6    5
       -0.5914586034791 bend    1    8    5
        0.6929603294922 bend    1    7    5
  16 k  1.0000000000000 stre    1    3           val=   2.56551
  17 k  1.0000000000000 stre    1    5           val=   2.82631
  18 k  1.0000000000000 bend    5    3    1      val= 111.26449
        18 non zero eigenvalues  of BmBt
           1           4.146011555    1    0
         1
           2           3.805711995    2    0
         2
           3           3.705186146    3    0
         3
           4           2.825359788    4    0
         4
           5           2.457686522    5    0
         5
           6           2.407899081    6    0
         6
           7           1.802106448    7    0
         7
           8           1.174327874    8    0
         8
           9           0.883405829    9    0
         9
          10           0.864507541   10    0
        10
          11           0.711691942   11    0
        11
          12           0.707147685   12    0
        12
          13           0.467073288   13    0
        13
          14           0.294433413   14    0
        14
          15           0.294224268   15    0
        15
          16           0.274107502   16    0
        16
          17           0.237152656   17    0
        17
          18           0.112179311   18    0
        18
$user-defined bonds
$frag
 atom   1 fragment  1 symmetry  c1
 atom   2 fragment  1
 atom   3 fragment  1
 atom   4 fragment  1
 atom   5 fragment  1
 atom   6 fragment  1
 atom   7 fragment  1
 atom   8 fragment  1
   iteration     5
$end
