
           atomic orbital partitioning statistics
           ----------------------------------------------------------
           node       first shell       first bf         block length 
           ----------------------------------------------------------
             1                1                1                18
             2               19               19                18
             3               37               37                18
             4               55               55                18
             5               73               73                18
             6               91               91                18
             7              109              109                18
             8              127              127                18
             9              145              145                18
            10              163              163                18
            11              175              181                21
            12              182              202                21
            13              189              223                21
            14              196              244                21
            15              203              265                21
            16              210              286                21
            17              217              307                21
            18              224              328                21
            19              231              349                21
            20              238              370                21
            21              245              391                21
            22              252              412                21
            23              259              433                21
            24              266              454                21
            25              273              475                21
            26              280              496                21
            27              287              517                21
            28              294              538                21
            29              301              559                20
            30              305              579                20
            31              309              599                20
            32              313              619                20
            33              317              639                20
            34              321              659                20
            35              325              679                20
            36              329              699                20
            37              333              719                20
            38              337              739                20
            39              341              759                25
            40              346              784                25
            41              351              809                25
            42              356              834                25
            43              361              859                25
            44              366              884                25
            45              371              909                25
            46              376              934                25
            47              381              959                25
            48              386              984                24
            49              390             1008                21
            50              393             1029                21
            51              396             1050                21
            52              399             1071                21
            53              402             1092                21
            54              405             1113                21
            55              408             1134                21
            56              411             1155                21
            57              414             1176                28
            58              418             1204                28
            59              422             1232                28
            60              426             1260                28
           ----------------------------------------------------------

 number of batches in I-loop:  10
 memory allocated per RI-intermediate in I-loop:       61 MiB
 memory allocated per RI-intermediate in j-loop:       31 MiB
 number of RI-intermediates used: 1
 total memory allocated in ccn5engine:      105 MiB
