$coord
    0.36987532498144     -1.59623135367203      1.55684410368910      n
    0.85112798829732     -3.39537098505711      1.98377391724243      h
   -2.22808007574928     -1.08410640837800      1.43521579098929      c
   -3.76744540701611     -2.75194252768414      1.82717744132692      o
   -2.79058637074474      1.53286206554764      0.82686765207799      c
   -4.73632627844691      2.10827407509229      0.68766131098050      h
   -0.88460499129827      3.18033812054052      0.44387935116456      c
   -1.20646772316805      5.14315983345514     -0.01164846463517      h
    1.59800634319303      2.46796557712648      0.61762015766107      n
    3.00408356632697      3.72064255232402      0.35141308238783      h
    2.37021068488947      0.03677760244410      1.20232686455881      c
    4.57749189057908     -0.57016134879264      1.38305177947876      o
$redundant
     number_of_atoms            12
     degrees_of_freedom         30
     internal_coordinates       30
     frozen_coordinates          0
# definitions of redundant internals
   1 k  1.0000000000000 stre    1    2           val=   1.91070
   2 k  0.7071070511348 bend   11    2    1      val=  -0.38131
       -0.7071065112382 bend    3    2    1
   3 k  1.0000000000000 outp    2    3   11    1 val=  -0.80955
   4 k  1.0000000000000 stre    3    4           val=   2.30325
   5 k -0.7071066846251 bend    1    4    3      val=   2.87485
        0.7071068777480 bend    5    4    3
   6 k  1.0000000000000 outp    4    5    1    3 val=  -0.15068
   7 k  1.0000000000000 stre    5    6           val=   2.03381
   8 k  0.7071069960898 bend    7    6    5      val=   1.37208
       -0.7071065662832 bend    3    6    5
   9 k  1.0000000000000 outp    6    3    7    5 val=  -0.14964
  10 k  1.0000000000000 stre    7    8           val=   2.04053
  11 k  0.7071071509035 bend    5    8    7      val=   3.49103
       -0.7071064114694 bend    9    8    7
  12 k  1.0000000000000 outp    8    9    5    7 val=  -0.19536
  13 k  1.0000000000000 stre    9   10           val=   1.90187
  14 k  0.7071139425628 bend    7   10    9      val=   3.03753
       -0.7070996197377 bend   11   10    9
  15 k  1.0000000000000 outp   10   11    7    9 val=  -0.97068
  16 k  1.0000000000000 stre   11   12           val=   2.29633
  17 k  0.7071068000087 bend    1   12   11      val=   0.50378
       -0.7071067623644 bend    9   12   11
  18 k  1.0000000000000 outp   12    9    1   11 val=   0.10163
  19 k  1.0000000000000 stre    1   11           val=   2.60648
  20 k  1.0000000000000 stre   11    9           val=   2.61703
  21 k  1.0000000000000 stre    9    7           val=   2.58863
  22 k  1.0000000000000 stre    7    5           val=   2.54826
  23 k  1.0000000000000 stre    5    3           val=   2.74500
  24 k  1.0000000000000 stre    3    1           val=   2.65074
  25 k -0.5000000000000 bend    1    9   11      val=   3.98817
       -0.5000000000000 bend   11    7    9
        1.0000000000000 bend    9    5    7
       -0.5000000000000 bend    7    3    5
       -0.5000000000000 bend    5    1    3
        1.0000000000000 bend    3   11    1
  26 k  0.8660254037844 bend    1    9   11      val=  -1.10731
       -0.8660254037844 bend   11    7    9
        0.8660254037844 bend    7    3    5
       -0.8660254037844 bend    5    1    3
  27 k -1.0000000000000 bend    1    9   11      val=   4.01831
        1.0000000000000 bend   11    7    9
       -1.0000000000000 bend    9    5    7
        1.0000000000000 bend    7    3    5
       -1.0000000000000 bend    5    1    3
        1.0000000000000 bend    3   11    1
  28 k -0.5000000000000 tors   11    9    7    5 val=   0.33278
       -0.5000000000000 tors    9    7    5    3
        1.0000000000000 tors    7    5    3    1
       -0.5000000000000 tors    5    3    1   11
       -0.5000000000000 tors    3    1   11    9
        1.0000000000000 tors    1   11    9    7
  29 k  0.8660254037844 tors   11    9    7    5 val=   0.39796
       -0.8660254037844 tors    9    7    5    3
        0.8660254037844 tors    5    3    1   11
       -0.8660254037844 tors    3    1   11    9
  30 k -1.0000000000000 tors   11    9    7    5 val=   0.41493
        1.0000000000000 tors    9    7    5    3
       -1.0000000000000 tors    7    5    3    1
        1.0000000000000 tors    5    3    1   11
       -1.0000000000000 tors    3    1   11    9
        1.0000000000000 tors    1   11    9    7
        30 non zero eigenvalues  of BmBt
           1          11.357630107    1    0
         1
           2           5.775080228    2    0
         2
           3           4.664976385    3    0
         3
           4           4.435501715    4    0
         4
           5           4.348384086    5    0
         5
           6           3.633234384    6    0
         6
           7           3.483751233    7    0
         7
           8           3.379570277    8    0
         8
           9           3.198966728    9    0
         9
          10           2.615125042   10    0
        10
          11           1.967444383   11    0
        11
          12           1.905626149   12    0
        12
          13           1.864758261   13    0
        13
          14           1.575931924   14    0
        14
          15           1.549870000   15    0
        15
          16           1.027978864   16    0
        16
          17           0.919281876   17    0
        17
          18           0.546266400   18    0
        18
          19           0.465666022   19    0
        19
          20           0.403118646   20    0
        20
          21           0.383734945   21    0
        21
          22           0.373209183   22    0
        22
          23           0.345019565   23    0
        23
          24           0.289256829   24    0
        24
          25           0.275480191   25    0
        25
          26           0.260914281   26    0
        26
          27           0.225283438   27    0
        27
          28           0.147117460   28    0
        28
          29           0.114389807   29    0
        29
          30           0.098477622   30    0
        30
$user-defined bonds
$frag
 atom   1 fragment  1 symmetry  c1
 atom   2 fragment  1
 atom   3 fragment  1
 atom   4 fragment  1
 atom   5 fragment  1
 atom   6 fragment  1
 atom   7 fragment  1
 atom   8 fragment  1
 atom   9 fragment  1
 atom  10 fragment  1
 atom  11 fragment  1
 atom  12 fragment  1
   iteration     4
$end
