$coord
    0.00000000000000      2.72160412000000      0.00000000000000      c
   -2.39309898200000      1.27041828900000      0.00000000000000      c
   -2.39309898200000     -1.27041828900000      0.00000000000000      c
    0.00000000000000     -2.72160412000000      0.00000000000000      c
    2.39309898200000     -1.27041828900000      0.00000000000000      c
    2.39309898200000      1.27041828900000      0.00000000000000      c
    0.00000000000000      5.04754953800000      0.00000000000000      o
    0.00000000000000     -5.04754953800000      0.00000000000000      o
   -4.11977267000000      2.38185100300000      0.00000000000000      h
   -4.11977267000000     -2.38185100300000      0.00000000000000      h
    4.11977267000000     -2.38185100300000      0.00000000000000      h
    4.11977267000000      2.38185100300000      0.00000000000000      h
$user-defined bonds
$redundant
     number_of_atoms            12
     degrees_of_freedom         30
     internal_coordinates       30
     frozen_coordinates          0
# definitions of redundant internals
   1 k  1.0000000000000 stre    1    7           val=   2.32595
   2 k -0.7071067811865 bend    6    7    1      val=   0.00000
        0.7071067811865 bend    2    7    1
   3 k  1.0000000000000 outp    7    2    6    1 val=   0.00000
   4 k  1.0000000000000 stre    4    8           val=   2.32595
   5 k -0.7071067811865 bend    3    8    4      val=   0.00000
        0.7071067811865 bend    5    8    4
   6 k  1.0000000000000 outp    8    5    3    4 val=   0.00000
   7 k  1.0000000000000 stre    2    9           val=   2.05346
   8 k  0.7071067811865 bend    3    9    2      val=   3.38515
       -0.7071067811865 bend    1    9    2
   9 k  1.0000000000000 outp    9    1    3    2 val=   0.00000
  10 k  1.0000000000000 stre    3   10           val=   2.05346
  11 k  0.7071067811865 bend    2   10    3      val=   3.38515
       -0.7071067811865 bend    4   10    3
  12 k  1.0000000000000 outp   10    4    2    3 val=   0.00000
  13 k  1.0000000000000 stre    5   11           val=   2.05346
  14 k  0.7071067811865 bend    6   11    5      val=   3.38515
       -0.7071067811865 bend    4   11    5
  15 k  1.0000000000000 outp   11    4    6    5 val=   0.00000
  16 k  1.0000000000000 stre    6   12           val=   2.05346
  17 k  0.7071067811865 bend    5   12    6      val=   3.38515
       -0.7071067811865 bend    1   12    6
  18 k  1.0000000000000 outp   12    1    5    6 val=   0.00000
  19 k  1.0000000000000 stre    1    6           val=   2.79873
  20 k  1.0000000000000 stre    6    5           val=   2.54084
  21 k  1.0000000000000 stre    5    4           val=   2.79873
  22 k  1.0000000000000 stre    4    3           val=   2.79873
  23 k  1.0000000000000 stre    3    2           val=   2.54084
  24 k  1.0000000000000 stre    2    1           val=   2.79873
  25 k -0.5000000000000 bend    1    5    6      val=  -1.84921
       -0.5000000000000 bend    6    4    5
        1.0000000000000 bend    5    3    4
       -0.5000000000000 bend    4    2    3
       -0.5000000000000 bend    3    1    2
        1.0000000000000 bend    2    6    1
  26 k  0.8660254037844 bend    1    5    6      val=   0.00000
       -0.8660254037844 bend    6    4    5
        0.8660254037844 bend    4    2    3
       -0.8660254037844 bend    3    1    2
  27 k -1.0000000000000 bend    1    5    6      val=   0.00000
        1.0000000000000 bend    6    4    5
       -1.0000000000000 bend    5    3    4
        1.0000000000000 bend    4    2    3
       -1.0000000000000 bend    3    1    2
        1.0000000000000 bend    2    6    1
  28 k -0.5000000000000 tors    6    5    4    3 val=   0.00000
       -0.5000000000000 tors    5    4    3    2
        1.0000000000000 tors    4    3    2    1
       -0.5000000000000 tors    3    2    1    6
       -0.5000000000000 tors    2    1    6    5
        1.0000000000000 tors    1    6    5    4
  29 k  0.8660254037844 tors    6    5    4    3 val=   0.00000
       -0.8660254037844 tors    5    4    3    2
        0.8660254037844 tors    3    2    1    6
       -0.8660254037844 tors    2    1    6    5
  30 k -1.0000000000000 tors    6    5    4    3 val=   0.00000
        1.0000000000000 tors    5    4    3    2
       -1.0000000000000 tors    4    3    2    1
        1.0000000000000 tors    3    2    1    6
       -1.0000000000000 tors    2    1    6    5
        1.0000000000000 tors    1    6    5    4
        30 non zero eigenvalues  of BmBt
           1          10.479919604    1    0
         1
           2           5.353131609    2    0
         2
           3           4.279986972    3    0
         3
           4           4.277676807    4    0
         4
           5           4.277656427    5    0
         5
           6           3.555881267    6    0
         6
           7           3.527983213    7    0
         7
           8           3.268030438    8    0
         8
           9           3.104335099    9    0
         9
          10           2.617898198   10    0
        10
          11           1.930490451   11    0
        11
          12           1.845794899   12    0
        12
          13           1.805596333   13    0
        13
          14           1.597145248   14    0
        14
          15           1.475330090   15    0
        15
          16           0.939989223   16    0
        16
          17           0.894990690   17    0
        17
          18           0.525588564   18    0
        18
          19           0.438841772   19    0
        19
          20           0.382439768   20    0
        20
          21           0.381354372   21    0
        21
          22           0.359889183   22    0
        22
          23           0.310029466   23    0
        23
          24           0.278611215   24    0
        24
          25           0.260138940   25    0
        25
          26           0.255413340   26    0
        26
          27           0.235299274   27    0
        27
          28           0.137208718   28    0
        28
          29           0.108528327   29    0
        29
          30           0.090946047   30    0
        30
$end
