$coord
   -3.15182400633369      3.38049049593844      0.79605218216744  c
   -0.99175859189140      2.42811576585730     -0.84363093824539  c
    0.00000041098424      0.00000171634769      0.04459374324122  n
    2.59868885444358     -0.35516146341014     -0.84363445293228  c
    4.50348485407720      1.03931040312574      0.79607906443686  c
   -1.60693979701846     -2.07294545664912     -0.84361080708059  c
   -1.35164509080205     -4.41980882515653      0.79605779599148  c
   -2.50455128354079      3.60351380704571      2.73595390097218  h
   -3.82819002146711      5.19933924828895      0.10485734567078  h
   -4.74037528963701      2.07246878689939      0.79821425050847  h
    0.53383034564057      3.80275812331224     -0.77904898775068  h
   -1.60137607895119      2.29686428852658     -2.82733673841041  h
    2.78984208308563      0.23842372726187     -2.82733963399633  h
    3.02636598424415     -2.36368287092384     -0.77906151210113  h
    4.16502597596467      3.06905285181057      0.79819538868798  h
    6.41685286367104      0.71557910931158      0.10495926286515  h
    4.37290656260526      0.36727925313787      2.73598741559879  h
   -3.56021142552903     -1.43907205501619     -0.77898078486897  h
   -1.18851305308771     -2.53525121081672     -2.82733362363286  h
   -1.86834159363242     -3.97076339682267      2.73598106318698  h
   -2.58867412467101     -5.91496814078903      0.10491091499218  h
    0.57540242184550     -5.14154415727974      0.79813515069906  h
$user-defined bonds
$redundant
     number_of_atoms            22
     degrees_of_freedom         60
     internal_coordinates       60
     frozen_coordinates          0
# definitions of redundant internals
   1 k  0.5773502691896 tors  10    1    2    3 val=  59.18819
        0.5773502691896 tors   8    1    2    3
        0.5773502691896 tors   9    1    2    3
   2 k  1.0000000000000 stre   1   10           val=   2.05777
   3 k  1.0000000000000 stre   1    8           val=   2.05716
   4 k  1.0000000000000 stre   1    9           val=   2.05996
   5 k  0.4181317897010 bend   8   10    1      val=   1.35105
        0.4173037388675 bend   9   10    1
        0.4168743342878 bend   9    8    1
       -0.4020523302169 bend   2   10    1
       -0.3979016056005 bend   2    8    1
       -0.3965695669217 bend   2    9    1
   6 k -0.6863208599424 bend   8   10    1      val=   0.33338
        0.2847032143272 bend   9   10    1
        0.4036548634910 bend   9    8    1
       -0.2519751808324 bend   2   10    1
       -0.1789371403477 bend   2    8    1
        0.4352706240816 bend   2    9    1
   7 k  0.0730184658653 bend   8   10    1      val=   0.70232
       -0.6711239178101 bend   9   10    1
        0.6031652209793 bend   9    8    1
       -0.2775888321183 bend   2   10    1
        0.3196960240072 bend   2    8    1
       -0.0345195495920 bend   2    9    1
   8 k -0.4335145258273 bend   8   10    1      val=   0.25143
        0.2223868884437 bend   9   10    1
        0.2154871672071 bend   9    8    1
        0.3234975641338 bend   2   10    1
        0.3655513001732 bend   2    8    1
       -0.6913002831298 bend   2    9    1
   9 k -0.0181370479934 bend   8   10    1      val=   1.14359
       -0.2886090419198 bend   9   10    1
        0.3129902770348 bend   9    8    1
        0.6469597681409 bend   2   10    1
       -0.6321533139980 bend   2    8    1
       -0.0154337585299 bend   2    9    1
  10 k  1.0000000000000 stre   2   11           val=   2.05456
  11 k  1.0000000000000 stre   2   12           val=   2.07941
  12 k -0.0072060721740 bend  12   11    2      val=   0.19995
        0.4929441749337 bend   3   11    2
        0.5117256528842 bend   3   12    2
       -0.4910484668282 bend   1   11    2
       -0.5039467951368 bend   1   12    2
  13 k  0.0112849192490 bend  12   11    2      val=   1.55921
        0.5250223440452 bend   3   11    2
       -0.5028512272106 bend   3   12    2
        0.4931132631923 bend   1   11    2
       -0.4777071716099 bend   1   12    2
  14 k  0.9038492180215 bend  12   11    2      val=   1.69309
       -0.2120268093537 bend   3   11    2
       -0.2071908355376 bend   3   12    2
       -0.2178409604334 bend   1   11    2
       -0.2184456381435 bend   1   12    2
  15 k -0.0016277540859 bend  12   11    2      val=   0.43306
       -0.4921104662779 bend   3   11    2
        0.4787975304073 bend   3   12    2
        0.5231266074000 bend   1   11    2
       -0.5048921834436 bend   1   12    2
  16 k  1.0000000000000 stre   4   14           val=   2.05456
  17 k  1.0000000000000 stre   4   13           val=   2.07942
  18 k -0.0072042811635 bend  13   14    4      val=   0.20000
        0.4929455314451 bend   3   14    4
        0.5117241957522 bend   3   13    4
       -0.4910493572413 bend   5   14    4
       -0.5039461058446 bend   5   13    4
  19 k  0.0112792560413 bend  13   14    4      val=   1.55889
        0.5250218648306 bend   3   14    4
       -0.5028503512520 bend   3   13    4
        0.4931149908472 bend   5   14    4
       -0.4777069707263 bend   5   13    4
  20 k  0.9038486631961 bend  13   14    4      val=   1.69288
       -0.2120250425103 bend   3   14    4
       -0.2071954861880 bend   3   13    4
       -0.2178383300172 bend   5   14    4
       -0.2184478607488 bend   5   13    4
  21 k -0.0016273257600 bend  13   14    4      val=   0.43310
       -0.4921103688970 bend   3   14    4
        0.4787991754746 bend   3   13    4
        0.5231246010037 bend   5   14    4
       -0.5048927985469 bend   5   13    4
  22 k  0.5773502691896 tors  15    5    4    3 val=  59.18544
        0.5773502691896 tors  17    5    4    3
        0.5773502691896 tors  16    5    4    3
  23 k  1.0000000000000 stre   5   15           val=   2.05777
  24 k  1.0000000000000 stre   5   17           val=   2.05716
  25 k  1.0000000000000 stre   5   16           val=   2.05996
  26 k  0.4181305649094 bend  17   15    5      val=   1.35106
        0.4173050926945 bend  16   15    5
        0.4168740930740 bend  16   17    5
       -0.4020524664064 bend   4   15    5
       -0.3979021480602 bend   4   17    5
       -0.3965690049022 bend   4   16    5
  27 k -0.6863219570328 bend  17   15    5      val=   0.33342
        0.2847047433791 bend  16   15    5
        0.4036521711544 bend  16   17    5
       -0.2519730890400 bend   4   15    5
       -0.1789383295567 bend   4   17    5
        0.4352711129050 bend   4   16    5
  28 k  0.0730162835917 bend  17   15    5      val=   0.70232
       -0.6711217283175 bend  16   15    5
        0.6031676487539 bend  16   17    5
       -0.2775898748900 bend   4   15    5
        0.3196957040030 bend   4   17    5
       -0.0345188905925 bend   4   16    5
  29 k -0.4335142514953 bend  17   15    5      val=   0.25131
        0.2223917901438 bend  16   15    5
        0.2154818565305 bend  16   17    5
        0.3234884721924 bend   4   15    5
        0.3655604138745 bend   4   17    5
       -0.6912999689714 bend   4   16    5
  30 k -0.0181427648257 bend  17   15    5      val=   1.14369
       -0.2886061411163 bend  16   15    5
        0.3129933784418 bend  16   17    5
        0.6469645669688 bend   4   15    5
       -0.6321477675000 bend   4   17    5
       -0.0154444027955 bend   4   16    5
  31 k  1.0000000000000 stre   6   18           val=   2.05457
  32 k  1.0000000000000 stre   6   19           val=   2.07941
  33 k -0.0072030611103 bend  19   18    6      val=   0.20004
        0.4929438616684 bend   3   18    6
        0.5117255339918 bend   3   19    6
       -0.4910479768264 bend   7   18    6
       -0.5039477427965 bend   7   19    6
  34 k  0.0112863013238 bend  19   18    6      val=   1.55918
        0.5250206971294 bend   3   18    6
       -0.5028499500501 bend   3   19    6
        0.4931152692193 bend   7   18    6
       -0.4777082226481 bend   7   19    6
  35 k  0.9038488908018 bend  19   18    6      val=   1.69286
       -0.2120289434804 bend   3   18    6
       -0.2071923559569 bend   3   19    6
       -0.2178406871874 bend   7   18    6
       -0.2184437510246 bend   7   19    6
  36 k -0.0016273937581 bend  19   18    6      val=   0.43306
       -0.4921126058260 bend   3   18    6
        0.4787984585302 bend   3   19    6
        0.5231253745778 bend   7   18    6
       -0.5048904964036 bend   7   19    6
  37 k  0.5773502691896 tors  22    7    6    3 val=  59.18668
        0.5773502691896 tors  20    7    6    3
        0.5773502691896 tors  21    7    6    3
  38 k  1.0000000000000 stre   7   22           val=   2.05777
  39 k  1.0000000000000 stre   7   20           val=   2.05716
  40 k  1.0000000000000 stre   7   21           val=   2.05996
  41 k  0.4181325837139 bend  20   22    7      val=   1.35084
        0.4173011490895 bend  21   22    7
        0.4168734370965 bend  21   20    7
       -0.4020533316362 bend   6   22    7
       -0.3979026760995 bend   6   20    7
       -0.3965703086740 bend   6   21    7
  42 k -0.6863243805918 bend  20   22    7      val=   0.33342
        0.2847246882769 bend  21   22    7
        0.4036397492690 bend  21   20    7
       -0.2519624574088 bend   6   22    7
       -0.1789481185319 bend   6   20    7
        0.4352678947860 bend   6   21    7
  43 k  0.0729949617121 bend  20   22    7      val=   0.70224
       -0.6711154678156 bend  21   22    7
        0.6031775659178 bend  21   20    7
       -0.2775951576947 bend   6   22    7
        0.3196915408518 bend   6   20    7
       -0.0345084848853 bend   6   21    7
  44 k -0.4335104453235 bend  20   22    7      val=   0.25138
        0.2223931540709 bend  21   22    7
        0.2154783894023 bend  21   20    7
        0.3234883831487 bend   6   22    7
        0.3655612426334 bend   6   20    7
       -0.6913026011600 bend   6   21    7
  45 k -0.0181416104970 bend  20   22    7      val=   1.14357
       -0.2886064817104 bend  21   22    7
        0.3129916663600 bend  21   20    7
        0.6469665995645 bend   6   22    7
       -0.6321463469494 bend   6   20    7
       -0.0154470890150 bend   6   21    7
  46 k  0.7071067811865 tors   1    2    3    4 val= 141.99002
        0.7071067811865 tors   1    2    3    6
  47 k  1.0000000000000 stre   2    1           val=   2.87428
  48 k  1.0000000000000 bend   3    1    2      val= 112.12980
  49 k  0.7071067811865 tors   5    4    3    2 val= 141.99103
        0.7071067811865 tors   5    4    3    6
  50 k  1.0000000000000 stre   4    5           val=   2.87428
  51 k  1.0000000000000 bend   3    5    4      val= 112.12929
  52 k  0.7071067811865 tors   7    6    3    2 val= 141.98930
        0.7071067811865 tors   7    6    3    4
  53 k  1.0000000000000 stre   6    7           val=   2.87427
  54 k  1.0000000000000 bend   3    7    6      val= 112.12970
  55 k  1.0000000000000 stre   3    2           val=   2.76916
  56 k  1.0000000000000 stre   3    4           val=   2.76916
  57 k  1.0000000000000 stre   3    6           val=   2.76916
  58 k -0.3221745163801 bend   4    2    3      val=   0.00042
        0.8108227369154 bend   6    2    3
       -0.4886410444244 bend   6    4    3
  59 k -0.7502434186855 bend   4    2    3      val=   0.00077
        0.0961118400319 bend   6    2    3
        0.6541386144578 bend   6    4    3
  60 k  0.5773546515915 bend   4    2    3      val= 110.22305
        0.5773465194376 bend   6    2    3
        0.5773496365107 bend   6    4    3
        60 non zero eigenvalues  of BmBt
           1           5.444016655    1    0
         1
           2           5.189116922    2    0
         2
           3           5.189104991    3    0
         3
           4           4.129813738    4    0
         4
           5           4.129803552    5    0
         5
           6           3.848442132    6    0
         6
           7           3.631798029    7    0
         7
           8           3.631791887    8    0
         8
           9           3.532693003    9    0
         9
          10           3.152762822   10    0
        10
          11           3.152760506   11    0
        11
          12           2.932774306   12    0
        12
          13           2.793041268   13    0
        13
          14           2.793039795   14    0
        14
          15           2.666625367   15    0
        15
          16           2.318737358   16    0
        16
          17           2.318731271   17    0
        17
          18           2.089724083   18    0
        18
          19           1.385953159   19    0
        19
          20           1.380613945   20    0
        20
          21           1.380607028   21    0
        21
          22           0.880735592   22    0
        22
          23           0.877333602   23    0
        23
          24           0.877333262   24    0
        24
          25           0.762636054   25    0
        25
          26           0.761090690   26    0
        26
          27           0.761089919   27    0
        27
          28           0.709814530   28    0
        28
          29           0.709813350   29    0
        29
          30           0.704054947   30    0
        30
          31           0.688266265   31    0
        31
          32           0.688265085   32    0
        32
          33           0.688135973   33    0
        33
          34           0.608009355   34    0
        34
          35           0.608007909   35    0
        35
          36           0.593239158   36    0
        36
          37           0.424565450   37    0
        37
          38           0.424564821   38    0
        38
          39           0.415898373   39    0
        39
          40           0.340724691   40    0
        40
          41           0.340723921   41    0
        41
          42           0.316359581   42    0
        42
          43           0.280656464   43    0
        43
          44           0.280656171   44    0
        44
          45           0.271882693   45    0
        45
          46           0.263634046   46    0
        46
          47           0.263633872   47    0
        47
          48           0.260690464   48    0
        48
          49           0.174237828   49    0
        49
          50           0.172641255   50    0
        50
          51           0.172640575   51    0
        51
          52           0.111241618   52    0
        52
          53           0.111239728   53    0
        53
          54           0.062970936   54    0
        54
          55           0.044988113   55    0
        55
          56           0.039028397   56    0
        56
          57           0.039028135   57    0
        57
          58           0.018632409   58    0
        58
          59           0.018632160   59    0
        59
          60           0.016095238   60    0
        60
$end
