$energy      SCF               SCFKIN            SCFPOT            RIRPA
     1 -290.4047481101      0.00000000      0.00000000     -2.346028871730
     2 -290.4069711679      0.00000000      0.00000000     -2.344891094251
     3 -290.4076628360      0.00000000      0.00000000     -2.344229901240
     4 -290.4076062298      0.00000000      0.00000000     -2.344308439567
     5 -290.4075741325      0.00000000      0.00000000     -2.344342100951
     6 -290.4075935384      0.00000000      0.00000000     -2.344323420753
     7 -290.4075944046      0.00000000      0.00000000     -2.344322510591
     8 -290.4075942005      0.00000000      0.00000000     -2.344322744724
$end
