$hessapprox internal
  0.766570298149D-02  0.263789647769D-03  0.417533026308D+00 -0.969459231151D-04
 -0.394717187541D-02  0.416749462144D+00  0.495288114342D-04 -0.400519513071D-02
 -0.408072349042D-02  0.413868017007D+00 -0.135257048393D-03  0.654221747268D-03
  0.260496344107D-02  0.250737673467D-02  0.297374730723D+00  0.126252173005D-03
  0.295150909642D-03  0.137812311972D-03  0.982921698518D-03 -0.695572653017D-02
  0.318583687126D+00  0.365323362483D-04  0.190715263406D-05  0.480742783330D-03
  0.151696764717D-03 -0.523688057200D-02 -0.101431983268D-02  0.316800562318D+00
  0.721274567896D-05 -0.161331029268D-04  0.900649976688D-03 -0.470558337081D-03
 -0.266309576109D-02  0.520983741124D-04 -0.101995351038D-02  0.328787048067D+00
 -0.176120675571D-03 -0.215175063480D-03 -0.999039957532D-03 -0.682780972494D-03
  0.125924500965D-01  0.261888782372D-02  0.253472300947D-02  0.193425063276D-02
  0.327386579323D+00  0.125666817176D-03 -0.463146400660D-02 -0.476270766713D-02
 -0.510696166466D-02  0.114831142335D-02  0.106261754453D-02 -0.174671364321D-03
 -0.109160431975D-02 -0.116173007797D-03  0.415540123879D+00 -0.454562806371D-03
 -0.521546332575D-02 -0.468848688984D-02 -0.492909043834D-02  0.180577514927D-03
 -0.284644554783D-03 -0.251341937794D-03 -0.559741063901D-04  0.649778985507D-03
 -0.596353378269D-02  0.396624617746D+00 -0.354591465781D-03 -0.195281610658D-03
  0.217758720277D-02  0.173727933891D-02 -0.252593090269D-01 -0.581881396571D-02
 -0.510510861367D-02 -0.359112548507D-02  0.120234160424D-01  0.202065146000D-03
  0.263784258254D-03  0.315141807762D+00 -0.674979536817D-03 -0.317367880904D-04
  0.615429521584D-03  0.895052699984D-03 -0.994891060087D-03 -0.194077945926D-02
  0.106044399937D-03  0.189685127609D-02  0.648105040068D-03 -0.231063284113D-03
  0.165962617649D-02  0.227855925872D-03  0.340059057254D+00 -0.490820727640D-03
 -0.819054650860D-04 -0.102606507441D-02  0.123821866025D-02  0.152449401395D-02
 -0.204793286216D-02  0.134299546476D-02  0.420659370794D-02 -0.176814873502D-02
  0.183961521538D-02  0.886047220336D-03  0.344675561796D-02 -0.221748325615D-02
  0.308304235902D+00 -0.476794995562D-03 -0.211638475798D-03  0.828039994489D-03
  0.120008745147D-02 -0.129128860092D-01 -0.418846442898D-02 -0.220711840238D-02
 -0.132324575387D-05  0.582544640868D-02  0.747607036645D-03  0.442401177313D-03
 -0.112562435240D-01 -0.558624206187D-03 -0.970759433174D-03  0.331762057630D+00
  0.350132532560D-03 -0.427523584114D-02 -0.455849500838D-02 -0.495947938527D-02
 -0.618183056065D-04  0.648452257995D-03 -0.348995188552D-03 -0.925035921886D-03
  0.310702297082D-03 -0.558404039498D-02 -0.632211909329D-02 -0.125802423980D-02
  0.505345787866D-05  0.142394581132D-02 -0.245883240974D-03  0.415380628152D+00
 -0.297470111452D-03 -0.498687749766D-02 -0.456651844885D-02 -0.484229431104D-02
 -0.683161387026D-03 -0.579253207041D-03 -0.376910478212D-03  0.594898328090D-04
  0.957345592164D-03 -0.625597140335D-02 -0.531656251894D-02 -0.764275421426D-03
  0.183159156407D-02  0.587237868310D-03 -0.269547196662D-03 -0.619761800185D-02
  0.396374516245D+00 -0.554422613903D-03 -0.469888886882D-03  0.207807500599D-02
  0.164638838869D-02 -0.244241926297D-01 -0.548201962550D-02 -0.501060614627D-02
 -0.381776984970D-02  0.117719894680D-01  0.568337039460D-03  0.627860129727D-03
 -0.215298326606D-01  0.530691507643D-04  0.395948873163D-02 -0.104428530714D-01
 -0.142800420976D-02 -0.778145106144D-03  0.317715048382D+00 -0.613886550978D-03
  0.659423907230D-04  0.677671159483D-03  0.935990914601D-03 -0.136451560858D-02
 -0.206193536947D-02  0.490158560099D-04  0.193349896326D-02  0.785755331446D-03
 -0.340102196638D-03  0.156165186500D-02 -0.210636720742D-03  0.225297963042D-02
 -0.231389145942D-02 -0.844293244633D-03  0.588848828342D-04  0.184838578063D-02
 -0.533568251283D-03  0.340254384991D+00 -0.360684638140D-03  0.116040432444D-03
 -0.920651941312D-03  0.131464270545D-02  0.861970850655D-03 -0.228224145648D-02
  0.125050547406D-02  0.431318213580D-02 -0.153920613437D-02  0.160784119653D-02
  0.669755039894D-03  0.264073435960D-02 -0.207609692185D-02 -0.827946987616D-02
 -0.153462872415D-02  0.154000093896D-02  0.616110981464D-03  0.283881625631D-02
 -0.207667263216D-02  0.307995693976D+00 -0.251288080499D-03  0.153472877753D-03
  0.106203468566D-02  0.135914801789D-02 -0.142907494385D-01 -0.463247093665D-02
 -0.242035777922D-02  0.125106630384D-03  0.633797802073D-02  0.362965512153D-03
  0.883417504250D-04 -0.128817036514D-01 -0.297890344996D-03 -0.132337335744D-02
 -0.699322919552D-02 -0.384483476303D-04 -0.206353908131D-03 -0.126072823883D-01
 -0.420876285702D-03 -0.153880269462D-02  0.330233321328D+00  0.110769716993D-03
  0.471977593496D-04 -0.205494574740D-03 -0.331136530234D-04  0.584690470174D-03
  0.386097429447D-03  0.133801030493D-03 -0.120617777650D-03 -0.419559149509D-03
  0.381235366173D-03 -0.209228708135D-03  0.522928483584D-03 -0.820826598148D-03
 -0.185676666387D-03  0.147355708580D-03  0.220423226010D-03 -0.323659375990D-03
  0.671187330341D-03 -0.865927509995D-03 -0.281884365840D-03 -0.132893823770D-04
  0.762670830142D-02  0.604340210803D-04 -0.382490302288D-02 -0.409518495250D-02
 -0.411966042378D-02  0.166521353768D-02  0.662339251099D-03  0.137503550025D-03
 -0.199731567649D-03 -0.555958277367D-03 -0.426877487322D-02 -0.486738388803D-02
  0.103403108152D-02 -0.236034879001D-03  0.356269046653D-03  0.668837240831D-03
 -0.445487381706D-02 -0.502102050398D-02  0.124926092398D-02 -0.287857198937D-03
  0.235614169497D-03  0.490306133093D-03  0.196552354199D-03  0.417427085864D+00
 -0.778980082536D-04 -0.392334929479D-02 -0.421312664588D-02 -0.407423969044D-02
  0.253532803721D-02  0.107281550413D-03  0.474089931879D-03  0.924982595037D-03
 -0.980158133392D-03 -0.479995921955D-02 -0.472545719275D-02  0.208876996775D-02
  0.631380664447D-03 -0.108020980113D-02  0.753293553974D-03 -0.454407558581D-02
 -0.456705707251D-02  0.194298847845D-02  0.707917662597D-03 -0.944497156549D-03
  0.103931558471D-02 -0.219948941629D-03 -0.411850409527D-02  0.416765850200D+00
  0.105793093200D-04 -0.407091821673D-02 -0.412427731527D-02 -0.447283582197D-02
  0.274793790294D-02  0.106096849228D-02  0.188930172557D-03 -0.492988263878D-03
 -0.772497670125D-03 -0.504270743785D-02 -0.487030518191D-02  0.202215281348D-02
  0.849152798381D-03  0.129821118234D-02  0.138338394050D-02 -0.499800497332D-02
 -0.485592092729D-02  0.202483118531D-02  0.861851163994D-03  0.131415154753D-02
  0.143983905656D-02 -0.502926803745D-05 -0.409101268231D-02 -0.412682471355D-02
  0.413826510823D+00 -0.310536368380D-03  0.389033453464D-03  0.246696180165D-02
  0.240503243936D-02 -0.267525377248D-01 -0.663990422352D-02 -0.511422800682D-02
 -0.281027320271D-02  0.122878295486D-01  0.145634222350D-02  0.474217905504D-03
 -0.241779385135D-01 -0.117567455641D-02  0.187926257937D-02 -0.121535532030D-01
 -0.219523125409D-03 -0.717744249203D-03 -0.229216755406D-01 -0.167362421281D-02
  0.943080091924D-03 -0.139980119048D-01  0.712432381817D-03  0.182653895111D-02
  0.235677969155D-02  0.272659131010D-02  0.299518792186D+00 -0.813248737821D-04
 -0.165279274994D-04 -0.197453642770D-04  0.866496252308D-03 -0.595256410439D-02
 -0.156813955645D-02 -0.878294829582D-03 -0.125526556758D-03  0.228065106338D-02
  0.142860474704D-02  0.632786504091D-04 -0.458527214135D-02 -0.215463262848D-02
 -0.162549996846D-02 -0.331231814595D-02  0.462365135066D-03 -0.620441448056D-03
 -0.374966948835D-02 -0.242796117433D-02 -0.218412426369D-02 -0.430969843457D-02
  0.537610819258D-03  0.856092953788D-03 -0.982841129989D-04  0.104060325378D-02
 -0.520253740953D-02  0.319819251192D+00 -0.173938716392D-04 -0.782509915818D-04
  0.439119339711D-03  0.120170140273D-03 -0.494747760847D-02 -0.912923128570D-03
 -0.109285754750D-02 -0.106429440438D-02  0.243401017774D-02 -0.786517416907D-04
 -0.158918349393D-03 -0.475883552517D-02  0.516491935508D-04  0.145360559676D-02
 -0.196481790053D-02 -0.395673365438D-03 -0.385052212912D-03 -0.453517851478D-02
 -0.446793460064D-04  0.127724142318D-02 -0.232094183794D-02  0.172749591851D-03
  0.188070685775D-03  0.420026017590D-03  0.182205167164D-03 -0.471253778608D-02
 -0.643794472579D-03  0.316916147124D+00  0.117488006150D-03  0.148472669494D-03
  0.978900902534D-03 -0.411621887100D-03 -0.314845335358D-02 -0.128526107491D-03
 -0.108234439065D-02 -0.171845916862D-02  0.209104149315D-02 -0.128469694903D-02
 -0.240398003059D-03 -0.420099911374D-02  0.200764241460D-02  0.397319597522D-02
 -0.445969366787D-03 -0.824163361533D-03  0.822712474902D-04 -0.469272583851D-02
  0.212538719076D-02  0.425238391499D-02 -0.245690872631D-04 -0.201413388351D-03
 -0.304053661149D-03  0.102872555013D-02 -0.485257770936D-03 -0.352670985639D-02
 -0.579881822620D-03 -0.119754803017D-02  0.329135278798D+00  0.409842427014D-04
  0.109937662989D-03 -0.830157878950D-03 -0.558248500002D-03  0.114778416453D-01
  0.222613826751D-02  0.237949314127D-02  0.211221058451D-02 -0.538760773147D-02
 -0.501456998693D-03  0.282746288476D-03  0.106726109734D-01  0.872369700860D-03
 -0.220321579698D-02  0.487850394510D-02  0.501209827414D-03  0.996120362700D-03
  0.990030799219D-02  0.116864086179D-02 -0.163590748298D-02  0.596778435859D-02
 -0.577137529672D-03 -0.758235578873D-03 -0.761117411543D-03 -0.748079293287D-03
  0.107202094376D-01  0.135100003185D-02  0.213994940565D-02  0.255476420315D-02
  0.328715319704D+00  0.433779663015D-03 -0.416448291077D-02 -0.451476702449D-02
 -0.492393309839D-02 -0.468224583762D-03  0.493399500021D-03 -0.400981471228D-03
 -0.838215065331D-03  0.444867428847D-03 -0.575089431360D-02 -0.648103302360D-02
 -0.175055778479D-02  0.900147229135D-04  0.122218605360D-02 -0.611874585631D-03
 -0.530917892228D-02 -0.619644950918D-02 -0.212521045666D-02  0.206514821429D-03
  0.147162286876D-02 -0.176521307907D-03  0.156476429324D-03 -0.455183817745D-02
 -0.448066412115D-02 -0.500202414947D-02 -0.804449861697D-03  0.957823657870D-04
 -0.502379766551D-03 -0.624835936621D-03  0.856137935437D-03  0.415586751139D+00
 -0.444262550709D-03 -0.517725435837D-02 -0.461412826589D-02 -0.489521845159D-02
 -0.193422386342D-03 -0.353417638352D-03 -0.335088917301D-03 -0.135607430148D-03
  0.833440026425D-03 -0.597397470057D-02 -0.503994889635D-02 -0.120575048192D-03
  0.170397814947D-02  0.100820753458D-02  0.283368459469D-03 -0.631760414235D-02
 -0.530203012608D-02  0.225058021811D-03  0.160948814669D-02  0.801448223391D-03
 -0.584757928899D-04 -0.209934073742D-03 -0.484482446175D-02 -0.464913404140D-02
 -0.483852858329D-02  0.873237311879D-04 -0.213467654105D-04 -0.246453983669D-03
 -0.310937636903D-03  0.482113952202D-03 -0.646947161364D-02  0.396628317372D+00
 -0.598899025857D-03 -0.515625419350D-03  0.210324542192D-02  0.164669441895D-02
 -0.244843998715D-01 -0.544139418555D-02 -0.504815640511D-02 -0.394004045520D-02
  0.118414607086D-01  0.663786204660D-03  0.723639411070D-03 -0.215408597252D-01
  0.258783403221D-04  0.418422799996D-02 -0.103480069993D-01 -0.146848801544D-02
 -0.778230365453D-03 -0.198951016743D-01 -0.598818943089D-03  0.298434872737D-02
 -0.126512110840D-01  0.713983033484D-03  0.132622430060D-02  0.195693420440D-02
  0.204925008566D-02 -0.228759801640D-01 -0.358406671297D-02 -0.454012051343D-02
 -0.488089526845D-02  0.983861520262D-02 -0.221661205173D-02  0.311723386030D-03
  0.317955317858D+00 -0.799875377342D-03 -0.163389330312D-03  0.624764154428D-03
  0.875110452864D-03 -0.673978212428D-03 -0.175952115332D-02  0.116090998181D-03
  0.169527723952D-02  0.595686103256D-03  0.329498847544D-04  0.192675135374D-02
  0.665065637168D-03  0.208943083696D-02 -0.178369756233D-02 -0.106878695594D-03
 -0.760453583756D-04  0.185529095485D-02  0.797069689986D-03  0.206881312267D-02
 -0.184438336111D-02 -0.194937561683D-03 -0.722532125851D-03 -0.536974040316D-04
  0.611361989245D-03  0.889752274218D-03 -0.584448284566D-03 -0.165354033671D-02
  0.144703347487D-03  0.163652416830D-02  0.485432255388D-03 -0.121951644916D-03
  0.195533759415D-02  0.842257416380D-03  0.340075346650D+00 -0.393191905827D-03
  0.831435970212D-04 -0.910928794097D-03  0.131061338811D-02  0.908774002492D-03
 -0.223653506597D-02  0.124308789013D-02  0.424414136776D-02 -0.153297230642D-02
  0.167981736562D-02  0.740993094800D-03  0.271608664745D-02 -0.209917475081D-02
 -0.813938159990D-02 -0.142606987825D-02  0.151693332598D-02  0.620285685712D-03
  0.299799096001D-02 -0.212622241247D-02 -0.824725718093D-02 -0.152668922328D-02
 -0.253093180298D-03  0.288933758284D-03 -0.942769629452D-03  0.132686529171D-02
  0.106418254373D-02 -0.205057746301D-02  0.129265882711D-02  0.413686598597D-02
 -0.172165337630D-02  0.141268126914D-02  0.867564052000D-03  0.316270546723D-02
 -0.181527241484D-02  0.308178600839D+00 -0.332412035940D-03  0.520426038758D-04
  0.105536628553D-02  0.133412140463D-02 -0.141178884414D-01 -0.451485675703D-02
 -0.242338417163D-02 -0.225879297585D-04  0.632266258310D-02  0.520745173717D-03
  0.246475885823D-03 -0.126249898419D-01 -0.359174875594D-03 -0.102564203950D-02
 -0.671621068787D-02 -0.111312664759D-03 -0.210823088663D-03 -0.121461085293D-01
 -0.546252037047D-03 -0.137601410794D-02 -0.741849818250D-02  0.545957677086D-04
  0.598478284304D-03  0.101311493467D-02  0.145534291426D-02 -0.136446333714D-01
 -0.397858919319D-02 -0.226852090176D-02 -0.285355496438D-03  0.572907095331D-02
 -0.336700689952D-03  0.884987374559D-04 -0.121422816657D-01 -0.128206621794D-03
 -0.132935747408D-02  0.330405506397D+00  0.196430071743D-03  0.174810527666D-03
 -0.140551613096D-03  0.154160156633D-04  0.151885292804D-03  0.231945936502D-03
  0.743001987955D-04 -0.480618265919D-04 -0.271568151552D-03  0.228483801029D-03
 -0.354649342516D-03 -0.263882145794D-05 -0.732599779368D-03 -0.361426773258D-03
 -0.224316724676D-03  0.295474133079D-03 -0.308521366769D-03 -0.603367174817D-04
 -0.714928124709D-03 -0.323780942680D-03 -0.156708646426D-03  0.154030153635D-03
  0.115557143285D-03 -0.135177140110D-03  0.387964295463D-05  0.100426690061D-03
  0.171086942945D-03  0.583264137828D-04 -0.158396333581D-04 -0.207569607427D-03
  0.318838864515D-03 -0.348996699700D-03 -0.692946540902D-04 -0.766485862582D-03
 -0.331315831577D-03 -0.177076921138D-03  0.758930813181D-02  0.183307331932D-03
 -0.364102337209D-02 -0.400020673618D-02 -0.404783064810D-02  0.102767068701D-02
  0.438403736273D-03  0.488706787656D-04 -0.989278037579D-04 -0.336292898208D-03
 -0.448465437160D-02 -0.507521585210D-02  0.265526324193D-03 -0.112821041049D-03
  0.106126125546D-03  0.128078926595D-03 -0.434619023219D-02 -0.500010018671D-02
  0.187118848588D-03 -0.752383091591D-04  0.176213080473D-03  0.274629861635D-03
  0.108215689498D-03 -0.374310253911D-02 -0.399524719038D-02 -0.407560856100D-02
  0.933632337283D-03  0.329486635164D-03  0.211834033322D-04 -0.421426762128D-04
 -0.222828744536D-03 -0.431871525963D-02 -0.504384752848D-02  0.190107209086D-03
 -0.119102708680D-03  0.177668819717D-03  0.256847181479D-03  0.152125319181D-03
  0.417379221032D+00 -0.933906354407D-04 -0.394178505679D-02 -0.421581832526D-02
 -0.407853933203D-02  0.258497871929D-02  0.130352791574D-03  0.477973665898D-03
  0.904187683000D-03 -0.991949647380D-03 -0.476983936152D-02 -0.469459655416D-02
  0.215386476821D-02  0.620146234108D-03 -0.103402395553D-02  0.811336999335D-03
 -0.455554807495D-02 -0.456552248326D-02  0.204524030666D-02  0.685166667426D-03
 -0.922686116612D-03  0.105543118549D-02 -0.208497182275D-03 -0.409902880455D-02
 -0.420931328208D-02 -0.412384641022D-02  0.243904748032D-02 -0.366034506542D-04
  0.433920526181D-03  0.987440726400D-03 -0.813263077908D-03 -0.450795534598D-02
 -0.461995870622D-02  0.206811527989D-02  0.623630248239D-03 -0.914572499309D-03
  0.104485437905D-02 -0.139675615309D-03 -0.399852479243D-02  0.416756520463D+00
  0.379517554529D-04 -0.401739211841D-02 -0.407852244113D-02 -0.444509702803D-02
  0.253113631211D-02  0.100108633483D-02  0.150541192979D-03 -0.494372410030D-03
 -0.684050727016D-03 -0.508116570148D-02 -0.490376495608D-02  0.177176842093D-02
  0.886057719269D-03  0.128621683200D-02  0.124134453228D-02 -0.496762505043D-02
 -0.484090505020D-02  0.171088502957D-02  0.917552781192D-03  0.134278706618D-02
  0.136601472836D-02 -0.227818914518D-04 -0.410104246144D-02 -0.407490325044D-02
 -0.446872279564D-02  0.245534158828D-02  0.916059269016D-03  0.127169615395D-03
 -0.452061631908D-03 -0.592378735120D-03 -0.494490608107D-02 -0.487162130299D-02
  0.171813975676D-02  0.884850580099D-03  0.134380250812D-02  0.135341165806D-02
  0.127679173027D-04 -0.404773839866D-02 -0.407691340347D-02  0.413865972889D+00
 -0.191445103517D-03  0.569980703351D-03  0.256065338175D-02  0.247365776384D-02
 -0.273334975547D-01 -0.684597396233D-02 -0.519394059496D-02 -0.271221626087D-02
  0.124848431159D-01  0.125031365030D-02  0.277065313136D-03 -0.248920503935D-01
 -0.105442403091D-02  0.164348442359D-02 -0.126562752078D-01 -0.110654032478D-03
 -0.692967209747D-03 -0.239204563981D-01 -0.146559969716D-02  0.892302459116D-03
 -0.141851897315D-01  0.626664858814D-03  0.171913678486D-02  0.247787390238D-02
  0.274044087731D-02 -0.263259794245D-01 -0.570212321047D-02 -0.486817676619D-02
 -0.327247357074D-02  0.112234957428D-01 -0.574890584209D-03 -0.100968232950D-03
 -0.239462152069D-01 -0.645834094150D-03  0.963224283997D-03 -0.139537473894D-01
  0.135809652112D-03  0.998887456908D-03  0.253809979787D-02  0.250603231460D-02
  0.298029146124D+00  0.580975646001D-04  0.196719362988D-03  0.888523587351D-04
  0.946834440154D-03 -0.660394073149D-02 -0.180265065577D-02 -0.965677865821D-03
 -0.677850372560D-05  0.249745508179D-02  0.119061069821D-02 -0.165010698040D-03
 -0.539438343832D-02 -0.201450146507D-02 -0.190586266843D-02 -0.388757189570D-02
  0.593310130087D-03 -0.588708002017D-03 -0.489201184914D-02 -0.218612429429D-02
 -0.224779088213D-02 -0.451507822315D-02  0.437093584132D-03  0.731618875633D-03
  0.423786479240D-04  0.105673280095D-02 -0.614404999656D-02 -0.127139034482D-02
 -0.820128749565D-03 -0.278271890007D-03  0.192656834117D-02  0.368061287070D-03
 -0.238881770547D-03 -0.480975424436D-02 -0.172695632021D-02 -0.217286692183D-02
 -0.432649584768D-02  0.212474414113D-03  0.407268432663D-03  0.782736355599D-04
  0.975437660205D-03 -0.644752002598D-02  0.318892428116D+00  0.334471115824D-04
  0.133382490895D-05  0.485307648489D-03  0.153685385776D-03 -0.523860947514D-02
 -0.101131368040D-02 -0.113555043182D-02 -0.102778981148D-02  0.253851674420D-02
 -0.166022802722D-03 -0.241946043291D-03 -0.510472988147D-02  0.105527179473D-03
  0.135937240065D-02 -0.219864218475D-02 -0.349065645314D-03 -0.373669535635D-03
 -0.500263827684D-02  0.460594171519D-04  0.126179913341D-02 -0.242078460871D-02
  0.136312926212D-03  0.144799108196D-03  0.477934337711D-03  0.192463904378D-03
 -0.510916400587D-02 -0.867265928898D-03 -0.109288403694D-02 -0.109441398855D-02
  0.237487174423D-02 -0.404312853377D-03 -0.326278565421D-03 -0.503854488841D-02
  0.120222465666D-03  0.125561239903D-02 -0.242075203815D-02  0.734914363293D-04
  0.514197753974D-04  0.482391608871D-03  0.152974226371D-03 -0.519346371237D-02
 -0.960001609244D-03  0.316796566630D+00  0.299843664965D-04  0.172844728768D-04
  0.916218370550D-03 -0.459635029555D-03 -0.275726285525D-02  0.161295104208D-04
 -0.103188288615D-02 -0.179838867847D-02  0.196430980465D-02 -0.113365355487D-02
 -0.945297877491D-04 -0.371196476053D-02  0.192219735030D-02  0.415928404001D-02
 -0.900734742600D-04 -0.905316515367D-03  0.644790606064D-04 -0.399426096896D-02
  0.197589442270D-02  0.430213119604D-02  0.983729103235D-04 -0.137982753426D-03
 -0.222806813350D-03  0.945900898672D-03 -0.492831441485D-03 -0.295298381021D-02
 -0.218985459092D-03 -0.109111479165D-02 -0.166648636627D-02  0.220230405274D-02
 -0.794861045521D-03 -0.172183164203D-03 -0.413031550900D-02  0.168506782847D-02
  0.422334850090D-02 -0.730323884548D-04 -0.416848219060D-04 -0.881546105365D-04
  0.920807661517D-03 -0.486935699241D-03 -0.282212521571D-02 -0.618391151164D-04
 -0.104060503663D-02  0.328836572591D+00 -0.131664024853D-03 -0.157359522411D-03
 -0.971622648494D-03 -0.662948245101D-03  0.123283410994D-01  0.252785610077D-02
  0.249625010601D-02  0.196945933358D-02 -0.567658086114D-02 -0.208005525255D-03
  0.563574811953D-03  0.117162626434D-01  0.696507088184D-03 -0.186075115354D-02
  0.561088891730D-02  0.337815767435D-03  0.954988412931D-03  0.113570088507D-01
  0.866893791948D-03 -0.156184715314D-02  0.624242639595D-02 -0.452566526372D-03
 -0.607182092107D-03 -0.942344434970D-03 -0.773317483583D-03  0.119300764008D-01
  0.207857068148D-02  0.236685828984D-02  0.218540679786D-02 -0.517648908495D-02
  0.517634026429D-03  0.750167433783D-03  0.113990588864D-01  0.574609559723D-03
 -0.157476311201D-02  0.618068233736D-02 -0.258767084260D-03 -0.322264654468D-03
 -0.962505216976D-03 -0.671049264205D-03  0.121904251011D-01  0.236959709357D-02
  0.249828763816D-02  0.201195709813D-02  0.327601410287D+00 -0.122483934310D-02
 -0.118491569172D-02  0.368394028309D-03 -0.254159145381D-04  0.338190120766D-03
 -0.126135409555D-02 -0.311554650275D-04  0.868375766945D-03  0.795325907818D-03
 -0.780200921999D-03  0.212227121833D-02  0.161383477466D-02  0.336430396381D-02
  0.748816040862D-03  0.161718821722D-02 -0.149747910784D-02  0.162196989263D-02
  0.227316181671D-02  0.317420146971D-02  0.333857589552D-03  0.908759397470D-03
 -0.757833981278D-03 -0.528413554492D-03  0.304977638820D-03  0.963795619299D-04
  0.901276490492D-03 -0.593914532566D-03  0.142591972555D-03  0.512099615835D-03
  0.980057285623D-04 -0.176808947242D-02  0.210881375552D-02  0.242898346713D-02
  0.379042524898D-02  0.445564841058D-03  0.118360755234D-02 -0.103323754725D-02
 -0.924713721687D-03  0.357413855712D-03  0.139050988837D-04  0.517992256884D-03
 -0.104357699514D-02 -0.196507607573D-04  0.795786800887D-03  0.653356858158D-03
  0.158880690636D-01 -0.550187181982D-03 -0.312446845755D-02 -0.227939838469D-02
 -0.152781305711D-02 -0.110644040998D-01 -0.420419957033D-02 -0.180095199018D-02
  0.839592432431D-03  0.508741984545D-02 -0.315320414437D-02 -0.293804323696D-02
 -0.896411115170D-02  0.596091054407D-03 -0.265453990574D-02 -0.607084423461D-02
 -0.365131640209D-02 -0.330858968183D-02 -0.852339106121D-02  0.454231848729D-03
 -0.293654910194D-02 -0.659942386652D-02 -0.228057172437D-03 -0.266691513981D-02
 -0.232106601632D-02 -0.143756864303D-02 -0.106763792078D-01 -0.376334090987D-02
 -0.167279076172D-02  0.620688010534D-03  0.460033448540D-02 -0.385491458668D-02
 -0.301385533188D-02 -0.847295059483D-02  0.863736890805D-03 -0.287273947629D-02
 -0.644817943447D-02 -0.419113076003D-03 -0.294743494538D-02 -0.228795396650D-02
 -0.150286709768D-02 -0.109281356983D-01 -0.404700820460D-02 -0.179353314588D-02
  0.797736433568D-03  0.496471449534D-02  0.209479042335D-02  0.367189498345D+00
 -0.141317312314D-02 -0.117769384459D-02  0.575398089119D-03  0.667652073965D-03
  0.436247611262D-03 -0.622205580066D-03 -0.888837462044D-04 -0.109343310597D-04
  0.812694257447D-03  0.201656610098D-03  0.317149780999D-02  0.322561230970D-02
  0.304709404182D-02  0.916026880655D-03  0.142563046577D-02 -0.124115791937D-02
  0.217752911032D-02  0.451451378627D-02  0.265532418159D-02  0.828384513012D-04
 -0.114243479751D-04 -0.482444696321D-03  0.128032278645D-03  0.453463074026D-03
  0.919096869295D-03  0.156204773355D-02  0.707946062967D-03  0.256491822342D-03
 -0.717838836264D-03 -0.577473005786D-03 -0.177924092458D-02  0.312215357121D-02
  0.481663660635D-02  0.384219659258D-02  0.292973829961D-03  0.523112462694D-03
 -0.103081285542D-02 -0.656802821030D-03  0.552238189864D-03  0.743955814653D-03
  0.799118815106D-03 -0.186326895825D-03 -0.696629934227D-04 -0.156894881120D-03
  0.530996371902D-03  0.638966947208D-02  0.344670097951D-02  0.377165018877D+00
 -0.514072145113D-03 -0.133470157372D-03  0.878241215420D-03  0.369098739924D-03
 -0.311705961737D-02 -0.252715038509D-02 -0.489417395068D-03  0.152102874134D-02
  0.194996134648D-02 -0.204969519305D-02  0.906542233439D-03 -0.260961355206D-02
  0.408023869748D-02 -0.793247272006D-03 -0.142500483125D-02 -0.867927304869D-03
  0.174468984767D-02 -0.366471078744D-02  0.441375644417D-02 -0.927154574610D-04
 -0.229267806034D-03 -0.128192745443D-02 -0.121499378530D-02  0.979787272082D-03
  0.160346142705D-03 -0.404728597480D-02 -0.362919212976D-02 -0.773413217258D-03
  0.210610541281D-02  0.309919055366D-02 -0.411366557413D-03  0.948937520387D-03
 -0.393751072766D-02  0.340806982050D-02 -0.282449494468D-03 -0.687450549731D-03
 -0.826957642977D-03 -0.570372342599D-03  0.899581765008D-03  0.300659074673D-03
 -0.342105369223D-02 -0.289657186201D-02 -0.505405858260D-03  0.164616658933D-02
  0.218986845501D-02  0.360538266201D-02  0.524925497144D-03  0.182510497669D-02
  0.173835428114D-01 -0.330051576992D-03 -0.280844645270D-02 -0.215322362567D-02
 -0.141798619451D-02 -0.119782969035D-01 -0.457357163116D-02 -0.190493018917D-02
  0.108769336252D-02  0.536349042572D-02 -0.354707446136D-02 -0.332447428656D-02
 -0.101176910978D-01  0.798126521467D-03 -0.320599786554D-02 -0.695753847687D-02
 -0.345138944064D-02 -0.327654308132D-02 -0.102105602874D-01  0.820308712877D-03
 -0.313959532777D-02 -0.688936359168D-02 -0.393393398075D-03 -0.289334278925D-02
 -0.214364677446D-02 -0.143135203822D-02 -0.120566313705D-01 -0.468503935649D-02
 -0.191979592933D-02  0.116230229854D-02  0.545318858447D-02 -0.342829361014D-02
 -0.337996112043D-02 -0.102912977813D-01  0.725957698246D-03 -0.316865299778D-02
 -0.696463782461D-02 -0.356385510260D-03 -0.284870759100D-02 -0.215168659895D-02
 -0.142629210284D-02 -0.119931815960D-01 -0.459973757281D-02 -0.190592093081D-02
  0.110745517985D-02  0.536020476070D-02  0.137328846286D-02 -0.728030754861D-02
  0.201941148318D-02  0.170196943514D-02  0.366852381161D+00 -0.379422597120D-03
  0.317708391514D-03  0.124483930243D-02  0.120100939704D-02 -0.428774417602D-02
 -0.240259852903D-02 -0.688190645085D-03  0.999957547255D-03  0.234053183385D-02
 -0.165619888350D-02  0.137220547933D-02 -0.261969793021D-02  0.404694431826D-02
 -0.142767020258D-02 -0.288133987391D-02 -0.336394468501D-03  0.232533617602D-02
 -0.382082752242D-02  0.441739619102D-02 -0.638761422931D-03 -0.154607883876D-02
 -0.124404505858D-02 -0.903333995948D-03  0.136233945606D-02  0.971183778701D-03
 -0.533338468138D-02 -0.364497781381D-02 -0.100857097653D-02  0.166107304358D-02
  0.363565064535D-02  0.182274482126D-03  0.140886433278D-02 -0.413748506465D-02
  0.325012630778D-02 -0.864884375657D-03 -0.207348097828D-02 -0.730411835177D-03
 -0.174384997388D-03  0.126867398436D-02  0.112127378358D-02 -0.462848733989D-02
 -0.282053587018D-02 -0.708665890198D-03  0.114127176053D-02  0.261442833203D-02
  0.303016104223D-02  0.120637384179D-02  0.350195811134D-02  0.731064199946D-02
  0.253657250906D-02  0.376726475192D+00 -0.106402066763D-02 -0.940305303965D-03
  0.502661894404D-03  0.709037992102D-04 -0.527942455438D-03 -0.156467446321D-02
 -0.154648980771D-03  0.997294140237D-03  0.110078814426D-02 -0.107204894611D-02
  0.185263488220D-02  0.572264244840D-03  0.354497828574D-02  0.435023031510D-03
  0.897835999162D-03 -0.135755583932D-02  0.165664664767D-02  0.840615114209D-03
  0.347378704624D-02  0.273873018716D-03  0.621690306912D-03 -0.878086099737D-03
 -0.679443312428D-03  0.476910832353D-03  0.117660773023D-03 -0.304654391601D-03
 -0.130000298120D-02 -0.850209240927D-04  0.855440046144D-03  0.823584044015D-03
 -0.146250073100D-02  0.185049045773D-02  0.897586958895D-03  0.371968834995D-02
  0.316372475626D-03  0.728562677665D-03 -0.987283567268D-03 -0.838933968468D-03
  0.499038994395D-03  0.855064612637D-04 -0.458203034728D-03 -0.148052698441D-02
 -0.149482533219D-03  0.969762872629D-03  0.104563528873D-02  0.539007685186D-02
  0.172899006792D-02  0.535753411048D-02  0.448083880512D-02  0.144044151780D-02
  0.401296624689D-02  0.151833314237D-01 -0.453498831777D-03 -0.298662119202D-02
 -0.223145603530D-02 -0.148245156228D-02 -0.114123572075D-01 -0.436220302764D-02
 -0.183345498023D-02  0.968231930785D-03  0.518165328861D-02 -0.333169502636D-02
 -0.310927143439D-02 -0.941953249833D-02  0.688799933686D-03 -0.292364506357D-02
 -0.644227351155D-02 -0.356148621020D-02 -0.329070814673D-02 -0.921903263030D-02
  0.621196254898D-03 -0.304834299012D-02 -0.670068036531D-02 -0.305325516421D-03
 -0.277384057434D-02 -0.225008838528D-02 -0.143912390207D-02 -0.112348670709D-01
 -0.417057484892D-02 -0.176989246982D-02  0.881645777835D-03  0.495499227419D-02
 -0.366286624076D-02 -0.317484815122D-02 -0.922685390592D-02  0.804184483427D-03
 -0.302601237524D-02 -0.665084167804D-02 -0.393433585383D-03 -0.290754588959D-02
 -0.223545270411D-02 -0.147237910074D-02 -0.113443630613D-01 -0.428778988493D-02
 -0.182976848566D-02  0.954143916683D-03  0.511293496376D-02  0.177872828643D-02
 -0.700669267962D-02  0.281234483251D-02  0.106536026076D-02 -0.720444990387D-02
  0.181509750443D-02  0.160852349063D-02  0.366929541740D+00 -0.956009482272D-03
 -0.583464722181D-03  0.737443389455D-03  0.836476002095D-03 -0.121540085257D-02
 -0.135861473671D-02 -0.245157413592D-03  0.583032077709D-03  0.126012181679D-02
 -0.687245944982D-03  0.230481752496D-02  0.109388704701D-02  0.345842458874D-02
 -0.371252258564D-03 -0.349925011218D-03 -0.876082570680D-03  0.219486503998D-02
  0.126008625040D-02  0.341363526576D-02 -0.469183797316D-03 -0.524285206624D-03
 -0.838278927964D-03 -0.421718297015D-03  0.723192580081D-03  0.868699983271D-03
 -0.107355143501D-02 -0.119337246790D-02 -0.201688258314D-03  0.494629640021D-03
  0.108712842803D-02 -0.936485438513D-03  0.230332790684D-02  0.128995170263D-02
  0.354159238104D-02 -0.452979886945D-03 -0.463641548902D-03 -0.905479028918D-03
 -0.520340202231D-03  0.735584989768D-03  0.843274495284D-03 -0.117155654749D-02
 -0.130962253060D-02 -0.243397479747D-03  0.566869310566D-03  0.123073796621D-02
  0.488082891328D-02  0.248557151835D-02  0.719547562080D-02  0.431928686170D-02
  0.230176321916D-02  0.635923102165D-02  0.476278918362D-02  0.241020936286D-02
  0.373872424424D+00  0.411406149992D-03 -0.308779563005D-02 -0.227862289389D-02
 -0.406331790129D-02  0.511799469095D-02  0.543209420894D-02 -0.576527210886D-03
 -0.616559095082D-02 -0.754302139048D-03 -0.470702798963D-02 -0.318442861332D-02
  0.473444584340D-02  0.263525403574D-02  0.964239229241D-02  0.355969456852D-02
 -0.496880059821D-02 -0.333496195029D-02  0.484197742374D-02  0.254619532233D-02
  0.950244545305D-02  0.326182125879D-02  0.547649646372D-03 -0.291097556228D-02
 -0.228287673002D-02 -0.400548425689D-02  0.529765111898D-02  0.564744801754D-02
 -0.528863133191D-03 -0.627814666894D-02 -0.972496832919D-03 -0.502423517316D-02
 -0.328677321414D-02  0.480603610098D-02  0.258288873156D-02  0.946807146862D-02
  0.324617370940D-02  0.465532131838D-03 -0.302164602270D-02 -0.228203382409D-02
 -0.407141541024D-02  0.516871691467D-02  0.549556909630D-02 -0.583661527249D-03
 -0.619317492698D-02 -0.785980891237D-03 -0.587623828855D-03  0.557892574825D-02
  0.540817949467D-02 -0.121273671328D-02  0.542734456943D-02  0.455817750161D-02
 -0.763132576066D-03  0.551804399538D-02  0.522475430046D-02  0.406820834571D+00
  0.375366247431D-03 -0.316866360998D-02 -0.236029685117D-02 -0.411207811524D-02
  0.549357285993D-02  0.552626123209D-02 -0.505611252516D-03 -0.614196612669D-02
 -0.915526052689D-03 -0.466644194862D-02 -0.315001138575D-02  0.515410381249D-02
  0.258287139856D-02  0.962402778908D-02  0.377926231793D-02 -0.501402193591D-02
 -0.336091858793D-02  0.534223875084D-02  0.247056674413D-02  0.943323401783D-02
  0.339716881408D-02  0.568210125096D-03 -0.291209077110D-02 -0.237242003876D-02
 -0.403962925678D-02  0.574141124740D-02  0.582275551986D-02 -0.437154864256D-03
 -0.629810858882D-02 -0.121786347035D-02 -0.510313305001D-02 -0.325115615321D-02
  0.532931473259D-02  0.258456983286D-02  0.941419423798D-02  0.341806332212D-02
  0.452722172672D-03 -0.307016016273D-02 -0.236518134960D-02 -0.411475286410D-02
  0.556629264580D-02  0.561654708425D-02 -0.511272349299D-03 -0.617874689837D-02
 -0.964387402013D-03 -0.482245149779D-03  0.568079061285D-02  0.563777834385D-02
 -0.138723504842D-02  0.543999553667D-02  0.437782078730D-02 -0.720568577602D-03
  0.557898291239D-02  0.526319990731D-02 -0.346127991721D-02  0.407045712593D+00
  0.162903138607D-03 -0.347100305745D-02 -0.246939306083D-02 -0.421482582749D-02
  0.631350898223D-02  0.587696349933D-02 -0.421569687535D-03 -0.640502456392D-02
 -0.114828202032D-02 -0.428675455790D-02 -0.277344105556D-02  0.620550228594D-02
  0.239636951738D-02  0.101946941781D-01  0.461542516580D-02 -0.521116899695D-02
 -0.339084467269D-02  0.691085040643D-02  0.212456451698D-02  0.966560903960D-02
  0.365302021066D-02  0.729912201004D-03 -0.268793676421D-02 -0.253114316241D-02
 -0.404161131229D-02  0.701412575033D-02  0.670958289853D-02 -0.214223882349D-03
 -0.684593292135D-02 -0.201065123511D-02 -0.552018267168D-02 -0.289560686108D-02
  0.702409128884D-02  0.272652916386D-02  0.973615256182D-02  0.389275242401D-02
  0.393017547693D-03 -0.316171795535D-02 -0.248407575324D-02 -0.418540001448D-02
  0.653300319542D-02  0.614525404068D-02 -0.419147427061D-03 -0.650157517634D-02
 -0.131314599232D-02  0.218784434876D-03  0.612227464578D-02  0.702416236025D-02
 -0.252869008182D-02  0.530860027638D-02  0.308919489062D-02 -0.440025301250D-03
  0.576275727535D-02  0.544532329962D-02 -0.333764511908D-02 -0.313247962394D-02
  0.408021861382D+00 -0.597876995858D-03 -0.803440093358D-03 -0.253899081610D-03
 -0.249792210832D-03  0.228335756903D-02  0.977926762730D-03  0.232795943672D-03
 -0.739143278551D-03 -0.645467056061D-03  0.112484424395D-02  0.110515155470D-02
  0.291117644517D-02 -0.530729002506D-03  0.162707304605D-02  0.236157034536D-02
 -0.501034253279D-03 -0.409638722947D-04  0.436875063243D-02 -0.980351534830D-03
  0.673497721284D-03  0.725516063980D-03  0.456719546128D-03  0.680541357535D-03
 -0.393771163046D-03  0.342412656911D-04  0.355955098747D-02  0.248905376121D-02
  0.624302141590D-03 -0.154173537842D-02 -0.222405409791D-02 -0.112085431396D-02
  0.104536960897D-02  0.472393347467D-02  0.395031850502D-03  0.925955534139D-03
  0.134199009937D-02 -0.167372734028D-03 -0.209408889241D-03 -0.281521250835D-03
 -0.159350045720D-03  0.269706281217D-02  0.147971000970D-02  0.255576730951D-03
 -0.907597845281D-03 -0.972550817012D-03  0.197341890993D-02  0.126844943390D-02
  0.385780301315D-02 -0.321975849217D-02 -0.345886928939D-03 -0.368143959141D-02
  0.788131648886D-03  0.542356117950D-03  0.464091389655D-03  0.262284469530D-03
  0.508838406493D-03  0.207276435995D-02  0.374991352836D+00 -0.679722014277D-03
 -0.103144165044D-02 -0.525029254067D-03 -0.398511235612D-03  0.335581431464D-02
  0.120541789394D-02  0.453861741482D-03 -0.590234400780D-03 -0.113231724280D-02
  0.117215490825D-02  0.113394978033D-02  0.410439843481D-02 -0.672657518747D-03
  0.141067880172D-02  0.290702196992D-02 -0.627989529082D-03 -0.134607735728D-03
  0.573097261988D-02 -0.116878918231D-02  0.353162614131D-03  0.110293401002D-02
  0.491173283901D-03  0.616579693633D-03 -0.681577955275D-03 -0.853228355398D-04
  0.477164486807D-02  0.288320013241D-02  0.887813328476D-03 -0.148298246524D-02
 -0.288296226796D-02 -0.131762767299D-02  0.108272005372D-02  0.613886169309D-02
  0.370312859422D-03  0.639612934293D-03  0.179929754941D-02 -0.201299518224D-03
 -0.370273146592D-03 -0.555666123443D-03 -0.296125707106D-03  0.381447269304D-02
  0.176211555814D-02  0.480024025966D-03 -0.777754966950D-03 -0.149424586953D-02
  0.219647335944D-02  0.148826471079D-02  0.437383496604D-02 -0.357333253260D-02
 -0.312961355511D-03 -0.401502428149D-02  0.883269078981D-03  0.675401486568D-03
  0.574895743252D-03  0.669026761303D-03  0.933425711099D-03  0.268188885134D-02
  0.492789051596D-02  0.376055081631D+00  0.937060063016D-03  0.108898779916D-02
 -0.135996268069D-02  0.384051994028D-02 -0.136552721753D-01 -0.235495450813D-02
 -0.129769548208D-02 -0.166180960657D-03  0.334352591565D-02  0.582300799434D-02
 -0.986066580054D-03 -0.749907713256D-02 -0.104522587383D-01 -0.106965102139D-01
 -0.121346895888D-01  0.374193430045D-02 -0.242461447172D-02 -0.567165653299D-02
 -0.110408760008D-01 -0.118972679739D-01 -0.142488034045D-01  0.227610193907D-02
  0.297534101668D-02 -0.153025937775D-02  0.421818536960D-02 -0.120364512463D-01
 -0.474857271494D-03 -0.794008430877D-03 -0.114296480551D-02  0.134866936025D-02
  0.294015517929D-02 -0.111054874466D-02 -0.525066149906D-02 -0.936639478588D-02
 -0.115932328510D-01 -0.134796557325D-01  0.148914583340D-02  0.185124575392D-02
 -0.139796675245D-02  0.395699191859D-02 -0.131068838301D-01 -0.171606715862D-02
 -0.127430495158D-02 -0.368072281623D-03  0.291399029201D-02 -0.809429260507D-02
 -0.106288045644D-01  0.138163139981D-02 -0.146600723454D-01 -0.126643685255D-01
 -0.805450180209D-02 -0.962190009490D-02 -0.115555350473D-01 -0.281941560216D-02
  0.344385378051D-01  0.347986321310D-01  0.367848068205D-01  0.547236789017D-02
  0.623607268797D-02  0.392483305530D+00
$end
