$coord
   39.18725081764958     24.74029453173884      4.00810912785045      c
   37.91546513021755     22.14948000355263      3.77378308737263      c
   35.03363277756694     22.26853274992442      4.05535228117259      c
   33.74294982880605     19.68527712626975      3.82102624069477      c
   30.85922775002255     19.81566822943886      4.07613926863433      c
   29.56287562286300     17.23808178418284      3.82858514522631      c
   26.67726381794663     17.37792151801638      4.05535228117259      c
   25.37335278625553     14.80600425115902      3.78890089643571      c
   22.48774098133915     14.95907206792275      3.99866049718602      c
   21.17249159285075     12.39093425333116      3.72653993405049      c
   18.28876951406726     12.55534042689221      3.93818926093368      c
   16.96218176878153      9.99287179069928      3.67551732846258      c
   14.08034941613093     10.16483686879188      3.90606391667462      c
   12.74809249244655      7.60425795873183      3.66417897166526      c
    9.86814986592883      7.77811276295731      3.92685090413637      c
    8.53400321611156      5.21564412676438      3.71142212498740      c
    5.65595031572673      5.38571947872408      4.00621940171756      c
    4.34070092723832      2.81380221186672      3.80590843163169      c
    2.28845834692451      3.00088509902240      4.00432967558468      h
   38.81875422173689     25.57933293474007      5.86570991647704      h
   41.23760367183051     24.59667534563953      3.76811390897397      h
   38.46915488715304     26.04798501569571      2.57191726685736      h
   38.38222748504030     21.31233132668429      1.93318983394201      h
   38.68647339243489     20.86635595932327      5.21186467449860      h
   34.56120124434553     23.10568142679276      5.89594553460321      h
   34.26073478921671     23.55165679415377      2.61538096791373      h
   34.22860944495766     18.84245927100275      1.98610216566281      h
   34.50073000809319     18.40782226043905      5.27044618461806      h
   30.37356813387094     20.65281690630719      5.91484279593206      h
   30.10333729686830     21.10257172593398      2.63238850310970      h
   30.06365304807770     16.39337420278296      1.99744052246012      h
   30.30175854082129     15.95495773995349      5.28556399368114      h
   26.17648639273193     18.21318046875183      5.89027635620455      h
   25.94216035225411     18.67049419291016      2.60593233724930      h
   25.88168911600177     13.96507612202490      1.95964599980241      h
   26.09711789515073     13.51532130239812      5.24776947102343      h
   21.97940465159292     15.79433101865821      5.83169484608510      h
   21.76586559857684     16.25353446894942      2.54546110099696      h
   21.67893819646410     11.55189585032994      1.89728503741719      h
   21.89247724948018     11.09647185230450      5.18351878250532      h
   17.78610236271967     13.39626855602633      5.76933388369987      h
   17.56878385743783     13.85169255405176      2.48310013861174      h
   17.45540028946469      9.14816420929940      1.84248297956350      h
   17.68594687767673      8.69651966353973      5.12871672465164      h
   13.59468979997932     11.01521362859041      5.73909826557370      h
   13.35280485496996     11.45740954368565      2.45286452048556      h
   13.21863429953508      6.75577092506617      1.82925489663330      h
   13.48697541040483      6.31168528383805      5.11359891558855      h
    9.40327723723896      8.63604842728739      5.76177497916833      h
    9.12359776957189      9.06312653331955      2.47743096021308      h
    8.98375803573835      4.35959818856718      1.87271859768967      h
    9.29178339539871      3.92874063026925      5.15517289051204      h
    5.21186467449860      6.24932432145282      5.84114347674952      h
    4.90005986257247      6.66506407068766      2.55868918392716      h
    4.72431533221411      1.92563092941047      1.97476380886550      h
    5.00966397827984      1.52500898923871      5.28367426754826      h
$redundant
     number_of_atoms            56
     degrees_of_freedom        162
     internal_coordinates      162
     frozen_coordinates          0
# definitions of redundant internals
   1 k  1.0000000000000 tors   19   18   17   16 val=  60.58893
        1.0000000000000 tors   55   18   17   16
        1.0000000000000 tors   56   18   17   16
   2 k  1.0000000000000 stre   18   19           val=   2.07028
   3 k  1.0000000000000 stre   18   55           val=   2.07101
   4 k  1.0000000000000 stre   18   56           val=   2.07178
   5 k  0.4225174857940 bend   55   19   18      val=   1.40875
        0.4226154506836 bend   56   19   18
        0.4128365152051 bend   56   55   18
       -0.3954591635817 bend   17   19   18
       -0.3977866511422 bend   17   55   18
       -0.3972643916430 bend   17   56   18
   6 k -0.3307911324728 bend   55   19   18      val=   0.19851
       -0.3458502848345 bend   56   19   18
        0.6894284251438 bend   56   55   18
       -0.4457840708535 bend   17   19   18
        0.2252021276769 bend   17   55   18
        0.2149739929016 bend   17   56   18
   7 k -0.6469564923198 bend   55   19   18      val=   0.03510
        0.6374798227824 bend   56   19   18
        0.0096182590595 bend   56   55   18
       -0.0041481696007 bend   17   19   18
       -0.2934645311914 bend   17   55   18
        0.2980530545135 bend   17   56   18
   8 k  0.2166488796100 bend   55   19   18      val=  -0.03834
        0.2251053950945 bend   56   19   18
       -0.4450086838674 bend   56   55   18
       -0.6839269922088 bend   17   19   18
        0.3497696109542 bend   17   55   18
        0.3380283773987 bend   17   56   18
   9 k -0.2971030701104 bend   55   19   18      val=   0.05312
        0.2944414709279 bend   56   19   18
        0.0031795599262 bend   56   55   18
        0.0077350925622 bend   17   19   18
        0.6382387061898 bend   17   55   18
       -0.6462316911075 bend   17   56   18
  10 k  1.0000000000000 tors   21    1    2    3 val=  60.88920
        1.0000000000000 tors   22    1    2    3
        1.0000000000000 tors   20    1    2    3
  11 k  1.0000000000000 stre    1   21           val=   2.06934
  12 k  1.0000000000000 stre    1   22           val=   2.07084
  13 k  1.0000000000000 stre    1   20           val=   2.07134
  14 k  0.4215023516583 bend   22   21    1      val=   1.39811
        0.4235683417029 bend   20   21    1
        0.4126251322569 bend   20   22    1
       -0.3958292816227 bend    2   21    1
       -0.3978277639717 bend    2   22    1
       -0.3971377314068 bend    2   20    1
  15 k -0.3309113169402 bend   22   21    1      val=   0.21541
       -0.3456584240116 bend   20   21    1
        0.6895313993803 bend   20   22    1
       -0.4456235524303 bend    2   21    1
        0.2250351299372 bend    2   22    1
        0.2152748088213 bend    2   20    1
  16 k  0.6477853077621 bend   22   21    1      val=   0.01990
       -0.6370343320105 bend   20   21    1
       -0.0085545138297 bend   20   22    1
        0.0038111444641 bend    2   21    1
        0.2927984517494 bend    2   22    1
       -0.2978973262917 bend    2   20    1
  17 k  0.2151743186991 bend   22   21    1      val=  -0.06424
        0.2261399226419 bend   20   21    1
       -0.4451006303197 bend   20   22    1
       -0.6838034228217 bend    2   21    1
        0.3528672426907 bend    2   22    1
        0.3351772140555 bend    2   20    1
  18 k -0.2978927307064 bend   22   21    1      val=   0.03974
        0.2927817894318 bend   20   21    1
        0.0052011513459 bend   20   22    1
        0.0110021099566 bend    2   21    1
        0.6371068036956 bend    2   22    1
       -0.6476770546000 bend    2   20    1
  19 k  1.0000000000000 stre    2   23           val=   2.07520
  20 k  1.0000000000000 stre    2   24           val=   2.07580
  21 k  0.0100816384563 bend   24   23    2      val=   0.17056
       -0.5008018984235 bend    1   23    2
       -0.5005473856716 bend    1   24    2
        0.4990608494132 bend    3   23    2
        0.4994861383279 bend    3   24    2
  22 k -0.0003578968553 bend   24   23    2      val=   0.01978
        0.5044835465919 bend    1   23    2
       -0.5043389831016 bend    1   24    2
        0.4959649465983 bend    3   23    2
       -0.4951335021968 bend    3   24    2
  23 k  0.9058085430478 bend   24   23    2      val=   2.14010
       -0.2064928958247 bend    1   23    2
       -0.2073563647827 bend    1   24    2
       -0.2165509327366 bend    3   23    2
       -0.2167500838075 bend    3   24    2
  24 k -0.0002602063874 bend   24   23    2      val=   0.02656
        0.4957012378383 bend    1   23    2
       -0.4953972181266 bend    1   24    2
       -0.5043449025000 bend    3   23    2
        0.5044779784023 bend    3   24    2
  25 k  1.0000000000000 stre    3   25           val=   2.07649
  26 k  1.0000000000000 stre    3   26           val=   2.07781
  27 k  0.0013266310438 bend   26   25    3      val=   0.02186
       -0.5006697311306 bend    4   25    3
       -0.4995261571094 bend    4   26    3
        0.5004820437834 bend    2   25    3
        0.4993189387491 bend    2   26    3
  28 k  0.0039691352391 bend   26   25    3      val=   0.05103
       -0.5012367651945 bend    4   25    3
        0.5000404135150 bend    4   26    3
       -0.4999473891637 bend    2   25    3
        0.4987565980545 bend    2   26    3
  29 k  0.9068593853484 bend   26   25    3      val=   2.49438
       -0.2080134092645 bend    4   25    3
       -0.2121116697484 bend    4   26    3
       -0.2092955207639 bend    2   25    3
       -0.2134022055096 bend    2   26    3
  30 k -0.0000089898714 bend   26   25    3      val=   0.00095
       -0.4987759572764 bend    4   25    3
        0.4999359908858 bend    4   26    3
        0.5000692110209 bend    2   25    3
       -0.5012158552642 bend    2   26    3
  31 k  1.0000000000000 stre    4   28           val=   2.07532
  32 k  1.0000000000000 stre    4   27           val=   2.07681
  33 k  0.0004266866303 bend   27   28    4      val=   0.00635
       -0.5005175589029 bend    3   28    4
       -0.4995613127000 bend    3   27    4
        0.5005184763472 bend    5   28    4
        0.4994013825141 bend    5   27    4
  34 k  0.0038552404187 bend   27   28    4      val=   0.03810
       -0.5009570330731 bend    3   28    4
        0.4995432077974 bend    3   27    4
       -0.5003701916074 bend    5   28    4
        0.4991126556501 bend    5   27    4
  35 k  0.9064352452667 bend   27   28    4      val=   2.37717
       -0.2089607278552 bend    3   28    4
       -0.2129436262817 bend    3   27    4
       -0.2093057156105 bend    5   28    4
       -0.2134401316325 bend    5   27    4
  36 k -0.0000618961152 bend   27   28    4      val=   0.00639
       -0.4992009417870 bend    3   28    4
        0.5002900773132 bend    3   27    4
        0.4997617080972 bend    5   28    4
       -0.5007459331333 bend    5   27    4
  37 k  1.0000000000000 stre    5   30           val=   2.07651
  38 k  1.0000000000000 stre    5   29           val=   2.07786
  39 k  0.0011580618033 bend   29   30    5      val=   0.01683
       -0.5002524412067 bend    6   30    5
       -0.4999694314825 bend    6   29    5
        0.5002424090798 bend    4   30    5
        0.4995340365789 bend    4   29    5
  40 k  0.0024328234316 bend   29   30    5      val=   0.00391
       -0.5014044257254 bend    6   30    5
        0.5000352228426 bend    6   29    5
       -0.4997511909443 bend    4   30    5
        0.4987997657374 bend    4   29    5
  41 k  0.9067825479259 bend   29   30    5      val=   2.45386
       -0.2089764150387 bend    6   30    5
       -0.2114673237363 bend    6   29    5
       -0.2099167173815 bend    4   30    5
       -0.2128163797505 bend    4   29    5
  42 k -0.0001651809402 bend   29   30    5      val=   0.01695
       -0.4989596413086 bend    6   30    5
        0.4995954871669 bend    6   29    5
        0.5005433947318 bend    4   30    5
       -0.5008990998726 bend    4   29    5
  43 k  1.0000000000000 stre    6   32           val=   2.07729
  44 k  1.0000000000000 stre    6   31           val=   2.07784
  45 k  0.0017902341750 bend   31   32    6      val=   0.02785
       -0.5006851069179 bend    5   32    6
       -0.4996172653228 bend    5   31    6
        0.5001351374421 bend    7   32    6
        0.4995584562985 bend    7   31    6
  46 k  0.0024238337676 bend   31   32    6      val=   0.04494
       -0.5011038960404 bend    5   32    6
        0.5008459774682 bend    5   31    6
       -0.4994006940070 bend    7   32    6
        0.4986394128850 bend    7   31    6
  47 k  0.9064769035704 bend   31   32    6      val=   2.36786
       -0.2089193262490 bend    5   32    6
       -0.2115749410709 bend    5   31    6
       -0.2109131825984 bend    7   32    6
       -0.2130821722487 bend    7   31    6
  48 k -0.0001869873214 bend   31   32    6      val=   0.01921
        0.4986900764101 bend    5   32    6
       -0.4993520125969 bend    5   31    6
       -0.5004854786350 bend    7   32    6
        0.5014678712706 bend    7   31    6
  49 k  1.0000000000000 stre    7   34           val=   2.07652
  50 k  1.0000000000000 stre    7   33           val=   2.07735
  51 k  0.0019993255727 bend   33   34    7      val=   0.03156
       -0.5001226335783 bend    8   34    7
       -0.5002041655546 bend    8   33    7
        0.4997848455108 bend    6   34    7
        0.4998842416396 bend    6   33    7
  52 k -0.0005653798391 bend   33   34    7      val=   0.02549
        0.5014029793579 bend    8   34    7
       -0.5007297772184 bend    8   33    7
        0.4992776434005 bend    6   34    7
       -0.4985842533052 bend    6   33    7
  53 k  0.9068237053653 bend   33   34    7      val=   2.48703
       -0.2093705791482 bend    8   34    7
       -0.2101825973930 bend    8   33    7
       -0.2113335353456 bend    6   34    7
       -0.2121229373879 bend    6   33    7
  54 k -0.0000082353357 bend   33   34    7      val=   0.00063
        0.4989791075465 bend    8   34    7
       -0.4988831700130 bend    8   33    7
       -0.5011090731028 bend    6   34    7
        0.5010240809542 bend    6   33    7
  55 k  1.0000000000000 stre    8   35           val=   2.07647
  56 k  1.0000000000000 stre    8   36           val=   2.07798
  57 k  0.0021442568168 bend   36   35    8      val=   0.03501
       -0.5005511168604 bend    7   35    8
       -0.4997750276482 bend    7   36    8
        0.5001627869589 bend    9   35    8
        0.4995058456648 bend    9   36    8
  58 k  0.0030754468708 bend   36   35    8      val=   0.01525
       -0.5016628979803 bend    7   35    8
        0.5004290683080 bend    7   36    8
       -0.4996312489114 bend    9   35    8
        0.4982612177566 bend    9   36    8
  59 k  0.9062666641241 bend   36   35    8      val=   2.30361
       -0.2086016649052 bend    7   35    8
       -0.2120044759153 bend    7   36    8
       -0.2107489492771 bend    9   35    8
       -0.2140211706039 bend    9   36    8
  60 k -0.0000448766292 bend   36   35    8      val=   0.00444
        0.4986095931791 bend    7   35    8
       -0.4992879459468 bend    7   36    8
       -0.5006714443814 bend    9   35    8
        0.5014260896574 bend    9   36    8
  61 k  1.0000000000000 stre    9   38           val=   2.07570
  62 k  1.0000000000000 stre    9   37           val=   2.07752
  63 k  0.0003277346646 bend   37   38    9      val=   0.00436
       -0.5003395797562 bend    8   38    9
       -0.4997329339381 bend    8   37    9
        0.5006299039758 bend   10   38    9
        0.4992963964441 bend   10   37    9
  64 k  0.0040150035136 bend   37   38    9      val=   0.02673
       -0.5012123195538 bend    8   38    9
        0.4992513542521 bend    8   37    9
       -0.5003775933831 bend   10   38    9
        0.4991396996752 bend   10   37    9
  65 k  0.9067816275849 bend   37   38    9      val=   2.51209
       -0.2086435316074 bend    8   38    9
       -0.2126048084992 bend    8   37    9
       -0.2086196187807 bend   10   38    9
       -0.2132885525659 bend   10   37    9
  66 k -0.0002819454614 bend   37   38    9      val=   0.02875
       -0.4991597231511 bend    8   38    9
        0.5003682965767 bend    8   37    9
        0.4998694889350 bend   10   38    9
       -0.5006011916719 bend   10   37    9
  67 k  1.0000000000000 stre   10   39           val=   2.07525
  68 k  1.0000000000000 stre   10   40           val=   2.07769
  69 k  0.0003992642010 bend   40   39   10      val=   0.00376
       -0.5009312177142 bend   11   39   10
       -0.4991898340832 bend   11   40   10
        0.5008407573712 bend    9   39   10
        0.4990348695345 bend    9   40   10
  70 k  0.0064425250205 bend   40   39   10      val=   0.06701
       -0.5014779467017 bend   11   39   10
        0.4992767674440 bend   11   40   10
       -0.5006717824664 bend    9   39   10
        0.4985266678682 bend    9   40   10
  71 k  0.9062279463892 bend   40   39   10      val=   2.29401
       -0.2077944670146 bend   11   39   10
       -0.2145268037857 bend   11   40   10
       -0.2081835378123 bend    9   39   10
       -0.2149656570310 bend    9   40   10
  72 k -0.0000244797603 bend   40   39   10      val=   0.00261
       -0.4987130024068 bend   11   39   10
        0.5005072250849 bend   11   40   10
        0.4995114734628 bend    9   39   10
       -0.5012645470687 bend    9   40   10
  73 k  1.0000000000000 stre   11   41           val=   2.07676
  74 k  1.0000000000000 stre   11   42           val=   2.07754
  75 k  0.0007098571207 bend   42   41   11      val=   0.01036
       -0.4999188829688 bend   10   41   11
       -0.5002167626439 bend   10   42   11
        0.4992926883783 bend   12   41   11
        0.5005702830334 bend   12   42   11
  76 k  0.0011255733426 bend   42   41   11      val=   0.07402
        0.5004945397721 bend   10   41   11
       -0.5003900449636 bend   10   42   11
        0.5000970752523 bend   12   41   11
       -0.4990156981183 bend   12   42   11
  77 k  0.9069345217321 bend   42   41   11      val=   2.53269
       -0.2104283743419 bend   10   41   11
       -0.2101396864940 bend   10   42   11
       -0.2116127940996 bend   12   41   11
       -0.2103592405765 bend   12   42   11
  78 k -0.0003836463020 bend   42   41   11      val=   0.03872
        0.5001119646626 bend   10   41   11
       -0.4990019271157 bend   10   42   11
       -0.5006750620854 bend   12   41   11
        0.5002093907130 bend   12   42   11
  79 k  1.0000000000000 stre   12   44           val=   2.07754
  80 k  1.0000000000000 stre   12   43           val=   2.07769
  81 k  0.0006904891224 bend   43   44   12      val=   0.01403
        0.4991718130596 bend   13   44   12
        0.5007826993357 bend   13   43   12
       -0.4994142514334 bend   11   44   12
       -0.5006287224908 bend   11   43   12
  82 k  0.0031345515031 bend   43   44   12      val=   0.10227
        0.4999665854883 bend   13   44   12
       -0.4997357815422 bend   13   43   12
        0.5000636125404 bend   11   44   12
       -0.5002240698341 bend   11   43   12
  83 k  0.9064641323624 bend   43   44   12      val=   2.34087
       -0.2129687889138 bend   13   44   12
       -0.2099494452669 bend   13   43   12
       -0.2121304806826 bend   11   44   12
       -0.2094969242888 bend   11   43   12
  84 k -0.0001540910963 bend   43   44   12      val=   0.01578
       -0.5007866668725 bend   13   44   12
        0.4995041764612 bend   13   43   12
        0.5006248970764 bend   11   44   12
       -0.4990821381933 bend   11   43   12
  85 k  1.0000000000000 stre   13   46           val=   2.07650
  86 k  1.0000000000000 stre   13   45           val=   2.07823
  87 k  0.0011064143131 bend   45   46   13      val=   0.01986
        0.5012003812282 bend   12   46   13
        0.4986675875789 bend   12   45   13
       -0.5013168526844 bend   14   46   13
       -0.4988075821566 bend   14   45   13
  88 k  0.0075386337729 bend   45   46   13      val=   0.13816
       -0.5003725072046 bend   12   46   13
        0.4987569833377 bend   12   45   13
       -0.5012140351133 bend   14   46   13
        0.4995963226566 bend   14   45   13
  89 k  0.9068427111331 bend   45   46   13      val=   2.49471
       -0.2074671146887 bend   12   46   13
       -0.2149912067574 bend   12   45   13
       -0.2064158877378 bend   14   46   13
       -0.2139274547456 bend   14   45   13
  90 k -0.0000127968276 bend   45   46   13      val=   0.00126
        0.4991622126546 bend   12   46   13
       -0.5016745990642 bend   12   45   13
       -0.4983132289633 bend   14   46   13
        0.5008428973121 bend   14   45   13
  91 k  1.0000000000000 stre   14   47           val=   2.07564
  92 k  1.0000000000000 stre   14   48           val=   2.07786
  93 k  0.0010572830682 bend   48   47   14      val=   0.01749
       -0.5014337499533 bend   13   47   14
       -0.4987193087222 bend   13   48   14
        0.5011598515826 bend   15   47   14
        0.4986791862808 bend   15   48   14
  94 k  0.0081813053353 bend   48   47   14      val=   0.13051
       -0.5014475574284 bend   13   47   14
        0.4995248655233 bend   13   48   14
       -0.5005675224274 bend   15   47   14
        0.4983878786718 bend   15   48   14
  95 k  0.9064934071530 bend   48   47   14      val=   2.40494
       -0.2063548476669 bend   13   47   14
       -0.2147591998723 bend   13   48   14
       -0.2075001377192 bend   15   47   14
       -0.2156607487449 bend   15   48   14
  96 k -0.0000869369811 bend   48   47   14      val=   0.00892
        0.4982323639162 bend   13   47   14
       -0.5007540019120 bend   13   48   14
       -0.4991662067862 bend   15   47   14
        0.5018396472582 bend   15   48   14
  97 k  1.0000000000000 stre   15   50           val=   2.07520
  98 k  1.0000000000000 stre   15   49           val=   2.07825
  99 k  0.0004771186439 bend   49   50   15      val=   0.00813
       -0.5015360770473 bend   16   50   15
       -0.4985244849011 bend   16   49   15
        0.5016382000699 bend   14   50   15
        0.4982908688333 bend   14   49   15
 100 k  0.0103624422222 bend   49   50   15      val=   0.15350
       -0.5016605957708 bend   16   50   15
        0.4987114454136 bend   16   49   15
       -0.5010695045936 bend   14   50   15
        0.4984430882476 bend   14   49   15
 101 k  0.9067259435400 bend   49   50   15      val=   2.46412
       -0.2053567937575 bend   16   50   15
       -0.2157681333410 bend   16   49   15
       -0.2056589602873 bend   14   50   15
       -0.2163912088261 bend   14   49   15
 102 k -0.0001321123775 bend   49   50   15      val=   0.01346
       -0.4981385776457 bend   16   50   15
        0.5014287055554 bend   16   49   15
        0.4986767983639 bend   14   50   15
       -0.5017455969174 bend   14   49   15
 103 k  1.0000000000000 stre   16   52           val=   2.07720
 104 k  1.0000000000000 stre   16   51           val=   2.07748
 105 k  0.0013436603200 bend   51   52   16      val=   0.02161
       -0.4994153525261 bend   15   52   16
       -0.5007949184715 bend   15   51   16
        0.4995256497386 bend   17   52   16
        0.5002610069999 bend   17   51   16
 106 k  0.0022243771114 bend   51   52   16      val=   0.08092
        0.5009244020953 bend   15   52   16
       -0.5004457027446 bend   15   51   16
        0.4992243022556 bend   17   52   16
       -0.4993986285261 bend   17   51   16
 107 k  0.9067589884222 bend   51   52   16      val=   2.46112
       -0.2113033426509 bend   15   52   16
       -0.2090325764012 bend   15   51   16
       -0.2122920984719 bend   17   52   16
       -0.2106572600923 bend   17   51   16
 108 k -0.0002477098158 bend   51   52   16      val=   0.02539
       -0.4997348159934 bend   15   52   16
        0.4988891735958 bend   15   51   16
        0.5013210238531 bend   17   52   16
       -0.5000518731449 bend   17   51   16
 109 k  1.0000000000000 stre   17   54           val=   2.07447
 110 k  1.0000000000000 stre   17   53           val=   2.07605
 111 k  0.0098895280746 bend   53   54   17      val=   0.16729
       -0.5011544519324 bend   18   54   17
       -0.5001785160376 bend   18   53   17
        0.4996866452228 bend   16   54   17
        0.4988798665242 bend   16   53   17
 112 k  0.0035552972810 bend   53   54   17      val=   0.02504
       -0.5049559532315 bend   18   54   17
        0.5037018616430 bend   18   53   17
       -0.4963823936444 bend   16   54   17
        0.4948694767457 bend   16   53   17
 113 k  0.9057356785945 bend   53   54   17      val=   2.14173
       -0.2051261199123 bend   18   54   17
       -0.2090488464905 bend   18   53   17
       -0.2147855248305 bend   16   54   17
       -0.2184763455272 bend   16   53   17
 114 k -0.0000579616541 bend   53   54   17      val=   0.00536
        0.4952092512761 bend   18   54   17
       -0.4960490482097 bend   18   53   17
       -0.5038611967257 bend   16   54   17
        0.5048039523373 bend   16   53   17
 115 k  1.0000000000000 tors    1    2    3    4 val= 179.94115
 116 k  1.0000000000000 stre    2    1           val=   2.89563
 117 k  1.0000000000000 bend    3    1    2      val= 113.08767
 118 k  1.0000000000000 tors   18   17   16   15 val= 180.38555
 119 k  1.0000000000000 stre   17   18           val=   2.89565
 120 k  1.0000000000000 bend   16   18   17      val= 113.07356
 121 k  1.0000000000000 tors    2    3    4    5 val= 180.59871
 122 k  1.0000000000000 stre    3    2           val=   2.89800
 123 k  1.0000000000000 bend    4    2    3      val= 113.48537
 124 k  1.0000000000000 tors   17   16   15   14 val= 179.30199
 125 k  1.0000000000000 stre   16   17           val=   2.89811
 126 k  1.0000000000000 bend   15   17   16      val= 113.44496
 127 k  1.0000000000000 tors    3    4    5    6 val= 179.69220
 128 k  1.0000000000000 stre    4    3           val=   2.89724
 129 k  1.0000000000000 bend    5    3    4      val= 113.33250
 130 k  1.0000000000000 tors   16   15   14   13 val= 180.56534
 131 k  1.0000000000000 stre   15   16           val=   2.89700
 132 k  1.0000000000000 bend   14   16   15      val= 113.45163
 133 k  1.0000000000000 tors    4    5    6    7 val= 180.63362
 134 k  1.0000000000000 stre    5    4           val=   2.89792
 135 k  1.0000000000000 bend    6    4    5      val= 113.44662
 136 k  1.0000000000000 tors   15   14   13   12 val= 179.31800
 137 k  1.0000000000000 stre   14   15           val=   2.89712
 138 k  1.0000000000000 bend   13   15   14      val= 113.36576
 139 k  1.0000000000000 tors    5    6    7    8 val= 179.56929
 140 k  1.0000000000000 stre    6    5           val=   2.89582
 141 k  1.0000000000000 bend    7    5    6      val= 113.33617
 142 k  1.0000000000000 tors   14   13   12   11 val= 180.42863
 143 k  1.0000000000000 stre   13   14           val=   2.89655
 144 k  1.0000000000000 bend   12   14   13      val= 113.48664
 145 k  1.0000000000000 tors    6    7    8    9 val= 180.40102
 146 k  1.0000000000000 stre    7    6           val=   2.89788
 147 k  1.0000000000000 bend    8    6    7      val= 113.47221
 148 k  1.0000000000000 tors   13   12   11   10 val= 179.61681
 149 k  1.0000000000000 stre   12   13           val=   2.89615
 150 k  1.0000000000000 bend   11   13   12      val= 113.31947
 151 k  1.0000000000000 tors    7    8    9   10 val= 179.85236
 152 k  1.0000000000000 stre    8    7           val=   2.89585
 153 k  1.0000000000000 bend    9    7    8      val= 113.25808
 154 k  1.0000000000000 tors   12   11   10    9 val= 180.16873
 155 k  1.0000000000000 stre   11   12           val=   2.89743
 156 k  1.0000000000000 bend   10   12   11      val= 113.51919
 157 k  1.0000000000000 tors    8    9   10   11 val= 179.99080
 158 k  1.0000000000000 stre    9    8           val=   2.89727
 159 k  1.0000000000000 bend   10    8    9      val= 113.47719
 160 k  1.0000000000000 stre   10   11           val=   2.89615
 161 k  1.0000000000000 bend    9   11   10      val= 113.24801
 162 k  1.0000000000000 stre    9   10           val=   2.89815
       162 non zero eigenvalues  of BmBt
           1           5.155590548    1    0
         1
           2           5.155028093    2    0
         2
           3           4.487440495    3    0
         3
           4           4.466804508    4    0
         4
           5           4.463967372    5    0
         5
           6           4.432869682    6    0
         6
           7           4.342189373    7    0
         7
           8           4.279440211    8    0
         8
           9           4.258567177    9    0
         9
          10           4.219096753   10    0
        10
          11           4.072543023   11    0
        11
          12           4.067307960   12    0
        12
          13           3.958670073   13    0
        13
          14           3.913966882   14    0
        14
          15           3.906831189   15    0
        15
          16           3.903051321   16    0
        16
          17           3.851516461   17    0
        17
          18           3.810249951   18    0
        18
          19           3.704347584   19    0
        19
          20           3.683637294   20    0
        20
          21           3.628310046   21    0
        21
          22           3.570223884   22    0
        22
          23           3.492392343   23    0
        23
          24           3.409603638   24    0
        24
          25           3.327339086   25    0
        25
          26           3.323212131   26    0
        26
          27           3.235135706   27    0
        27
          28           3.191255115   28    0
        28
          29           3.070089908   29    0
        29
          30           3.030339402   30    0
        30
          31           3.026117452   31    0
        31
          32           2.849901797   32    0
        32
          33           2.665619066   33    0
        33
          34           2.524142256   34    0
        34
          35           2.476693618   35    0
        35
          36           2.470435318   36    0
        36
          37           2.428195097   37    0
        37
          38           2.427064994   38    0
        38
          39           2.383368949   39    0
        39
          40           2.366462457   40    0
        40
          41           2.340187324   41    0
        41
          42           2.335933050   42    0
        42
          43           2.334319697   43    0
        43
          44           2.300875823   44    0
        44
          45           2.280204217   45    0
        45
          46           2.265146741   46    0
        46
          47           2.257594095   47    0
        47
          48           2.133237491   48    0
        48
          49           1.900776348   49    0
        49
          50           1.674299818   50    0
        50
          51           1.472859811   51    0
        51
          52           1.308283181   52    0
        52
          53           1.187461984   53    0
        53
          54           1.114087413   54    0
        54
          55           0.878770564   55    0
        55
          56           0.878633837   56    0
        56
          57           0.801290020   57    0
        57
          58           0.798584561   58    0
        58
          59           0.794629660   59    0
        59
          60           0.789337184   60    0
        60
          61           0.783465496   61    0
        61
          62           0.777295766   62    0
        62
          63           0.771358194   63    0
        63
          64           0.765910596   64    0
        64
          65           0.761150259   65    0
        65
          66           0.757374465   66    0
        66
          67           0.754499247   67    0
        67
          68           0.752576225   68    0
        68
          69           0.751384733   69    0
        69
          70           0.750836174   70    0
        70
          71           0.750390643   71    0
        71
          72           0.750246945   72    0
        72
          73           0.748886312   73    0
        73
          74           0.748819028   74    0
        74
          75           0.693304730   75    0
        75
          76           0.692829647   76    0
        76
          77           0.686862984   77    0
        77
          78           0.686559267   78    0
        78
          79           0.670134709   79    0
        79
          80           0.670019309   80    0
        80
          81           0.650648908   81    0
        81
          82           0.650113394   82    0
        82
          83           0.626034583   83    0
        83
          84           0.618512985   84    0
        84
          85           0.604839147   85    0
        85
          86           0.576329967   86    0
        86
          87           0.529449044   87    0
        87
          88           0.485147322   88    0
        88
          89           0.457076396   89    0
        89
          90           0.455802422   90    0
        90
          91           0.449541683   91    0
        91
          92           0.447411479   92    0
        92
          93           0.439607224   93    0
        93
          94           0.426176450   94    0
        94
          95           0.417077806   95    0
        95
          96           0.409375450   96    0
        96
          97           0.393768574   97    0
        97
          98           0.389801601   98    0
        98
          99           0.376988999   99    0
        99
         100           0.368455235  100    0
       100
         101           0.366697707  101    0
       101
         102           0.362345203  102    0
       102
         103           0.358492564  103    0
       103
         104           0.351124527  104    0
       104
         105           0.346657703  105    0
       105
         106           0.342182172  106    0
       106
         107           0.332933301  107    0
       107
         108           0.325654784  108    0
       108
         109           0.323569652  109    0
       109
         110           0.314267989  110    0
       110
         111           0.306575343  111    0
       111
         112           0.305353260  112    0
       112
         113           0.295498111  113    0
       113
         114           0.289953475  114    0
       114
         115           0.281267449  115    0
       115
         116           0.276949395  116    0
       116
         117           0.269296403  117    0
       117
         118           0.262875183  118    0
       118
         119           0.260155917  119    0
       119
         120           0.253229294  120    0
       120
         121           0.242459908  121    0
       121
         122           0.233368240  122    0
       122
         123           0.231590372  123    0
       123
         124           0.227314687  124    0
       124
         125           0.199031568  125    0
       125
         126           0.173210139  126    0
       126
         127           0.166646724  127    0
       127
         128           0.161321784  128    0
       128
         129           0.146339261  129    0
       129
         130           0.135820728  130    0
       130
         131           0.130984414  131    0
       131
         132           0.111251320  132    0
       132
         133           0.111137385  133    0
       133
         134           0.098627730  134    0
       134
         135           0.098174256  135    0
       135
         136           0.080617999  136    0
       136
         137           0.077462050  137    0
       137
         138           0.060377749  138    0
       138
         139           0.055538917  139    0
       139
         140           0.055260612  140    0
       140
         141           0.052502265  141    0
       141
         142           0.051865407  142    0
       142
         143           0.051018097  143    0
       143
         144           0.047310997  144    0
       144
         145           0.043203442  145    0
       145
         146           0.040864723  146    0
       146
         147           0.039413568  147    0
       147
         148           0.032789297  148    0
       148
         149           0.027739575  149    0
       149
         150           0.027057493  150    0
       150
         151           0.023812659  151    0
       151
         152           0.021613176  152    0
       152
         153           0.014354350  153    0
       153
         154           0.013010476  154    0
       154
         155           0.010909775  155    0
       155
         156           0.006901409  156    0
       156
         157           0.005346815  157    0
       157
         158           0.004724321  158    0
       158
         159           0.002952920  159    0
       159
         160           0.001537742  160    0
       160
         161           0.000720797  161    0
       161
         162           0.000219306  162    0
       162
$user-defined bonds
$end
