$energy      SCF               SCFKIN            SCFPOT            RIRPA
     1 -542.1647008982      0.00000000      0.00000000     -4.021407993185
     2 -542.1653754647      0.00000000      0.00000000     -4.020777675585
     3 -542.1656303078      0.00000000      0.00000000     -4.020516092140
     4 -542.1655852845      0.00000000      0.00000000     -4.020570036197
     5 -542.1655845983      0.00000000      0.00000000     -4.020571055474
     6 -542.1655825550      0.00000000      0.00000000     -4.020572980978
     7 -542.1655727574      0.00000000      0.00000000     -4.020582946173
     8 -542.1655869709      0.00000000      0.00000000     -4.020568738304
     9 -542.1655912709      0.00000000      0.00000000     -4.020564552801
    10 -542.1655838071      0.00000000      0.00000000     -4.020571947310
    11 -542.1655824902      0.00000000      0.00000000     -4.020573314376
$end
