$basis
*
c cc-pVTZ
# c     (18s5p2d1f) / [4s3p2d1f]     {8811/311/11/1}
*
   8  s
  8236.0000000      0.53100000000E-03
  1235.0000000      0.41080000000E-02
  280.80000000      0.21087000000E-01
  79.270000000      0.81853000000E-01
  25.590000000      0.23481700000
  8.9970000000      0.43440100000
  3.3190000000      0.34612900000
 0.36430000000     -0.89830000000E-02
   8  s
  8236.0000000     -0.11300000000E-03
  1235.0000000     -0.87800000000E-03
  280.80000000     -0.45400000000E-02
  79.270000000     -0.18133000000E-01
  25.590000000     -0.55760000000E-01
  8.9970000000     -0.12689500000
  3.3190000000     -0.17035200000
 0.36430000000      0.59868400000
   1  s
 0.90590000000       1.0000000000
   1  s
 0.12850000000       1.0000000000
   3  p
  18.710000000      0.14031000000E-01
  4.1330000000      0.86866000000E-01
  1.2000000000      0.29021600000
   1  p
 0.38270000000       1.0000000000
   1  p
 0.12090000000       1.0000000000
   1  d
  1.0970000000       1.0000000000
   1  d
 0.31800000000       1.0000000000
   1  f
 0.76100000000       1.0000000000
*
h cc-pVTZ
# h     (5s2p1d) / [3s2p1d]     {311/11/1}
*
   3  s
  33.870000000      0.60680000000E-02
  5.0950000000      0.45308000000E-01
  1.1590000000      0.20282200000
   1  s
 0.32580000000       1.0000000000
   1  s
 0.10270000000       1.0000000000
   1  p
  1.4070000000       1.0000000000
   1  p
 0.38800000000       1.0000000000
   1  d
  1.0570000000       1.0000000000
*
n cc-pVTZ
# n     (18s5p2d1f) / [4s3p2d1f]     {8811/311/11/1}
*
   8  s
  11420.000000      0.52300000000E-03
  1712.0000000      0.40450000000E-02
  389.30000000      0.20775000000E-01
  110.00000000      0.80727000000E-01
  35.570000000      0.23307400000
  12.540000000      0.43350100000
  4.6440000000      0.34747200000
 0.51180000000     -0.85080000000E-02
   8  s
  11420.000000     -0.11500000000E-03
  1712.0000000     -0.89500000000E-03
  389.30000000     -0.46240000000E-02
  110.00000000     -0.18528000000E-01
  35.570000000     -0.57339000000E-01
  12.540000000     -0.13207600000
  4.6440000000     -0.17251000000
 0.51180000000      0.59994400000
   1  s
  1.2930000000       1.0000000000
   1  s
 0.17870000000       1.0000000000
   3  p
  26.630000000      0.14670000000E-01
  5.9480000000      0.91764000000E-01
  1.7420000000      0.29868300000
   1  p
 0.55500000000       1.0000000000
   1  p
 0.17250000000       1.0000000000
   1  d
  1.6540000000       1.0000000000
   1  d
 0.46900000000       1.0000000000
   1  f
  1.0930000000       1.0000000000
*
$ecp
*
i def2-ecp
*
  ncore =    28           lmax =     3
#        coefficient   r^n          exponent
f
         -21.8420400    2          19.4586090
         -28.4681910    2          19.3492600
          -0.2437130    2           4.8237670
          -0.3208040    2           4.8843150
s-f
          49.9942930    2          40.0158350
         281.0253170    2          17.4297470
          61.5733260    2           9.0054840
          21.8420400    2          19.4586090
          28.4681910    2          19.3492600
           0.2437130    2           4.8237670
           0.3208040    2           4.8843150
p-f
          67.4428410    2          15.3554660
         134.8811370    2          14.9718330
          14.6750510    2           8.9601640
          29.3756660    2           8.2590960
          21.8420400    2          19.4586090
          28.4681910    2          19.3492600
           0.2437130    2           4.8237670
           0.3208040    2           4.8843150
d-f
          35.4395290    2          15.0689080
          53.1760570    2          14.5553220
           9.0671950    2           6.7186470
          13.2069370    2           6.4563930
           0.0893350    2           1.1917790
           0.0523800    2           1.2911570
          21.8420400    2          19.4586090
          28.4681910    2          19.3492600
           0.2437130    2           4.8237670
           0.3208040    2           4.8843150
*
$end
