$coord
   -1.68837811133366     -0.08285376106205     -0.08125341436107      n
    0.18320566234952     -0.48388223045787     -0.13430270020390      h
   -2.58597454460714     -1.76385270727557      0.06394403509962      h
   -2.22190686959646      1.43223797755662      2.16418465007497      c
   -4.23606037375050      1.83722200090681      2.25826929731944      h
   -1.66445103398704      0.57494301164381      3.96315083483668      h
   -1.25289923911611      3.23961306188499      2.00463879921537      h
$redundant
     number_of_atoms             7
     degrees_of_freedom         15
     internal_coordinates       15
     frozen_coordinates          0
# definitions of redundant internals
   1 k  1.0000000000000 stre    1    3           val=   1.91116
   2 k  1.0000000000000 stre    1    2           val=   1.91480
   3 k  0.8653020084620 bend    2    3    1      val=   9.15249
       -0.3560461049517 bend    4    3    1
       -0.3528223424052 bend    4    2    1
   4 k  0.4775023742548 bend    2    3    1      val= 108.29569
        0.7996086030597 bend    4    3    1
        0.3641669459107 bend    4    2    1
   5 k  0.1524595576952 bend    2    3    1      val=  38.26359
       -0.4835878959006 bend    4    3    1
        0.8619157906697 bend    4    2    1
   6 k  1.0000000000000 tors    5    4    1    2 val=  60.65653
        1.0000000000000 tors    5    4    1    3
        1.0000000000000 tors    7    4    1    2
        1.0000000000000 tors    7    4    1    3
        1.0000000000000 tors    6    4    1    2
        1.0000000000000 tors    6    4    1    3
   7 k  1.0000000000000 stre    4    5           val=   2.05662
   8 k  1.0000000000000 stre    4    7           val=   2.05695
   9 k  1.0000000000000 stre    4    6           val=   2.06930
  10 k  0.3618604358338 bend    7    5    4      val=   1.56268
        0.4514344927792 bend    6    5    4
        0.4456981892777 bend    6    7    4
       -0.4023038961920 bend    1    5    4
       -0.4027768086557 bend    1    7    4
       -0.3775439912113 bend    1    6    4
  11 k  0.6904498947833 bend    7    5    4      val=   2.33948
       -0.2794719329215 bend    6    5    4
       -0.2870390043765 bend    6    7    4
        0.2343519382804 bend    1    5    4
        0.2290725295950 bend    1    7    4
       -0.5053592154880 bend    1    6    4
  12 k  0.0074296291194 bend    7    5    4      val=   0.23975
       -0.6264235596898 bend    6    5    4
        0.6271111881276 bend    6    7    4
       -0.3269665218706 bend    1    5    4
        0.3276512628124 bend    1    7    4
       -0.0027250238824 bend    1    6    4
  13 k  0.5037406576222 bend    7    5    4      val=   1.97749
       -0.2375482583508 bend    6    5    4
       -0.2288323424318 bend    6    7    4
       -0.3240393122656 bend    1    5    4
       -0.3456232320417 bend    1    7    4
        0.6426469010658 bend    1    6    4
  14 k  0.0083529429937 bend    7    5    4      val=  -0.04248
        0.3226316512337 bend    6    5    4
       -0.3319507950102 bend    6    7    4
       -0.6312411329248 bend    1    5    4
        0.6221457182728 bend    1    7    4
        0.0108191033062 bend    1    6    4
  15 k  1.0000000000000 stre    1    4           val=   2.76082
        15 non zero eigenvalues  of BmBt
           1           4.204051361    1    0
         1
           2           3.752768413    2    0
         2
           3           3.230640842    3    0
         3
           4           2.804165535    4    0
         4
           5           2.329587326    5    0
         5
           6           1.320983269    6    0
         6
           7           1.268500569    7    0
         7
           8           0.869282623    8    0
         8
           9           0.733117486    9    0
         9
          10           0.690646419   10    0
        10
          11           0.686877144   11    0
        11
          12           0.513779604   12    0
        12
          13           0.389309649   13    0
        13
          14           0.261731361   14    0
        14
          15           0.231911363   15    0
        15
$user-defined bonds
$frag
 atom   1 fragment  1 symmetry  c1
 atom   2 fragment  1
 atom   3 fragment  1
 atom   4 fragment  1
 atom   5 fragment  1
 atom   6 fragment  1
 atom   7 fragment  1
   iteration     4
$end
