$coord
    0.00508137596296     -2.03275814600000     -2.54370286400000      c
   -2.29393237903704      1.86921472300000     -1.17232807100000      c
    2.44012813396296      1.74558483600000     -1.06241390600000      c
   -2.46382122803704     -2.03374135200000      1.51662843700000      c
    2.28220152796296     -2.15740614100000      1.62560354400000      c
   -0.02387181903704      1.76346218000000      2.99919286900000      c
    0.08045307696296      0.85830443900000     -2.50245293200000      c
   -0.08371103503704     -3.04529429200000      0.18376369600000      c
   -2.39269320803704      0.87431663000000      1.56310083100000      c
    2.35959172596296      0.75051231600000      1.67363395400000      c
    0.16213856096296      1.65826333500000     -5.10802194800000      o
    0.21253706496296      3.49388100500000     -5.11609296000000      h
   -0.13664338203704     -5.11707859700000      0.14101450000000      h
   -4.09291645003704      1.60022350100000      2.50188083100000      h
    4.04982473696296      1.38810727600000      2.69134273700000      h
   -1.66129844703704     -2.64982149300000     -3.61070354700000      h
    1.68284877996296     -2.73844416400000     -3.53520111400000      h
    4.13031411096296      1.05925923200000     -2.04659823100000      h
   -3.97016600303704      1.27101569200000     -2.23490224500000      h
   -2.55746301303704     -2.76939124100000      3.45429565600000      h
    2.24934441896296     -2.89589086400000      3.56413100100000      h
   -0.08714804303704      1.08327834200000      4.95819908700000      h
    3.99047731496296     -2.89710843100000      0.70989097200000      h
   -4.16483688803704     -2.68603943900000      0.52391588100000      h
   -2.25400388703704      3.94743227400000     -1.17598732700000      h
    2.50891753996296      3.82313962800000     -1.06589331800000      h
    0.02864741396296      3.83697875100000      3.06770446700000      h
$user-defined bonds
$redundant
     number_of_atoms            27
     degrees_of_freedom         75
     internal_coordinates       93
     frozen_coordinates          0
# definitions of redundant internals
   1 k  1.0000000000000 tors   12   11    7    1 val=  60.06633
        1.0000000000000 tors   12   11    7    2
        1.0000000000000 tors   12   11    7    3
   2 k  1.0000000000000 stre   11   12           val=   1.83633
   3 k  1.0000000000000 bend    7   12   11      val= 107.35400
   4 k  1.0000000000000 stre    8   13           val=   2.07290
   5 k  0.7022264728754 bend    4   13    8      val=   0.00383
       -0.7118872091914 bend    5   13    8
        0.0097253371483 bend    1   13    8
   6 k -0.4161694358360 bend    4   13    8      val=  -0.11813
       -0.3993619188165 bend    5   13    8
        0.8168923175518 bend    1   13    8
   7 k  1.0000000000000 stre    9   14           val=   2.07340
   8 k  0.5814538738999 bend    4   14    9      val=   0.18550
       -0.7865013159313 bend    6   14    9
        0.2081515615246 bend    2   14    9
   9 k -0.5733299203552 bend    4   14    9      val=   0.08279
       -0.2145889282367 bend    6   14    9
        0.7907239684642 bend    2   14    9
  10 k  1.0000000000000 stre   10   15           val=   2.07344
  11 k -0.7886036381615 bend    6   15   10      val=   0.21804
        0.5754337527140 bend    5   15   10
        0.2167493901165 bend    3   15   10
  12 k -0.2060593997766 bend    6   15   10      val=   0.10298
       -0.5794189390645 bend    5   15   10
        0.7885513406349 bend    3   15   10
  13 k  1.0000000000000 stre    1   17           val=   2.07267
  14 k  1.0000000000000 stre    1   16           val=   2.07270
  15 k  0.0431379278051 bend   16   17    1      val=   0.77714
        0.4965653980929 bend    7   17    1
        0.4964516475479 bend    7   16    1
       -0.5026292558523 bend    8   17    1
       -0.5024554879886 bend    8   16    1
  16 k  0.0003115800509 bend   16   17    1      val=   0.00658
       -0.4869157976739 bend    7   17    1
        0.4868299938119 bend    7   16    1
       -0.5127865801876 bend    8   17    1
        0.5127956602762 bend    8   16    1
  17 k  0.8951012656186 bend   16   17    1      val=  -0.64080
       -0.2425013225240 bend    7   17    1
       -0.2427724135832 bend    7   16    1
       -0.2011443926844 bend    8   17    1
       -0.2014679164450 bend    8   16    1
  18 k -0.0000077056380 bend   16   17    1      val=   0.00130
       -0.5127130150749 bend    7   17    1
        0.5128692758535 bend    7   16    1
        0.4868075617891 bend    8   17    1
       -0.4869382586981 bend    8   16    1
  19 k  1.0000000000000 stre    3   18           val=   2.07277
  20 k  1.0000000000000 stre    3   26           val=   2.07870
  21 k  0.0321762617558 bend   26   18    3      val=   0.57213
        0.4962055556763 bend    7   18    3
        0.4985756429548 bend    7   26    3
       -0.5075728377442 bend   10   18    3
       -0.4965248003192 bend   10   26    3
  22 k  0.0141963384476 bend   26   18    3      val=   0.08776
       -0.4959662107606 bend    7   18    3
        0.4833860291776 bend    7   26    3
       -0.5089861766549 bend   10   18    3
        0.5109667313324 bend   10   26    3
  23 k  0.8960741399120 bend   26   18    3      val=  -0.39724
       -0.2315402765194 bend    7   18    3
       -0.2417944922885 bend    7   26    3
       -0.1958113193760 bend   10   18    3
       -0.2159481114377 bend   10   26    3
  24 k -0.0033537744332 bend   26   18    3      val=   0.44336
       -0.5062365354043 bend    7   18    3
        0.5139344527146 bend    7   26    3
        0.4892075377383 bend   10   18    3
       -0.4901639376289 bend   10   26    3
  25 k  1.0000000000000 stre    2   19           val=   2.07284
  26 k  1.0000000000000 stre    2   25           val=   2.07860
  27 k  0.0320245418314 bend   25   19    2      val=   0.56949
        0.4961425020471 bend    7   19    2
        0.4986653158342 bend    7   25    2
       -0.5075671718043 bend    9   19    2
       -0.4965133586053 bend    9   25    2
  28 k  0.0138913390373 bend   25   19    2      val=   0.08723
       -0.4959785485997 bend    7   19    2
        0.4834736729957 bend    7   25    2
       -0.5088402802858 bend    9   19    2
        0.5110255245166 bend    9   25    2
  29 k  0.8960882553789 bend   25   19    2      val=  -0.39495
       -0.2316547125145 bend    7   19    2
       -0.2415281364630 bend    7   25    2
       -0.1960240129923 bend    9   19    2
       -0.2158719026854 bend    9   25    2
  30 k -0.0033967072443 bend   25   19    2      val=   0.44925
       -0.5062059943298 bend    7   19    2
        0.5138723604299 bend    7   25    2
        0.4893135319088 bend    9   19    2
       -0.4901544841798 bend    9   25    2
  31 k  1.0000000000000 stre    4   24           val=   2.07471
  32 k  1.0000000000000 stre    4   20           val=   2.07473
  33 k  0.0008853276235 bend   20   24    4      val=   0.01557
        0.5004022352342 bend    9   24    4
        0.4994640285146 bend    9   20    4
       -0.5002966861978 bend    8   24    4
       -0.4998357021733 bend    8   20    4
  34 k  0.0014307042119 bend   20   24    4      val=   0.03520
       -0.4996311943697 bend    9   24    4
        0.4997747137423 bend    9   20    4
       -0.5004609720128 bend    8   24    4
        0.5001306566228 bend    8   20    4
  35 k  0.8964283129247 bend   20   24    4      val=  -0.69282
       -0.2212755981995 bend    9   24    4
       -0.2227633717931 bend    9   20    4
       -0.2205865233588 bend    8   24    4
       -0.2217463761331 bend    8   20    4
  36 k -0.0001237831443 bend   20   24    4      val=   0.01667
        0.5000075798405 bend    9   24    4
       -0.5005844911373 bend    9   20    4
       -0.4992923737086 bend    8   24    4
        0.5001146844164 bend    8   20    4
  37 k  1.0000000000000 stre    5   23           val=   2.07458
  38 k  1.0000000000000 stre    5   21           val=   2.07469
  39 k  0.0008262166091 bend   21   23    5      val=   0.01449
        0.5003002912488 bend   10   23    5
        0.4995740862522 bend   10   21    5
       -0.5002435107806 bend    8   23    5
       -0.4998810840687 bend    8   21    5
  40 k  0.0012028881773 bend   21   23    5      val=   0.02549
       -0.4997048232299 bend   10   23    5
        0.4997372626458 bend   10   21    5
       -0.5004424049824 bend    8   23    5
        0.5001136973925 bend    8   21    5
  41 k  0.8964182376685 bend   21   23    5      val=  -0.68991
       -0.2213672940274 bend   10   23    5
       -0.2226359994920 bend   10   21    5
       -0.2206957666853 bend    8   23    5
       -0.2217148046652 bend    8   21    5
  42 k -0.0000942339974 bend   21   23    5      val=   0.01270
        0.5000528117399 bend   10   23    5
       -0.5005036593893 bend   10   21    5
       -0.4994025486167 bend    8   23    5
        0.5000403563354 bend    8   21    5
  43 k  1.0000000000000 stre    6   22           val=   2.07469
  44 k  1.0000000000000 stre    6   27           val=   2.07531
  45 k  0.0000539653661 bend   27   22    6      val=   0.00100
        0.4997388931125 bend   10   22    6
        0.5002539106393 bend   10   27    6
       -0.4997205554198 bend    9   22    6
       -0.5002863451859 bend    9   27    6
  46 k  0.0004758257756 bend   27   22    6      val=   0.04076
        0.5002013848058 bend   10   22    6
       -0.4997669882588 bend   10   27    6
        0.5002582175290 bend    9   22    6
       -0.4997729699269 bend    9   27    6
  47 k  0.8966248773277 bend   27   22    6      val=  -0.67159
       -0.2215238842681 bend   10   22    6
       -0.2213185031572 bend   10   27    6
       -0.2214900436852 bend    9   22    6
       -0.2212493587889 bend    9   27    6
  48 k -0.0000131713230 bend   27   22    6      val=   0.00177
        0.5002923967034 bend   10   22    6
       -0.4997388777868 bend   10   27    6
       -0.5002478602648 bend    9   22    6
        0.4997205718762 bend    9   27    6
  49 k  1.0000000000000 stre    7   11           val=   2.72683
  50 k  0.0026556898544 bend    1   11    7      val=   0.01769
        0.7059101685743 bend    2   11    7
       -0.7082963936198 bend    3   11    7
  51 k  0.8245799163731 bend    1   11    7      val=  -0.76985
       -0.4022597358918 bend    2   11    7
       -0.3978128534807 bend    3   11    7
  52 k  1.0000000000000 stre    1    7           val=   2.89234
  53 k  1.0000000000000 stre    1    8           val=   2.91070
  54 k  1.0000000000000 stre    2    7           val=   2.90325
  55 k  1.0000000000000 stre    2    9           val=   2.91241
  56 k  1.0000000000000 stre    3    7           val=   2.90328
  57 k  1.0000000000000 stre    3   10           val=   2.91249
  58 k  1.0000000000000 stre    4    9           val=   2.90930
  59 k  1.0000000000000 stre    4    8           val=   2.90941
  60 k  1.0000000000000 stre    5   10           val=   2.90934
  61 k  1.0000000000000 stre    5    8           val=   2.90943
  62 k  1.0000000000000 stre    6   10           val=   2.90931
  63 k  1.0000000000000 stre    6    9           val=   2.90934
  64 k  1.0000000000000 bend    8    7    1      val= 109.58130
  65 k  1.0000000000000 bend    9    7    2      val= 109.82173
  66 k  1.0000000000000 bend   10    7    3      val= 109.81996
  67 k  1.0000000000000 bend    8    9    4      val= 109.56352
  68 k  1.0000000000000 bend    8   10    5      val= 109.56274
  69 k  1.0000000000000 bend    9   10    6      val= 109.61723
  70 k -0.7056304397499 bend    2    1    7      val=   0.05888
        0.7085760857256 bend    3    1    7
       -0.0023692268920 bend    3    2    7
  71 k  0.4127971961104 bend    2    1    7      val=   0.54312
        0.4083589115587 bend    3    1    7
       -0.8141507687364 bend    3    2    7
  72 k  0.5759202699869 bend    2    1    7      val= 109.43138
        0.5754675751841 bend    3    1    7
        0.5806486997574 bend    3    2    7
  73 k -0.8160379701381 bend    5    4    8      val=   0.12772
        0.4050751513181 bend    1    4    8
        0.4123058974566 bend    1    5    8
  74 k  0.0042195580458 bend    5    4    8      val=   0.01378
       -0.7091400636436 bend    1    4    8
        0.7050550088224 bend    1    5    8
  75 k  0.5779828947493 bend    5    4    8      val= 109.44705
        0.5770914069021 bend    1    4    8
        0.5769759799654 bend    1    5    8
  76 k  0.8144661905128 bend    6    4    9      val=   0.51271
       -0.3339308216104 bend    2    4    9
       -0.4744839627323 bend    2    6    9
  77 k  0.0831859256334 bend    6    4    9      val=   0.58699
       -0.7421238028434 bend    2    4    9
        0.6650807191836 bend    2    6    9
  78 k  0.5742167938053 bend    6    4    9      val= 109.31204
        0.5811561473750 bend    2    4    9
        0.5766564020976 bend    2    6    9
  79 k  0.8132249008984 bend    5    6   10      val=   0.58480
       -0.4855009604014 bend    3    6   10
       -0.3208645789242 bend    3    5   10
  80 k  0.0974588789539 bend    5    6   10      val=   0.68762
        0.6571939151174 bend    3    6   10
       -0.7473940893837 bend    3    5   10
  81 k  0.5737307970398 bend    5    6   10      val= 109.31179
        0.5765283821131 bend    3    6   10
        0.5817628358241 bend    3    5   10
  82 k  1.0000000000000 tors    2    7    1    8 val=  -0.02894
        1.0000000000000 tors    3    7    1    8
  83 k  1.0000000000000 tors    4    8    1    7 val=   0.02293
        1.0000000000000 tors    5    8    1    7
  84 k  1.0000000000000 tors    1    7    2    9 val=   0.14309
        1.0000000000000 tors    3    7    2    9
  85 k  1.0000000000000 tors    4    9    2    7 val=  -0.00488
        1.0000000000000 tors    6    9    2    7
  86 k  1.0000000000000 tors    1    7    3   10 val=  -0.14397
        1.0000000000000 tors    2    7    3   10
  87 k  1.0000000000000 tors    5   10    3    7 val=   0.02643
        1.0000000000000 tors    6   10    3    7
  88 k  1.0000000000000 tors    2    9    4    8 val=  -0.09544
        1.0000000000000 tors    6    9    4    8
  89 k  1.0000000000000 tors    1    8    4    9 val=   0.04636
        1.0000000000000 tors    5    8    4    9
  90 k  1.0000000000000 tors    3   10    5    8 val=   0.04216
        1.0000000000000 tors    6   10    5    8
  91 k  1.0000000000000 tors    1    8    5   10 val=  -0.01400
        1.0000000000000 tors    4    8    5   10
  92 k  1.0000000000000 tors    3   10    6    9 val=  -0.01834
        1.0000000000000 tors    5   10    6    9
  93 k  1.0000000000000 tors    2    9    6   10 val=   0.02482
        1.0000000000000 tors    4    9    6   10
        75 non zero eigenvalues  of BmBt
           1           3.350845125    1    0
         1
           2           2.892569974    2    0
         2
           3           2.892125784    3    0
         3
           4           2.887600784    4    0
         4
           5           2.836604055    5    0
         5
           6           2.835775919    6    0
         6
           7           2.431891746    7    0
         7
           8           2.382175119    8    0
         8
           9           2.357503434    9    0
         9
          10           2.268943110   10    0
        10
          11           2.266953690   11    0
        11
          12           2.206971309   12    0
        12
          13           2.206211278   13    0
        13
          14           2.171583793   14    0
        14
          15           2.151686000   15    0
        15
          16           2.097446929   16    0
        16
          17           2.087336389   17    0
        17
          18           1.977195313   18    0
        18
          19           1.687133840   19    0
        19
          20           1.639707877   20    0
        20
          21           1.639597783   21    0
        21
          22           1.514656209   22    0
        22
          23           1.427945564   23    0
        23
          24           1.426627560   24    0
        24
          25           1.104356844   25    0
        25
          26           1.099840694   26    0
        26
          27           1.021651798   27    0
        27
          28           0.981147376   28    0
        28
          29           0.980914097   29    0
        29
          30           0.961756391   30    0
        30
          31           0.870588604   31    0
        31
          32           0.735707748   32    0
        32
          33           0.734995017   33    0
        33
          34           0.734146479   34    0
        34
          35           0.734062016   35    0
        35
          36           0.733471930   36    0
        36
          37           0.730721583   37    0
        37
          38           0.711543002   38    0
        38
          39           0.450150596   39    0
        39
          40           0.365539805   40    0
        40
          41           0.365503758   41    0
        41
          42           0.364527961   42    0
        42
          43           0.362803609   43    0
        43
          44           0.362414982   44    0
        44
          45           0.359141435   45    0
        45
          46           0.355019162   46    0
        46
          47           0.354851160   47    0
        47
          48           0.350964928   48    0
        48
          49           0.350292736   49    0
        49
          50           0.208709057   50    0
        50
          51           0.167330683   51    0
        51
          52           0.940999549   52    0
        52
          53           0.928764860   53    0
        53
          54           0.924117819   54    0
        54
          55           0.712790869   55    0
        55
          56           0.675678576   56    0
        56
          57           0.673626569   57    0
        57
          58           0.441394246   58    0
        58
          59           0.435558790   59    0
        59
          60           0.371162895   60    0
        60
          61           0.303575166   61    0
        61
          62           0.285955696   62    0
        62
          63           0.280417084   63    0
        63
          64           0.662684080    0    0
         0.000000000         0.000000000         0.000000000         0.000000000
         0.000000000         0.000000000         0.000000000         0.000000000
         0.000000000         0.000000000         0.000000000         0.000000000
         0.000000000         0.000000000         0.000000000         0.000000000
         0.000000000         0.000000000         0.000000000         0.000000000
         0.000000000         0.000000000         0.000000000         0.000000000
         0.000000000         0.000000000         0.000000000         0.000000000
         0.000000000         0.000000000         0.000000000         0.000000000
         0.000000000         0.000000000         0.000000000         0.000000000
         0.000000000         0.000000000         0.000000000         0.000000000
         0.000000000         0.000000000         0.000000000         0.000000000
         0.000000000         0.000000000         0.000000000         0.000000000
         0.000000000         0.000000000         0.000000000         0.000000000
         0.000000000         0.000000000         0.000000000         0.000000000
         0.000000000         0.000000000         0.000000000         0.000000000
         0.000000000         0.000000000         0.000000000         0.277893732
         0.298173367         0.298200545         0.365384588         0.365407423
         0.376276323        -0.000154955         0.004359598        -0.219591540
         0.016351500        -0.000116130        -0.296790888        -0.008851248
        -0.001680591        -0.315873896        -0.009179898        -0.002219236
        -0.315900976         0.000000000         0.000000000         0.000000000
         0.000000000         0.000000000         0.000000000         0.000000000
         0.000000000         0.000000000         0.000000000         0.000000000
         0.000000000
          65           0.335687037    0    0
         0.000000000         0.000000000         0.000000000         0.000000000
         0.000000000         0.000000000         0.000000000         0.000000000
         0.000000000         0.000000000         0.000000000         0.000000000
         0.000000000         0.000000000         0.000000000         0.000000000
         0.000000000         0.000000000         0.000000000         0.000000000
         0.000000000         0.000000000         0.000000000         0.000000000
         0.000000000         0.000000000         0.000000000         0.000000000
         0.000000000         0.000000000         0.000000000         0.000000000
         0.000000000         0.000000000         0.000000000         0.000000000
         0.000000000         0.000000000         0.000000000         0.000000000
         0.000000000         0.000000000         0.000000000         0.000000000
         0.000000000         0.000000000         0.000000000         0.000000000
         0.000000000         0.000000000         0.000000000         0.000000000
         0.000000000         0.000000000         0.000000000         0.000000000
         0.000000000         0.000000000         0.000000000         0.000000000
         0.000000000         0.000000000         0.000000000         0.000968466
        -0.376695992         0.375660758        -0.377412508         0.378303095
        -0.000803636        -0.143717785         0.000098462         0.000083421
        -0.000671780        -0.138229417        -0.001056718        -0.023570188
        -0.067978006         0.437167056         0.021662402         0.068129424
        -0.436185596         0.000000000         0.000000000         0.000000000
         0.000000000         0.000000000         0.000000000         0.000000000
         0.000000000         0.000000000         0.000000000         0.000000000
         0.000000000
          66           0.334368556    0    0
         0.000000000         0.000000000         0.000000000         0.000000000
         0.000000000         0.000000000         0.000000000         0.000000000
         0.000000000         0.000000000         0.000000000         0.000000000
         0.000000000         0.000000000         0.000000000         0.000000000
         0.000000000         0.000000000         0.000000000         0.000000000
         0.000000000         0.000000000         0.000000000         0.000000000
         0.000000000         0.000000000         0.000000000         0.000000000
         0.000000000         0.000000000         0.000000000         0.000000000
         0.000000000         0.000000000         0.000000000         0.000000000
         0.000000000         0.000000000         0.000000000         0.000000000
         0.000000000         0.000000000         0.000000000         0.000000000
         0.000000000         0.000000000         0.000000000         0.000000000
         0.000000000         0.000000000         0.000000000         0.000000000
         0.000000000         0.000000000         0.000000000         0.000000000
         0.000000000         0.000000000         0.000000000         0.000000000
         0.000000000         0.000000000         0.000000000        -0.363561086
         0.272935061         0.274494170        -0.276608156        -0.275048147
         0.368233033         0.000223563         0.137823016        -0.106791855
         0.009909761        -0.000206713         0.528133674         0.052368426
        -0.113021757        -0.211003066         0.054349118        -0.111956777
        -0.212776059         0.000000000         0.000000000         0.000000000
         0.000000000         0.000000000         0.000000000         0.000000000
         0.000000000         0.000000000         0.000000000         0.000000000
         0.000000000
          67           0.278690828    0    0
         0.000000000         0.000000000         0.000000000         0.000000000
         0.000000000         0.000000000         0.000000000         0.000000000
         0.000000000         0.000000000         0.000000000         0.000000000
         0.000000000         0.000000000         0.000000000         0.000000000
         0.000000000         0.000000000         0.000000000         0.000000000
         0.000000000         0.000000000         0.000000000         0.000000000
         0.000000000         0.000000000         0.000000000         0.000000000
         0.000000000         0.000000000         0.000000000         0.000000000
         0.000000000         0.000000000         0.000000000         0.000000000
         0.000000000         0.000000000         0.000000000         0.000000000
         0.000000000         0.000000000         0.000000000         0.000000000
         0.000000000         0.000000000         0.000000000         0.000000000
         0.000000000         0.000000000         0.000000000         0.000000000
         0.000000000         0.000000000         0.000000000         0.000000000
         0.000000000         0.000000000         0.000000000         0.000000000
         0.000000000         0.000000000         0.000000000         0.403703998
         0.306185893         0.306136427        -0.202297072        -0.202718061
        -0.359550029        -0.000526712        -0.013082136        -0.551114838
        -0.119148392         0.000560758         0.037847388         0.147697117
         0.059488480         0.184129150         0.147163269         0.062086882
         0.184288076         0.000000000         0.000000000         0.000000000
         0.000000000         0.000000000         0.000000000         0.000000000
         0.000000000         0.000000000         0.000000000         0.000000000
         0.000000000
          68           0.146438878    0    0
         0.000000000         0.000000000         0.000000000         0.000000000
         0.000000000         0.000000000         0.000000000         0.000000000
         0.000000000         0.000000000         0.000000000         0.000000000
         0.000000000         0.000000000         0.000000000         0.000000000
         0.000000000         0.000000000         0.000000000         0.000000000
         0.000000000         0.000000000         0.000000000         0.000000000
         0.000000000         0.000000000         0.000000000         0.000000000
         0.000000000         0.000000000         0.000000000         0.000000000
         0.000000000         0.000000000         0.000000000         0.000000000
         0.000000000         0.000000000         0.000000000         0.000000000
         0.000000000         0.000000000         0.000000000         0.000000000
         0.000000000         0.000000000         0.000000000         0.000000000
         0.000000000         0.000000000         0.000000000         0.000000000
         0.000000000         0.000000000         0.000000000         0.000000000
         0.000000000         0.000000000         0.000000000         0.000000000
         0.000000000         0.000000000         0.000000000         0.000988295
        -0.289874086         0.288621669         0.287714616        -0.288629219
         0.001181784        -0.420751474        -0.000085859         0.000259007
         0.000602222         0.402349544        -0.000057152        -0.369970854
         0.163924735         0.000551048         0.371958033        -0.159877667
        -0.000739455         0.000000000         0.000000000         0.000000000
         0.000000000         0.000000000         0.000000000         0.000000000
         0.000000000         0.000000000         0.000000000         0.000000000
         0.000000000
          69           0.145001997    0    0
         0.000000000         0.000000000         0.000000000         0.000000000
         0.000000000         0.000000000         0.000000000         0.000000000
         0.000000000         0.000000000         0.000000000         0.000000000
         0.000000000         0.000000000         0.000000000         0.000000000
         0.000000000         0.000000000         0.000000000         0.000000000
         0.000000000         0.000000000         0.000000000         0.000000000
         0.000000000         0.000000000         0.000000000         0.000000000
         0.000000000         0.000000000         0.000000000         0.000000000
         0.000000000         0.000000000         0.000000000         0.000000000
         0.000000000         0.000000000         0.000000000         0.000000000
         0.000000000         0.000000000         0.000000000         0.000000000
         0.000000000         0.000000000         0.000000000         0.000000000
         0.000000000         0.000000000         0.000000000         0.000000000
         0.000000000         0.000000000         0.000000000         0.000000000
         0.000000000         0.000000000         0.000000000         0.000000000
         0.000000000         0.000000000         0.000000000        -0.361318403
         0.148157728         0.150359618         0.174303233         0.172767429
        -0.315788833         0.000178342         0.426576425         0.030565487
         0.419258722        -0.000627216         0.002409866         0.147634071
         0.362447826        -0.009435983         0.143687840         0.363663749
        -0.010044400         0.000000000         0.000000000         0.000000000
         0.000000000         0.000000000         0.000000000         0.000000000
         0.000000000         0.000000000         0.000000000         0.000000000
         0.000000000
          70           0.223941849    0    0
         0.000000000         0.000000000         0.000000000         0.000000000
         0.000000000         0.000000000         0.000000000         0.000000000
         0.000000000         0.000000000         0.000000000         0.000000000
         0.000000000         0.000000000         0.000000000         0.000000000
         0.000000000         0.000000000         0.000000000         0.000000000
         0.000000000         0.000000000         0.000000000         0.000000000
         0.000000000         0.000000000         0.000000000         0.000000000
         0.000000000         0.000000000         0.000000000         0.000000000
         0.000000000         0.000000000         0.000000000         0.000000000
         0.000000000         0.000000000         0.000000000         0.000000000
         0.000000000         0.000000000         0.000000000         0.000000000
         0.000000000         0.000000000         0.000000000         0.000000000
         0.000000000         0.000000000         0.000000000         0.000000000
         0.000000000         0.000000000         0.000000000         0.000000000
         0.000000000         0.000000000         0.000000000         0.000000000
         0.000000000         0.000000000         0.000000000         0.000000000
         0.000000000         0.000000000         0.000000000         0.000000000
         0.000000000         0.000000000         0.000000000         0.000000000
         0.000000000         0.000000000         0.000000000         0.000000000
         0.000000000         0.000000000         0.000000000         0.000000000
         0.000000000        -0.004612665         0.004833292         0.418774344
        -0.424293732        -0.413785335         0.418927508         0.094955178
        -0.106070149        -0.088544182         0.100152175        -0.360476848
         0.360219696
          71           0.222996484    0    0
         0.000000000         0.000000000         0.000000000         0.000000000
         0.000000000         0.000000000         0.000000000         0.000000000
         0.000000000         0.000000000         0.000000000         0.000000000
         0.000000000         0.000000000         0.000000000         0.000000000
         0.000000000         0.000000000         0.000000000         0.000000000
         0.000000000         0.000000000         0.000000000         0.000000000
         0.000000000         0.000000000         0.000000000         0.000000000
         0.000000000         0.000000000         0.000000000         0.000000000
         0.000000000         0.000000000         0.000000000         0.000000000
         0.000000000         0.000000000         0.000000000         0.000000000
         0.000000000         0.000000000         0.000000000         0.000000000
         0.000000000         0.000000000         0.000000000         0.000000000
         0.000000000         0.000000000         0.000000000         0.000000000
         0.000000000         0.000000000         0.000000000         0.000000000
         0.000000000         0.000000000         0.000000000         0.000000000
         0.000000000         0.000000000         0.000000000         0.000000000
         0.000000000         0.000000000         0.000000000         0.000000000
         0.000000000         0.000000000         0.000000000         0.000000000
         0.000000000         0.000000000         0.000000000         0.000000000
         0.000000000         0.000000000         0.000000000         0.000000000
         0.000000000        -0.475495787         0.483591483         0.239091017
        -0.245089018         0.247956280        -0.253626612         0.276554186
        -0.267069102         0.277443828        -0.268482151        -0.003085440
        -0.011213034
          72           0.220595889    0    0
         0.000000000         0.000000000         0.000000000         0.000000000
         0.000000000         0.000000000         0.000000000         0.000000000
         0.000000000         0.000000000         0.000000000         0.000000000
         0.000000000         0.000000000         0.000000000         0.000000000
         0.000000000         0.000000000         0.000000000         0.000000000
         0.000000000         0.000000000         0.000000000         0.000000000
         0.000000000         0.000000000         0.000000000         0.000000000
         0.000000000         0.000000000         0.000000000         0.000000000
         0.000000000         0.000000000         0.000000000         0.000000000
         0.000000000         0.000000000         0.000000000         0.000000000
         0.000000000         0.000000000         0.000000000         0.000000000
         0.000000000         0.000000000         0.000000000         0.000000000
         0.000000000         0.000000000         0.000000000         0.000000000
         0.000000000         0.000000000         0.000000000         0.000000000
         0.000000000         0.000000000         0.000000000         0.000000000
         0.000000000         0.000000000         0.000000000         0.000000000
         0.000000000         0.000000000         0.000000000         0.000000000
         0.000000000         0.000000000         0.000000000         0.000000000
         0.000000000         0.000000000         0.000000000         0.000000000
         0.000000000         0.000000000         0.000000000         0.000000000
         0.000000000         0.000581736        -0.000608359         0.053529771
        -0.053055807        -0.053690095         0.052938842         0.424397967
        -0.432351733        -0.425146114         0.433043599         0.356050801
        -0.355730213
          73           0.153895598    0    0
         0.000000000         0.000000000         0.000000000         0.000000000
         0.000000000         0.000000000         0.000000000         0.000000000
         0.000000000         0.000000000         0.000000000         0.000000000
         0.000000000         0.000000000         0.000000000         0.000000000
         0.000000000         0.000000000         0.000000000         0.000000000
         0.000000000         0.000000000         0.000000000         0.000000000
         0.000000000         0.000000000         0.000000000         0.000000000
         0.000000000         0.000000000         0.000000000         0.000000000
         0.000000000         0.000000000         0.000000000         0.000000000
         0.000000000         0.000000000         0.000000000         0.000000000
         0.000000000         0.000000000         0.000000000         0.000000000
         0.000000000         0.000000000         0.000000000         0.000000000
         0.000000000         0.000000000         0.000000000         0.000000000
         0.000000000         0.000000000         0.000000000         0.000000000
         0.000000000         0.000000000         0.000000000         0.000000000
         0.000000000         0.000000000         0.000000000         0.000000000
         0.000000000         0.000000000         0.000000000         0.000000000
         0.000000000         0.000000000         0.000000000         0.000000000
         0.000000000         0.000000000         0.000000000         0.000000000
         0.000000000         0.000000000         0.000000000         0.000000000
         0.000000000        -0.213742789         0.418625605        -0.351249324
         0.478258463        -0.351725430         0.478570304         0.033688139
        -0.160105669         0.033311933        -0.159904176        -0.101546909
        -0.102271909
          74           0.144892917    0    0
         0.000000000         0.000000000         0.000000000         0.000000000
         0.000000000         0.000000000         0.000000000         0.000000000
         0.000000000         0.000000000         0.000000000         0.000000000
         0.000000000         0.000000000         0.000000000         0.000000000
         0.000000000         0.000000000         0.000000000         0.000000000
         0.000000000         0.000000000         0.000000000         0.000000000
         0.000000000         0.000000000         0.000000000         0.000000000
         0.000000000         0.000000000         0.000000000         0.000000000
         0.000000000         0.000000000         0.000000000         0.000000000
         0.000000000         0.000000000         0.000000000         0.000000000
         0.000000000         0.000000000         0.000000000         0.000000000
         0.000000000         0.000000000         0.000000000         0.000000000
         0.000000000         0.000000000         0.000000000         0.000000000
         0.000000000         0.000000000         0.000000000         0.000000000
         0.000000000         0.000000000         0.000000000         0.000000000
         0.000000000         0.000000000         0.000000000         0.000000000
         0.000000000         0.000000000         0.000000000         0.000000000
         0.000000000         0.000000000         0.000000000         0.000000000
         0.000000000         0.000000000         0.000000000         0.000000000
         0.000000000         0.000000000         0.000000000         0.000000000
         0.000000000         0.000608120        -0.000267475        -0.357045318
         0.161240194         0.356317122        -0.160804891         0.133885857
        -0.323485156        -0.132669300         0.322527437        -0.474239793
         0.473923152
          75           0.143876713    0    0
         0.000000000         0.000000000         0.000000000         0.000000000
         0.000000000         0.000000000         0.000000000         0.000000000
         0.000000000         0.000000000         0.000000000         0.000000000
         0.000000000         0.000000000         0.000000000         0.000000000
         0.000000000         0.000000000         0.000000000         0.000000000
         0.000000000         0.000000000         0.000000000         0.000000000
         0.000000000         0.000000000         0.000000000         0.000000000
         0.000000000         0.000000000         0.000000000         0.000000000
         0.000000000         0.000000000         0.000000000         0.000000000
         0.000000000         0.000000000         0.000000000         0.000000000
         0.000000000         0.000000000         0.000000000         0.000000000
         0.000000000         0.000000000         0.000000000         0.000000000
         0.000000000         0.000000000         0.000000000         0.000000000
         0.000000000         0.000000000         0.000000000         0.000000000
         0.000000000         0.000000000         0.000000000         0.000000000
         0.000000000         0.000000000         0.000000000         0.000000000
         0.000000000         0.000000000         0.000000000         0.000000000
         0.000000000         0.000000000         0.000000000         0.000000000
         0.000000000         0.000000000         0.000000000         0.000000000
         0.000000000         0.000000000         0.000000000         0.000000000
         0.000000000        -0.479401691         0.299007651         0.130135540
         0.015770422         0.130578810         0.015879308        -0.461770305
         0.318746368        -0.462160502         0.319655446         0.087618217
         0.089451401
$end
