$coord
   -0.78173446422199      0.41131840594616     -1.03735307150042  c
    3.81225276015752      0.42372192789280     -1.15381043363491  c
    3.91067049263353      3.29450870046348     -1.14074645071222  c
    1.54539585263877      4.35907746888839     -2.39514691738126  c
   -0.77286001961078      3.29881834584887     -1.05423455543116  c
   -3.10727290254106     -0.65028807393839      0.34613158225967  c
   -3.05318243763449     -3.54289760411049      0.31789950690418  c
   -0.56468177142420     -4.56854635344583      1.35380871464462  c
    1.64280608637289     -3.33819605025225     -0.01506851593942  c
   -2.51353274320884      3.95239229392084     -1.95130650642749  h
   -0.78025913385470      3.98754391124713      0.89102148273926  h
    1.51664878222669      3.81090786464150     -4.38884154725231  h
    1.53773865574727      6.41944248163516     -2.32515891882271  h
    5.61635924181026      3.91669682700164     -2.11900751917571  h
    4.02604440079484      3.96324864602999      0.80939584751315  h
    3.84684549584606     -0.24939829267378     -3.12701232519791  h
    5.46553862490040     -0.36256151206418     -0.20597418421481  h
    3.43296657425198     -3.95426866981776      0.80130891682043  h
    1.63294480085481     -3.92973815577048     -2.01466356600515  h
   -0.46187636809192     -6.61102045699153      1.08209541683710  h
   -0.42660750987870     -4.18851961895291      3.37161342724588  h
   -3.27825896202500     -4.18469153459609     -1.63619568129783  h
   -4.65244425572997     -4.28567366201391      1.38895747689779  h
   -4.76280391624046     -0.03484814252110     -0.73326129136728  h
   -0.86471120415926     -0.24739133239381     -3.01931953643849  h
    1.56211910027550     -0.56440833221528      0.13343759977772  n
   -3.44217733221734      0.46053018484207      3.00209373963413  c
   -4.02824221447820      2.43878233559108      2.84097993530985  h
   -4.97257296132197     -0.54669733974828      3.95435237083320  h
   -1.26730444708922      0.28091295658481      4.57631142476872  o
    0.18219177521763      0.24124278097188      3.44769357861342  h
$user-defined bonds
$redundant
     number_of_atoms            31
     degrees_of_freedom         87
     internal_coordinates       87
     frozen_coordinates          0
# definitions of redundant internals
   1 k  1.0000000000000 stre   5   11           val=   2.06359
   2 k  1.0000000000000 stre   5   10           val=   2.06442
   3 k  0.0229087738830 bend  10   11    5      val=   0.31736
       -0.4872361893786 bend   4   11    5
       -0.5157218611213 bend   4   10    5
        0.5032521962629 bend   1   11    5
        0.4927923221370 bend   1   10    5
   4 k  0.0169012159885 bend  10   11    5      val=   0.55143
        0.5191514746734 bend   4   11    5
       -0.4982421128096 bend   4   10    5
        0.4812356520939 bend   1   11    5
       -0.5003630076448 bend   1   10    5
   5 k  0.9013137994201 bend  10   11    5      val=   1.41249
       -0.2206274726889 bend   4   11    5
       -0.1897249843128 bend   4   10    5
       -0.2264480058115 bend   1   11    5
       -0.2273382595632 bend   1   10    5
   6 k -0.0118223248881 bend  10   11    5      val=   1.35010
       -0.4896638980279 bend   4   11    5
        0.4917280852217 bend   4   10    5
        0.5189657297223 bend   1   11    5
       -0.4989664930438 bend   1   10    5
   7 k  1.0000000000000 stre   4   13           val=   2.06157
   8 k  1.0000000000000 stre   4   12           val=   2.06788
   9 k  0.0008665837002 bend  12   13    4      val=   0.00700
        0.5034500266708 bend   5   13    4
        0.4963743625963 bend   5   12    4
       -0.5093293459214 bend   3   13    4
       -0.4906459306040 bend   3   12    4
  10 k  0.0284038814967 bend  12   13    4      val=   0.45664
       -0.5051265105016 bend   5   13    4
        0.4942824258027 bend   5   12    4
       -0.4994555397972 bend   3   13    4
        0.5002694026351 bend   3   12    4
  11 k -0.8940261384837 bend  12   13    4      val=   1.43295
        0.2119034625058 bend   5   13    4
        0.2358416383569 bend   5   12    4
        0.2075902209984 bend   3   13    4
        0.2389544057952 bend   3   12    4
  12 k -0.0027318571699 bend  12   13    4      val=   0.39484
       -0.4922751342422 bend   5   13    4
        0.5079590598158 bend   5   12    4
        0.4947538400590 bend   3   13    4
       -0.5048306255182 bend   3   12    4
  13 k  1.0000000000000 stre   3   14           val=   2.06240
  14 k  1.0000000000000 stre   3   15           val=   2.06484
  15 k  0.0320131960105 bend  15   14    3      val=   0.58746
        0.4953796929610 bend   2   14    3
        0.4994623697873 bend   2   15    3
       -0.5110577522835 bend   4   14    3
       -0.4928807463073 bend   4   15    3
  16 k  0.0146293038576 bend  15   14    3      val=   0.25734
       -0.4965520597079 bend   2   14    3
        0.4829680226819 bend   2   15    3
       -0.5049010706578 bend   4   14    3
        0.5148192239843 bend   4   15    3
  17 k  0.8959891056673 bend  15   14    3      val=  -0.38517
       -0.2334394279135 bend   2   14    3
       -0.2397980205760 bend   2   15    3
       -0.1951673952354 bend   4   14    3
       -0.2170625559275 bend   4   15    3
  18 k -0.0053898153571 bend  15   14    3      val=   0.69511
       -0.5037447024880 bend   2   14    3
        0.5162694569786 bend   2   15    3
        0.4889738841649 bend   4   14    3
       -0.4904922150263 bend   4   15    3
  19 k  1.0000000000000 stre   2   17           val=   2.06155
  20 k  1.0000000000000 stre   2   16           val=   2.08514
  21 k  0.0184586145483 bend  16   17    2      val=   0.50228
        0.4914766151961 bend  26   17    2
        0.5090952260837 bend  26   16    2
       -0.5125254599927 bend   3   17    2
       -0.4860552642471 bend   3   16    2
  22 k -0.0259977067892 bend  16   17    2      val=   0.22224
        0.5227994636728 bend  26   17    2
       -0.4838059450868 bend  26   16    2
        0.4929716413475 bend   3   17    2
       -0.4989144298884 bend   3   16    2
  23 k  0.9025060667234 bend  16   17    2      val=   1.84774
       -0.2154383577734 bend  26   17    2
       -0.2289573319320 bend  26   16    2
       -0.1824295637413 bend   3   17    2
       -0.2310132203039 bend   3   16    2
  24 k -0.0137312196870 bend  16   17    2      val=   1.52343
       -0.4879998335887 bend  26   17    2
        0.5051013843806 bend  26   16    2
        0.5069806480178 bend   3   17    2
       -0.4995105905340 bend   3   16    2
  25 k  1.0000000000000 stre   9   18           val=   2.06172
  26 k  1.0000000000000 stre   9   19           val=   2.08528
  27 k  0.0236033513504 bend  19   18    9      val=   0.59323
        0.4924565146718 bend  26   18    9
        0.5072667971802 bend  26   19    9
       -0.5110246371563 bend   8   18    9
       -0.4883274307881 bend   8   19    9
  28 k -0.0247093242889 bend  19   18    9      val=   0.25421
        0.5189156731429 bend  26   18    9
       -0.4831524046416 bend  26   19    9
        0.4968962846179 bend   8   18    9
       -0.4997737584965 bend   8   19    9
  29 k  0.9022150035673 bend  19   18    9      val=   1.75500
       -0.2176326024051 bend  26   18    9
       -0.2324746799222 bend  26   19    9
       -0.1820550130677 bend   8   18    9
       -0.2268383413810 bend   8   19    9
  30 k -0.0116094194623 bend  19   18    9      val=   1.27155
       -0.4915198988672 bend  26   18    9
        0.5061873903468 bend  26   19    9
        0.5040896258376 bend   8   18    9
       -0.4979371299412 bend   8   19    9
  31 k  1.0000000000000 stre   8   21           val=   2.05792
  32 k  1.0000000000000 stre   8   20           val=   2.06303
  33 k  0.0272137009911 bend  20   21    8      val=   0.53703
        0.5052753919448 bend   9   21    8
        0.4903980083344 bend   9   20    8
       -0.5029302933678 bend   7   21    8
       -0.5005268286597 bend   7   20    8
  34 k  0.0230161531014 bend  20   21    8      val=   0.43427
       -0.4915487636901 bend   9   21    8
        0.4910633726571 bend   9   20    8
       -0.5139364266220 bend   7   21    8
        0.5025695802939 bend   7   20    8
  35 k  0.8957018684000 bend  20   21    8      val=  -0.30413
       -0.2212815968637 bend   9   21    8
       -0.2482632862222 bend   9   20    8
       -0.1987998619476 bend   7   21    8
       -0.2181663893406 bend   7   20    8
  36 k -0.0033592012428 bend  20   21    8      val=   0.43296
        0.5055833613203 bend   9   21    8
       -0.5110351568385 bend   9   20    8
       -0.4855837396192 bend   7   21    8
        0.4974190193545 bend   7   20    8
  37 k  1.0000000000000 stre   7   23           val=   2.06313
  38 k  1.0000000000000 stre   7   22           val=   2.06907
  39 k  0.0142999286376 bend  22   23    7      val=   0.20533
       -0.5133592887247 bend   8   23    7
       -0.4886535671012 bend   8   22    7
        0.5077068349285 bend   6   23    7
        0.4896010762316 bend   6   22    7
  40 k  0.0510140646381 bend  22   23    7      val=   1.16195
       -0.5067044183845 bend   8   23    7
        0.5045112873896 bend   8   22    7
       -0.4983882086163 bend   6   23    7
        0.4875712788993 bend   6   22    7
  41 k  0.9002356260073 bend  22   23    7      val=   1.03146
       -0.1833320174029 bend   8   23    7
       -0.2354327169144 bend   8   22    7
       -0.2002725427347 bend   6   23    7
       -0.2458201242680 bend   6   22    7
  42 k -0.0017127874659 bend  22   23    7      val=   0.22778
        0.4836712615865 bend   8   23    7
       -0.5031801226174 bend   8   22    7
       -0.4946214166506 bend   6   23    7
        0.5178982481798 bend   6   22    7
  43 k  1.0000000000000 stre   6   24           val=   2.06994
  44 k  0.5477117434948 bend   7   24    6      val=   2.16986
       -0.7933250270664 bend  27   24    6
        0.2657954993372 bend   1   24    6
  45 k -0.6076955625730 bend   7   24    6      val=   0.30193
       -0.1588515859227 bend  27   24    6
        0.7781209911569 bend   1   24    6
  46 k  1.0000000000000 stre   1   25           val=   2.09021
  47 k  0.7317111555336 bend  26   25    1      val=   1.12071
       -0.6803971380551 bend   5   25    1
       -0.0407249234993 bend   6   25    1
  48 k  0.3701634736687 bend  26   25    1      val=   0.47280
        0.4468287656526 bend   5   25    1
       -0.8144464727328 bend   6   25    1
  49 k  1.0000000000000 stre  27   29           val=   2.06480
  50 k  1.0000000000000 stre  27   28           val=   2.06952
  51 k -0.0103275274253 bend  28   29   27      val=   0.16925
        0.4918332537340 bend  30   29   27
        0.5163729840030 bend  30   28   27
       -0.4935464240529 bend   6   29   27
       -0.4977592403915 bend   6   28   27
  52 k  0.0236906250637 bend  28   29   27      val=   1.05975
        0.5362912164363 bend  30   29   27
       -0.5199594008008 bend  30   28   27
        0.4667973810364 bend   6   29   27
       -0.4728349733616 bend   6   28   27
  53 k  0.9091684209881 bend  28   29   27      val=   3.98098
       -0.2168256159170 bend  30   29   27
       -0.1862761636447 bend  30   28   27
       -0.2177207516270 bend   6   29   27
       -0.2104716126439 bend   6   28   27
  54 k -0.0079540225130 bend  28   29   27      val=   0.87694
       -0.4729535895542 bend  30   29   27
        0.4665440651839 bend  30   28   27
        0.5390721278957 bend   6   29   27
       -0.5176770342803 bend   6   28   27
  55 k  1.0000000000000 tors  31   30   27    6 val=  26.78442
  56 k  1.0000000000000 stre  30   31           val=   1.83750
  57 k  1.0000000000000 bend  27   31   30      val= 106.24189
  58 k  0.7071067811865 tors  30   27    6    1 val=  10.21279
        0.7071067811865 tors  30   27    6    7
  59 k  1.0000000000000 stre  27   30           val=   2.69082
  60 k  1.0000000000000 bend   6   30   27      val= 114.65386
  61 k  1.0000000000000 stre   6   27           val=   2.89831
  62 k  0.7110080029382 bend   7   27    6      val=   0.80139
       -0.7031839160261 bend   1   27    6
  63 k  0.7031839160261 bend   7   27    6      val= 113.04420
        0.7110080029382 bend   1   27    6
  64 k  1.0000000000000 stre   1    5           val=   2.88756
  65 k  1.0000000000000 stre   5    4           val=   2.88037
  66 k  1.0000000000000 stre   4    3           val=   2.88121
  67 k  1.0000000000000 stre   3    2           val=   2.87250
  68 k  1.0000000000000 stre   2   26           val=   2.77426
  69 k -0.2886751345948 bend  26    5    1      val=  -0.58233
       -0.2886751345948 bend   1    4    5
        0.5773502691896 bend   5    3    4
       -0.2886751345948 bend   4    2    3
       -0.2886751345948 bend   3   26    2
        0.5773502691896 bend   2    1   26
  70 k  0.5000000000000 bend  26    5    1      val=  -1.02763
       -0.5000000000000 bend   1    4    5
        0.5000000000000 bend   4    2    3
       -0.5000000000000 bend   3   26    2
  71 k -0.4082482904639 bend  26    5    1      val=   0.21466
        0.4082482904639 bend   1    4    5
       -0.4082482904639 bend   5    3    4
        0.4082482904639 bend   4    2    3
       -0.4082482904639 bend   3   26    2
        0.4082482904639 bend   2    1   26
  72 k -0.2886751345948 tors   1    5    4    3 val=  -0.57734
       -0.2886751345948 tors   5    4    3    2
        0.5773502691896 tors   4    3    2   26
       -0.2886751345948 tors   3    2   26    1
       -0.2886751345948 tors   2   26    1    5
        0.5773502691896 tors  26    1    5    4
  73 k  0.5000000000000 tors   1    5    4    3 val=   0.59669
       -0.5000000000000 tors   5    4    3    2
        0.5000000000000 tors   3    2   26    1
       -0.5000000000000 tors   2   26    1    5
  74 k -0.4082482904639 tors   1    5    4    3 val=  56.70064
        0.4082482904639 tors   5    4    3    2
       -0.4082482904639 tors   4    3    2   26
        0.4082482904639 tors   3    2   26    1
       -0.4082482904639 tors   2   26    1    5
        0.4082482904639 tors  26    1    5    4
  75 k  1.0000000000000 stre   1    6           val=   2.90675
  76 k  1.0000000000000 stre   6    7           val=   2.89325
  77 k  1.0000000000000 stre   7    8           val=   2.88404
  78 k  1.0000000000000 stre   8    9           val=   2.87412
  79 k  1.0000000000000 stre   9   26           val=   2.77893
  80 k -0.2886751345948 bend  26    6    1      val=   0.21773
       -0.2886751345948 bend   1    7    6
        0.5773502691896 bend   6    8    7
       -0.2886751345948 bend   7    9    8
       -0.2886751345948 bend   8   26    9
        0.5773502691896 bend   9    1   26
  81 k  0.5000000000000 bend  26    6    1      val=  -0.64031
       -0.5000000000000 bend   1    7    6
        0.5000000000000 bend   7    9    8
       -0.5000000000000 bend   8   26    9
  82 k -0.4082482904639 bend  26    6    1      val=  -0.57719
        0.4082482904639 bend   1    7    6
       -0.4082482904639 bend   6    8    7
        0.4082482904639 bend   7    9    8
       -0.4082482904639 bend   8   26    9
        0.4082482904639 bend   9    1   26
  83 k -0.2886751345948 tors   1    6    7    8 val=  -0.46608
       -0.2886751345948 tors   6    7    8    9
        0.5773502691896 tors   7    8    9   26
       -0.2886751345948 tors   8    9   26    1
       -0.2886751345948 tors   9   26    1    6
        0.5773502691896 tors  26    1    6    7
  84 k  0.5000000000000 tors   1    6    7    8 val=  -3.64913
       -0.5000000000000 tors   6    7    8    9
        0.5000000000000 tors   8    9   26    1
       -0.5000000000000 tors   9   26    1    6
  85 k -0.4082482904639 tors   1    6    7    8 val= -56.58625
        0.4082482904639 tors   6    7    8    9
       -0.4082482904639 tors   7    8    9   26
        0.4082482904639 tors   8    9   26    1
       -0.4082482904639 tors   9   26    1    6
        0.4082482904639 tors  26    1    6    7
  86 k  0.7071067811865 tors   2   26    1    9 val= 177.95436
        0.7071067811865 tors   5   26    1    6
  87 k  1.0000000000000 stre   1   26           val=   2.79579
        87 non zero eigenvalues  of BmBt
           1           6.491084955    1    0
         1
           2           5.649263373    2    0
         2
           3           5.403248713    3    0
         3
           4           4.470382774    4    0
         4
           5           4.219262193    5    0
         5
           6           4.182637897    6    0
         6
           7           4.088257008    7    0
         7
           8           3.990938341    8    0
         8
           9           3.883212393    9    0
         9
          10           3.853079205   10    0
        10
          11           3.655142240   11    0
        11
          12           3.469593241   12    0
        12
          13           3.372381579   13    0
        13
          14           3.343121814   14    0
        14
          15           3.239363414   15    0
        15
          16           3.212589967   16    0
        16
          17           3.095641066   17    0
        17
          18           3.052234933   18    0
        18
          19           2.851461858   19    0
        19
          20           2.713523017   20    0
        20
          21           2.602012376   21    0
        21
          22           2.355094756   22    0
        22
          23           2.340134316   23    0
        23
          24           2.210921030   24    0
        24
          25           2.176410902   25    0
        25
          26           2.034655795   26    0
        26
          27           1.931099958   27    0
        27
          28           1.829869788   28    0
        28
          29           1.796131397   29    0
        29
          30           1.745576405   30    0
        30
          31           1.545504903   31    0
        31
          32           1.444808353   32    0
        32
          33           1.179361891   33    0
        33
          34           1.108139572   34    0
        34
          35           0.999942105   35    0
        35
          36           0.964600639   36    0
        36
          37           0.811092918   37    0
        37
          38           0.794521367   38    0
        38
          39           0.772850626   39    0
        39
          40           0.756547880   40    0
        40
          41           0.754225561   41    0
        41
          42           0.750070454   42    0
        42
          43           0.745717822   43    0
        43
          44           0.741001309   44    0
        44
          45           0.653724274   45    0
        45
          46           0.632865502   46    0
        46
          47           0.596715620   47    0
        47
          48           0.501380920   48    0
        48
          49           0.456039049   49    0
        49
          50           0.435023594   50    0
        50
          51           0.399700073   51    0
        51
          52           0.398912547   52    0
        52
          53           0.386568707   53    0
        53
          54           0.377535563   54    0
        54
          55           0.360079696   55    0
        55
          56           0.356962692   56    0
        56
          57           0.342268579   57    0
        57
          58           0.338921914   58    0
        58
          59           0.334140916   59    0
        59
          60           0.320379983   60    0
        60
          61           0.304498479   61    0
        61
          62           0.292736317   62    0
        62
          63           0.274432979   63    0
        63
          64           0.268961397   64    0
        64
          65           0.268380870   65    0
        65
          66           0.257771142   66    0
        66
          67           0.256378597   67    0
        67
          68           0.250356057   68    0
        68
          69           0.245929722   69    0
        69
          70           0.239588742   70    0
        70
          71           0.222692752   71    0
        71
          72           0.151836273   72    0
        72
          73           0.144759551   73    0
        73
          74           0.125586599   74    0
        74
          75           0.105187647   75    0
        75
          76           0.094857926   76    0
        76
          77           0.076401645   77    0
        77
          78           0.071766239   78    0
        78
          79           0.062673918   79    0
        79
          80           0.059869846   80    0
        80
          81           0.054418106   81    0
        81
          82           0.046410266   82    0
        82
          83           0.033670348   83    0
        83
          84           0.026236972   84    0
        84
          85           0.025136746   85    0
        85
          86           0.012539785   86    0
        86
          87           0.005766840   87    0
        87
$end
