$coord
   -2.47506832066681      2.23020975552707     -0.04756505116134      c
   -1.37061919188200      4.07263887033688      0.85550424064230      o
   -1.25784169309475      0.17962734308470     -0.92973484687847      n
    0.67006412264956      0.09722294377924     -0.86796863044014      h
   -2.23673094340890     -1.27291894107612     -1.64549054998068      h
   -5.32282814580240      2.18452085659580     -0.20901500141080      c
   -6.08610668925332      2.38585758136496      1.68768112364406      h
   -6.06493909016143      0.46985019755951     -1.06183728414379      h
   -5.93970806183242      3.81081346714317     -1.30181932218049      h
$redundant
     number_of_atoms             9
     degrees_of_freedom         21
     internal_coordinates       21
     frozen_coordinates          0
# definitions of redundant internals
   1 k  1.0000000000000 stre    1    2           val=   2.33021
   2 k  0.7071068117457 bend    3    2    1      val=   1.26323
       -0.7071067506274 bend    6    2    1
   3 k  1.0000000000000 outp    2    6    3    1 val=   0.04537
   4 k  1.0000000000000 tors    5    3    1    6 val=  90.07160
        1.0000000000000 tors    4    3    1    6
   5 k  1.0000000000000 stre    3    5           val=   1.89220
   6 k  1.0000000000000 stre    3    4           val=   1.93065
   7 k  0.8159038957563 bend    4    5    3      val=  -0.20311
       -0.4348907421692 bend    1    5    3
       -0.3810129594452 bend    1    4    3
   8 k  0.0311070791742 bend    4    5    3      val=   0.03386
        0.6910409953631 bend    1    5    3
       -0.7221458940913 bend    1    4    3
   9 k  1.0000000000000 outp    5    1    4    3 val=  -0.12070
  10 k  1.0000000000000 tors    8    6    1    3 val= 119.19909
        1.0000000000000 tors    9    6    1    3
        1.0000000000000 tors    7    6    1    3
  11 k  1.0000000000000 stre    6    8           val=   2.05381
  12 k  1.0000000000000 stre    6    9           val=   2.05416
  13 k  1.0000000000000 stre    6    7           val=   2.05441
  14 k  0.4521497887045 bend    9    8    6      val=   0.56852
        0.4513376055233 bend    7    8    6
        0.3269119595679 bend    7    9    6
       -0.3753330633505 bend    1    8    6
       -0.4148737625066 bend    1    9    6
       -0.4147147909661 bend    1    7    6
  15 k -0.2762061131434 bend    9    8    6      val=   2.07091
       -0.2876297923819 bend    7    8    6
        0.7259486569319 bend    7    9    6
       -0.4849540250910 bend    1    8    6
        0.2022834450835 bend    1    9    6
        0.1946248557829 bend    1    7    6
  16 k -0.6621899446126 bend    9    8    6      val=   0.03662
        0.6564855101123 bend    7    8    6
        0.0081394113526 bend    7    9    6
       -0.0032619698782 bend    1    8    6
       -0.2544138164573 bend    1    9    6
        0.2563746707409 bend    1    7    6
  17 k  0.2107757022833 bend    9    8    6      val=  -1.03719
        0.2207148927195 bend    7    8    6
       -0.4680791546263 bend    7    9    6
       -0.6642190954068 bend    1    8    6
        0.3595687465102 bend    1    9    6
        0.3424671579776 bend    1    7    6
  18 k  0.2576605680071 bend    9    8    6      val=   0.00609
       -0.2530889490768 bend    7    8    6
       -0.0049771923137 bend    7    9    6
       -0.0100448217892 bend    1    8    6
       -0.6538581438037 bend    1    9    6
        0.6647562503978 bend    1    7    6
  19 k  1.0000000000000 stre    1    3           val=   2.54259
  20 k  1.0000000000000 stre    1    6           val=   2.85270
  21 k  1.0000000000000 bend    6    3    1      val= 116.44595
        21 non zero eigenvalues  of BmBt
           1           6.276005032    1    0
         1
           2           4.229050224    2    0
         2
           3           4.033309132    3    0
         3
           4           3.281335972    4    0
         4
           5           3.200679570    5    0
         5
           6           3.034493673    6    0
         6
           7           2.272562523    7    0
         7
           8           1.738967061    8    0
         8
           9           1.440480553    9    0
         9
          10           0.946953197   10    0
        10
          11           0.881854892   11    0
        11
          12           0.707612364   12    0
        12
          13           0.703497125   13    0
        13
          14           0.636951164   14    0
        14
          15           0.394147775   15    0
        15
          16           0.361211835   16    0
        16
          17           0.328897485   17    0
        17
          18           0.288391910   18    0
        18
          19           0.272635597   19    0
        19
          20           0.236055176   20    0
        20
          21           0.069214285   21    0
        21
$user-defined bonds
$frag
 atom   1 fragment  1 symmetry  c1
 atom   2 fragment  1
 atom   3 fragment  1
 atom   4 fragment  1
 atom   5 fragment  1
 atom   6 fragment  1
 atom   7 fragment  1
 atom   8 fragment  1
 atom   9 fragment  1
   iteration     4
$end
