$coord
    1.99691733477270     -1.63179800449236      8.31242085561567      c
    2.85457428150572     -1.80575908502583      6.44540440448677      h
    3.02587793844427     -2.88653886676265      9.57702118446031      h
    2.09955492028913      1.13844980324307      9.13055129466758      c
    3.91046055916457      2.03209927703663      8.73234009891053      h
    1.74406854833967      1.29272239978501     11.15864909362536      h
   -0.10641987237140      2.29650133504061      7.67400481366223      c
    0.41194008634808      2.46427425034919      5.68323195931540      h
   -0.64388524197381      4.16948662033079      8.33849679912950      h
   -2.21713906788648      0.33577458385527      7.99720148809140      c
   -3.58820960384778      0.38039830085721      6.46393078249561      h
   -3.24531190142503      0.72259614887584      9.73999879876422      h
   -0.85079839171386     -2.24662656422362      8.19308461630887      c
   -1.30936792581489     -3.46390522729448      6.59936580092916      h
   -1.44626286351075     -3.24327268850640      9.89211171990547      h
$redundant
     number_of_atoms            15
     degrees_of_freedom         39
     internal_coordinates       39
     frozen_coordinates          0
# definitions of redundant internals
   1 k  1.0000000000000 stre    1    3           val=   2.05727
   2 k  1.0000000000000 stre    1    2           val=   2.06194
   3 k  0.0147574549022 bend    2    3    1      val=   0.32999
        0.5255248399249 bend    4    3    1
        0.4718464151695 bend    4    2    1
       -0.5117476620203 bend   13    3    1
       -0.4889592529599 bend   13    2    1
   4 k  0.0651613870471 bend    2    3    1      val=   1.14540
       -0.4921387502341 bend    4    3    1
        0.4999157157737 bend    4    2    1
       -0.5120545304000 bend   13    3    1
        0.4913632863527 bend   13    2    1
   5 k -0.8815389526014 bend    2    3    1      val=   5.15436
        0.2078236546179 bend    4    3    1
        0.2751138429295 bend    4    2    1
        0.1996878733241 bend   13    3    1
        0.2532499364332 bend   13    2    1
   6 k -0.0054107764206 bend    2    3    1      val=   0.99074
        0.4860267150252 bend    4    3    1
       -0.5179473501924 bend    4    2    1
       -0.4749732142091 bend   13    3    1
        0.5194995129862 bend   13    2    1
   7 k  1.0000000000000 stre    4    5           val=   2.05829
   8 k  1.0000000000000 stre    4    6           val=   2.06479
   9 k  0.0001421621100 bend    6    5    4      val=   0.02945
        0.5262859409480 bend    7    5    4
        0.4728022211988 bend    7    6    4
       -0.5163155168233 bend    1    5    4
       -0.4825965549684 bend    1    6    4
  10 k  0.0694551295158 bend    6    5    4      val=   0.97640
       -0.4979878094037 bend    7    5    4
        0.4991706773544 bend    7    6    4
       -0.5081717300736 bend    1    5    4
        0.4896674936044 bend    1    6    4
  11 k -0.8757821544134 bend    6    5    4      val=   6.50475
        0.2053069709123 bend    7    5    4
        0.2738489953908 bend    7    6    4
        0.2078479323192 bend    1    5    4
        0.2695563585967 bend    1    6    4
  12 k -0.0022475006498 bend    6    5    4      val=   0.48863
        0.4791166594125 bend    7    5    4
       -0.5196526629252 bend    7    6    4
       -0.4763247110098 bend    1    5    4
        0.5229895362341 bend    1    6    4
  13 k  1.0000000000000 stre    7    9           val=   2.05876
  14 k  1.0000000000000 stre    7    8           val=   2.06398
  15 k  0.0024194977461 bend    8    9    7      val=   0.10034
        0.5290260838349 bend    4    9    7
        0.4698962824659 bend    4    8    7
       -0.5136473975867 bend   10    9    7
       -0.4852724835905 bend   10    8    7
  16 k  0.0701197347322 bend    8    9    7      val=   1.13929
       -0.4942490341984 bend    4    9    7
        0.5023818520940 bend    4    8    7
       -0.5101672399321 bend   10    9    7
        0.4879989518244 bend   10    8    7
  17 k -0.8782125592143 bend    8    9    7      val=   5.95017
        0.2030384474211 bend    4    9    7
        0.2741331172780 bend    4    8    7
        0.2057125013500 bend   10    9    7
        0.2646724211303 bend   10    8    7
  18 k -0.0041563596880 bend    8    9    7      val=   0.84362
        0.4802113815386 bend    4    9    7
       -0.5185827557957 bend    4    8    7
       -0.4750651732636 bend   10    9    7
        0.5241800838055 bend   10    8    7
  19 k  1.0000000000000 stre   10   11           val=   2.05736
  20 k  1.0000000000000 stre   10   12           val=   2.06012
  21 k -0.0011737830835 bend   12   11   10      val=   0.07328
        0.5214256774907 bend    7   11   10
        0.4794799741125 bend    7   12   10
       -0.5119285735906 bend   13   11   10
       -0.4859444156004 bend   13   12   10
  22 k  0.0596776414906 bend   12   11   10      val=   1.14576
       -0.4999983585973 bend    7   11   10
        0.5031569681090 bend    7   12   10
       -0.5032201004901 bend   13   11   10
        0.4899416459255 bend   13   12   10
  23 k -0.8845400730127 bend   12   11   10      val=   4.43821
        0.2011597666365 bend    7   11   10
        0.2608528330353 bend    7   12   10
        0.2067818651283 bend   13   11   10
        0.2575279931831 bend   13   12   10
  24 k -0.0028287022036 bend   12   11   10      val=   0.51894
        0.4817569112237 bend    7   11   10
       -0.5121728368843 bend    7   12   10
       -0.4837119049519 bend   13   11   10
        0.5211564593265 bend   13   12   10
  25 k  1.0000000000000 stre   13   14           val=   2.05718
  26 k  1.0000000000000 stre   13   15           val=   2.05781
  27 k  0.0117797366195 bend   15   14   13      val=   0.15310
       -0.5097446916098 bend    1   14   13
       -0.4926932153830 bend    1   15   13
        0.5047891611961 bend   10   14   13
        0.4924052045168 bend   10   15   13
  28 k  0.0257770296018 bend   15   14   13      val=   0.54502
       -0.5039209643478 bend    1   14   13
        0.5050713382171 bend    1   15   13
       -0.4973264969218 bend   10   14   13
        0.4929183555181 bend   10   15   13
  29 k -0.8872700998190 bend   15   14   13      val=   4.16569
        0.2118909362372 bend    1   14   13
        0.2370203168778 bend    1   15   13
        0.2249559680602 bend   10   14   13
        0.2471238210473 bend   10   15   13
  30 k -0.0007038396042 bend   15   14   13      val=   0.13619
        0.4883536660519 bend    1   14   13
       -0.5020563573766 bend    1   15   13
       -0.4967858331227 bend   10   14   13
        0.5124972697389 bend   10   15   13
  31 k  1.0000000000000 stre    1    4           val=   2.89035
  32 k  1.0000000000000 stre    4    7           val=   2.88599
  33 k  1.0000000000000 stre    7   10           val=   2.89897
  34 k  1.0000000000000 stre   10   13           val=   2.92815
  35 k  1.0000000000000 stre   13    1           val=   2.91577
  36 k -0.8090169943749 bend    1    7    4      val=   0.11901
        0.3090169943749 bend    4   10    7
        0.3090169943749 bend    7   13   10
       -0.8090169943749 bend   10    1   13
        1.0000000000000 bend   13    4    1
  37 k  0.5877852522925 bend    1    7    4      val=  -0.00792
       -0.9510565162952 bend    4   10    7
        0.9510565162952 bend    7   13   10
       -0.5877852522925 bend   10    1   13
  38 k -0.8090169943749 tors    7   10   13    1 val= -23.98456
        0.3090169943749 tors   10   13    1    4
        0.3090169943749 tors   13    1    4    7
       -0.8090169943749 tors    1    4    7   10
        1.0000000000000 tors    4    7   10   13
  39 k  0.5877852522925 tors    7   10   13    1 val= -25.06854
       -0.9510565162952 tors   10   13    1    4
        0.9510565162952 tors   13    1    4    7
       -0.5877852522925 tors    1    4    7   10
        39 non zero eigenvalues  of BmBt
           1           5.630195916    1    0
         1
           2           5.227108855    2    0
         2
           3           3.954157568    3    0
         3
           4           3.889509714    4    0
         4
           5           3.696575545    5    0
         5
           6           3.686740521    6    0
         6
           7           3.376092145    7    0
         7
           8           2.836524892    8    0
         8
           9           2.826516418    9    0
         9
          10           2.492849796   10    0
        10
          11           2.272789025   11    0
        11
          12           2.165664933   12    0
        12
          13           1.870357197   13    0
        13
          14           1.715025658   14    0
        14
          15           1.705832612   15    0
        15
          16           0.837287608   16    0
        16
          17           0.793750231   17    0
        17
          18           0.789905501   18    0
        18
          19           0.768678861   19    0
        19
          20           0.760992786   20    0
        20
          21           0.724327415   21    0
        21
          22           0.698697277   22    0
        22
          23           0.470217055   23    0
        23
          24           0.468553318   24    0
        24
          25           0.353559682   25    0
        25
          26           0.353332218   26    0
        26
          27           0.333669397   27    0
        27
          28           0.325279302   28    0
        28
          29           0.313250308   29    0
        29
          30           0.305729154   30    0
        30
          31           0.258399106   31    0
        31
          32           0.244732333   32    0
        32
          33           0.238131773   33    0
        33
          34           0.235017905   34    0
        34
          35           0.208219597   35    0
        35
          36           0.172105308   36    0
        36
          37           0.117210312   37    0
        37
          38           0.066240893   38    0
        38
          39           0.064123358   39    0
        39
$user-defined bonds
$frag
 atom   1 fragment  1 symmetry  c1
 atom   2 fragment  1
 atom   3 fragment  1
 atom   4 fragment  1
 atom   5 fragment  1
 atom   6 fragment  1
 atom   7 fragment  1
 atom   8 fragment  1
 atom   9 fragment  1
 atom  10 fragment  1
 atom  11 fragment  1
 atom  12 fragment  1
 atom  13 fragment  2 symmetry  c1
 atom  14 fragment  2
 atom  15 fragment  2
   iteration     5
$end
