$energy      SCF               SCFKIN            SCFPOT            RIRPA
     1 -569.5221392965      0.00000000      0.00000000     -4.466326431220
     2 -569.5266395457      0.00000000      0.00000000     -4.462703254107
     3 -569.5293683478      0.00000000      0.00000000     -4.458165808309
     4 -569.5282346540      0.00000000      0.00000000     -4.460947896843
     5 -569.5281673377      0.00000000      0.00000000     -4.461429775702
     6 -569.5280715387      0.00000000      0.00000000     -4.461546919633
     7 -569.5280240413      0.00000000      0.00000000     -4.461599998204
     8 -569.5280729935      0.00000000      0.00000000     -4.461553812506
     9 -569.5280659164      0.00000000      0.00000000     -4.461563534706
    10 -569.5280758748      0.00000000      0.00000000     -4.461555211675
    11 -569.5281031077      0.00000000      0.00000000     -4.461528712720
    12 -569.5281116798      0.00000000      0.00000000     -4.461521310204
    13 -569.5281524528      0.00000000      0.00000000     -4.461481384254
    14 -569.5281349919      0.00000000      0.00000000     -4.461498898216
    15 -569.5281001745      0.00000000      0.00000000     -4.461533942152
    16 -569.5281142999      0.00000000      0.00000000     -4.461519957190
    17 -569.5281133519      0.00000000      0.00000000     -4.461520810330
    18 -569.5281131201      0.00000000      0.00000000     -4.461521291203
$end
