$coord
   -1.47129038129688     -0.87554912509275      4.70615067802272      c
    0.42470578919836     -0.09628709659618      4.56082293572461      h
   -1.36528922877283     -2.81019622890105      5.39438318518305      h
   -2.55473506994411      0.20941364102825      6.07298197245287      h
   -2.87333348322276     -0.86290126934357      2.21537318873516      c
   -5.10383888451359     -1.48076243511673      2.05903957750419      o
   -1.49657542907067     -0.13160144252160      0.19008636306923      n
    0.36681786148200      0.27534803395679      0.38347199332469      h
   -2.64145605727135     -0.10598046758180     -2.28905914377449      c
   -4.37457996191514      0.99945954099051     -2.26712317636779      h
   -1.32054858874586      0.73181780642417     -3.61951758675231      h
   -3.12368389108139     -2.00599899385021     -2.92044881924872      h
$redundant
     number_of_atoms            19
     degrees_of_freedom         51
     internal_coordinates       51
     frozen_coordinates          0
# definitions of redundant internals
   1 k  1.0000000000000 stre    7    8           val=   1.91709
   2 k  1.0000000000000 stre    8   13           val=   3.87133
   3 k  1.0000000000000 linc    7   13    8   16 val=   9.05202
   4 k  1.0000000000000 linp    7   13    8   16 val=   4.04309
   5 k  1.0000000000000 tors    4    1    5    7 val= 126.08039
        1.0000000000000 tors    2    1    5    7
        1.0000000000000 tors    3    1    5    7
   6 k  1.0000000000000 stre    1    4           val=   2.05408
   7 k  1.0000000000000 stre    1    2           val=   2.05504
   8 k  1.0000000000000 stre    1    3           val=   2.05615
   9 k  0.4490488350536 bend    2    4    1      val=   0.52677
        0.3288124717083 bend    3    4    1
        0.4517270401405 bend    3    2    1
       -0.4168625185942 bend    5    4    1
       -0.3753353834819 bend    5    2    1
       -0.4141608068008 bend    5    3    1
  10 k -0.2462540213388 bend    2    4    1      val=   1.86569
        0.7260666042900 bend    3    4    1
       -0.3229631246067 bend    3    2    1
        0.2209733882951 bend    5    4    1
       -0.4798646380555 bend    5    2    1
        0.1696518613595 bend    5    3    1
  11 k -0.6780896879819 bend    2    4    1      val=   0.08077
        0.0518033710643 bend    3    4    1
        0.6330915579797 bend    3    2    1
       -0.2524492604233 bend    5    4    1
       -0.0207572012904 bend    5    2    1
        0.2693406291671 bend    5    3    1
  12 k  0.1785094010933 bend    2    4    1      val=  -0.69953
       -0.4601235220907 bend    3    4    1
        0.2496831673526 bend    3    2    1
        0.4129632188901 bend    5    4    1
       -0.6642514389665 bend    5    2    1
        0.2868979953847 bend    5    3    1
  13 k  0.2771721593488 bend    2    4    1      val=  -0.00165
       -0.0372984906769 bend    3    4    1
       -0.2422949754487 bend    3    2    1
       -0.6148659174341 bend    5    4    1
       -0.0739145069722 bend    5    2    1
        0.6924984554383 bend    5    3    1
  14 k  1.0000000000000 stre    5    6           val=   2.31977
  15 k  0.7071069403826 bend    7    6    5      val=   0.39240
       -0.7071066219904 bend    1    6    5
  16 k  1.0000000000000 outp    6    1    7    5 val=  -0.11400
  17 k  1.0000000000000 tors   11    9    7    5 val=  81.57464
        1.0000000000000 tors   11    9    7    8
        1.0000000000000 tors   10    9    7    5
        1.0000000000000 tors   10    9    7    8
        1.0000000000000 tors   12    9    7    5
        1.0000000000000 tors   12    9    7    8
  18 k  1.0000000000000 stre    9   11           val=   2.05349
  19 k  1.0000000000000 stre    9   10           val=   2.05577
  20 k  1.0000000000000 stre    9   12           val=   2.05943
  21 k  0.4155048117813 bend   10   11    9      val=   0.76757
        0.4273200384594 bend   12   11    9
        0.3989584508925 bend   12   10    9
       -0.3918692080251 bend    7   11    9
       -0.4083616531402 bend    7   10    9
       -0.4065277046223 bend    7   12    9
  22 k  0.6755890389847 bend   10   11    9      val=   0.55100
       -0.2769291186189 bend   12   11    9
       -0.4004867109315 bend   12   10    9
        0.2743954728891 bend    7   11    9
        0.1849124677277 bend    7   10    9
       -0.4438632804916 bend    7   12    9
  23 k  0.0884682866170 bend   10   11    9      val=  -0.18300
       -0.6240824810893 bend   12   11    9
        0.5633663397682 bend   12   10    9
       -0.3652566520042 bend    7   11    9
        0.3866500572371 bend    7   10    9
       -0.0490111995550 bend    7   12    9
  24 k  0.2753019047841 bend   10   11    9      val=   1.61345
        0.1743347598023 bend   12   11    9
       -0.4423405499537 bend   12   10    9
       -0.6764144415367 bend    7   11    9
        0.2753756773290 bend    7   10    9
        0.4059345147062 bend    7   12    9
  25 k  0.3599886579169 bend   10   11    9      val=   0.25191
       -0.3980433345569 bend   12   11    9
        0.0419453188519 bend   12   10    9
        0.0857358540024 bend    7   11    9
       -0.6356777432573 bend    7   10    9
        0.5466017108263 bend    7   12    9
  26 k  1.0000000000000 stre   13   14           val=   1.91300
  27 k  1.0000000000000 stre   13   15           val=   1.91303
  28 k -0.1722202744546 bend   15   14   13      val=   7.58243
        0.5552837295786 bend   16   14   13
        0.5895252138286 bend   16   15   13
       -0.4323041536954 bend    8   14   13
       -0.3571740439760 bend    8   15   13
  29 k -0.8506691185032 bend   15   14   13      val=   8.75666
        0.1786845517643 bend   16   14   13
        0.0509122930083 bend   16   15   13
        0.3741667632660 bend    8   14   13
        0.3191254509962 bend    8   15   13
  30 k -0.0637663525967 bend   15   14   13      val=   2.74821
       -0.6204199473163 bend   16   14   13
        0.6081025588768 bend   16   15   13
       -0.2772215994705 bend    8   14   13
        0.4054286668738 bend    8   15   13
  31 k -0.0126445823793 bend   15   14   13      val=   1.93641
       -0.3211948115638 bend   16   14   13
        0.3659797819249 bend   16   15   13
        0.6088570361573 bend    8   14   13
       -0.6261197300077 bend    8   15   13
  32 k  1.0000000000000 tors   17   16   13    8 val=  57.69685
        1.0000000000000 tors   19   16   13    8
        1.0000000000000 tors   18   16   13    8
  33 k  1.0000000000000 stre   16   17           val=   2.05490
  34 k  1.0000000000000 stre   16   19           val=   2.05506
  35 k  1.0000000000000 stre   16   18           val=   2.06318
  36 k  0.3531902879555 bend   19   17   16      val=   1.24900
        0.4488640163658 bend   18   17   16
        0.4480901384353 bend   18   19   16
       -0.4063498266332 bend   13   17   16
       -0.4063128376635 bend   13   19   16
       -0.3778659014623 bend   13   18   16
  37 k  0.6998502077882 bend   19   17   16      val=   2.21684
       -0.2691281124058 bend   18   17   16
       -0.2990760413595 bend   18   19   16
        0.2343546724391 bend   13   17   16
        0.2108524338977 bend   13   19   16
       -0.4989513061230 bend   13   18   16
  38 k  0.0207237264155 bend   19   17   16      val=   0.06757
       -0.6315532453047 bend   18   17   16
        0.6150962951753 bend   18   19   16
       -0.3289658601526 bend   13   17   16
        0.3376873344869 bend   13   19   16
       -0.0107842547880 bend   13   18   16
  39 k  0.4923423806576 bend   19   17   16      val=   1.68747
       -0.2012458801621 bend   18   17   16
       -0.2544726672400 bend   18   19   16
       -0.3823043158715 bend   13   17   16
       -0.2948219644179 bend   13   19   16
        0.6475076500835 bend   13   18   16
  40 k -0.0324548351557 bend   19   17   16      val=  -0.08187
        0.3475892553900 bend   18   17   16
       -0.3173425842582 bend   18   19   16
       -0.5962045362227 bend   13   17   16
        0.6477279194372 bend   13   19   16
       -0.0490996007908 bend   13   18   16
  41 k  1.0000000000000 tors    1    5    7    8 val=   3.11352
  42 k  1.0000000000000 stre    5    1           val=   2.85830
  43 k  1.0000000000000 bend    7    1    5      val= 115.31371
  44 k  1.0000000000000 stre    7    9           val=   2.73086
  45 k  0.7152497088122 bend    5    9    7      val=   1.35970
       -0.6988689820303 bend    8    9    7
  46 k  1.0000000000000 outp    9    8    5    7 val=   3.87264
  47 k  1.0000000000000 tors   16   13    7    5 val=  69.04152
  48 k  1.0000000000000 stre   13   16           val=   2.77326
  49 k  1.0000000000000 bend    8   16   13      val= 101.89454
  50 k  1.0000000000000 stre    7    5           val=   2.55579
  51 k  1.0000000000000 bend    8    5    7      val= 120.29132
        51 non zero eigenvalues  of BmBt
           1           7.776254007    1    0
         1
           2           4.372372880    2    0
         2
           3           4.299233258    3    0
         3
           4           4.052500382    4    0
         4
           5           3.932427653    5    0
         5
           6           3.787349393    6    0
         6
           7           3.547036905    7    0
         7
           8           3.482374901    8    0
         8
           9           3.456174951    9    0
         9
          10           3.092802149   10    0
        10
          11           2.933542097   11    0
        11
          12           2.839152722   12    0
        12
          13           2.788645956   13    0
        13
          14           2.491931243   14    0
        14
          15           2.407728807   15    0
        15
          16           2.243004995   16    0
        16
          17           1.913195393   17    0
        17
          18           1.594367241   18    0
        18
          19           1.039183169   19    0
        19
          20           0.925406516   20    0
        20
          21           0.884659984   21    0
        21
          22           0.878968374   22    0
        22
          23           0.842231540   23    0
        23
          24           0.782135181   24    0
        24
          25           0.709222504   25    0
        25
          26           0.704275558   26    0
        26
          27           0.702375960   27    0
        27
          28           0.701749251   28    0
        28
          29           0.699993547   29    0
        29
          30           0.696065946   30    0
        30
          31           0.642484189   31    0
        31
          32           0.540611260   32    0
        32
          33           0.493137176   33    0
        33
          34           0.440339773   34    0
        34
          35           0.344618531   35    0
        35
          36           0.334837943   36    0
        36
          37           0.332210109   37    0
        37
          38           0.300366527   38    0
        38
          39           0.276769593   39    0
        39
          40           0.275179059   40    0
        40
          41           0.244231805   41    0
        41
          42           0.236127903   42    0
        42
          43           0.213714472   43    0
        43
          44           0.159106643   44    0
        44
          45           0.119904187   45    0
        45
          46           0.090308787   46    0
        46
          47           0.043679320   47    0
        47
          48           0.031558474   48    0
        48
          49           0.025141517   49    0
        49
          50           0.013637873   50    0
        50
          51           0.006132700   51    0
        51
$user-defined bonds
$frag
 atom   1 fragment  1 symmetry  c1
 atom   2 fragment  1
 atom   3 fragment  1
 atom   4 fragment  1
 atom   5 fragment  1
 atom   6 fragment  1
 atom   7 fragment  1
 atom   8 fragment  1
 atom   9 fragment  1
 atom  10 fragment  1
 atom  11 fragment  1
 atom  12 fragment  1
   iteration     4
$end
