$coord
    0.12641946360000      0.84327463770000      1.85072377080000      c
    0.62417665720000      3.15239372640000      1.95379794290000      o
    0.09726621080000     -0.73161655740000      4.25299077120000      c
   -0.34183390850000     -0.33569482070000     -0.23102396230000      o
    1.71111944280000     -2.02673591870000      4.21447903190000      h
   -1.61899499720000     -1.87693379780000      4.32292943920000      h
    0.23542234000000      0.46209330480000      5.92860916360000      h
$redundant
     number_of_atoms             7
     degrees_of_freedom         15
     internal_coordinates       15
     frozen_coordinates          0
# definitions of redundant internals
   1 k  1.0000000000000 stre    1    2           val=   2.36441
   2 k  1.0000000000000 stre    1    4           val=   2.43781
   3 k  0.8114962080480 bend    4    2    1      val=   2.35779
       -0.4839203592223 bend    3    2    1
       -0.3275591400861 bend    3    4    1
   4 k  0.0902790379095 bend    4    2    1      val=   1.95941
        0.6576377579145 bend    3    2    1
       -0.7479052578230 bend    3    4    1
   5 k  1.0000000000000 outp    2    3    4    1 val=   0.89592
   6 k  1.0000000000000 tors    7    3    1    2 val=  99.76994
        1.0000000000000 tors    7    3    1    4
        1.0000000000000 tors    6    3    1    2
        1.0000000000000 tors    6    3    1    4
        1.0000000000000 tors    5    3    1    2
        1.0000000000000 tors    5    3    1    4
   7 k  1.0000000000000 stre    3    7           val=   2.06197
   8 k  1.0000000000000 stre    3    6           val=   2.06451
   9 k  1.0000000000000 stre    3    5           val=   2.06962
  10 k  0.4750177365107 bend    6    7    3      val=   0.41702
        0.4089335640493 bend    5    7    3
        0.3435943245816 bend    5    6    3
       -0.3809913585677 bend    1    7    3
       -0.4056626279224 bend    1    6    3
       -0.4235066083467 bend    1    5    3
  11 k -0.1167503200432 bend    6    7    3      val=   0.86132
       -0.4712405752485 bend    5    7    3
        0.6842955559507 bend    5    6    3
       -0.4446157038949 bend    1    7    3
        0.3036940744989 bend    1    6    3
        0.0782819269041 bend    1    5    3
  12 k -0.6530604027000 bend    6    7    3      val=   1.01871
        0.5165574086704 bend    5    7    3
        0.2409364792376 bend    5    6    3
       -0.1422314174372 bend    1    7    3
       -0.2971245825029 bend    1    6    3
        0.3743225525023 bend    1    5    3
  13 k  0.0956379629762 bend    6    7    3      val=   0.24764
        0.3185306639453 bend    5    7    3
       -0.4296102905415 bend    5    6    3
       -0.6478431702089 bend    1    7    3
        0.5089256203810 bend    1    6    3
        0.1616184833449 bend    1    5    3
  14 k  0.3908665545249 bend    6    7    3      val=   0.36256
       -0.2815595987389 bend    5    7    3
       -0.1244103785484 bend    5    6    3
       -0.1973438016278 bend    1    7    3
       -0.4752305975764 bend    1    6    3
        0.6983415279844 bend    1    5    3
  15 k  1.0000000000000 stre    1    3           val=   2.87263
        15 non zero eigenvalues  of BmBt
           1           3.781248565    1    0
         1
           2           3.747205430    2    0
         2
           3           3.347447713    3    0
         3
           4           2.721888524    4    0
         4
           5           2.100872505    5    0
         5
           6           1.690467604    6    0
         6
           7           1.186481270    7    0
         7
           8           0.902963429    8    0
         8
           9           0.809140796    9    0
         9
          10           0.704336008   10    0
        10
          11           0.699701540   11    0
        11
          12           0.516825838   12    0
        12
          13           0.318599804   13    0
        13
          14           0.302018848   14    0
        14
          15           0.222891067   15    0
        15
$user-defined bonds
$frag
 atom   1 fragment 1 symmetry c1
 atom   2 fragment 1
 atom   3 fragment 1
 atom   4 fragment 1
 atom   5 fragment 1
 atom   6 fragment 1
 atom   7 fragment 1
   iteration   5
$end
