$coord
    1.67838136465096     -1.62608387622566     -1.04866036511841  o
   -0.33330565507212     -0.18742854467803      0.05934542853113  c
    0.99915421283696      2.07292873878514      1.09567757273192  c
    3.47395737115058      1.86706172371654      0.77630155814237  c
    4.07321185271146     -0.52108792486286     -0.57192946543932  c
   -2.25692570580482      0.50874900738906     -2.04605966518211  c
    5.52970783728453     -0.17348361112628     -2.99365392667398  c
   -0.89889329956999      1.88750947290171     -4.15494535152768  c
   -4.31738636249620      2.21081536575878     -1.01540608250178  c
   -3.42497346644799     -1.87266291943755     -3.12793970931979  c
   -1.53009029241546     -1.83241152495405      2.10515952847358  c
    0.18908462266840     -2.41881767052022      4.31886536579507  c
    0.03398592999532     -0.51540420908974      6.43924781770538  c
    0.01366132120332      3.63896019465756      2.00784613887771  h
    4.91529312563417      3.21841879923305      1.37203330929884  h
    5.17239218851418     -1.81014123972021      0.68080156665790  h
    4.56234920246843      1.18495219227948     -4.23666084620210  h
    7.44560089410566      0.53478952426407     -2.59706323229567  h
    5.70194883279463     -1.98863770975469     -3.99156545399607  h
    0.03134758842894      3.61792777196408     -3.46378952351325  h
    0.55178345708942      0.66672335972179     -5.00980924530510  h
   -2.25913942288139      2.42612722527808     -5.63590878174883  h
   -3.54826542819513      4.00655667187114     -0.29395262792827  h
   -5.65708345650209      2.67902173068674     -2.53980039256788  h
   -5.40417605669529      1.30440286407248      0.50994019895529  h
   -1.94210214131843     -3.21735959608930     -3.69851818453687  h
   -4.68918749416324     -2.81571799283051     -1.77150259116021  h
   -4.55502704391344     -1.39698653024631     -4.81139295403112  h
   -2.08863980446815     -3.59866470815497      1.15475457626690  h
   -3.28816586590183     -0.94497631045376      2.79967647284764  h
   -0.28443972793031     -4.30582364493351      5.06553265751382  h
    2.15182755273282     -2.57430195838381      3.62189477994584  h
   -1.90589006445759     -0.40229576838959      7.19058537027710  h
    1.29150940474161     -1.01041514004546      8.02042444289206  h
    0.56849452920879      1.38775623735519      5.79047161417666  h
$user-defined bonds
$redundant
     number_of_atoms            35
     degrees_of_freedom         99
     internal_coordinates       99
     frozen_coordinates          0
# definitions of redundant internals
   1 k  1.0000000000000 stre   3   14           val=   2.06294
   2 k  0.7074345980459 bend   4   14    3      val=   1.65826
       -0.7067788122798 bend   2   14    3
   3 k  1.0000000000000 outp  14    2    4    3 val=   0.70969
   4 k  1.0000000000000 stre   4   15           val=   2.06362
   5 k  0.7071134399010 bend   3   15    4      val=   1.85634
       -0.7071001224094 bend   5   15    4
   6 k  1.0000000000000 outp  15    5    3    4 val=   0.43569
   7 k  1.0000000000000 stre   5   16           val=   2.10694
   8 k  0.4126687559186 bend   4   16    5      val=   9.48212
        0.4913847721114 bend   1   16    5
       -0.7669716446034 bend   7   16    5
   9 k  0.7382889964353 bend   4   16    5      val=   3.11445
       -0.6736100933146 bend   1   16    5
       -0.0343336558962 bend   7   16    5
  10 k  0.4082482904639 tors  17    7    5    1 val=  65.74570
        0.4082482904639 tors  17    7    5    4
        0.4082482904639 tors  19    7    5    1
        0.4082482904639 tors  19    7    5    4
        0.4082482904639 tors  18    7    5    1
        0.4082482904639 tors  18    7    5    4
  11 k  1.0000000000000 stre   7   17           val=   2.07995
  12 k  1.0000000000000 stre   7   19           val=   2.07853
  13 k  1.0000000000000 stre   7   18           val=   2.08076
  14 k  0.4074262195661 bend  19   17    7      val=   2.03351
        0.4118263564299 bend  18   17    7
        0.4373928355772 bend  18   19    7
       -0.4138590648193 bend   5   17    7
       -0.3965169010151 bend   5   19    7
       -0.3802439438330 bend   5   18    7
  15 k  0.6551647565948 bend  19   17    7      val=   0.69904
       -0.5211132513199 bend  18   17    7
       -0.1105805660988 bend  18   19    7
        0.0660079939856 bend   5   17    7
        0.3360810317422 bend   5   19    7
       -0.4119035618313 bend   5   18    7
  16 k  0.2630677340969 bend  19   17    7      val=   2.14773
        0.4621056989931 bend  18   17    7
       -0.6709588539133 bend  18   19    7
        0.4104734405006 bend   5   17    7
       -0.2775628134802 bend   5   19    7
       -0.1467594828523 bend   5   18    7
  17 k  0.1076079231394 bend  19   17    7      val=   0.18010
        0.2986196825109 bend  18   17    7
       -0.4094539641830 bend  18   19    7
       -0.6751414855792 bend   5   17    7
        0.4882188769070 bend   5   19    7
        0.1934439815326 bend   5   18    7
  18 k  0.4157101979631 bend  19   17    7      val=   0.30476
       -0.3192960875991 bend  18   17    7
       -0.1063703168675 bend  18   19    7
       -0.1702453761160 bend   5   17    7
       -0.4863009777526 bend   5   19    7
        0.6696628005130 bend   5   18    7
  19 k  0.3333333333333 tors  21    8    6    2 val=  61.83078
        0.3333333333333 tors  21    8    6    9
        0.3333333333333 tors  21    8    6   10
        0.3333333333333 tors  20    8    6    2
        0.3333333333333 tors  20    8    6    9
        0.3333333333333 tors  20    8    6   10
        0.3333333333333 tors  22    8    6    2
        0.3333333333333 tors  22    8    6    9
        0.3333333333333 tors  22    8    6   10
  20 k  1.0000000000000 stre   8   21           val=   2.07980
  21 k  1.0000000000000 stre   8   20           val=   2.08264
  22 k  1.0000000000000 stre   8   22           val=   2.08174
  23 k  0.4734099338522 bend  20   21    8      val=   1.11223
        0.3861028085835 bend  22   21    8
        0.3865202696327 bend  22   20    8
       -0.4238201089853 bend   6   21    8
       -0.3717724197710 bend   6   20    8
       -0.3994640409528 bend   6   22    8
  24 k -0.5657473150937 bend  20   21    8      val=   1.48248
        0.6504301610874 bend  22   21    8
        0.0087028629124 bend  22   20    8
        0.0032742296921 bend   6   21    8
       -0.3887978241989 bend   6   20    8
        0.3249928807026 bend   6   22    8
  25 k -0.3647904524371 bend  20   21    8      val=   1.48259
       -0.2971448562432 bend  22   21    8
        0.6958726725841 bend  22   20    8
       -0.4441369536470 bend   6   21    8
        0.2254381906507 bend   6   20    8
        0.2152070453562 bend   6   22    8
  26 k -0.0131504991635 bend  20   21    8      val=  -0.18859
       -0.3601421677291 bend  22   21    8
        0.4152758898315 bend  22   20    8
        0.5859748138270 bend   6   21    8
       -0.5944622591995 bend   6   20    8
       -0.0303110321113 bend   6   22    8
  27 k  0.3945154680061 bend  20   21    8      val=   0.26773
       -0.2285238159936 bend  22   21    8
       -0.2001540826248 bend  22   20    8
       -0.3166228693438 bend   6   21    8
       -0.3590764351588 bend   6   20    8
        0.7231091387602 bend   6   22    8
  28 k  1.0000000000000 stre   9   23           val=   2.08248
  29 k  1.0000000000000 stre   9   24           val=   2.08273
  30 k -0.0107229420109 bend  24   23    9      val=   2.27754
        0.5027859224620 bend  25   23    9
        0.5349732153959 bend  25   24    9
       -0.4733625932869 bend   6   23    9
       -0.4866444788286 bend   6   24    9
  31 k  0.0111224313059 bend  24   23    9      val=   3.09758
        0.5971664432731 bend  25   23    9
       -0.5683643721370 bend  25   24    9
        0.4015815546732 bend   6   23    9
       -0.3987012991978 bend   6   24    9
  32 k  0.8967869688030 bend  24   23    9      val=  -0.18988
       -0.2112080863745 bend  25   23    9
       -0.2037370078928 bend  25   24    9
       -0.2328633360017 bend   6   23    9
       -0.2354361382543 bend   6   24    9
  33 k -0.0010557707521 bend  24   23    9      val=   1.22324
       -0.4071302264639 bend  25   23    9
        0.3929709956897 bend  25   24    9
        0.5966884600321 bend   6   23    9
       -0.5690171722002 bend   6   24    9
  34 k  0.3333333333333 tors  27   10    6    2 val=  67.94411
        0.3333333333333 tors  27   10    6    8
        0.3333333333333 tors  27   10    6    9
        0.3333333333333 tors  26   10    6    2
        0.3333333333333 tors  26   10    6    8
        0.3333333333333 tors  26   10    6    9
        0.3333333333333 tors  28   10    6    2
        0.3333333333333 tors  28   10    6    8
        0.3333333333333 tors  28   10    6    9
  35 k  1.0000000000000 stre  10   27           val=   2.08027
  36 k  1.0000000000000 stre  10   26           val=   2.08151
  37 k  1.0000000000000 stre  10   28           val=   2.08262
  38 k  0.4455916702261 bend  26   27   10      val=   1.24322
        0.4041818247385 bend  28   27   10
        0.4028062396376 bend  28   26   10
       -0.4032982311165 bend   6   27   10
       -0.3947172556273 bend   6   26   10
       -0.3967128359072 bend   6   28   10
  39 k -0.3791808934233 bend  26   27   10      val=   1.25604
       -0.2762105284384 bend  28   27   10
        0.6891632753282 bend  28   26   10
       -0.4498397473691 bend   6   27   10
        0.2026514366343 bend   6   26   10
        0.2481132219336 bend   6   28   10
  40 k -0.5722487165295 bend  26   27   10      val=   0.57229
        0.6451682676800 bend  28   27   10
       -0.0326719145590 bend  28   26   10
        0.0408855552238 bend   6   27   10
       -0.3857570359980 bend   6   26   10
        0.3236382847567 bend   6   28   10
  41 k  0.0341496107413 bend  26   27   10      val=   1.09116
       -0.3985431753234 bend  28   27   10
        0.3742017545775 bend  28   26   10
        0.5494447277018 bend   6   27   10
       -0.6262459140680 bend   6   26   10
        0.0767901990775 bend   6   28   10
  42 k -0.4036112721478 bend  26   27   10      val=   0.43080
        0.1605583278877 bend  28   27   10
        0.2669428064159 bend  28   26   10
        0.3918315116224 bend   6   27   10
        0.2922965779607 bend   6   26   10
       -0.7078780117055 bend   6   28   10
  43 k  1.0000000000000 stre  11   29           val=   2.08204
  44 k  1.0000000000000 stre  11   30           val=   2.08823
  45 k  0.0280496126981 bend  30   29   11      val=  25.90393
        0.4064962044003 bend  12   29   11
        0.3814115787873 bend  12   30   11
       -0.5069836830710 bend   2   29   11
       -0.3153177697710 bend   2   30   11
        0.5110817476190 bend  25   29   11
        0.2661521351025 bend  25   30   11
  46 k -0.6548383521843 bend  30   29   11      val= -12.55003
       -0.1606979594877 bend  12   29   11
        0.2760959975246 bend  12   30   11
        0.1711033621491 bend   2   29   11
        0.0467459052782 bend   2   30   11
       -0.1758474887498 bend  25   29   11
        0.6377695657346 bend  25   30   11
  47 k  0.5959344345469 bend  30   29   11      val=  10.36576
       -0.6461104751134 bend  12   29   11
        0.1647838523218 bend  12   30   11
       -0.1400282250493 bend   2   29   11
        0.0525180731085 bend   2   30   11
        0.0327318858522 bend  25   29   11
        0.4204904963480 bend  25   30   11
  48 k -0.1291596647064 bend  30   29   11      val=   9.70161
        0.0439818218530 bend  12   29   11
       -0.4654338018786 bend  12   30   11
       -0.3424390414125 bend   2   29   11
        0.7125213296718 bend   2   30   11
        0.3122399043584 bend  25   29   11
        0.2056935979404 bend  25   30   11
  49 k  1.0000000000000 stre  12   31           val=   2.08387
  50 k  1.0000000000000 stre  12   32           val=   2.08861
  51 k  0.0086357150063 bend  32   31   12      val=   0.80630
        0.4775661255499 bend  13   31   12
        0.5213136049860 bend  13   32   12
       -0.5008649236836 bend  11   31   12
       -0.4992218681444 bend  11   32   12
  52 k  0.0096023093994 bend  32   31   12      val=   3.48417
        0.5260691381089 bend  13   31   12
       -0.4735337018270 bend  13   32   12
        0.5030841507248 bend  11   31   12
       -0.4958137030247 bend  11   32   12
  53 k  0.8966432262792 bend  32   31   12      val=  -1.22994
       -0.2300746342494 bend  13   31   12
       -0.2205516475418 bend  13   32   12
       -0.2075304675619 bend  11   31   12
       -0.2266818546835 bend  11   32   12
  54 k -0.0108144984317 bend  32   31   12      val=   1.02740
       -0.5045633397878 bend  13   31   12
        0.4944940294487 bend  13   32   12
        0.5160417855176 bend  11   31   12
       -0.4842266134830 bend  11   32   12
  55 k  0.5773502691896 tors  33   13   12   11 val=  59.51238
        0.5773502691896 tors  35   13   12   11
        0.5773502691896 tors  34   13   12   11
  56 k  1.0000000000000 stre  13   33           val=   2.08337
  57 k  1.0000000000000 stre  13   35           val=   2.08054
  58 k  1.0000000000000 stre  13   34           val=   2.08003
  59 k  0.4427129158490 bend  35   33   13      val=   1.72125
        0.3834583543318 bend  34   33   13
        0.4372117328356 bend  34   35   13
       -0.3952069026623 bend  12   33   13
       -0.3866094754465 bend  12   35   13
       -0.4001943064157 bend  12   34   13
  60 k -0.5961936587567 bend  35   33   13      val=   1.67479
        0.5642560647071 bend  34   33   13
        0.0937560168106 bend  34   35   13
       -0.0567372200891 bend  12   33   13
       -0.3828162877301 bend  12   35   13
        0.4094027377981 bend  12   34   13
  61 k  0.3166838536265 bend  35   33   13      val=   2.30275
        0.4527170436143 bend  34   33   13
       -0.7180566200307 bend  34   35   13
        0.3427025959139 bend  12   33   13
       -0.2040615158504 bend  12   35   13
       -0.1416585126500 bend  12   34   13
  62 k  0.4351581349481 bend  35   33   13      val=   0.50124
       -0.3279879307334 bend  34   33   13
       -0.1203098920151 bend  34   35   13
       -0.2081789618389 bend  12   33   13
       -0.4435197661167 bend  12   35   13
        0.6697302305230 bend  12   34   13
  63 k  0.0576124914867 bend  35   33   13      val=   0.27826
        0.2783953164240 bend  34   33   13
       -0.3225722640836 bend  34   35   13
       -0.7116992917877 bend  12   33   13
        0.5288813344158 bend  12   35   13
        0.1699783375532 bend  12   34   13
  64 k  1.0000000000000 stre   5    7           val=   2.84727
  65 k -0.7070723087269 bend   4    7    5      val=  -1.78666
        0.7071412519657 bend   1    7    5
  66 k  1.0000000000000 outp   7    1    4    5 val=  51.10981
  67 k  1.0000000000000 stre   6    8           val=   2.86228
  68 k  1.0000000000000 stre   6   10           val=   2.86460
  69 k  0.1647374310517 bend  10    8    6      val=  10.95240
       -0.1712179933426 bend   9    8    6
        0.5138110563210 bend   9   10    6
       -0.7179429089400 bend   2    8    6
        0.4050952424694 bend   2   10    6
  70 k  0.3684104446204 bend  10    8    6      val=  19.22888
        0.5853095601892 bend   9    8    6
        0.2714930610827 bend   9   10    6
       -0.2178447977560 bend   2    8    6
       -0.6328677783868 bend   2   10    6
  71 k -0.7505787041834 bend  10    8    6      val=  23.07927
        0.4833848304200 bend   9    8    6
        0.4124686283704 bend   9   10    6
        0.0948231340411 bend   2    8    6
        0.1544309502889 bend   2   10    6
  72 k -0.0224065807478 bend  10    8    6      val=   5.33125
       -0.5449717785650 bend   9    8    6
        0.6488318406951 bend   9   10    6
        0.3805646434100 bend   2    8    6
       -0.3697181364139 bend   2   10    6
  73 k  0.7071067811865 tors  13   12   11    2 val=  40.63679
        0.7071067811865 tors  13   12   11   25
  74 k  1.0000000000000 stre  12   13           val=   2.85360
  75 k  1.0000000000000 bend  11   13   12      val= 113.90380
  76 k  1.0000000000000 stre  11   12           val=   2.86355
  77 k  0.7671624756078 bend   2   12   11      val= 127.69876
        0.6414528322638 bend  25   12   11
  78 k -0.6414528322638 bend   2   12   11      val=  25.91965
        0.7671624756078 bend  25   12   11
  79 k  1.0000000000000 stre   2    3           val=   2.82111
  80 k  1.0000000000000 stre   3    4           val=   2.50380
  81 k  1.0000000000000 stre   4    5           val=   2.80715
  82 k  1.0000000000000 stre   5    1           val=   2.68021
  83 k  1.0000000000000 stre   1    2           val=   2.71004
  84 k -0.5116672736017 bend   2    4    3      val=  -3.35523
        0.1954395075848 bend   3    5    4
        0.1954395075848 bend   4    1    5
       -0.5116672736017 bend   5    2    1
        0.6324555320337 bend   1    3    2
  85 k  0.3717480344602 bend   2    4    3      val=  -2.00016
       -0.6015009550075 bend   3    5    4
        0.6015009550075 bend   4    1    5
       -0.3717480344602 bend   5    2    1
  86 k -0.5116672736017 tors   4    5    1    2 val=   1.19388
        0.1954395075848 tors   5    1    2    3
        0.1954395075848 tors   1    2    3    4
       -0.5116672736017 tors   2    3    4    5
        0.6324555320337 tors   3    4    5    1
  87 k  0.3717480344602 tors   4    5    1    2 val=  -3.77393
       -0.6015009550075 tors   5    1    2    3
        0.6015009550075 tors   1    2    3    4
       -0.3717480344602 tors   2    3    4    5
  88 k  1.0000000000000 stre   2    6           val=   2.93559
  89 k  1.0000000000000 stre   6    9           val=   2.86440
  90 k  1.0000000000000 stre   9   25           val=   2.08072
  91 k  1.0000000000000 stre  25   11           val=   5.23382
  92 k  1.0000000000000 stre  11    2           val=   2.88507
  93 k -0.5116672736017 bend   2    9    6      val=   7.86574
        0.1954395075848 bend   6   25    9
        0.1954395075848 bend   9   11   25
       -0.5116672736017 bend  25    2   11
        0.6324555320337 bend  11    6    2
  94 k  0.3717480344602 bend   2    9    6      val=   1.55857
       -0.6015009550075 bend   6   25    9
        0.6015009550075 bend   9   11   25
       -0.3717480344602 bend  25    2   11
  95 k -0.5116672736017 tors   9   25   11    2 val=  25.74919
        0.1954395075848 tors  25   11    2    6
        0.1954395075848 tors  11    2    6    9
       -0.5116672736017 tors   2    6    9   25
        0.6324555320337 tors   6    9   25   11
  96 k  0.3717480344602 tors   9   25   11    2 val=  43.26774
       -0.6015009550075 tors  25   11    2    6
        0.6015009550075 tors  11    2    6    9
       -0.3717480344602 tors   2    6    9   25
  97 k  0.3809253370802 bend   6    3    2      val=   7.07153
        0.6073580724923 bend   6    1    2
       -0.2178981381445 bend  11    3    2
       -0.6622178348112 bend  11    1    2
  98 k  0.5760228237130 bend   6    3    2      val=  36.76077
       -0.3989133865599 bend   6    1    2
        0.6667759019156 bend  11    3    2
       -0.2539206829103 bend  11    1    2
  99 k  0.6634680088341 bend   6    3    2      val=   5.79527
       -0.2754985938691 bend   6    1    2
       -0.6121665634538 bend  11    3    2
        0.3303979791388 bend  11    1    2
        99 non zero eigenvalues  of BmBt
           1           7.571068515    1    0
         1
           2           6.369915997    2    0
         2
           3           6.075726935    3    0
         3
           4           5.330169981    4    0
         4
           5           5.048217939    5    0
         5
           6           4.370465543    6    0
         6
           7           4.286829230    7    0
         7
           8           4.191087799    8    0
         8
           9           4.139654820    9    0
         9
          10           4.015586173   10    0
        10
          11           3.976625813   11    0
        11
          12           3.663766562   12    0
        12
          13           3.611755077   13    0
        13
          14           3.536601639   14    0
        14
          15           3.491314125   15    0
        15
          16           3.450158907   16    0
        16
          17           3.359647520   17    0
        17
          18           3.321876497   18    0
        18
          19           3.249812780   19    0
        19
          20           3.199547426   20    0
        20
          21           3.155120248   21    0
        21
          22           3.102599065   22    0
        22
          23           3.051511707   23    0
        23
          24           2.912993951   24    0
        24
          25           2.762736792   25    0
        25
          26           2.534180485   26    0
        26
          27           2.398380790   27    0
        27
          28           2.203046185   28    0
        28
          29           2.194632786   29    0
        29
          30           2.051391092   30    0
        30
          31           1.894653906   31    0
        31
          32           1.765115466   32    0
        32
          33           1.680553031   33    0
        33
          34           1.610471607   34    0
        34
          35           1.547313339   35    0
        35
          36           1.401001610   36    0
        36
          37           1.345528595   37    0
        37
          38           1.298271597   38    0
        38
          39           1.055447607   39    0
        39
          40           0.900998839   40    0
        40
          41           0.889584899   41    0
        41
          42           0.884379446   42    0
        42
          43           0.879175507   43    0
        43
          44           0.862250408   44    0
        44
          45           0.832317474   45    0
        45
          46           0.807788028   46    0
        46
          47           0.786357447   47    0
        47
          48           0.781255761   48    0
        48
          49           0.762608444   49    0
        49
          50           0.754456066   50    0
        50
          51           0.734937454   51    0
        51
          52           0.729314482   52    0
        52
          53           0.711323633   53    0
        53
          54           0.706625985   54    0
        54
          55           0.703037573   55    0
        55
          56           0.702440735   56    0
        56
          57           0.699332268   57    0
        57
          58           0.693888375   58    0
        58
          59           0.673863648   59    0
        59
          60           0.639700955   60    0
        60
          61           0.516455887   61    0
        61
          62           0.498151403   62    0
        62
          63           0.482834949   63    0
        63
          64           0.450982264   64    0
        64
          65           0.405164157   65    0
        65
          66           0.390370137   66    0
        66
          67           0.377387781   67    0
        67
          68           0.375547861   68    0
        68
          69           0.365121062   69    0
        69
          70           0.358425587   70    0
        70
          71           0.350453480   71    0
        71
          72           0.343888036   72    0
        72
          73           0.328466083   73    0
        73
          74           0.310352482   74    0
        74
          75           0.306572426   75    0
        75
          76           0.300467122   76    0
        76
          77           0.283375615   77    0
        77
          78           0.271154449   78    0
        78
          79           0.266060106   79    0
        79
          80           0.226939593   80    0
        80
          81           0.187508117   81    0
        81
          82           0.156095620   82    0
        82
          83           0.151338580   83    0
        83
          84           0.128557285   84    0
        84
          85           0.115625624   85    0
        85
          86           0.099672366   86    0
        86
          87           0.091598330   87    0
        87
          88           0.080907259   88    0
        88
          89           0.069030949   89    0
        89
          90           0.061582726   90    0
        90
          91           0.048321750   91    0
        91
          92           0.044333563   92    0
        92
          93           0.034021454   93    0
        93
          94           0.025483409   94    0
        94
          95           0.014684532   95    0
        95
          96           0.012056267   96    0
        96
          97           0.008261044   97    0
        97
          98           0.007056220   98    0
        98
          99           0.004676343   99    0
        99
$end
