$coord
    1.51161853914945     -1.93139769893581      1.29963449830442      c
    1.61298684475530     -2.12036911980718     -0.75213812790712      h
    2.81834151923108     -3.29600241599098      2.11596490707434      h
    2.11061055704943      0.80304438872621      2.07806012078650      c
    3.47358554783143      1.68213034792599      0.81343745726870      h
    2.93960049818630      0.83114811231557      3.96291359672823      h
   -0.46214982623993      2.20283408105575      2.08432472543347      c
   -0.48769598881186      3.78108335453699      0.76595009274868      h
   -0.84811759031695      2.98009021061570      3.95138799452731      h
   -2.45421412131570      0.19617607356259      1.39709152623920      c
   -2.78462631247163      0.19888115983004     -0.63873773381250      h
   -4.26460974011541      0.52542168008491      2.31899334869274      h
   -1.22242591422941     -2.30559506190920      2.14730827699043      c
   -2.12488211084541     -3.94504334297108      1.29067022523484      h
   -1.29638736110330     -2.54221703649053      4.19560787758756      h
$redundant
     number_of_atoms            15
     degrees_of_freedom         39
     internal_coordinates       39
     frozen_coordinates          0
# definitions of redundant internals
   1 k  1.0000000000000 stre    1    3           val=   2.05817
   2 k  1.0000000000000 stre    1    2           val=   2.06295
   3 k  0.0000254606147 bend    2    3    1      val=   0.07772
        0.5281085331915 bend   13    3    1
        0.4716561115320 bend   13    2    1
       -0.5136695780697 bend    4    3    1
       -0.4845466474368 bend    4    2    1
   4 k  0.0705657827506 bend    2    3    1      val=   1.18582
       -0.4961862179935 bend   13    3    1
        0.5028609353130 bend   13    2    1
       -0.5082432102317 bend    4    3    1
        0.4874827446871 bend    4    2    1
   5 k -0.8796355893454 bend    2    3    1      val=   5.49028
        0.2001979172477 bend   13    3    1
        0.2716835004177 bend   13    2    1
        0.2053348144240 bend    4    3    1
        0.2649296387212 bend    4    2    1
   6 k -0.0039047383304 bend    2    3    1      val=   0.77543
        0.4793867716977 bend   13    3    1
       -0.5171117243979 bend   13    2    1
       -0.4769155475862 bend    4    3    1
        0.5247095397461 bend    4    2    1
   7 k  1.0000000000000 stre    4    5           val=   2.05664
   8 k  1.0000000000000 stre    4    6           val=   2.05929
   9 k  0.0046062983491 bend    6    5    4      val=   0.13923
        0.5116705431246 bend    1    5    4
        0.4883323503568 bend    1    6    4
       -0.5122695076156 bend    7    5    4
       -0.4871175468780 bend    7    6    4
  10 k  0.0438969345702 bend    6    5    4      val=   0.84036
       -0.5027769461495 bend    1    5    4
        0.4975800556887 bend    1    6    4
       -0.5003710472197 bend    7    5    4
        0.4973241446391 bend    7    6    4
  11 k -0.8861903395432 bend    6    5    4      val=   4.28369
        0.2124383050167 bend    1    5    4
        0.2529585119984 bend    1    6    4
        0.2082146525836 bend    7    5    4
        0.2493898520769 bend    7    6    4
  12 k -0.0001948382637 bend    6    5    4      val=   0.03011
       -0.4869581645823 bend    1    5    4
        0.5114507914232 bend    1    6    4
        0.4884996162242 bend    7    5    4
       -0.5125016301301 bend    7    6    4
  13 k  1.0000000000000 stre    7    8           val=   2.05661
  14 k  1.0000000000000 stre    7    9           val=   2.05889
  15 k  0.0041744166593 bend    9    8    7      val=   0.11835
        0.5080056337612 bend   10    8    7
        0.4919890663535 bend   10    9    7
       -0.5107837813558 bend    4    8    7
       -0.4888348776478 bend    4    9    7
  16 k  0.0348635624170 bend    9    8    7      val=   0.66411
       -0.5034238435657 bend   10    8    7
        0.4968834723300 bend   10    9    7
       -0.4994052163392 bend    4    8    7
        0.4990493067459 bend    4    9    7
  17 k -0.8868538582417 bend    9    8    7      val=   4.20845
        0.2166650552117 bend   10    8    7
        0.2477133391740 bend   10    9    7
        0.2116816563595 bend    4    8    7
        0.2457141956176 bend    4    9    7
  18 k -0.0010157016525 bend    9    8    7      val=   0.17183
       -0.4894015379648 bend   10    8    7
        0.5095880884919 bend   10    9    7
        0.4914271446674 bend    4    8    7
       -0.5092194463481 bend    4    9    7
  19 k  1.0000000000000 stre   10   12           val=   2.05812
  20 k  1.0000000000000 stre   10   11           val=   2.06247
  21 k  0.0003372398021 bend   11   12   10      val=   0.09121
        0.5275339619590 bend   13   12   10
        0.4723723189229 bend   13   11   10
       -0.5137388159896 bend    7   12   10
       -0.4844013072961 bend    7   11   10
  22 k  0.0704213545677 bend   11   12   10      val=   1.22409
       -0.4966484391322 bend   13   12   10
        0.5029130137500 bend   13   11   10
       -0.5074596494019 bend    7   12   10
        0.4877954136298 bend    7   11   10
  23 k -0.8805441991359 bend   11   12   10      val=   5.25664
        0.1995849747586 bend   13   12   10
        0.2707976154884 bend   13   11   10
        0.2045233053716 bend    7   12   10
        0.2639064611266 bend    7   11   10
  24 k -0.0038932678446 bend   11   12   10      val=   0.75797
        0.4794041890353 bend   13   12   10
       -0.5166661884729 bend   13   11   10
       -0.4774636283243 bend    7   12   10
        0.5246341575967 bend    7   11   10
  25 k  1.0000000000000 stre   13   14           val=   2.05817
  26 k  1.0000000000000 stre   13   15           val=   2.06325
  27 k  0.0000337256030 bend   15   14   13      val=   0.00569
        0.5207950684703 bend    1   14   13
        0.4783991941381 bend    1   15   13
       -0.5190677784819 bend   10   14   13
       -0.4800784809898 bend   10   15   13
  28 k  0.0632474686952 bend   15   14   13      val=   0.95236
       -0.5015034891444 bend    1   14   13
        0.4964476005326 bend    1   15   13
       -0.5032243328773 bend   10   14   13
        0.4947717239346 bend   10   15   13
  29 k -0.8764737375112 bend   15   14   13      val=   6.53660
        0.2093036985276 bend    1   14   13
        0.2686865657292 bend    1   15   13
        0.2097626168955 bend   10   14   13
        0.2679420145958 bend   10   15   13
  30 k -0.0003949531941 bend   15   14   13      val=   0.08537
        0.4794701290302 bend    1   14   13
       -0.5196259598171 bend    1   15   13
       -0.4790088557835 bend   10   14   13
        0.5202380391176 bend   10   15   13
  31 k  1.0000000000000 stre    1   13           val=   2.88679
  32 k  1.0000000000000 stre   13   10           val=   2.88773
  33 k  1.0000000000000 stre   10    7           val=   2.90986
  34 k  1.0000000000000 stre    7    4           val=   2.92892
  35 k  1.0000000000000 stre    4    1           val=   2.90550
  36 k -0.8090169943749 bend    1   10   13      val=   0.10209
        0.3090169943749 bend   13    7   10
        0.3090169943749 bend   10    4    7
       -0.8090169943749 bend    7    1    4
        1.0000000000000 bend    4   13    1
  37 k  0.5877852522925 bend    1   10   13      val=  -0.10915
       -0.9510565162952 bend   13    7   10
        0.9510565162952 bend   10    4    7
       -0.5877852522925 bend    7    1    4
  38 k -0.8090169943749 tors   10    7    4    1 val=  18.38646
        0.3090169943749 tors    7    4    1   13
        0.3090169943749 tors    4    1   13   10
       -0.8090169943749 tors    1   13   10    7
        1.0000000000000 tors   13   10    7    4
  39 k  0.5877852522925 tors   10    7    4    1 val=  29.21171
       -0.9510565162952 tors    7    4    1   13
        0.9510565162952 tors    4    1   13   10
       -0.5877852522925 tors    1   13   10    7
        39 non zero eigenvalues  of BmBt
           1           5.638388255    1    0
         1
           2           5.245855835    2    0
         2
           3           3.951645292    3    0
         3
           4           3.891522148    4    0
         4
           5           3.699519498    5    0
         5
           6           3.683510881    6    0
         6
           7           3.374977358    7    0
         7
           8           2.836107425    8    0
         8
           9           2.831050422    9    0
         9
          10           2.486186737   10    0
        10
          11           2.271257996   11    0
        11
          12           2.170410228   12    0
        12
          13           1.871575936   13    0
        13
          14           1.711873351   14    0
        14
          15           1.711047318   15    0
        15
          16           0.836997265   16    0
        16
          17           0.793442318   17    0
        17
          18           0.789634179   18    0
        18
          19           0.767979781   19    0
        19
          20           0.760815761   20    0
        20
          21           0.725163829   21    0
        21
          22           0.699894835   22    0
        22
          23           0.470716625   23    0
        23
          24           0.469055907   24    0
        24
          25           0.353316529   25    0
        25
          26           0.352003462   26    0
        26
          27           0.333992892   27    0
        27
          28           0.326121124   28    0
        28
          29           0.312764630   29    0
        29
          30           0.305644850   30    0
        30
          31           0.258493161   31    0
        31
          32           0.244879103   32    0
        32
          33           0.238738023   33    0
        33
          34           0.234241602   34    0
        34
          35           0.208151971   35    0
        35
          36           0.173012018   36    0
        36
          37           0.117995307   37    0
        37
          38           0.066205712   38    0
        38
          39           0.064202120   39    0
        39
$user-defined bonds
$frag
 atom   1 fragment  1 symmetry  c1
 atom   2 fragment  1
 atom   3 fragment  1
 atom   4 fragment  1
 atom   5 fragment  1
 atom   6 fragment  1
 atom   7 fragment  1
 atom   8 fragment  1
 atom   9 fragment  1
 atom  10 fragment  1
 atom  11 fragment  1
 atom  12 fragment  1
 atom  13 fragment  1
 atom  14 fragment  1
 atom  15 fragment  1
   iteration     4
$end
