$coord
    1.59393745963676     -1.46853276002316     -0.92348271351819  o
   -0.22231829641738      0.35390459261472     -0.00139049531344  c
    1.38478118288037      2.64593516273861      0.55272255213912  c
    3.82349086912674      2.10287140076793      0.28830042070174  c
    4.13058767235117     -0.60481663788252     -0.50701188433392  c
   -2.19393398346617      0.81186439977312     -2.13212618614532  c
    5.68807361694869     -0.99745397201158     -2.88636040648009  c
   -0.91174272948020      2.05901546769672     -4.40908689575344  c
   -4.32079735661693      2.54485079927535     -1.20124521884811  c
   -3.33455062002383     -1.70125899695021     -3.01556346502847  c
   -1.44038081376203     -0.64006963077690      2.44602922988272  c
    0.44413147480194     -1.65712725053005      4.37861244013450  c
   -0.87365600604011     -2.49659350748697      6.80404306176964  c
    0.60377906378326      4.43473246964854      1.14943622167397  h
    5.39962692848228      3.35817680837549      0.61597539844865  h
    4.96915461777124     -1.70962098855429      1.03568492905266  h
    4.95998831780654      0.16032790724894     -4.42473728299536  h
    7.65436901131720     -0.48137252718555     -2.53928219512849  h
    5.61983239295918     -2.97599312645877     -3.45110848104144  h
   -0.18464494785755      3.93075392330808     -3.94528915025987  h
    0.64945536958459      0.90244771979098     -5.08769077524050  h
   -2.27602198271554      2.26718318743006     -5.94213204887995  h
   -3.58687383509051      4.32681782241589     -0.46415760465936  h
   -5.57840267260202      2.99193869377312     -2.77382060477536  h
   -5.45138749373191      1.64963051035730      0.26915488675463  h
   -1.85717956961267     -2.98814571654589     -3.64378846144980  h
   -4.42231475860478     -2.62749722553889     -1.53239113211262  h
   -4.61452181040181     -1.35091058710092     -4.59531090882180  h
   -2.77840052394529     -2.14081953323047      1.98689383388832  h
   -2.52755738814451      0.89224417384138      3.30774692795290  h
    1.45666747676052     -3.25010004885511      3.55034349600197  h
    1.84683000150635     -0.20906214232218      4.82043865220025  h
   -2.26665615102307     -3.96622624474979      6.41153556334264  h
    0.47586849532977     -3.24977119114210      8.16642739151159  h
   -1.85923301150986     -0.91732295171069      7.69263090532991  h
$user-defined bonds
$redundant
     number_of_atoms            35
     degrees_of_freedom         99
     internal_coordinates       99
     frozen_coordinates          0
# definitions of redundant internals
   1 k  1.0000000000000 stre   3   14           val=   2.04104
   2 k  0.7071677803227 bend   4   14    3      val=   1.62803
       -0.7070457767878 bend   2   14    3
   3 k  1.0000000000000 outp  14    2    4    3 val=   1.84332
   4 k  1.0000000000000 stre   4   15           val=   2.04141
   5 k  0.7071205238976 bend   3   15    4      val=   1.80972
       -0.7070930382084 bend   5   15    4
   6 k  1.0000000000000 outp  15    5    3    4 val=  -0.93777
   7 k  1.0000000000000 stre   5   16           val=   2.07454
   8 k  0.2524245680187 bend   1   16    5      val=   4.45730
        0.5810674574435 bend   4   16    5
       -0.7737198765449 bend   7   16    5
   9 k  0.8057874058858 bend   1   16    5      val=   4.65018
       -0.5689326257103 bend   4   16    5
       -0.1643846827362 bend   7   16    5
  10 k  0.4082482904639 tors  17    7    5    1 val=  65.65449
        0.4082482904639 tors  17    7    5    4
        0.4082482904639 tors  19    7    5    1
        0.4082482904639 tors  19    7    5    4
        0.4082482904639 tors  18    7    5    1
        0.4082482904639 tors  18    7    5    4
  11 k  1.0000000000000 stre   7   17           val=   2.05844
  12 k  1.0000000000000 stre   7   19           val=   2.05869
  13 k  1.0000000000000 stre   7   18           val=   2.06231
  14 k  0.4208741136062 bend  19   17    7      val=   0.84243
        0.4193680869680 bend  18   17    7
        0.4016336312472 bend  18   19    7
       -0.3994726817897 bend   5   17    7
       -0.4042308881530 bend   5   19    7
       -0.4033668057079 bend   5   18    7
  15 k -0.3343713028577 bend  19   17    7      val=   0.31382
       -0.3408192401816 bend  18   17    7
        0.6983202305383 bend  18   19    7
       -0.4395651776987 bend   5   17    7
        0.2170049044168 bend   5   19    7
        0.2099482292900 bend   5   18    7
  16 k  0.6305322565077 bend  19   17    7      val=   0.01519
       -0.6279618039297 bend  18   17    7
       -0.0033999800802 bend  18   19    7
        0.0050616956475 bend   5   17    7
        0.3204981510635 bend   5   19    7
       -0.3245563138287 bend   5   18    7
  17 k  0.2281369573287 bend  19   17    7      val=  -0.02726
        0.2032513581127 bend  18   17    7
       -0.4369341791261 bend  18   19    7
       -0.6880577882699 bend   5   17    7
        0.3276518510435 bend   5   19    7
        0.3673577027182 bend   5   18    7
  18 k  0.3140528633137 bend  19   17    7      val=   0.10461
       -0.3305628941676 bend  18   17    7
        0.0157663396558 bend  18   19    7
        0.0222023639383 bend   5   17    7
       -0.6393991443840 bend   5   19    7
        0.6184870118073 bend   5   18    7
  19 k  0.3333333333333 tors  21    8    6    2 val=  56.77846
        0.3333333333333 tors  21    8    6    9
        0.3333333333333 tors  21    8    6   10
        0.3333333333333 tors  20    8    6    2
        0.3333333333333 tors  20    8    6    9
        0.3333333333333 tors  20    8    6   10
        0.3333333333333 tors  22    8    6    2
        0.3333333333333 tors  22    8    6    9
        0.3333333333333 tors  22    8    6   10
  20 k  1.0000000000000 stre   8   21           val=   2.05803
  21 k  1.0000000000000 stre   8   20           val=   2.06087
  22 k  1.0000000000000 stre   8   22           val=   2.06272
  23 k  0.4372346191430 bend  20   21    8      val=   1.34511
        0.4046741605562 bend  22   21    8
        0.4106490899427 bend  22   20    8
       -0.3974250526840 bend   6   21    8
       -0.3966507166645 bend   6   20    8
       -0.4014393764927 bend   6   22    8
  24 k -0.1852881503730 bend  20   21    8      val=   0.51948
        0.6710083548294 bend  22   21    8
       -0.4661238193111 bend  22   20    8
        0.3088119730263 bend   6   21    8
       -0.4338284398728 bend   6   20    8
        0.1207175390091 bend   6   22    8
  25 k -0.6568785364120 bend  20   21    8      val=   0.66447
        0.1793763671910 bend  22   21    8
        0.5130662953864 bend  22   20    8
       -0.3141614284132 bend   6   21    8
       -0.1043758045107 bend   6   20    8
        0.4043587171846 bend   6   22    8
  26 k  0.2504333754517 bend  20   21    8      val=   0.11768
        0.1810305495642 bend  22   21    8
       -0.4353997814397 bend  22   20    8
       -0.6830324828303 bend   6   21    8
        0.2710376969178 bend   6   20    8
        0.4182622253500 bend   6   22    8
  27 k -0.3409573848326 bend  20   21    8      val=   0.64164
        0.4083147481985 bend  22   21    8
       -0.0559436069191 bend  22   20    8
       -0.0760136648520 bend   6   21    8
        0.6269957932960 bend   6   20    8
       -0.5612447228451 bend   6   22    8
  28 k  0.3333333333333 tors  25    9    6    2 val=  54.83515
        0.3333333333333 tors  25    9    6    8
        0.3333333333333 tors  25    9    6   10
        0.3333333333333 tors  24    9    6    2
        0.3333333333333 tors  24    9    6    8
        0.3333333333333 tors  24    9    6   10
        0.3333333333333 tors  23    9    6    2
        0.3333333333333 tors  23    9    6    8
        0.3333333333333 tors  23    9    6   10
  29 k  1.0000000000000 stre   9   25           val=   2.05955
  30 k  1.0000000000000 stre   9   24           val=   2.06263
  31 k  1.0000000000000 stre   9   23           val=   2.06333
  32 k  0.4056925193067 bend  24   25    9      val=   1.56543
        0.4494419405430 bend  23   25    9
        0.4029773620943 bend  23   24    9
       -0.3938757100169 bend   6   25    9
       -0.4020658950081 bend   6   24    9
       -0.3927209042424 bend   6   23    9
  33 k -0.5895064639990 bend  24   25    9      val=   0.02495
        0.0065634369208 bend  23   25    9
        0.5846874454558 bend  23   24    9
       -0.3930787395921 bend   6   25    9
       -0.0022694018516 bend   6   24    9
        0.3950488521960 bend   6   23    9
  34 k  0.3643442630323 bend  24   25    9      val=   1.16820
       -0.6739604890289 bend  23   25    9
        0.3719166995606 bend  23   24    9
       -0.2254244632943 bend   6   25    9
        0.4202463682101 bend   6   24    9
       -0.2174518042374 bend   6   23    9
  35 k  0.2784378673661 bend  24   25    9      val=  -0.19407
        0.1632242112133 bend  23   25    9
       -0.4495748214537 bend  23   24    9
       -0.6722913357120 bend   6   25    9
        0.2701719843193 bend   6   24    9
        0.4107847972123 bend   6   23    9
  36 k -0.3525677581636 bend  24   25    9      val=  -0.47879
        0.3898727340855 bend  23   25    9
       -0.0505728024873 bend  23   24    9
       -0.0892152333017 bend   6   25    9
        0.6469548467331 bend   6   24    9
       -0.5427961746405 bend   6   23    9
  37 k  0.3333333333333 tors  26   10    6    2 val=  63.38538
        0.3333333333333 tors  26   10    6    8
        0.3333333333333 tors  26   10    6    9
        0.3333333333333 tors  27   10    6    2
        0.3333333333333 tors  27   10    6    8
        0.3333333333333 tors  27   10    6    9
        0.3333333333333 tors  28   10    6    2
        0.3333333333333 tors  28   10    6    8
        0.3333333333333 tors  28   10    6    9
  38 k  1.0000000000000 stre  10   26           val=   2.05752
  39 k  1.0000000000000 stre  10   27           val=   2.05936
  40 k  1.0000000000000 stre  10   28           val=   2.06317
  41 k  0.4423517512291 bend  27   26   10      val=   1.37238
        0.4111979368859 bend  28   26   10
        0.3997325411194 bend  28   27   10
       -0.3922001712224 bend   6   26   10
       -0.4009007894637 bend   6   27   10
       -0.4011392067052 bend   6   28   10
  42 k -0.1718432013155 bend  27   26   10      val=   0.53798
        0.6588679818750 bend  28   26   10
       -0.4840723150056 bend  28   27   10
        0.3254832325160 bend   6   26   10
       -0.4281269209079 bend   6   27   10
        0.1131587177887 bend   6   28   10
  43 k -0.6586307856090 bend  27   26   10      val=   0.88596
        0.2049224382605 bend  28   26   10
        0.5043377607703 bend  28   27   10
       -0.3064150611288 bend   6   26   10
       -0.1169889868329 bend   6   27   10
        0.4028387926701 bend   6   28   10
  44 k  0.2750634827524 bend  27   26   10      val=   0.36278
        0.1493536968769 bend  28   26   10
       -0.4309325822977 bend  28   27   10
       -0.6721292612504 bend   6   26   10
        0.2187473144566 bend   6   27   10
        0.4655346730250 bend   6   28   10
  45 k -0.3161082795603 bend  27   26   10      val=   1.07787
        0.4236090077965 bend  28   26   10
       -0.0932542787535 bend  28   27   10
       -0.1297287244102 bend   6   26   10
        0.6464482298627 bend   6   27   10
       -0.5265071203427 bend   6   28   10
  46 k  1.0000000000000 stre  11   29           val=   2.06237
  47 k  1.0000000000000 stre  11   30           val=   2.06700
  48 k  0.0024904559093 bend  30   29   11      val=   0.05615
        0.4985475709126 bend  12   29   11
        0.5019014634617 bend  12   30   11
       -0.5075451858019 bend   2   29   11
       -0.4918708392565 bend   2   30   11
  49 k  0.0210265401308 bend  30   29   11      val=   0.43930
       -0.5092164103036 bend  12   29   11
        0.4942505024181 bend  12   30   11
       -0.4959226790852 bend   2   29   11
        0.5000336681825 bend   2   30   11
  50 k  0.9075797224504 bend  30   29   11      val=   3.30890
       -0.2044764591638 bend  12   29   11
       -0.2165308936444 bend  12   30   11
       -0.1933315318154 bend   2   29   11
       -0.2241109456231 bend   2   30   11
  51 k -0.0075006707304 bend  30   29   11      val=   0.64816
       -0.4919835319391 bend  12   29   11
        0.5044382284721 bend  12   30   11
        0.5017344132305 bend   2   29   11
       -0.5016977142418 bend   2   30   11
  52 k  1.0000000000000 stre  12   31           val=   2.06127
  53 k  1.0000000000000 stre  12   32           val=   2.06390
  54 k  0.0029032475413 bend  32   31   12      val=   0.00039
        0.4952311296368 bend  11   31   12
        0.5043657178269 bend  11   32   12
       -0.5019926596079 bend  13   31   12
       -0.4983535810778 bend  13   32   12
  55 k  0.0030903476311 bend  32   31   12      val=   0.20932
        0.5033158704351 bend  11   31   12
       -0.4947128558642 bend  11   32   12
        0.4988843333846 bend  13   31   12
       -0.5030280275151 bend  13   32   12
  56 k  0.9011967962517 bend  32   31   12      val=   0.91702
       -0.2215527425742 bend  11   31   12
       -0.2146187434476 bend  11   32   12
       -0.2136251199493 bend  13   31   12
       -0.2169373637047 bend  13   32   12
  57 k -0.0039518731184 bend  32   31   12      val=   0.46761
       -0.5005090899166 bend  11   31   12
        0.5013911037704 bend  11   32   12
        0.5022181073562 bend  13   31   12
       -0.4958416756517 bend  13   32   12
  58 k  0.5773502691896 tors  34   13   12   11 val=  59.10611
        0.5773502691896 tors  35   13   12   11
        0.5773502691896 tors  33   13   12   11
  59 k  1.0000000000000 stre  13   34           val=   2.06024
  60 k  1.0000000000000 stre  13   35           val=   2.06278
  61 k  1.0000000000000 stre  13   33           val=   2.06260
  62 k  0.4223534830591 bend  35   34   13      val=   1.54333
        0.4204700462135 bend  33   34   13
        0.4163419233187 bend  33   35   13
       -0.3963562486665 bend  12   34   13
       -0.3963384299096 bend  12   35   13
       -0.3966099489323 bend  12   33   13
  63 k -0.3468583902391 bend  35   34   13      val=   0.08303
       -0.3331263086191 bend  33   34   13
        0.6865480153590 bend  33   35   13
       -0.4458740021464 bend  12   34   13
        0.2175074671341 bend  12   35   13
        0.2263952697917 bend  12   33   13
  64 k -0.6340460699994 bend  35   34   13      val=   0.05800
        0.6440703461691 bend  33   34   13
       -0.0078164250565 bend  33   35   13
        0.0037638223991 bend  12   34   13
       -0.3048297815496 bend  12   35   13
        0.3002707307158 bend  12   33   13
  65 k -0.2280290387900 bend  35   34   13      val=   0.08285
       -0.2153407461791 bend  33   34   13
        0.4460852195841 bend  33   35   13
        0.6834226641533 bend  12   34   13
       -0.3322290242600 bend  12   35   13
       -0.3538310824858 bend  12   33   13
  66 k  0.2989993391070 bend  35   34   13      val=  -0.01830
       -0.3060336283755 bend  33   34   13
        0.0067033239769 bend  33   35   13
        0.0129442689200 bend  12   34   13
       -0.6451938003484 bend  12   35   13
        0.6328153639559 bend  12   33   13
  67 k  1.0000000000000 stre   5    7           val=   2.87075
  68 k  0.7096909753322 bend   1    7    5      val=  -2.21285
       -0.7045131081336 bend   4    7    5
  69 k  0.7045131081336 bend   1    7    5      val= 112.30587
        0.7096909753322 bend   4    7    5
  70 k  0.3333333333333 tors   8    6    2    1 val=  52.00683
        0.3333333333333 tors   8    6    2    3
        0.3333333333333 tors   8    6    2   11
        0.3333333333333 tors   9    6    2    1
        0.3333333333333 tors   9    6    2    3
        0.3333333333333 tors   9    6    2   11
        0.3333333333333 tors  10    6    2    1
        0.3333333333333 tors  10    6    2    3
        0.3333333333333 tors  10    6    2   11
  71 k  1.0000000000000 stre   6    8           val=   2.89551
  72 k  1.0000000000000 stre   6    9           val=   2.89712
  73 k  1.0000000000000 stre   6   10           val=   2.89780
  74 k  0.4283949579026 bend   9    8    6      val=   0.91022
        0.3339099212048 bend  10    8    6
        0.4707407253526 bend  10    9    6
       -0.4491206353054 bend   2    8    6
       -0.3286002920955 bend   2    9    6
       -0.4167704368557 bend   2   10    6
  75 k -0.3969259325169 bend   9    8    6      val=   0.45239
        0.5653616576744 bend  10    8    6
       -0.0330687133147 bend  10    9    6
        0.0451746911260 bend   2    8    6
       -0.5854986248222 bend   2    9    6
        0.4205627990442 bend   2   10    6
  76 k  0.3935853393858 bend   9    8    6      val=   0.47402
        0.2427694785360 bend  10    8    6
       -0.5273660383461 bend  10    9    6
        0.5439375215858 bend   2    8    6
       -0.2421174782126 bend   2    9    6
       -0.3918542099635 bend   2   10    6
  77 k  0.1001254671994 bend   9    8    6      val=   0.16242
       -0.5567622724170 bend  10    8    6
        0.4443416485929 bend  10    9    6
        0.4424379042991 bend   2    8    6
       -0.5266456110988 bend   2    9    6
        0.0971815996302 bend   2   10    6
  78 k  0.5774147859522 bend   9    8    6      val=   0.13147
       -0.2041348915905 bend  10    8    6
       -0.3708245985423 bend  10    9    6
       -0.3684314943612 bend   2    8    6
       -0.1933588760737 bend   2    9    6
        0.5606075339498 bend   2   10    6
  79 k  1.0000000000000 tors  13   12   11    2 val= 177.34428
  80 k  1.0000000000000 stre  12   13           val=   2.88513
  81 k  1.0000000000000 bend  11   13   12      val= 111.55627
  82 k  1.0000000000000 stre   2    6           val=   2.93888
  83 k  0.3476436889387 bend   1    6    2      val=   4.21788
        0.5113697193084 bend   3    6    2
       -0.7859038590792 bend  11    6    2
  84 k  0.7637403445378 bend   1    6    2      val=   0.61473
       -0.6406677947605 bend   3    6    2
       -0.0790282410408 bend  11    6    2
  85 k  0.7071067811865 tors  12   11    2    1 val=  -8.89787
        0.7071067811865 tors  12   11    2    3
  86 k  1.0000000000000 stre  11   12           val=   2.88456
  87 k  1.0000000000000 bend   2   12   11      val= 114.24294
  88 k  1.0000000000000 stre   2   11           val=   2.90887
  89 k  0.8637139457726 bend   1   11    2      val=  28.52430
       -0.5039823606814 bend   3   11    2
  90 k  0.5039823606814 bend   1   11    2      val= 110.01446
        0.8637139457726 bend   3   11    2
  91 k  1.0000000000000 stre   1    5           val=   2.71183
  92 k  1.0000000000000 stre   5    4           val=   2.83873
  93 k  1.0000000000000 stre   4    3           val=   2.51240
  94 k  1.0000000000000 stre   3    2           val=   2.85363
  95 k  1.0000000000000 stre   2    1           val=   2.73319
  96 k -0.5116672736017 bend   1    4    5      val=   3.51247
        0.1954395075848 bend   5    3    4
        0.1954395075848 bend   4    2    3
       -0.5116672736017 bend   3    1    2
        0.6324555320337 bend   2    5    1
  97 k  0.3717480344602 bend   1    4    5      val=   0.43712
       -0.6015009550075 bend   5    3    4
        0.6015009550075 bend   4    2    3
       -0.3717480344602 bend   3    1    2
  98 k -0.5116672736017 tors   4    3    2    1 val=   0.54340
        0.1954395075848 tors   3    2    1    5
        0.1954395075848 tors   2    1    5    4
       -0.5116672736017 tors   1    5    4    3
        0.6324555320337 tors   5    4    3    2
  99 k  0.3717480344602 tors   4    3    2    1 val=  -9.02675
       -0.6015009550075 tors   3    2    1    5
        0.6015009550075 tors   2    1    5    4
       -0.3717480344602 tors   1    5    4    3
        99 non zero eigenvalues  of BmBt
           1           5.982406941    1    0
         1
           2           5.906227659    2    0
         2
           3           4.986402656    3    0
         3
           4           4.346894382    4    0
         4
           5           4.274879670    5    0
         5
           6           4.175586743    6    0
         6
           7           4.087018959    7    0
         7
           8           4.009741402    8    0
         8
           9           3.924912521    9    0
         9
          10           3.906952152   10    0
        10
          11           3.753278664   11    0
        11
          12           3.646081084   12    0
        12
          13           3.490821314   13    0
        13
          14           3.420078953   14    0
        14
          15           3.402112506   15    0
        15
          16           3.346236397   16    0
        16
          17           3.272267353   17    0
        17
          18           3.234855193   18    0
        18
          19           3.217389417   19    0
        19
          20           3.158265917   20    0
        20
          21           3.123902976   21    0
        21
          22           3.057566277   22    0
        22
          23           2.993739266   23    0
        23
          24           2.763346631   24    0
        24
          25           2.620100707   25    0
        25
          26           2.545482386   26    0
        26
          27           2.313831395   27    0
        27
          28           2.199361665   28    0
        28
          29           2.140207367   29    0
        29
          30           1.939566414   30    0
        30
          31           1.772384618   31    0
        31
          32           1.736536104   32    0
        32
          33           1.650160569   33    0
        33
          34           1.454066777   34    0
        34
          35           1.413783438   35    0
        35
          36           1.057637487   36    0
        36
          37           0.943264716   37    0
        37
          38           0.894400082   38    0
        38
          39           0.887608362   39    0
        39
          40           0.878258110   40    0
        40
          41           0.861236928   41    0
        41
          42           0.859124799   42    0
        42
          43           0.851834974   43    0
        43
          44           0.826969626   44    0
        44
          45           0.806744778   45    0
        45
          46           0.785866554   46    0
        46
          47           0.764488033   47    0
        47
          48           0.761891468   48    0
        48
          49           0.728670207   49    0
        49
          50           0.693308679   50    0
        50
          51           0.692188212   51    0
        51
          52           0.689768962   52    0
        52
          53           0.688225623   53    0
        53
          54           0.687716206   54    0
        54
          55           0.684446490   55    0
        55
          56           0.682983814   56    0
        56
          57           0.677539158   57    0
        57
          58           0.663694190   58    0
        58
          59           0.641121854   59    0
        59
          60           0.587163634   60    0
        60
          61           0.498653261   61    0
        61
          62           0.444961329   62    0
        62
          63           0.437219849   63    0
        63
          64           0.422297923   64    0
        64
          65           0.399396810   65    0
        65
          66           0.370491035   66    0
        66
          67           0.366842855   67    0
        67
          68           0.365096483   68    0
        68
          69           0.359529644   69    0
        69
          70           0.343662813   70    0
        70
          71           0.321797789   71    0
        71
          72           0.312095466   72    0
        72
          73           0.308156247   73    0
        73
          74           0.306461576   74    0
        74
          75           0.298083772   75    0
        75
          76           0.284016417   76    0
        76
          77           0.260949438   77    0
        77
          78           0.256144790   78    0
        78
          79           0.252962945   79    0
        79
          80           0.216747466   80    0
        80
          81           0.172010259   81    0
        81
          82           0.152411778   82    0
        82
          83           0.133457613   83    0
        83
          84           0.107273652   84    0
        84
          85           0.103595133   85    0
        85
          86           0.083243858   86    0
        86
          87           0.075220807   87    0
        87
          88           0.065156502   88    0
        88
          89           0.051547752   89    0
        89
          90           0.046308029   90    0
        90
          91           0.040518447   91    0
        91
          92           0.035857263   92    0
        92
          93           0.029926121   93    0
        93
          94           0.028548701   94    0
        94
          95           0.022912406   95    0
        95
          96           0.014235369   96    0
        96
          97           0.009409875   97    0
        97
          98           0.006285446   98    0
        98
          99           0.003093486   99    0
        99
$end
