$hessapprox internal
  0.102723833838D+01 -0.236968829129D-01  0.441998054754D+00 -0.108045956135D-01
 -0.976549859326D-02  0.190935010465D+00  0.126824176804D-02  0.161628250370D-02
 -0.257080386824D-02  0.234520713519D-01 -0.871965525286D-02 -0.295735960598D-02
 -0.484325803569D-03 -0.337408466355D-03  0.580958071698D+00 -0.236070918806D-01
 -0.220348589027D-01 -0.369892630701D-02 -0.792731446805D-04 -0.580038427745D-03
  0.360607243470D+00 -0.374340420932D-01 -0.212885327355D-01 -0.914230150514D-02
  0.737482367399D-03 -0.890064754775D-02 -0.204048551978D-01  0.107056571490D+01
 -0.379638525066D-02 -0.207192385759D-02  0.249352835133D-02 -0.578397830143D-03
 -0.861205867377D-03 -0.148786938875D-02 -0.346802767559D-02  0.457858319377D+00
  0.792274404001D-02  0.579466815126D-02 -0.123014749538D-01  0.206086496461D-02
  0.146272880028D-02  0.764031462421D-03  0.753614460783D-02 -0.340707249789D-02
  0.206988430724D+00 -0.140663117745D-01 -0.625892273071D-02 -0.150255056562D-02
 -0.198337213732D-03 -0.451257558848D-02 -0.448393778576D-02 -0.138336243505D-01
 -0.104418348763D-02  0.161493529771D-02  0.429434184031D+00 -0.968646115879D-02
 -0.884312040757D-02 -0.170643687574D-02  0.209052439294D-04 -0.333962531894D-03
 -0.959474107730D-02 -0.843422074505D-02 -0.599117424285D-03  0.343104634025D-03
 -0.187003758523D-02  0.365173148816D+00  0.168183603100D-02  0.416986273055D-02
 -0.298005037364D-02  0.161955698703D-02 -0.819226369105D-03  0.130155285016D-02
  0.155049130280D-02 -0.107756598951D-02  0.515784537153D-03 -0.397625370972D-03
  0.121846610869D-02  0.893193394700D-01 -0.117966955317D-01 -0.442526386931D-02
 -0.131914579496D-02 -0.182535767445D-03 -0.433328691638D-02 -0.257324918944D-02
 -0.118461219957D-01 -0.102120812233D-02  0.178940256628D-02 -0.559856219238D-02
 -0.108185788385D-02 -0.217999727139D-03  0.429205080344D+00 -0.259743115550D-02
 -0.192404888098D-02 -0.101864021586D-03 -0.885315317209D-04 -0.367128342501D-03
 -0.192310207392D-02 -0.237066481544D-02 -0.842594166769D-04 -0.111457392548D-03
 -0.704685054028D-03 -0.807772467756D-03  0.117416391861D-03 -0.552453486889D-03
  0.368185279860D+00  0.464560034985D-02  0.354216688457D-02 -0.368774243264D-02
  0.962173936120D-03 -0.956612259007D-03  0.118731170371D-02  0.171912530277D-02
 -0.178874974778D-02  0.412046430182D-02 -0.470574069921D-03  0.391156331142D-03
 -0.224033859910D-01 -0.602370505282D-03 -0.212148657036D-03  0.827824549097D-01
 -0.116691145786D-01 -0.425289752457D-02 -0.112785627868D-02 -0.225531699148D-03
 -0.435889400854D-02 -0.230749384927D-02 -0.117380792858D-01 -0.969849299157D-03
  0.165523241303D-02 -0.558631047501D-02 -0.972471277239D-03 -0.302186270797D-03
 -0.527720848980D-02 -0.528987882664D-03 -0.789544417787D-03  0.430078659190D+00
 -0.390399412806D-02 -0.327657233665D-02 -0.669154522310D-03  0.154329028336D-04
 -0.283246943540D-03 -0.351722208240D-02 -0.344484944737D-02 -0.231191020780D-03
  0.178338735146D-03 -0.861115328793D-03 -0.146220233024D-02  0.402733151130D-03
 -0.570383806415D-03 -0.300392286425D-03  0.171435458860D-03 -0.531054865259D-03
  0.368153808152D+00 -0.163272128450D-02 -0.117171735058D-02  0.305961464954D-02
 -0.648852732286D-03 -0.372383976788D-03  0.287287499756D-03 -0.186489148498D-02
 -0.557888968699D-03  0.819288803524D-03 -0.495875680394D-03  0.409309824996D-03
 -0.466776463414D-02 -0.351854564655D-03  0.108580076254D-03  0.243793269744D-01
 -0.423611179185D-03  0.114626641281D-03  0.846841491991D-01 -0.144810787038D-01
 -0.602608580464D-02 -0.200978166512D-02 -0.289027185521D-04 -0.480083019326D-02
 -0.448232762299D-02 -0.142789566787D-01 -0.112740621798D-02  0.199822024017D-02
 -0.634919636734D-02 -0.180644464641D-02 -0.149583782534D-03 -0.585953923816D-02
 -0.702473959712D-03  0.684700881481D-04 -0.585464918390D-02 -0.847739544922D-03
 -0.458671644606D-03  0.431746838043D+00 -0.405470310628D-02 -0.340989199008D-02
 -0.614564138534D-03  0.267017542883D-04 -0.239387806548D-03 -0.377906030309D-02
 -0.353016077588D-02 -0.150660537694D-03 -0.782496473693D-05 -0.808661354664D-03
 -0.154857410884D-02  0.441208328830D-03 -0.507233272868D-03 -0.300746247187D-03
  0.229367779430D-03 -0.462052321155D-03 -0.564037083860D-03  0.163633319188D-03
 -0.788749195157D-03  0.367677949217D+00 -0.884976146638D-02 -0.565855329936D-02
  0.814801198229D-02 -0.221970758909D-02  0.160257303139D-04 -0.176839339226D-02
 -0.575940802916D-02  0.202499975068D-02 -0.258104997034D-02 -0.668166708377D-03
 -0.261857078392D-03  0.480797119215D-02 -0.407206480282D-03  0.350995492224D-03
  0.181341673145D-02 -0.276433522476D-03 -0.170557724721D-03  0.261145080702D-01
 -0.127433191414D-02 -0.102437365530D-03  0.829174826881D-01  0.953505813936D-03
  0.872590611985D-03  0.113112595597D-03  0.202284114568D-05  0.269821741672D-04
  0.978535500033D-03  0.822065606422D-03  0.123912053991D-04  0.875376279979D-04
  0.174946624938D-03  0.409489589943D-03 -0.200930342136D-03  0.983191960933D-04
  0.799223830868D-04  0.830949323070D-04  0.865726997629D-04  0.148541688118D-03
  0.214567615387D-04  0.169385547829D-03  0.154948760622D-03 -0.489878635973D-04
  0.868205265449D-02 -0.115577971604D-01 -0.361967890636D-02 -0.712277056735D-03
 -0.414380514553D-03 -0.474236840635D-02 -0.118098437851D-02 -0.118109740936D-01
 -0.103295860892D-02  0.185841618726D-02 -0.590132215966D-02 -0.534263529985D-03
 -0.613856080579D-03 -0.567425286214D-02 -0.480295896879D-03 -0.133525704241D-02
 -0.570007835986D-02 -0.383222887879D-03 -0.143473929847D-03 -0.619314978256D-02
 -0.289850818110D-03  0.680635519336D-03  0.488556064389D-04  0.421040304761D+00
 -0.153927252600D-01 -0.638330338642D-02 -0.129427786730D-02 -0.347895483635D-03
 -0.522368442113D-02 -0.415918481897D-02 -0.152534655369D-01 -0.118476975841D-02
  0.185047865529D-02 -0.685239686934D-02 -0.172695636370D-02 -0.427616346356D-03
 -0.638427988116D-02 -0.723605734500D-03 -0.872370898065D-03 -0.637666323016D-02
 -0.828677592860D-03 -0.183363417290D-03 -0.714561522581D-02 -0.747864258434D-03
  0.194586963880D-04  0.169494034332D-03 -0.676353001357D-02  0.415618458867D+00
 -0.160131007163D-01 -0.680243258594D-02 -0.148074133070D-02 -0.207956403515D-03
 -0.524758583765D-02 -0.517242806144D-02 -0.157584743505D-01 -0.925781389972D-03
  0.121603970345D-02 -0.692031419546D-02 -0.210640587309D-02  0.172926116966D-04
 -0.639987876801D-02 -0.780733237969D-03 -0.101570787711D-02 -0.638168931267D-02
 -0.964612516433D-03 -0.840351825297D-03 -0.719951894692D-02 -0.875903781874D-03
 -0.468339625277D-03  0.182384176555D-03 -0.678137191535D-02 -0.781821793092D-02
  0.413257614802D+00 -0.197816335751D-01 -0.176818393803D-01 -0.328961199597D-02
  0.144591890280D-03 -0.816390368945D-03 -0.188100247051D-01 -0.172046923978D-01
 -0.101702546280D-02  0.153534583827D-03 -0.391120931890D-02 -0.786586789708D-02
  0.167071851108D-02 -0.235393319387D-02 -0.156995863749D-02  0.127048785366D-02
 -0.213844420731D-02 -0.288613951743D-02 -0.831261427977D-04 -0.388462769341D-02
 -0.307085903667D-02 -0.211269443280D-02  0.785230279307D-03 -0.128231588560D-02
 -0.370420709924D-02 -0.437306521171D-02  0.313479830741D+00  0.519799240914D-02
  0.565536643488D-02  0.215334579956D-02 -0.224996772690D-03 -0.397561525862D-03
  0.656034173618D-02  0.426487354444D-02  0.639908227167D-03 -0.151198056145D-02
  0.638340014393D-03  0.276879282542D-02 -0.825535045284D-03  0.736613348420D-04
  0.537512735789D-03 -0.768670636378D-03  0.564980897484D-05  0.993990514308D-03
 -0.193531691120D-03  0.575295434092D-03  0.109691663803D-02  0.787348535170D-03
 -0.290762873549D-03 -0.385078197623D-03  0.451222649383D-03  0.785793251084D-03
  0.544767348201D-02  0.320766951915D+00  0.618873146887D-02  0.612011074242D-02
  0.104135833917D-02 -0.121965985318D-03 -0.164551677185D-03  0.667921256771D-02
  0.517752955166D-02  0.173370123734D-03  0.382232111172D-03  0.848736744987D-03
  0.277801446844D-02 -0.331913368669D-03  0.309461087935D-03  0.506940386975D-03
 -0.768341006978D-03  0.226999684503D-03  0.100745014644D-02  0.341086787004D-03
  0.841287877889D-03  0.108761573792D-02  0.136249755552D-02 -0.272195273334D-03
 -0.138545951232D-03  0.700581557706D-03  0.912302932392D-03  0.545347290960D-02
 -0.202737718719D-02  0.317351043772D+00 -0.442981761559D-02 -0.242337979417D-02
 -0.501785303879D-04 -0.101305189480D-03 -0.104316838998D-02 -0.253848637235D-02
 -0.416851640278D-02  0.290691608450D-04 -0.472210407847D-03 -0.145821228881D-02
 -0.100632162674D-02  0.204314342333D-03 -0.127604223229D-02 -0.236694559822D-03
 -0.465999117842D-03 -0.124547035860D-02 -0.386914962371D-03 -0.123945585798D-03
 -0.146596667955D-02 -0.352835201494D-03  0.436011858564D-03  0.889357564703D-04
 -0.125823605538D-02 -0.156762427310D-02 -0.154426067057D-02 -0.198914287489D-02
  0.676470817680D-03  0.575933273596D-03  0.334874461497D+00  0.274305071898D-02
  0.361166159313D-02  0.839163812107D-03 -0.595378819880D-04 -0.593295949986D-03
  0.381906599533D-02  0.208110939595D-02  0.304882314546D-03 -0.491032414208D-03
  0.120196653859D-04  0.162791911441D-02  0.126659146800D-03 -0.317263884381D-03
  0.279450351469D-03 -0.753270410085D-03 -0.366502800912D-03  0.577619751196D-03
 -0.121351456603D-03 -0.170129116904D-05  0.657474451960D-03  0.779219586126D-03
 -0.178405339543D-03 -0.681903345111D-03 -0.195459462669D-03  0.850352919653D-04
  0.323704271530D-02 -0.116744766168D-02 -0.126556237953D-02  0.343361329171D-03
  0.337611888074D+00 -0.618401629181D-02 -0.516859264344D-02  0.461607569064D-02
 -0.990397520434D-03 -0.830415734031D-03 -0.279414768859D-02 -0.582397391295D-02
  0.769600833157D-03 -0.620267942276D-02 -0.143491471236D-02 -0.123546514794D-02
  0.992615611909D-03 -0.125646578940D-02 -0.224998295301D-03 -0.139268429297D-02
 -0.118121409569D-02 -0.474553568675D-03  0.156081586432D-02 -0.154945249718D-02
 -0.430549007378D-03  0.248757817000D-02  0.103337342159D-03 -0.113980611576D-02
 -0.146364183379D-02 -0.151375374779D-02 -0.223962218362D-02  0.125786341279D-02
  0.606783955177D-03 -0.266338268398D-03  0.470315761713D-03  0.116938832920D-01
  0.144222852444D-01  0.231519571590D-01  0.490205249677D-02 -0.918787900213D-03
 -0.611265682567D-02  0.287521127126D-01  0.966614780779D-02  0.359301540310D-03
  0.108926056771D-02 -0.288953818084D-02  0.119102376119D-01 -0.242256749557D-02
 -0.508627600987D-02  0.177090234557D-02 -0.515828481938D-02 -0.548174847448D-02
  0.407165649779D-02 -0.618241776500D-03 -0.338741331824D-02  0.453394485838D-02
  0.471322384809D-02 -0.123195409967D-02 -0.779675293534D-02 -0.474943452135D-02
 -0.341856031456D-02  0.232892782646D-01 -0.938638549262D-02 -0.925885313928D-02
  0.127682745345D-02 -0.626190912406D-02  0.220560107381D-02  0.569344169485D+00
  0.823709059153D-02 -0.171677937977D-02 -0.784914277960D-03 -0.153381374498D-03
  0.503043390648D-02 -0.212703662270D-02  0.876970656960D-02 -0.551205721990D-03
  0.163375775734D-02  0.467542993337D-02 -0.144642568673D-02  0.579206689723D-03
  0.491446164954D-02 -0.150524042239D-03 -0.143466381017D-02  0.494916272886D-02
 -0.391870113637D-03 -0.317890832674D-03  0.484750445009D-02 -0.656655469406D-03
  0.883360294670D-03  0.172263568892D-03  0.553422658840D-02  0.524443727932D-02
  0.483177720422D-02 -0.208661693758D-02  0.987129766031D-03  0.114985652896D-02
 -0.992445720530D-04  0.769608158064D-03 -0.755583075830D-03  0.121014767242D-01
  0.401933920528D+00 -0.105981906269D-01 -0.506988256838D-02  0.112749797112D-01
 -0.154462083173D-02 -0.306753783479D-02 -0.210732878974D-02 -0.103098647268D-01
  0.417773083217D-02 -0.182315982989D-01 -0.311518065737D-02 -0.667054022400D-03
  0.123357793557D-02 -0.328138133935D-02  0.559588578186D-05 -0.532952019147D-02
 -0.315147104898D-02 -0.327339881290D-03 -0.329591456501D-02 -0.346498233572D-02
 -0.258954553597D-04  0.146833823468D-02 -0.145025380886D-03 -0.370479137763D-02
 -0.380215596430D-02 -0.242370046227D-02 -0.640881240094D-03  0.177140980037D-02
 -0.475324749857D-03  0.566606652848D-03  0.845553188428D-03  0.572218351073D-02
 -0.241869371726D-02 -0.178985320272D-02  0.414728909589D-01 -0.789730727004D-02
  0.179816629902D-02  0.311822322024D-03 -0.604608911215D-03 -0.610009355550D-02
  0.562323786265D-02 -0.932214842015D-02 -0.103061485486D-02  0.220623085360D-02
 -0.655843043642D-02  0.224454561310D-02 -0.746898995529D-03 -0.683350844446D-02
 -0.881191203487D-04 -0.266669522310D-02 -0.695914252054D-02  0.560488361658D-03
 -0.259175227457D-03 -0.697406952962D-02  0.749404341320D-03  0.179729099503D-02
 -0.243422366163D-03 -0.802885432003D-02 -0.790871337095D-02 -0.758582552312D-02
  0.421563439552D-02 -0.262503737914D-02 -0.233885652632D-02 -0.102262717504D-02
 -0.216812265560D-02 -0.678063263158D-03 -0.195327681705D-01  0.870751157637D-02
 -0.434130589025D-02  0.397368553225D+00  0.382384248547D-02 -0.302063650669D-02
 -0.215806970927D-02  0.305285358056D-03  0.342517005490D-02 -0.289440236139D-02
  0.431519805405D-02 -0.139560364020D-02  0.279552309276D-02  0.274693309932D-02
 -0.154842159820D-02  0.236322987824D-02  0.315042514391D-02 -0.256365418073D-03
  0.153875609796D-02  0.316411895744D-02 -0.499178452900D-03  0.156574279918D-02
  0.285186100547D-02 -0.770424144638D-03 -0.141919478576D-02  0.223054009070D-03
  0.374749010004D-02  0.327934064578D-02  0.256456025131D-02 -0.287297114204D-02
  0.956671162018D-03  0.145045897535D-02 -0.478456451925D-03  0.672501115043D-03
 -0.703501958172D-03  0.103688921289D-01 -0.620881899610D-03 -0.430022722710D-02
  0.647785389147D-02  0.396454532005D+00 -0.109931083808D-01 -0.787470358760D-02
  0.208461829521D-02 -0.114952308148D-02 -0.230115072535D-02 -0.386887095878D-02
 -0.104517890135D-01 -0.547987330932D-03 -0.142529900084D-02 -0.401316434059D-02
 -0.198421116298D-02 -0.126032746944D-02 -0.357030775533D-02 -0.624116656374D-03
 -0.282362964964D-02 -0.351745731045D-02 -0.860959240332D-03 -0.139322415864D-03
 -0.437705028745D-02 -0.899301129412D-03  0.206099656841D-02  0.186773194499D-03
 -0.358636637608D-02 -0.453659797386D-02 -0.479628011166D-02 -0.370552701664D-02
  0.944192381882D-03  0.890248387704D-03 -0.136007984671D-02  0.833877142840D-04
 -0.487224012227D-04  0.586959644504D-03  0.422050634905D-02 -0.687313404654D-03
 -0.329057212999D-02  0.268905660621D-02  0.429277877369D+00 -0.683075357903D-02
 -0.879115234976D-02  0.779511225963D-02 -0.197206618951D-02  0.833510317076D-03
 -0.280791862296D-02 -0.561382342522D-02  0.704393900098D-03 -0.757817559044D-02
 -0.178250029831D-03 -0.147449521280D-02 -0.442485762575D-02  0.633620634752D-04
 -0.112504791063D-03 -0.234194708135D-04  0.208048528448D-03 -0.548332624722D-03
  0.264601415286D-02 -0.534555396300D-03 -0.640954447896D-03  0.233889746567D-02
  0.210860712999D-03  0.849770149895D-03  0.397689640893D-03 -0.533688209256D-03
 -0.303038793335D-02  0.168792413880D-02  0.121759760395D-02 -0.323901617223D-03
  0.460990935181D-03  0.358541408922D-02  0.595313814235D-02 -0.622742187854D-03
  0.423492537580D-02  0.210288612616D-02 -0.947266443666D-04  0.275552186805D-02
  0.411750130417D+00  0.116682937874D-01  0.134472105205D-01 -0.148238742303D-01
  0.243705674724D-02  0.134506173653D-02  0.279519459668D-02  0.126854625343D-01
 -0.102179500105D-02  0.227054615674D-01  0.256907607359D-02  0.178226291701D-02
  0.497395124868D-02  0.243105858201D-02  0.400256140600D-03 -0.214389710374D-02
  0.228572491420D-02  0.716146394271D-03  0.624318972288D-02  0.287385299413D-02
  0.746909724404D-03  0.173874921505D-01 -0.282370421043D-03  0.237716220506D-02
  0.249453342118D-02  0.330675958372D-02  0.255590946748D-02 -0.269710587729D-02
 -0.325432298540D-03  0.811979422747D-03 -0.136066141928D-03 -0.941116682574D-02
 -0.997911054390D-03  0.180214363002D-02 -0.178446621590D-01  0.235295977580D-02
 -0.143949649602D-02 -0.246772397369D-02 -0.185776551529D-01  0.110850280773D+00
 -0.364893025902D-02 -0.450026502666D-02  0.113532751841D-01 -0.190840597207D-02
 -0.222983388089D-03  0.195822782371D-02 -0.375187613619D-02  0.209080388505D-02
 -0.144117202782D-01 -0.256031423135D-03  0.621084418219D-03 -0.250300202853D-02
 -0.509383610647D-03  0.269285805149D-03 -0.143777797147D-03 -0.426148768418D-03
  0.183189381007D-03  0.985655438165D-03 -0.624776653588D-03  0.242061817986D-03
 -0.564228910627D-03 -0.778511252601D-04 -0.451348731223D-03 -0.172875790730D-03
 -0.229438697668D-03  0.151101545093D-02  0.664909075939D-03 -0.721989793684D-03
  0.353279462148D-03 -0.179556347414D-03  0.632702726632D-02 -0.234212713241D-02
 -0.678071241850D-03  0.130151491329D-01 -0.106400806866D-02 -0.229350412200D-03
  0.305973610008D-02  0.101296186480D-01 -0.289859062231D-01  0.330989241438D-01
  0.157207260959D-01  0.188415371292D-01  0.766338999149D-02 -0.146417392519D-02
 -0.316052246085D-02  0.260377154179D-01  0.117452127483D-01  0.528997242596D-03
 -0.227162938717D-02 -0.326421245900D-03  0.105588292102D-01 -0.285419059349D-02
 -0.229089420123D-02  0.171176223164D-02 -0.387658785282D-02 -0.260521518439D-02
  0.365847263110D-02  0.123394557192D-02 -0.819912988872D-03  0.396036204185D-02
  0.470344327035D-02 -0.105041219415D-02 -0.429184061087D-02 -0.150242328688D-02
 -0.773483571008D-03  0.207628222073D-01 -0.792648966798D-02 -0.799060385380D-02
  0.131133839418D-02 -0.543851906474D-02  0.390752261977D-02 -0.406454147534D-01
  0.951826753431D-02 -0.219442736092D-03 -0.137372597090D-01  0.920177892262D-02
  0.354977316529D-02  0.913133331519D-02 -0.107772222220D-01  0.249135021813D-02
  0.544473162436D+00 -0.309326584690D-01 -0.362312922058D-01 -0.793579611022D-02
  0.959445564590D-03  0.374033466035D-02 -0.390046432703D-01 -0.249550587135D-01
 -0.241420246620D-02  0.115613416281D-02 -0.246238830271D-02 -0.165117185714D-01
  0.381180559457D-02  0.864970700212D-03 -0.300644253519D-02  0.620509105118D-02
  0.132199446106D-02 -0.594345884974D-02  0.397572244560D-03 -0.234515143230D-02
 -0.662840884500D-02 -0.832167967128D-02  0.169373021853D-02  0.385853315870D-02
 -0.116817867792D-02 -0.306189872722D-02 -0.323880838757D-01  0.118296413964D-01
  0.121953764853D-01 -0.365280964731D-02  0.743337357330D-02 -0.409824210372D-02
  0.593706323150D-01 -0.643156395533D-02 -0.239384839734D-02  0.181958413429D-01
 -0.660922336861D-02 -0.264872543158D-02 -0.662263288159D-02  0.984923520720D-03
  0.337032439148D-02  0.516473599369D-01  0.342275121937D+00  0.229398597825D-01
  0.284237380467D-01  0.699103099236D-02 -0.130613875825D-02 -0.479996741388D-02
  0.351294452500D-01  0.172040708205D-01  0.334823043975D-03  0.582442960468D-03
 -0.627293546362D-03  0.144041131376D-01 -0.512113769910D-03 -0.330736366061D-02
  0.226423632240D-02 -0.673446844766D-02 -0.377279000878D-02  0.502190637766D-02
  0.119691479935D-02 -0.105456806254D-02  0.549813764251D-02  0.768148365299D-02
 -0.145076851636D-02 -0.626964106056D-02 -0.237189272560D-02 -0.108089692775D-02
  0.283728470496D-01 -0.111007375954D-01 -0.109805062144D-01  0.184928915225D-02
 -0.737747427416D-02  0.344235624531D-02 -0.563352715401D-01  0.121623310394D-01
 -0.259438754915D-02 -0.194101214997D-01  0.118818795504D-01  0.291699516434D-02
  0.854454758733D-02 -0.458444221484D-02 -0.136052929504D-02 -0.454796771112D-01
  0.703493518655D-01  0.491181234657D+00 -0.751490195946D-02 -0.102945855608D-01
  0.883726149368D-02 -0.252374523558D-02  0.988426049038D-03 -0.416187401306D-02
 -0.625632084911D-02  0.782488203657D-03 -0.827639612297D-02 -0.305381839991D-03
 -0.222406004907D-02 -0.304483248184D-02  0.222674398674D-04 -0.302934202487D-03
 -0.297888955894D-02  0.190793518655D-03 -0.797879721314D-03  0.326635065797D-02
 -0.593192354549D-03 -0.872942168877D-03  0.633137921443D-02  0.270009167362D-03
  0.795782857423D-03  0.195336971132D-03 -0.684957906809D-03 -0.409157023789D-02
  0.212369473419D-02  0.145353249300D-02 -0.539540887180D-03  0.625909314049D-03
  0.340245712959D-02  0.758505516447D-02 -0.118089428355D-02  0.509682021821D-02
  0.244643466215D-02 -0.444809656860D-03  0.273965203173D-02  0.886536626168D-02
 -0.163734729173D-01  0.105558491637D-01  0.106312554469D-01 -0.817351354740D-02
  0.100930216201D-01  0.429419616997D+00 -0.131569560618D-02 -0.105100726183D-02
  0.408872432237D-02  0.719668373598D-03 -0.182439619295D-02  0.724190163028D-03
 -0.368642685860D-02 -0.130922997455D-02 -0.112063329038D-01 -0.172633890248D-02
  0.575078307934D-03  0.308891712286D-01 -0.156343812731D-02 -0.189800934459D-03
 -0.477377365982D-02 -0.167052225149D-02  0.156352355319D-03  0.495922364784D-02
 -0.131912441559D-02  0.219355892001D-03 -0.242037189895D-02 -0.312633094423D-04
 -0.238353631875D-02 -0.193992947911D-02 -0.190576140237D-02  0.132549041905D-02
  0.256480704253D-03 -0.710463585341D-03 -0.404314549363D-03 -0.170836216381D-03
  0.604638307158D-02 -0.459727155620D-02 -0.157810903897D-02  0.999000986557D-02
 -0.314356924148D-02  0.394352599357D-02 -0.103063451213D-02  0.603727421431D-02
 -0.327075302785D-01  0.144038252506D-01  0.113519010835D-02  0.733271753962D-02
 -0.157041243547D-02  0.462424959706D-02  0.117967945392D+00 -0.242236590108D-01
 -0.173336692969D-01  0.230911272607D-02 -0.163283153184D-02 -0.434776926015D-02
 -0.107578949855D-01 -0.225614612811D-01 -0.140082817568D-02 -0.177149408001D-02
 -0.777621583385D-02 -0.488796324547D-02 -0.337851485359D-02 -0.667359416430D-02
 -0.128874486219D-02 -0.100408038930D-02 -0.652836141452D-02 -0.201659718480D-02
  0.897733424353D-03 -0.838759448909D-02 -0.212609828336D-02  0.568456774919D-03
  0.524662612137D-03 -0.624690035015D-02 -0.829719969728D-02 -0.926415219065D-02
 -0.984947890152D-02  0.283665453626D-02  0.297002149298D-02 -0.259433971554D-02
  0.858778915831D-03 -0.226713164515D-03  0.605640258162D-02  0.596736443639D-02
 -0.292770880359D-02 -0.474777153510D-02  0.374771079009D-02 -0.273211776559D-02
  0.501110956304D-02 -0.749407779347D-02  0.604753224785D-02  0.108756521702D-01
 -0.130737377192D-01  0.117269094765D-01  0.488653263811D-02  0.779847945972D-03
  0.583980726261D+00 -0.246210489105D-01 -0.142146013110D-01 -0.306409800770D-02
 -0.325013666686D-03 -0.604612204168D-02 -0.115048628415D-01 -0.235153065091D-01
 -0.206108496797D-02  0.288358224607D-02 -0.925152991395D-02 -0.489902414290D-02
  0.152155510752D-03 -0.809525170029D-02 -0.144815080709D-02 -0.389717111645D-03
 -0.801879629179D-02 -0.204046041957D-02 -0.266564020779D-03 -0.963741231862D-02
 -0.206750287797D-02 -0.127923653365D-02  0.491013860552D-03 -0.812833432877D-02
 -0.101935677533D-01 -0.106591935021D-01 -0.995038188713D-02  0.240834586703D-02
  0.283316174585D-02 -0.271994901344D-02  0.882151782296D-03 -0.267396379461D-02
  0.338542466650D-02  0.632980582813D-02 -0.575074437471D-02 -0.724232283381D-02
  0.367221899673D-02 -0.601471464949D-02 -0.547911029587D-03  0.370197192790D-02
  0.181078980321D-03  0.649473162241D-02 -0.125023239948D-01  0.829746961644D-02
 -0.102937182628D-02 -0.152815855709D-02 -0.125699230615D-01  0.603967896342D+00
 -0.132675355017D-01 -0.132424279910D-02 -0.214025291957D-02 -0.148712330237D-05
 -0.703893702268D-02  0.112432358915D-02 -0.142038694223D-01 -0.135977833075D-02
  0.325663183623D-02 -0.809116425557D-02  0.548530145070D-03 -0.500290404122D-04
 -0.800035688356D-02 -0.448239393820D-03 -0.936589275454D-03 -0.809610166127D-02
 -0.819536138202D-04 -0.100968739914D-02 -0.847700074595D-02  0.906174259027D-04
 -0.105661109151D-02 -0.834230125976D-04 -0.906451907153D-02 -0.949878301714D-02
 -0.918013172745D-02  0.689337855223D-03 -0.148890952436D-02 -0.110948389502D-02
 -0.144550781561D-02 -0.138363671249D-02 -0.167406516515D-02 -0.152794325755D-01
  0.842969525576D-02 -0.494476798360D-02 -0.125922029329D-01  0.568891595362D-02
 -0.527895314019D-02 -0.201896783860D-03  0.456931653242D-02 -0.209290819930D-02
 -0.104672444757D-01  0.106728232006D-01 -0.140545471116D-01  0.395089580120D-04
 -0.260262827504D-02 -0.907133041379D-02 -0.105797031670D-01  0.596926145046D+00
 -0.248639497537D-01 -0.101641584055D-01 -0.449584313976D-02  0.149064560305D-03
 -0.826311823885D-02 -0.849592891163D-02 -0.244887848128D-01 -0.200479336403D-02
  0.436271233157D-02 -0.109175477616D-01 -0.339649909630D-02  0.245142985637D-03
 -0.100304283152D-01 -0.127049206877D-02 -0.943089227088D-04 -0.100215913728D-01
 -0.154919964494D-02 -0.114623778915D-02 -0.113052488220D-01 -0.143905805641D-02
 -0.215240954160D-02  0.313754108456D-03 -0.106115374310D-01 -0.122987054726D-01
 -0.123187290737D-01 -0.721099196520D-02  0.113687823912D-02  0.162829141411D-02
 -0.253078179982D-02  0.157059443148D-03 -0.326267607454D-02 -0.492613943905D-02
  0.785011048555D-02 -0.640741257959D-02 -0.117588408571D-01  0.441001568981D-02
 -0.807147384904D-02 -0.217319281683D-02  0.781344088213D-02 -0.234143247941D-02
 -0.126114832017D-02 -0.545648291285D-02 -0.109007250840D-02 -0.245110752293D-02
 -0.354454538573D-02 -0.154627071614D-01 -0.168495639533D-01 -0.141905211913D-01
  0.586677820051D+00 -0.174793912047D-01 -0.511754739492D-02 -0.196184547648D-02
 -0.240982129825D-03 -0.724538134390D-02 -0.247535304302D-02 -0.178676982912D-01
 -0.140097419559D-02  0.268247538081D-02 -0.892983671581D-02 -0.100075539256D-02
 -0.682105676657D-04 -0.855552947355D-02 -0.753800708281D-03 -0.160658561969D-02
 -0.859836600785D-02 -0.648282594885D-03 -0.107385033433D-02 -0.933009139579D-02
 -0.497997541026D-03 -0.423511879784D-03  0.687278737247D-04 -0.940303199601D-02
 -0.103012404692D-01 -0.101173321523D-01 -0.229014472386D-02 -0.395795351263D-03
 -0.942767412703D-04 -0.183086374900D-02 -0.790333637606D-03 -0.192182280522D-02
 -0.109680641925D-01  0.797276503144D-02 -0.455856640491D-02 -0.119392376677D-01
  0.502768068428D-02 -0.587414943132D-02 -0.195447975068D-03  0.475362217939D-02
 -0.128048900884D-02 -0.642960034509D-02  0.452778129591D-02 -0.881151228719D-02
 -0.206299341385D-03 -0.303253045636D-02 -0.106875984798D-01 -0.126129033029D-01
 -0.133281304814D-01 -0.158258461271D-01  0.599995492569D+00 -0.159785222099D-01
 -0.713616756924D-02 -0.124637056877D-02 -0.545145367413D-03 -0.547139002830D-02
 -0.358267638520D-02 -0.159865151458D-01 -0.165912558661D-02  0.251159361629D-02
 -0.745635980268D-02 -0.167257100950D-02 -0.555468188625D-03 -0.694595781594D-02
 -0.815512494842D-03 -0.127962843379D-02 -0.695871950595D-02 -0.854174368602D-03
  0.220219776395D-04 -0.785976136192D-02 -0.817335114434D-03  0.235033067932D-03
  0.168603283762D-03 -0.742818280778D-02 -0.849985693373D-02 -0.870375405648D-02
 -0.349412363411D-02  0.151295166811D-03  0.533796562381D-03 -0.194965007694D-02
 -0.497403996461D-03 -0.163066314984D-02 -0.606080185285D-02  0.733118057239D-02
 -0.531582577672D-02 -0.873355449268D-02  0.509213159499D-02 -0.407698559795D-02
  0.113291986053D-02  0.213177662973D-02 -0.757049375038D-06 -0.171562768785D-02
  0.135780973302D-02 -0.325843290703D-02  0.101223300241D-02 -0.200057727415D-02
 -0.784012123642D-02 -0.106020353261D-01 -0.106534226704D-01 -0.136698722136D-01
 -0.114451814656D-01  0.580782396528D+00 -0.292211050512D-02  0.615396392637D-03
 -0.219663086808D-02  0.481229349283D-03 -0.177799283451D-02 -0.392120830271D-03
 -0.311334775772D-02 -0.363664847977D-03  0.207986500986D-02 -0.183346244294D-02
  0.217360299109D-04  0.148640068458D-03 -0.179481251771D-02 -0.100468265015D-03
  0.773658765964D-03 -0.182101345062D-02 -0.388967505443D-04 -0.780659888870D-03
 -0.182421352625D-02  0.222487007370D-04 -0.160592934406D-02 -0.826784434427D-05
 -0.203226375000D-02 -0.210394771458D-02 -0.195932843047D-02 -0.190807531419D-03
 -0.258759179566D-03 -0.799547179082D-04 -0.201584129114D-03 -0.135820554626D-03
 -0.104195100506D-02 -0.296506492703D-02  0.105817767004D-02 -0.183583072790D-02
 -0.279268282718D-02  0.463563202986D-03 -0.216782389959D-02 -0.176134175929D-02
  0.380654824819D-02 -0.222108032192D-02 -0.288223214392D-02  0.748436810452D-03
 -0.293587821735D-02 -0.179798281566D-02 -0.156419231167D-02 -0.360617459402D-02
 -0.273159828284D-02 -0.263475182251D-02 -0.279331065372D-02 -0.279258150290D-02
 -0.275618970003D-02  0.429435944630D+00  0.121211488639D-01  0.151500479523D-01
  0.204861121960D-02 -0.141002785120D-03 -0.191778453934D-02  0.153631264111D-01
  0.968430256805D-02  0.976362252426D-03  0.487694936648D-03  0.566753124083D-03
  0.655031542249D-02 -0.556981131393D-03 -0.751161611331D-03  0.115273771847D-02
 -0.332913274801D-02 -0.946549162940D-03  0.234603218126D-02 -0.977247145146D-03
  0.539102427549D-03  0.264281784407D-02  0.347292245493D-02 -0.699261742663D-03
 -0.208123811083D-02 -0.125030777636D-03  0.858831754921D-03  0.129013391647D-01
 -0.482166237555D-02 -0.493497579164D-02  0.142318329362D-02 -0.293422737518D-02
  0.961920823736D-03 -0.243166921859D-01  0.296504551066D-02  0.766360137869D-03
 -0.790421276708D-02  0.253743097215D-02  0.386037581426D-03  0.940907495117D-03
  0.373518918115D-02 -0.306725369754D-02 -0.218113592223D-01  0.290274168107D-01
 -0.289925037813D-01  0.162563459502D-02 -0.464009498359D-02  0.360694210365D-02
  0.427382986767D-02 -0.470099705928D-02  0.172566882412D-02 -0.232253104333D-02
 -0.129049571532D-02 -0.148317001108D-03  0.419659140341D+00 -0.588274577140D-02
 -0.463595096773D-02 -0.242105770994D-02  0.417801990868D-03 -0.524191050615D-03
 -0.542422332645D-02 -0.522944993745D-02 -0.696330311058D-03  0.155762741194D-02
 -0.142461382687D-02 -0.219662093508D-02  0.735449643669D-03 -0.941067152822D-03
 -0.471061313706D-03  0.165471551496D-02 -0.898613928907D-03 -0.820116997481D-03
 -0.883808617920D-05 -0.140130191586D-02 -0.886763101804D-03 -0.218450163318D-02
  0.232378152074D-03 -0.666112671699D-03 -0.138589125985D-02 -0.163274262295D-02
 -0.447795218588D-02  0.141203932610D-02  0.161222545718D-02 -0.659092394070D-03
  0.878740069986D-03 -0.112635648655D-02  0.620296666773D-02 -0.134587965182D-03
 -0.187836691354D-02  0.808291511210D-03 -0.326332511819D-03 -0.158521807350D-02
 -0.162927414997D-02  0.162621238668D-02 -0.665304870101D-03  0.543110320841D-02
 -0.908442428967D-02  0.785095655874D-02 -0.190532509745D-02  0.813471313334D-03
 -0.365895144077D-02 -0.323628619881D-02 -0.158577341922D-03 -0.244797831884D-02
 -0.109285960222D-02 -0.136817663316D-02  0.198808373616D-04  0.363914873235D-02
  0.429035934670D+00  0.552558507984D-02  0.268959790290D-02 -0.765207911178D-02
  0.806500712623D-03  0.119549218081D-02 -0.530749234613D-03  0.497614661846D-02
 -0.133927632551D-03  0.707032975150D-02  0.139007482478D-02 -0.950036575300D-03
 -0.298598015709D-01  0.109905133739D-02 -0.263480807820D-03  0.182029816215D-03
  0.112689842048D-02 -0.247243697188D-03 -0.298471834579D-01  0.149214524284D-02
 -0.350967669752D-03 -0.308916614314D-01  0.129984269160D-03  0.903579067763D-03
  0.961036087302D-03  0.133891617305D-02 -0.435191181069D-03 -0.105740102433D-03
 -0.304438200172D-03 -0.161063085117D-03 -0.267469793900D-03 -0.566580249986D-02
  0.113410354393D-02  0.306392855230D-04 -0.535469892539D-02  0.854301837478D-03
 -0.255147520885D-02 -0.644923584934D-03 -0.445920547734D-02  0.279359203938D-02
 -0.674607540371D-02 -0.247781007377D-02 -0.108324846254D-02 -0.334299364150D-02
 -0.695840273179D-02 -0.353491196148D-01 -0.671951200864D-03  0.114007785991D-02
  0.233808832888D-02  0.317260563550D-02  0.204995943597D-02  0.778767921072D-03
  0.207644502649D-02  0.123440733111D-02  0.584402348297D-03  0.756128194062D-01
  0.680685875192D-03  0.361886554439D-02 -0.427569578095D-02  0.251481059056D-03
  0.145750582607D-02 -0.888563013210D-04  0.440989000370D-02  0.145998798162D-02
  0.906736308977D-02  0.161287965404D-02  0.493798481050D-03  0.220555764344D-01
  0.169144725031D-02  0.450269620807D-03 -0.322441731438D-01  0.180195494407D-02
  0.179842083631D-03 -0.153736961576D-01  0.120450991078D-02  0.166313476540D-03
  0.125743450383D-01 -0.238239048789D-03  0.247115241204D-02  0.198660156400D-02
  0.258425226064D-02 -0.235150804478D-03 -0.651067004125D-03  0.757526181159D-03
  0.957532049311D-03  0.781963297363D-03 -0.404527192548D-02  0.487976523385D-02
  0.240825780419D-02 -0.505475466296D-02  0.382020897480D-02 -0.281606411201D-02
  0.112819121837D-02 -0.107809165119D-01  0.421531667564D-01 -0.170124738102D-01
 -0.218168688180D-02 -0.694006062885D-02  0.449200580750D-02 -0.628197925033D-02
 -0.169255564397D-01 -0.396904096645D-02  0.184554525664D-02  0.313442904681D-02
  0.399717910859D-02  0.389980910958D-02  0.204191679648D-02  0.133730181620D-02
  0.602828117689D-02 -0.978888498357D-03 -0.670350484007D-03  0.734346326252D-01
 -0.702459135071D-03  0.510092600520D-04 -0.171740967941D-02 -0.795989998468D-03
  0.646824666152D-03 -0.144290445307D-02  0.559638965193D-03  0.298300308603D-03
  0.103175609673D-01  0.460456367985D-03 -0.481669670916D-03 -0.292234567987D-01
  0.537510951630D-03  0.107463511929D-03  0.305996355790D-01  0.529094441919D-03
 -0.158593591737D-03  0.341796569134D-01  0.327068282175D-03 -0.129051207442D-03
  0.274057700470D-01  0.763689567405D-04  0.120603103620D-02  0.766677946143D-03
  0.302583558678D-03 -0.178621590372D-02 -0.188576063258D-03  0.101427282894D-02
  0.844712434109D-04  0.198532061368D-03 -0.389829988357D-02  0.336457587975D-02
  0.273367781317D-03 -0.109886251901D-01  0.178467533960D-02 -0.199877787173D-02
 -0.555832642077D-03 -0.388561929202D-02  0.343015978997D-01 -0.113340367593D-01
  0.171335699935D-04 -0.643393276691D-02  0.245040944269D-02 -0.271829812744D-02
 -0.348555781154D-01 -0.177998601816D-02 -0.440828403594D-04  0.101406069413D-02
  0.134320652736D-02  0.946026469201D-03  0.738519823342D-03  0.855508437531D-03
  0.335446390804D-02 -0.603925396592D-03 -0.172371450280D-02 -0.290617539734D-02
  0.820318217599D-01
$end
