$coord
   -3.32529290544078     -0.24688463789760      2.26265330001166  c
   -1.13585323600878     -1.01548147951128      3.26596612355611  c
   -1.12050124224293     -1.69756554850021      5.19936554207216  h
    0.98964871327143     -0.71460286242682     -0.98299586344716  c
    1.34778752448751     -1.02173887475471      1.87726027528476  c
    0.13640044874066     -2.46193328881189     -1.68957223438099  h
    2.35067876387643     -2.78701793065824      2.25285839259425  h
    2.55172145380831      0.49329781673655      2.60944316747441  h
   -0.88528395310257      1.43383698272393     -1.47489346387997  c
   -3.47728395773075      0.76756393310616     -0.39716170162109  c
   -0.19894394312688      3.16057611962490     -0.56960558917640  h
   -1.02861420925136      1.81318929378063     -3.49860220420085  h
   -4.70481544893123      2.43007060536361     -0.41696081788641  h
   -4.40344679655846     -0.64000940345822     -1.60127871002142  h
    4.45661986244386     -2.20894368855839     -3.75316705783525  c
    3.47699717004968     -0.36061550640492     -2.33543643845881  c
    6.25050129181198     -1.98402767849067     -4.70856089450295  h
    3.48368532421459     -3.99243362290875     -3.98839366796515  h
    4.81020629094966      2.13599471882252     -2.03654017372044  c
    6.65363839426803      2.09243863486421     -2.94976625120024  h
    3.70796917521448      3.66076794068970     -2.88218568858313  h
    5.08477170821287      2.61367545019739     -0.04936162828089  h
   -5.77144222335140     -0.35206093766405      3.69996746309421  c
   -7.16422962565760     -1.48412348381976      2.67873129923069  h
   -5.51300061790105     -1.17233294367580      5.57001350407654  h
   -6.57191796204580      1.53836039163168      3.91822331776620  h
$user-defined bonds
$redundant
     number_of_atoms            26
     degrees_of_freedom         72
     internal_coordinates       72
     frozen_coordinates          0
# definitions of redundant internals
   1 k  1.0000000000000 stre   2    3           val=   2.05025
   2 k  0.7071082730862 bend   1    3    2      val=   0.93795
       -0.7071052892838 bend   5    3    2
   3 k  1.0000000000000 outp   3    5    1    2 val=  -0.43635
   4 k  1.0000000000000 stre   4    6           val=   2.06892
   5 k -0.7945846629149 bend  16    6    4      val=   1.99777
        0.5308723519738 bend   9    6    4
        0.2946349595182 bend   5    6    4
   6 k -0.1297502208735 bend  16    6    4      val=   1.26972
       -0.6225332945814 bend   9    6    4
        0.7717623839764 bend   5    6    4
   7 k  1.0000000000000 stre   5    7           val=   2.06472
   8 k  1.0000000000000 stre   5    8           val=   2.06903
   9 k -0.0025360338408 bend   8    7    5      val=   0.06832
        0.5031806382778 bend   2    7    5
        0.4990660307920 bend   2    8    5
       -0.4948776084219 bend   4    7    5
       -0.5028240879142 bend   4    8    5
  10 k  0.0007403746495 bend   8    7    5      val=   0.22609
        0.5049808220887 bend   2    7    5
       -0.5079458599257 bend   2    8    5
        0.4979563292483 bend   4    7    5
       -0.4889011338848 bend   4    8    5
  11 k  0.9030490759465 bend   8    7    5      val=   0.98339
       -0.2101842992588 bend   2    7    5
       -0.2160352172265 bend   2    8    5
       -0.2187175903900 bend   4    7    5
       -0.2140474885372 bend   4    8    5
  12 k -0.0041121445260 bend   8    7    5      val=   0.43379
        0.4962205897462 bend   2    7    5
       -0.4906469000397 bend   2    8    5
       -0.5056533955486 bend   4    7    5
        0.5072755460605 bend   4    8    5
  13 k  1.0000000000000 stre   9   12           val=   2.06394
  14 k  1.0000000000000 stre   9   11           val=   2.06694
  15 k  0.0048450761476 bend  11   12    9      val=   0.14173
        0.5072231016869 bend  10   12    9
        0.4922536967893 bend  10   11    9
       -0.5066672985162 bend   4   12    9
       -0.4936352873973 bend   4   11    9
  16 k  0.0301164478224 bend  11   12    9      val=   0.71626
       -0.5000031426036 bend  10   12    9
        0.4977001937254 bend  10   11    9
       -0.5026348317864 bend   4   12    9
        0.4987410149545 bend   4   11    9
  17 k  0.8971840680358 bend  11   12    9      val=  -0.20700
       -0.2081077652859 bend  10   12    9
       -0.2371774137382 bend  10   11    9
       -0.2042148875339 bend   4   12    9
       -0.2319376213824 bend   4   11    9
  18 k -0.0006090381661 bend  11   12    9      val=   0.04765
        0.4941279144564 bend  10   12    9
       -0.5075778446463 bend  10   11    9
       -0.4917726976849 bend   4   12    9
        0.5063216158366 bend   4   11    9
  19 k  1.0000000000000 stre  10   13           val=   2.06668
  20 k  1.0000000000000 stre  10   14           val=   2.07098
  21 k  0.0210508161420 bend  14   13   10      val=   0.41984
        0.5007938655098 bend   1   13   10
        0.4974472086933 bend   1   14   10
       -0.5028150505830 bend   9   13   10
       -0.4984833667015 bend   9   14   10
  22 k  0.0115860415784 bend  14   13   10      val=   0.16029
       -0.4969274647714 bend   1   13   10
        0.4927204556164 bend   1   14   10
       -0.5063729285119 bend   9   13   10
        0.5037279705196 bend   9   14   10
  23 k  0.9038807330691 bend  14   13   10      val=   1.28230
       -0.2177127991362 bend   1   13   10
       -0.2291286165624 bend   1   14   10
       -0.1975042977513 bend   9   13   10
       -0.2099830634138 bend   9   14   10
  24 k -0.0002477795466 bend  14   13   10      val=   0.01733
       -0.5030385171967 bend   1   13   10
        0.5071355891843 bend   1   14   10
        0.4930612835741 bend   9   13   10
       -0.4966449976038 bend   9   14   10
  25 k  0.5000000000000 tors  17   15   16    4 val=  90.88703
        0.5000000000000 tors  17   15   16   19
        0.5000000000000 tors  18   15   16    4
        0.5000000000000 tors  18   15   16   19
  26 k  1.0000000000000 stre  15   17           val=   2.04484
  27 k  1.0000000000000 stre  15   18           val=   2.04518
  28 k  0.8164849980166 bend  18   17   15      val=  -1.98366
       -0.4120108192933 bend  16   17   15
       -0.4044741435483 bend  16   18   15
  29 k  0.0043513125173 bend  18   17   15      val=   0.11524
        0.7049210997992 bend  16   17   15
       -0.7092723800750 bend  16   18   15
  30 k  1.0000000000000 outp  17   16   18   15 val=   0.04144
  31 k  0.4082482904639 tors  20   19   16    4 val=  84.42704
        0.4082482904639 tors  20   19   16   15
        0.4082482904639 tors  22   19   16    4
        0.4082482904639 tors  22   19   16   15
        0.4082482904639 tors  21   19   16    4
        0.4082482904639 tors  21   19   16   15
  32 k  1.0000000000000 stre  19   20           val=   2.05770
  33 k  1.0000000000000 stre  19   22           val=   2.06215
  34 k  1.0000000000000 stre  19   21           val=   2.06276
  35 k  0.4329600230989 bend  22   20   19      val=   1.54707
        0.4216723086853 bend  21   20   19
        0.4041914935748 bend  21   22   19
       -0.3909558852436 bend  16   20   19
       -0.3984843234402 bend  16   22   19
       -0.3996636820801 bend  16   21   19
  36 k -0.2037935157428 bend  22   20   19      val=   0.17895
        0.6600247050899 bend  21   20   19
       -0.4650617768161 bend  21   22   19
        0.3141163711914 bend  16   20   19
       -0.4361549818437 bend  16   22   19
        0.1328641129848 bend  16   21   19
  37 k -0.6452580133308 bend  22   20   19      val=   0.30242
        0.1656501936487 bend  21   20   19
        0.5089803310710 bend  21   22   19
       -0.3331822934417 bend  16   20   19
       -0.1028634418559 bend  16   22   19
        0.4189866391975 bend  16   21   19
  38 k  0.2177156371295 bend  22   20   19      val=   0.63647
        0.2316171723397 bend  21   20   19
       -0.4523054629582 bend  21   22   19
       -0.6773328515168 bend  16   20   19
        0.3467191778935 bend  16   22   19
        0.3396751020340 bend  16   21   19
  39 k -0.3847375419793 bend  22   20   19      val=   0.22485
        0.3872104164643 bend  21   20   19
        0.0021819465905 bend  21   22   19
        0.0075266356791 bend  16   20   19
        0.5865757729376 bend  16   22   19
       -0.5982579449036 bend  16   21   19
  40 k  0.4082482904639 tors  25   23    1    2 val=  88.01338
        0.4082482904639 tors  25   23    1   10
        0.4082482904639 tors  26   23    1    2
        0.4082482904639 tors  26   23    1   10
        0.4082482904639 tors  24   23    1    2
        0.4082482904639 tors  24   23    1   10
  41 k  1.0000000000000 stre  23   25           val=   2.05833
  42 k  1.0000000000000 stre  23   26           val=   2.06448
  43 k  1.0000000000000 stre  23   24           val=   2.06503
  44 k  0.4370896063646 bend  26   25   23      val=   1.43644
        0.4322918184233 bend  24   25   23
        0.3861565973152 bend  24   26   23
       -0.3878939193348 bend   1   25   23
       -0.4011298912655 bend   1   26   23
       -0.4019858949748 bend   1   24   23
  45 k -0.2894705655957 bend  26   25   23      val=   0.69930
       -0.3438036047488 bend  24   25   23
        0.6944825074097 bend  24   26   23
       -0.4691057906721 bend   1   25   23
        0.2361755581987 bend   1   26   23
        0.1996516535991 bend   1   24   23
  46 k -0.6109888224525 bend  26   25   23      val=   0.14337
        0.5847566716909 bend  24   25   23
        0.0346069282308 bend  24   26   23
       -0.0214082195052 bend   1   25   23
       -0.3673169178733 bend   1   26   23
        0.3849345713900 bend   1   24   23
  47 k  0.2229741310341 bend  26   25   23      val=   0.32399
        0.2266917079638 bend  24   25   23
       -0.4628642878902 bend  24   26   23
       -0.6692513973489 bend   1   25   23
        0.3449818240036 bend   1   26   23
        0.3431328688419 bend   1   24   23
  48 k  0.3761730522811 bend  26   25   23      val=  -0.00776
       -0.3769549580706 bend  24   25   23
       -0.0006352429685 bend  24   26   23
       -0.0017777912074 bend   1   25   23
       -0.5967519202280 bend   1   26   23
        0.6002352671682 bend   1   24   23
  49 k  0.5000000000000 tors  15   16    4    5 val=  79.07995
        0.5000000000000 tors  15   16    4    9
        0.5000000000000 tors  19   16    4    5
        0.5000000000000 tors  19   16    4    9
  50 k  1.0000000000000 stre  16   15           val=   2.52704
  51 k  1.0000000000000 stre  16   19           val=   2.84602
  52 k -0.7162091027735 bend  19   15   16      val=  -0.23383
        0.6976386003190 bend   4   15   16
        0.0185716033054 bend   4   19   16
  53 k  0.3920602980583 bend  19   15   16      val=   1.59625
        0.4242266229834 bend   4   15   16
       -0.8162845674387 bend   4   19   16
  54 k  1.0000000000000 outp  15    4   19   16 val=   0.05282
  55 k  1.0000000000000 stre   1   23           val=   2.83912
  56 k  0.7071090281325 bend   2   23    1      val=   3.09972
       -0.7071045342335 bend  10   23    1
  57 k  1.0000000000000 outp  23   10    2    1 val=   0.27299
  58 k  1.0000000000000 stre   4   16           val=   2.85330
  59 k  0.7181873430168 bend   9   16    4      val=   2.36756
       -0.6958497972483 bend   5   16    4
  60 k  0.6958497972483 bend   9   16    4      val= 112.48920
        0.7181873430168 bend   5   16    4
  61 k  1.0000000000000 stre   1    2           val=   2.52805
  62 k  1.0000000000000 stre   2    5           val=   2.84553
  63 k  1.0000000000000 stre   5    4           val=   2.89891
  64 k  1.0000000000000 stre   4    9           val=   2.89364
  65 k  1.0000000000000 stre   9   10           val=   2.88512
  66 k  1.0000000000000 stre  10    1           val=   2.85076
  67 k -0.2886751345948 bend   1    5    2      val=   0.29856
       -0.2886751345948 bend   2    4    5
        0.5773502691896 bend   5    9    4
       -0.2886751345948 bend   4   10    9
       -0.2886751345948 bend   9    1   10
        0.5773502691896 bend  10    2    1
  68 k  0.5000000000000 bend   1    5    2      val=   2.53331
       -0.5000000000000 bend   2    4    5
        0.5000000000000 bend   4   10    9
       -0.5000000000000 bend   9    1   10
  69 k -0.4082482904639 bend   1    5    2      val=  -0.32155
        0.4082482904639 bend   2    4    5
       -0.4082482904639 bend   5    9    4
        0.4082482904639 bend   4   10    9
       -0.4082482904639 bend   9    1   10
        0.4082482904639 bend  10    2    1
  70 k -0.2886751345948 tors   2    5    4    9 val=  12.24871
       -0.2886751345948 tors   5    4    9   10
        0.5773502691896 tors   4    9   10    1
       -0.2886751345948 tors   9   10    1    2
       -0.2886751345948 tors  10    1    2    5
        0.5773502691896 tors   1    2    5    4
  71 k  0.5000000000000 tors   2    5    4    9 val=  24.15555
       -0.5000000000000 tors   5    4    9   10
        0.5000000000000 tors   9   10    1    2
       -0.5000000000000 tors  10    1    2    5
  72 k -0.4082482904639 tors   2    5    4    9 val= -30.81221
        0.4082482904639 tors   5    4    9   10
       -0.4082482904639 tors   4    9   10    1
        0.4082482904639 tors   9   10    1    2
       -0.4082482904639 tors  10    1    2    5
        0.4082482904639 tors   1    2    5    4
        72 non zero eigenvalues  of BmBt
           1           8.720013929    1    0
         1
           2           5.134521963    2    0
         2
           3           4.668805500    3    0
         3
           4           4.326137761    4    0
         4
           5           4.254433032    5    0
         5
           6           4.103458283    6    0
         6
           7           3.981856513    7    0
         7
           8           3.907980854    8    0
         8
           9           3.832816152    9    0
         9
          10           3.653707701   10    0
        10
          11           3.534458883   11    0
        11
          12           3.330103374   12    0
        12
          13           3.268571843   13    0
        13
          14           3.207424001   14    0
        14
          15           3.157475731   15    0
        15
          16           3.068273446   16    0
        16
          17           3.045856960   17    0
        17
          18           2.977866193   18    0
        18
          19           2.643962932   19    0
        19
          20           2.543274618   20    0
        20
          21           2.357002812   21    0
        21
          22           2.145821703   22    0
        22
          23           2.042467765   23    0
        23
          24           1.907805717   24    0
        24
          25           1.590579397   25    0
        25
          26           1.506823226   26    0
        26
          27           1.267949717   27    0
        27
          28           1.164782470   28    0
        28
          29           1.129417563   29    0
        29
          30           0.968742723   30    0
        30
          31           0.888994038   31    0
        31
          32           0.864728042   32    0
        32
          33           0.842786488   33    0
        33
          34           0.788406606   34    0
        34
          35           0.750581219   35    0
        35
          36           0.741492619   36    0
        36
          37           0.707724998   37    0
        37
          38           0.686593770   38    0
        38
          39           0.684569253   39    0
        39
          40           0.683543821   40    0
        40
          41           0.672779337   41    0
        41
          42           0.605576509   42    0
        42
          43           0.550894970   43    0
        43
          44           0.539248711   44    0
        44
          45           0.461361445   45    0
        45
          46           0.410944032   46    0
        46
          47           0.385153632   47    0
        47
          48           0.368497586   48    0
        48
          49           0.362373281   49    0
        49
          50           0.346315523   50    0
        50
          51           0.340276692   51    0
        51
          52           0.327316528   52    0
        52
          53           0.319954587   53    0
        53
          54           0.304956412   54    0
        54
          55           0.287926745   55    0
        55
          56           0.272775082   56    0
        56
          57           0.255013356   57    0
        57
          58           0.249670338   58    0
        58
          59           0.235789344   59    0
        59
          60           0.195793241   60    0
        60
          61           0.151598203   61    0
        61
          62           0.130325964   62    0
        62
          63           0.108308865   63    0
        63
          64           0.095339496   64    0
        64
          65           0.078075670   65    0
        65
          66           0.062477621   66    0
        66
          67           0.057978989   67    0
        67
          68           0.051150802   68    0
        68
          69           0.042031672   69    0
        69
          70           0.028722222   70    0
        70
          71           0.016594783   71    0
        71
          72           0.004064739   72    0
        72
$end
