$coord
    2.29077326806667      1.67392644800000      0.00000000000000      c
   -0.42283783393333      1.89006818600000      0.00000000000000      c
    2.00416570406667     -2.84846553800000      0.00000000000000      c
   -1.89569130493333     -0.36332852800000      0.00000000000000      c
   -0.67454460793333     -2.65085257100000      0.00000000000000      c
    3.50423980506667     -0.72739016400000      0.00000000000000      c
   -4.67103058493333     -0.30001814400000      0.00000000000000      n
    3.30333200906667      3.96359173200000      0.00000000000000      n
    1.26591744306667      5.55612118200000      0.00000000000000      o
   -1.03666240493333      4.32350425900000      0.00000000000000      n
    6.74724407306667     -0.91316884500000      0.00000000000000      cl
   -5.67445393993333      1.79859374100000      0.00000000000000      o
   -5.79266475193333     -2.34826497400000      0.00000000000000      o
    2.87220090706667     -4.70406290900000      0.00000000000000      h
   -1.81998778093333     -4.35025387500000      0.00000000000000      h
$user-defined bonds
$redundant
     number_of_atoms            15
     degrees_of_freedom         39
     internal_coordinates       39
     frozen_coordinates          0
# definitions of redundant internals
   1 k  1.0000000000000 stre    6   11           val=   3.24832
   2 k  0.7071067811865 bend    3   11    6      val=   0.95125
       -0.7071067811865 bend    1   11    6
   3 k  1.0000000000000 outp   11    1    3    6 val=   0.00000
   4 k  1.0000000000000 tors   12    7    4    2 val=  90.00000
        1.0000000000000 tors   12    7    4    5
        1.0000000000000 tors   13    7    4    2
        1.0000000000000 tors   13    7    4    5
   5 k  1.0000000000000 stre    7   12           val=   2.32616
   6 k  1.0000000000000 stre    7   13           val=   2.33525
   7 k  0.8164949711750 bend   13   12    7      val=   4.30577
       -0.4096515990109 bend    4   12    7
       -0.4068433721641 bend    4   13    7
   8 k  0.0016213305259 bend   13   12    7      val=  -0.25866
        0.7062947218368 bend    4   12    7
       -0.7079160523627 bend    4   13    7
   9 k  1.0000000000000 outp   13   12    4    7 val=   0.00000
  10 k  1.0000000000000 stre    3   14           val=   2.04859
  11 k -0.7071067811865 bend    6   14    3      val=  -0.18614
        0.7071067811865 bend    5   14    3
  12 k  1.0000000000000 outp   14    5    6    3 val=   0.00000
  13 k  1.0000000000000 stre    5   15           val=   2.04939
  14 k  0.7071067811865 bend    4   15    5      val=  -0.91877
       -0.7071067811865 bend    3   15    5
  15 k  1.0000000000000 outp   15    3    4    5 val=   0.00000
  16 k  1.0000000000000 stre    4    7           val=   2.77606
  17 k  0.7071067811865 bend    5    7    4      val=  -1.23052
       -0.7071067811865 bend    2    7    4
  18 k  1.0000000000000 outp    7    2    5    4 val=   0.00000
  19 k  1.0000000000000 stre    1    8           val=   2.50357
  20 k  1.0000000000000 stre    8    9           val=   2.58596
  21 k  1.0000000000000 stre    9   10           val=   2.61175
  22 k  1.0000000000000 stre   10    2           val=   2.50966
  23 k -0.8090169943749 bend    2    8    1      val=   1.08260
        0.3090169943749 bend    1    9    8
        0.3090169943749 bend    8   10    9
       -0.8090169943749 bend    9    2   10
        1.0000000000000 bend   10    1    2
  24 k  0.5877852522925 bend    2    8    1      val=   4.00016
       -0.9510565162952 bend    1    9    8
        0.9510565162952 bend    8   10    9
       -0.5877852522925 bend    9    2   10
  25 k -0.8090169943749 tors    8    9   10    2 val=   0.00000
        0.3090169943749 tors    9   10    2    1
        0.3090169943749 tors   10    2    1    8
       -0.8090169943749 tors    2    1    8    9
        1.0000000000000 tors    1    8    9   10
  26 k  0.5877852522925 tors    8    9   10    2 val=   0.00000
       -0.9510565162952 tors    9   10    2    1
        0.9510565162952 tors   10    2    1    8
       -0.5877852522925 tors    2    1    8    9
  27 k  1.0000000000000 stre    1    6           val=   2.69051
  28 k  1.0000000000000 stre    6    3           val=   2.59792
  29 k  1.0000000000000 stre    3    5           val=   2.68599
  30 k  1.0000000000000 stre    5    4           val=   2.59306
  31 k  1.0000000000000 stre    4    2           val=   2.69204
  32 k -0.5000000000000 bend    2    6    1      val=  -0.12568
       -0.5000000000000 bend    1    3    6
        1.0000000000000 bend    6    5    3
       -0.5000000000000 bend    3    4    5
       -0.5000000000000 bend    5    2    4
        1.0000000000000 bend    4    1    2
  33 k  0.8660254037844 bend    2    6    1      val=   1.75462
       -0.8660254037844 bend    1    3    6
        0.8660254037844 bend    3    4    5
       -0.8660254037844 bend    5    2    4
  34 k -1.0000000000000 bend    2    6    1      val=  -0.38298
        1.0000000000000 bend    1    3    6
       -1.0000000000000 bend    6    5    3
        1.0000000000000 bend    3    4    5
       -1.0000000000000 bend    5    2    4
        1.0000000000000 bend    4    1    2
  35 k -0.5000000000000 tors    1    6    3    5 val=   0.00000
       -0.5000000000000 tors    6    3    5    4
        1.0000000000000 tors    3    5    4    2
       -0.5000000000000 tors    5    4    2    1
       -0.5000000000000 tors    4    2    1    6
        1.0000000000000 tors    2    1    6    3
  36 k  0.8660254037844 tors    1    6    3    5 val=   0.00000
       -0.8660254037844 tors    6    3    5    4
        0.8660254037844 tors    5    4    2    1
       -0.8660254037844 tors    4    2    1    6
  37 k -1.0000000000000 tors    1    6    3    5 val=   0.00000
        1.0000000000000 tors    6    3    5    4
       -1.0000000000000 tors    3    5    4    2
        1.0000000000000 tors    5    4    2    1
       -1.0000000000000 tors    4    2    1    6
        1.0000000000000 tors    2    1    6    3
  38 k  1.0000000000000 tors   10    2    1    4 val= 180.00000
        1.0000000000000 tors    8    2    1    6
  39 k  1.0000000000000 stre    1    2           val=   2.72221
        39 non zero eigenvalues  of BmBt
           1          10.217730358    1    0
         1
           2           5.169926410    2    0
         2
           3           4.940715565    3    0
         3
           4           4.474717607    4    0
         4
           5           4.194846294    5    0
         5
           6           3.660264163    6    0
         6
           7           3.515852850    7    0
         7
           8           3.381458046    8    0
         8
           9           3.196386886    9    0
         9
          10           3.174962423   10    0
        10
          11           2.939836204   11    0
        11
          12           2.797539483   12    0
        12
          13           2.499831243   13    0
        13
          14           2.336603199   14    0
        14
          15           1.958661884   15    0
        15
          16           1.812881174   16    0
        16
          17           1.691179071   17    0
        17
          18           1.644895833   18    0
        18
          19           1.340695672   19    0
        19
          20           1.250353900   20    0
        20
          21           1.091745609   21    0
        21
          22           1.066640420   22    0
        22
          23           1.016196146   23    0
        23
          24           0.973400365   24    0
        24
          25           0.818805252   25    0
        25
          26           0.491614280   26    0
        26
          27           0.393497303   27    0
        27
          28           0.367867786   28    0
        28
          29           0.339076987   29    0
        29
          30           0.298817090   30    0
        30
          31           0.279892451   31    0
        31
          32           0.240445120   32    0
        32
          33           0.207411391   33    0
        33
          34           0.189004577   34    0
        34
          35           0.154505937   35    0
        35
          36           0.100754295   36    0
        36
          37           0.100643367   37    0
        37
          38           0.046424032   38    0
        38
          39           0.033592443   39    0
        39
$end
