$coord
    2.30186530900000      1.31056322700000      0.00000000000000      c
    2.30186530900000     -1.31056322700000      0.00000000000000      c
   -2.30186530900000     -1.31056322700000      0.00000000000000      c
   -2.30186530900000      1.31056322700000      0.00000000000000      c
    0.00000000000000      2.63574674100000      0.00000000000000      c
    0.00000000000000     -2.63574674100000      0.00000000000000      c
    0.00000000000000      5.33572863800000      0.00000000000000      c
    0.00000000000000     -5.33572863800000      0.00000000000000      c
    0.00000000000000      7.53232554000000      0.00000000000000      n
    0.00000000000000     -7.53232554000000      0.00000000000000      n
   -4.06854321900000     -2.34920594100000      0.00000000000000      h
   -4.06854321900000      2.34920594100000      0.00000000000000      h
    4.06854321900000      2.34920594100000      0.00000000000000      h
    4.06854321900000     -2.34920594100000      0.00000000000000      h
$user-defined bonds
$redundant
     number_of_atoms            14
     degrees_of_freedom         36
     internal_coordinates       36
     frozen_coordinates          0
# definitions of redundant internals
   1 k  1.0000000000000 stre    9    7           val=   2.19660
   2 k  1.0000000000000 linc    9    5    7    1 val=   0.00000
   3 k  1.0000000000000 linp    9    5    7    1 val=   0.00000
   4 k  1.0000000000000 stre   10    8           val=   2.19660
   5 k  1.0000000000000 linc   10    6    8    2 val=   0.00000
   6 k  1.0000000000000 linp   10    6    8    2 val=   0.00000
   7 k  1.0000000000000 stre    5    7           val=   2.69998
   8 k -0.7071067811865 bend    1    7    5      val=   0.00000
        0.7071067811865 bend    4    7    5
   9 k  1.0000000000000 outp    7    4    1    5 val=   0.00000
  10 k  1.0000000000000 stre    6    8           val=   2.69998
  11 k  0.7071067811865 bend    2    8    6      val=   0.00000
       -0.7071067811865 bend    3    8    6
  12 k  1.0000000000000 outp    8    3    2    6 val=   0.00000
  13 k  1.0000000000000 stre    3   11           val=   2.04937
  14 k  0.7071067811865 bend    4   11    3      val=   0.41609
       -0.7071067811865 bend    6   11    3
  15 k  1.0000000000000 outp   11    6    4    3 val=   0.00000
  16 k  1.0000000000000 stre    4   12           val=   2.04937
  17 k  0.7071067811865 bend    3   12    4      val=   0.41609
       -0.7071067811865 bend    5   12    4
  18 k  1.0000000000000 outp   12    5    3    4 val=   0.00000
  19 k  1.0000000000000 stre    1   13           val=   2.04937
  20 k  0.7071067811865 bend    2   13    1      val=   0.41609
       -0.7071067811865 bend    5   13    1
  21 k  1.0000000000000 outp   13    5    2    1 val=   0.00000
  22 k  1.0000000000000 stre    2   14           val=   2.04937
  23 k  0.7071067811865 bend    1   14    2      val=   0.41609
       -0.7071067811865 bend    6   14    2
  24 k  1.0000000000000 outp   14    6    1    2 val=   0.00000
  25 k  1.0000000000000 stre    1    2           val=   2.62113
  26 k  1.0000000000000 stre    2    6           val=   2.65607
  27 k  1.0000000000000 stre    6    3           val=   2.65607
  28 k  1.0000000000000 stre    3    4           val=   2.62113
  29 k  1.0000000000000 stre    4    5           val=   2.65607
  30 k  1.0000000000000 stre    5    1           val=   2.65607
  31 k -0.5000000000000 bend    1    6    2      val=  -0.05323
       -0.5000000000000 bend    2    3    6
        1.0000000000000 bend    6    4    3
       -0.5000000000000 bend    3    5    4
       -0.5000000000000 bend    4    1    5
        1.0000000000000 bend    5    2    1
  32 k  0.8660254037844 bend    1    6    2      val=  -0.10646
       -0.8660254037844 bend    2    3    6
        0.8660254037844 bend    3    5    4
       -0.8660254037844 bend    4    1    5
  33 k -1.0000000000000 bend    1    6    2      val=   0.00000
        1.0000000000000 bend    2    3    6
       -1.0000000000000 bend    6    4    3
        1.0000000000000 bend    3    5    4
       -1.0000000000000 bend    4    1    5
        1.0000000000000 bend    5    2    1
  34 k -0.5000000000000 tors    2    6    3    4 val=   0.00000
       -0.5000000000000 tors    6    3    4    5
        1.0000000000000 tors    3    4    5    1
       -0.5000000000000 tors    4    5    1    2
       -0.5000000000000 tors    5    1    2    6
        1.0000000000000 tors    1    2    6    3
  35 k  0.8660254037844 tors    2    6    3    4 val=   0.00000
       -0.8660254037844 tors    6    3    4    5
        0.8660254037844 tors    4    5    1    2
       -0.8660254037844 tors    5    1    2    6
  36 k -1.0000000000000 tors    2    6    3    4 val=   0.00000
        1.0000000000000 tors    6    3    4    5
       -1.0000000000000 tors    3    4    5    1
        1.0000000000000 tors    4    5    1    2
       -1.0000000000000 tors    5    1    2    6
        1.0000000000000 tors    1    2    6    3
        36 non zero eigenvalues  of BmBt
           1          10.856640744    1    0
         1
           2           5.082031711    2    0
         2
           3           4.910205645    3    0
         3
           4           4.405846844    4    0
         4
           5           4.314207512    5    0
         5
           6           3.665066596    6    0
         6
           7           3.562692712    7    0
         7
           8           3.412618853    8    0
         8
           9           3.288970080    9    0
         9
          10           3.013983078   10    0
        10
          11           2.325001084   11    0
        11
          12           2.310379344   12    0
        12
          13           2.027555017   13    0
        13
          14           1.921190580   14    0
        14
          15           1.658373179   15    0
        15
          16           1.382791249   16    0
        16
          17           1.270328880   17    0
        17
          18           1.134522031   18    0
        18
          19           1.004157272   19    0
        19
          20           0.981933273   20    0
        20
          21           0.783716393   21    0
        21
          22           0.778025277   22    0
        22
          23           0.433978463   23    0
        23
          24           0.426209661   24    0
        24
          25           0.360452937   25    0
        25
          26           0.345193428   26    0
        26
          27           0.336792494   27    0
        27
          28           0.312866242   28    0
        28
          29           0.281963091   29    0
        29
          30           0.210756886   30    0
        30
          31           0.167036054   31    0
        31
          32           0.107845691   32    0
        32
          33           0.091120083   33    0
        33
          34           0.073248304   34    0
        34
          35           0.053497735   35    0
        35
          36           0.023288412   36    0
        36
$end
