$hessapprox internal
  0.664351426656D-02 -0.332479741423D-03  0.417783098840D+00  0.224706996826D-04
 -0.477310483933D-02  0.415555885898D+00 -0.567874759549D-04 -0.503952925938D-02
 -0.423186198785D-02  0.414449094086D+00  0.160272506985D-02  0.124884734360D-02
  0.750301700077D-03  0.949748796495D-03  0.321038587410D+00  0.237204226829D-02
  0.150369073174D-02  0.183589560594D-03  0.251530834811D-03 -0.537434388540D-02
  0.312685511256D+00  0.134627809473D-02  0.430757196780D-03  0.431710360454D-03
  0.566337682043D-03 -0.216158251288D-02 -0.378213104290D-02  0.316054864946D+00
 -0.963188638324D-04  0.101397865551D-03 -0.869657100249D-03 -0.138787090086D-02
 -0.260422613195D-02 -0.303810410963D-02  0.638174087042D-02  0.286196774345D+00
 -0.265622406920D-02 -0.108349767130D-02 -0.284104436481D-03 -0.543463279063D-03
  0.534714111679D-02  0.815411733260D-02  0.516159734169D-02 -0.444045565452D-02
  0.322200175383D+00 -0.534687872227D-04 -0.165175161796D-04  0.502983794366D-03
  0.262510197495D-03  0.956145871477D-03  0.461207634053D-03 -0.106672414153D-03
  0.133526496197D-02 -0.251985071962D-03  0.612491655857D-02  0.160087795442D-04
 -0.474670581268D-02 -0.382229621196D-02 -0.438585028651D-02  0.116544888406D-02
  0.246459590332D-03  0.607332124743D-03 -0.245462615877D-02 -0.483081064944D-03
  0.500187180306D-04  0.415370615306D+00 -0.171739391117D-03 -0.444627456717D-02
 -0.503073340432D-02 -0.510318154534D-02  0.601798159516D-03  0.850534388048D-03
 -0.177019040961D-03  0.205100477557D-02 -0.789962551744D-06  0.291373561670D-03
 -0.472274158884D-02  0.413954023149D+00  0.227803710165D-04 -0.484245718932D-02
 -0.442389784308D-02 -0.476525651869D-02  0.623731474072D-03  0.203347919270D-03
 -0.911696325507D-04  0.205506860165D-03  0.519904673605D-04  0.210295577394D-03
 -0.451351653176D-02 -0.507761559491D-02  0.413960667310D+00  0.189732360729D-02
  0.143332415943D-02  0.766194676089D-03  0.772846214810D-03 -0.480366611498D-02
 -0.659029463760D-02 -0.207864100753D-02 -0.787192936011D-02  0.575776438931D-02
  0.916384166005D-03  0.761674722036D-03  0.893463794712D-03  0.101323431607D-02
  0.317529312129D+00  0.181141315160D-02  0.129993335970D-02  0.401893963105D-03
  0.283499627806D-03 -0.305095098196D-02 -0.503433587310D-02 -0.403103884796D-02
  0.469526110628D-02  0.672216107580D-02 -0.645937941954D-03  0.873921741218D-04
  0.755566147479D-03  0.191526662589D-03 -0.323870498402D-02  0.314319208857D+00
  0.184809976165D-03 -0.191998888663D-03 -0.553691911566D-03  0.435657633298D-04
 -0.913432823345D-03  0.108591696321D-04 -0.196427687417D-02  0.125487304524D-01
  0.200214939542D-02  0.107645840639D-02  0.105858173810D-02 -0.151788128208D-02
 -0.362437495448D-03  0.106129931142D-02 -0.379619475790D-03  0.312038368656D+00
 -0.191350449207D-02 -0.169782319044D-02 -0.137837628479D-02 -0.624720311422D-03
  0.141395329074D-02  0.452132694003D-02  0.447026066883D-02 -0.633179378370D-02
 -0.682966084791D-02  0.229781863853D-02  0.169814413209D-03 -0.175780495169D-02
 -0.436384042472D-03  0.206655303140D-02  0.664662125738D-02 -0.241938100115D-02
  0.316896283939D+00 -0.212883450817D-02 -0.112162237635D-02 -0.143208786412D-03
 -0.263258613676D-03  0.515008322119D-02  0.731271094901D-02  0.281607846096D-02
  0.630394881775D-02 -0.686296038804D-02 -0.673673659091D-03 -0.116770352313D-03
 -0.606861886929D-03 -0.292331890279D-03  0.650465663503D-02  0.420092914613D-02
 -0.839529088248D-03 -0.352727789504D-02  0.322517954962D+00  0.347149909727D-03
 -0.352156661754D-02 -0.535459172807D-02 -0.597488646176D-02  0.958429342138D-04
 -0.154560165149D-03 -0.151514021200D-02  0.673748880215D-03  0.200366329019D-02
 -0.875728974144D-03 -0.585646613360D-02 -0.341550655447D-02 -0.515873968272D-02
 -0.137906669315D-03 -0.619579848895D-03  0.914310109061D-03  0.175777318688D-02
  0.845242866026D-03  0.412280623296D+00  0.169003064550D-02  0.133898942211D-02
  0.160688108195D-03 -0.190400365379D-04 -0.675696459492D-02 -0.846876058494D-02
  0.230342186833D-02 -0.370674100155D-01  0.243757949706D-02  0.214660484750D-02
 -0.722989746106D-03  0.196347823167D-02  0.142594889013D-02 -0.110356329020D-01
  0.290474847774D-03  0.870326401149D-02 -0.302563680648D-02  0.103658023530D-01
  0.229199479110D-03  0.301089561836D+00 -0.164269741885D-02 -0.757284115802D-03
 -0.398509055510D-03 -0.107210921587D-02  0.406462892334D-02  0.498376270829D-02
  0.349344387053D-02 -0.828024347810D-02 -0.682266344676D-02 -0.165324004675D-02
 -0.207169817656D-02  0.631872779189D-03  0.154858891674D-03  0.384164903972D-02
  0.361291735834D-02  0.629059199712D-02  0.184769699008D-03 -0.426349500660D-02
 -0.523086986814D-03 -0.642081864142D-03  0.327721221675D+00 -0.499309947340D-04
 -0.133345949292D-04  0.495957875707D-03  0.255802819523D-03  0.945722182436D-03
  0.446136457882D-03 -0.118339166849D-03  0.132747529871D-02 -0.234976681113D-03
 -0.712578299441D-03  0.374586716761D-04  0.297020389223D-03  0.208577225658D-03
  0.903576078025D-03 -0.660012572040D-03  0.109142778708D-02  0.232958858695D-02
 -0.660934915793D-03 -0.877931310761D-03  0.213517409533D-02 -0.164692763466D-02
  0.611492988854D-02  0.404805406670D-04 -0.473153203827D-02 -0.389727404427D-02
 -0.444401725613D-02  0.109236335988D-02  0.164964252065D-03  0.495513467096D-03
 -0.224871559256D-02 -0.349653424221D-03  0.172063651692D-04 -0.448189365285D-02
 -0.471733078048D-02 -0.455266773031D-02  0.710745835547D-03 -0.677218770380D-05
  0.104553147878D-02  0.346661827333D-03 -0.648301163843D-04 -0.585546782406D-02
 -0.609213156593D-03 -0.193256654810D-02  0.533689592984D-05  0.415201170089D+00
 -0.281068972880D-03 -0.452084851626D-02 -0.543452953256D-02 -0.538897412428D-02
  0.476061398153D-03  0.980707461724D-03 -0.891751521556D-04  0.163215782772D-02
 -0.243396211614D-03  0.370231239624D-03 -0.505401561640D-02 -0.476148590422D-02
 -0.522016522715D-02  0.839570006692D-03  0.109637425293D-02 -0.153517798250D-02
 -0.220309371665D-02 -0.709383931633D-03 -0.319740196916D-02  0.168925796482D-02
  0.979818271457D-03  0.382325184835D-03 -0.500680794833D-02  0.413989807706D+00
  0.176218182722D-03 -0.472597220889D-02 -0.407748370557D-02 -0.451549048174D-02
  0.624336207566D-03 -0.935289754582D-04 -0.394908723309D-03  0.108520276835D-02
  0.567352382101D-03  0.972442817939D-04 -0.425668854807D-02 -0.498815656559D-02
 -0.437711921828D-02  0.983924460222D-03 -0.365471796458D-03 -0.386615867641D-03
  0.386343227339D-03 -0.962793558681D-04 -0.539928261955D-02  0.199126180599D-02
  0.638524033137D-04  0.907672306549D-04 -0.433149367313D-02 -0.518741021994D-02
  0.414240394471D+00  0.208423585445D-02  0.154355951783D-02  0.114324564544D-02
  0.106038826226D-02 -0.481279605665D-02 -0.696396057064D-02 -0.247947378929D-02
 -0.660929953747D-02  0.639962592133D-02  0.780195693202D-03  0.106545046213D-02
  0.960315355773D-03  0.115149804438D-02 -0.604320761851D-02 -0.393609281038D-02
  0.957783970505D-03  0.308368795053D-02  0.672215639576D-02 -0.500679929134D-03
 -0.101872224806D-01  0.383197618863D-02  0.762354009989D-03  0.974576189249D-03
  0.855320830449D-03  0.110600788915D-02  0.317461490092D+00  0.192347408376D-02
  0.138831509370D-02  0.707025638866D-03  0.498267712719D-03 -0.300191000530D-02
 -0.520270441368D-02 -0.421545248124D-02  0.534494371104D-02  0.705944390557D-02
 -0.730117585005D-03  0.326019353408D-03  0.812361874610D-03  0.302157884528D-03
 -0.321771103559D-02 -0.540525612876D-02 -0.424154392570D-03  0.716783401665D-02
  0.431796698192D-02 -0.771497746695D-03  0.710770503715D-03  0.346079027569D-02
 -0.749025493201D-03  0.198870745669D-03  0.106854761700D-02 -0.234528854393D-03
 -0.390362791988D-02  0.313609865567D+00  0.343913489006D-03 -0.103613724402D-03
 -0.200237182854D-03  0.312502786156D-03 -0.880925846368D-03 -0.266850854072D-03
 -0.228230793117D-02  0.136935759910D-01  0.251837312703D-02  0.959380867801D-03
  0.136219291576D-02 -0.148028773020D-02 -0.248385187072D-03  0.108955321887D-02
 -0.951881633007D-03 -0.653254665863D-02 -0.162339403855D-02 -0.684520118088D-03
  0.609527269846D-03  0.948356558670D-02  0.623891229140D-02  0.969102937831D-03
  0.131008650827D-02 -0.157425489598D-02 -0.268565684035D-03  0.975473724913D-03
 -0.963494585077D-03  0.311775579722D+00 -0.188726470386D-02 -0.169372883014D-02
 -0.132016594883D-02 -0.571080822434D-03  0.142029432550D-02  0.447298759204D-02
  0.440154065481D-02 -0.601788748064D-02 -0.673270362652D-02  0.228404604192D-02
  0.238535711227D-03 -0.176665020573D-02 -0.418142430091D-03  0.208787459447D-02
  0.653739686529D-02 -0.249170160243D-02 -0.116965840325D-01 -0.351600368700D-02
  0.168030046128D-02 -0.279229160408D-02  0.221436185924D-03  0.231523118468D-02
  0.409132633637D-03 -0.222035284508D-02  0.403392165160D-03  0.310062156308D-02
  0.706058911198D-02 -0.169793392869D-02  0.317171860478D+00 -0.220124658084D-02
 -0.116770657596D-02 -0.326894804852D-03 -0.398234227030D-03  0.511644266220D-02
  0.742024638545D-02  0.295033170553D-02  0.577494434270D-02 -0.708766275700D-02
 -0.617850190099D-03 -0.271843016870D-03 -0.626759181683D-03 -0.351114841792D-03
  0.647530818064D-02  0.445444730895D-02 -0.773054279920D-03 -0.387265047146D-02
 -0.710072084332D-02  0.968119299808D-03  0.100027163880D-01 -0.420350068562D-02
 -0.602215967638D-03 -0.199396201354D-03 -0.679808829328D-03 -0.164361066477D-03
  0.669018954313D-02  0.454651853980D-02 -0.633854999498D-03 -0.386141111866D-02
  0.322410140887D+00 -0.669416150270D-03 -0.301264281524D-03  0.148472518085D-03
  0.389282549683D-04  0.161447889291D-02  0.227910811765D-02  0.124329873143D-02
  0.273233941611D-03 -0.248480681084D-02 -0.899096082722D-04  0.124437115791D-03
 -0.156049156040D-03  0.674420506426D-04  0.190583561278D-02  0.162076086819D-02
  0.141096107750D-03 -0.165052392720D-02 -0.207551707120D-02  0.247763840354D-03
  0.194092208786D-02 -0.166625584180D-02 -0.881580248450D-04  0.135418930209D-03
 -0.292726482287D-03  0.223912527456D-03  0.209117630680D-02  0.174516169914D-02
  0.306265596871D-03 -0.162462908769D-02 -0.215405271181D-02  0.675200154421D-02
 -0.277340567430D-03 -0.426243703026D-02 -0.470785856214D-02 -0.500553583979D-02
  0.120250571949D-02  0.136921282746D-02  0.299180400812D-03  0.297143148217D-03
 -0.871477546820D-03 -0.689429224844D-04 -0.474374229928D-02 -0.438835497987D-02
 -0.480772169606D-02  0.137041937476D-02  0.109799460495D-02 -0.128829629472D-03
 -0.134738485540D-02 -0.101614251312D-02 -0.356033953106D-02  0.143016147972D-02
 -0.760010996600D-03 -0.667841146734D-04 -0.473555292799D-02 -0.445218515233D-02
 -0.471337487835D-02  0.145459334399D-02  0.117182056349D-02 -0.606714253165D-04
 -0.134577601449D-02 -0.105304147657D-02 -0.252657581570D-03  0.417887472978D+00
  0.772066833955D-04 -0.476618306403D-02 -0.389398943619D-02 -0.419209784867D-02
  0.685466108396D-03  0.262295099420D-04  0.234141994443D-03 -0.228423534736D-03
 -0.279258854561D-04  0.473166755366D-03 -0.377944308172D-02 -0.504352172545D-02
 -0.441795769204D-02  0.746613424991D-03  0.155351967036D-03 -0.683222627384D-03
 -0.102189991166D-02 -0.817980911408D-04 -0.550386217485D-02  0.615392724869D-03
 -0.184101637977D-03  0.466652789857D-03 -0.385699836226D-02 -0.540876278008D-02
 -0.410707121474D-02  0.108084323054D-02  0.425399895008D-03 -0.374512761321D-03
 -0.970995254490D-03 -0.242019745102D-03  0.188679482861D-03 -0.470861755403D-02
  0.415591292822D+00 -0.744615502630D-04 -0.504791011254D-02 -0.431306084435D-02
 -0.455561098081D-02  0.941292920924D-03  0.295525086222D-03  0.596741080239D-03
 -0.150673220385D-02 -0.606928817642D-03  0.261485520679D-03 -0.447078823167D-02
 -0.511712302208D-02 -0.481338289244D-02  0.770041112666D-03  0.364233945257D-03
  0.617997767964D-04 -0.726017485682D-03 -0.286680552780D-03 -0.591831935896D-02
 -0.109505061080D-03 -0.105377388715D-02  0.255249667656D-03 -0.452279360783D-02
 -0.539183741076D-02 -0.457033019994D-02  0.105184344796D-02  0.572945595004D-03
  0.325697795872D-03 -0.673397115757D-03 -0.418712765670D-03  0.189399234162D-04
 -0.501365298141D-02 -0.427144959382D-02  0.414316352492D+00  0.173474887112D-02
  0.134865723158D-02  0.995788812491D-03  0.112358132323D-02 -0.396987786780D-02
 -0.564463976712D-02 -0.244258037690D-02 -0.185357549886D-02  0.580507060400D-02
  0.852079000761D-03  0.132825348162D-02  0.676262620065D-03  0.718420563847D-03
 -0.485125432921D-02 -0.353064650956D-02 -0.920743788789D-03  0.214482557384D-02
  0.532908500597D-02 -0.103686489021D-03 -0.628581578498D-02  0.403616250631D-02
  0.838114717054D-03  0.122893404933D-02  0.522992295409D-03  0.700697380964D-03
 -0.488913779123D-02 -0.347934878617D-02 -0.900539649988D-03  0.214807801577D-02
  0.529637497874D-02  0.174351230900D-02  0.128129854098D-02  0.902647682868D-03
  0.111219450139D-02  0.320958018211D+00  0.246754291751D-02  0.155700488967D-02
  0.295055346836D-03  0.351269857209D-03 -0.543169517807D-02 -0.784637320939D-02
 -0.406948731183D-02 -0.205190212988D-02  0.855279088767D-02  0.398576894015D-03
  0.359381429968D-03  0.860268234765D-03  0.238440099476D-03 -0.659468585789D-02
 -0.540901705013D-02 -0.183960771256D-03  0.503950947256D-02  0.740758452714D-02
 -0.291676893308D-03 -0.779721165335D-02  0.518953542616D-02  0.382243297504D-03
  0.263736747086D-03  0.997830197818D-03 -0.897811091353D-04 -0.701193215914D-02
 -0.559643423053D-02 -0.497113818032D-03  0.498313364252D-02  0.753012356879D-02
  0.236350584994D-02  0.140888487758D-02  0.114774491820D-03  0.396915765400D-03
 -0.573198136125D-02  0.312247536800D+00  0.124419314220D-02  0.354272594069D-03
  0.175613930899D-03  0.385608262511D-03 -0.219301877848D-02 -0.361396094131D-02
 -0.290427264930D-02  0.582109430440D-02  0.485052886362D-02 -0.275203593238D-04
  0.413173451562D-03 -0.228360514751D-03 -0.182661426708D-03 -0.208254015628D-02
 -0.368231233496D-02 -0.194409209105D-02  0.397225621320D-02  0.270050286425D-02
 -0.135979993169D-02  0.194404899986D-02  0.361536546328D-02 -0.351567022624D-04
  0.328933645520D-03 -0.764568815290D-04 -0.497531514410D-03 -0.248673410589D-02
 -0.389882051165D-02 -0.228338923222D-02  0.390254636617D-02  0.285223480903D-02
  0.113299541210D-02  0.236600700699D-03  0.726047860108D-05  0.420666147681D-03
 -0.247131502627D-02 -0.388311239067D-02  0.316424222015D+00 -0.298067873456D-03
 -0.206066142909D-04 -0.138563311450D-02 -0.177137318705D-02 -0.267916065052D-02
 -0.270251858276D-02  0.673930896933D-02 -0.457203726567D-01 -0.506148669627D-02
  0.148108935225D-02 -0.288837139415D-02  0.198397361018D-02  0.250176204193D-04
 -0.791407434964D-02  0.540747455285D-02  0.126724034622D-01 -0.731681918317D-02
  0.610207556295D-02  0.105438142990D-02 -0.379464037024D-01 -0.809555884615D-02
  0.148094075781D-02 -0.262726385481D-02  0.169175505059D-02  0.880242275929D-03
 -0.665925119278D-02  0.599399403831D-02  0.137769331408D-01 -0.700397087398D-02
  0.560649169008D-02  0.555283470213D-04  0.199777609404D-03 -0.686050150241D-03
 -0.188014324803D-02 -0.192558024924D-02 -0.167800513849D-02  0.622267275063D-02
  0.283686960933D+00 -0.272025236906D-02 -0.111222146879D-02 -0.350482476370D-03
 -0.604878021499D-03  0.538623388359D-02  0.829508153836D-02  0.534697031569D-02
 -0.505664775405D-02 -0.984722755785D-02 -0.207892212366D-03 -0.550897610202D-03
 -0.248552385603D-05  0.358887188754D-04  0.576679571364D-02  0.697057251291D-02
  0.211590723206D-02 -0.717884431208D-02 -0.693072424004D-02  0.211555328724D-02
  0.201905144214D-02 -0.695231271184D-02 -0.190075140824D-03 -0.408726221315D-03
 -0.251709117676D-03  0.572865533879D-03  0.643815925628D-02  0.732145997796D-02
  0.265638003070D-02 -0.707652425350D-02 -0.716584377083D-02 -0.254116731737D-02
 -0.891190351688D-03 -0.796257902519D-04 -0.669888631434D-03  0.586435589184D-02
  0.871528245507D-02  0.502309741161D-02 -0.570456692446D-02  0.321670159315D+00
  0.543347333171D-03 -0.345110072936D-02 -0.482801458757D-02 -0.554697179067D-02
  0.185806018420D-03 -0.492256381433D-03 -0.186469620479D-02  0.216009888168D-02
  0.260010709475D-02 -0.987146888078D-03 -0.533068945952D-02 -0.340761625142D-02
 -0.497953489768D-02 -0.557236952009D-04 -0.133150507232D-02  0.659364088346D-03
  0.266604493357D-02  0.100980256307D-02 -0.231208064809D-02  0.128157884072D-02
 -0.617141395145D-03 -0.996259637831D-03 -0.538449392343D-02 -0.331938475185D-02
 -0.518490297664D-02 -0.400595477997D-03 -0.141642314617D-02  0.398491875234D-03
  0.258929798019D-02  0.109821084233D-02  0.461551542393D-03 -0.350688809274D-02
 -0.503375125658D-02 -0.550243864530D-02 -0.660561279180D-05 -0.666999342970D-03
 -0.175794865577D-02  0.244872783899D-02  0.273858192746D-02  0.411381946596D+00
  0.119496470430D-02  0.104440397846D-02 -0.885964251367D-03 -0.818625828114D-03
 -0.678754535735D-02 -0.756271052673D-02  0.335339442295D-02 -0.406958194072D-01
  0.760116613583D-03  0.250027528401D-02 -0.161433280167D-02  0.182228006170D-02
  0.106558574734D-02 -0.110755514890D-01  0.209395176111D-02  0.915337073537D-02
 -0.554939806142D-02  0.985278748197D-02  0.110893798824D-02 -0.374481254265D-01
 -0.616570832879D-03  0.250378893754D-02 -0.138566497076D-02  0.174477748325D-02
  0.164256679780D-02 -0.101691540104D-01  0.244145102623D-02  0.992402214036D-02
 -0.530564495492D-02  0.952075213850D-02  0.143734791769D-02  0.120035051499D-02
 -0.298965960060D-03 -0.894673708718D-03 -0.626145092553D-02 -0.677556179063D-02
  0.303644911737D-02 -0.414948068233D-01  0.262937149278D-03  0.206716412226D-02
  0.296134654161D+00 -0.121857544143D-02 -0.506082427758D-03  0.478978374342D-03
 -0.407301374522D-03  0.408784621233D-02  0.420598362994D-02  0.260564189831D-02
 -0.526957916879D-02 -0.539975277080D-02 -0.196470523656D-02 -0.133997013656D-02
  0.753397494741D-03  0.448157084278D-03  0.386195860310D-02  0.207960648401D-02
  0.594797349799D-02  0.234867064609D-02 -0.381480315631D-02 -0.127934888195D-02
  0.137933256026D-02 -0.764092395809D-02 -0.197128419847D-02 -0.129804841985D-02
  0.934765635392D-03  0.344791614195D-03  0.380086390168D-02  0.198874700559D-02
  0.590405218482D-02  0.237650476151D-02 -0.378122889929D-02 -0.123523857291D-02
 -0.565360001153D-03  0.580349285494D-03 -0.399966742447D-03  0.401082224862D-02
  0.431352541288D-02  0.269223716558D-02 -0.515169823985D-02 -0.546265444719D-02
 -0.129401254957D-02  0.145330823003D-02  0.327584659225D+00  0.115861424346D-02
 -0.122576993706D-02 -0.375521801377D-02 -0.635744775936D-02  0.116413601037D-02
 -0.157315914863D-02 -0.213396396453D-02 -0.128033837260D-01  0.357396903790D-02
 -0.544358786513D-02 -0.834518923144D-02  0.138368463075D-02 -0.395765000766D-02
 -0.205397512536D-02 -0.404290180355D-02  0.129595873780D-01  0.142630239076D-01
  0.372773077107D-02 -0.319490709312D-03 -0.894012985485D-02 -0.119443471366D-01
 -0.550419456384D-02 -0.846211003814D-02  0.176014342688D-02 -0.481202411589D-02
 -0.320865049820D-02 -0.434730052110D-02  0.122406778355D-01  0.141153085054D-01
  0.394657128934D-02  0.918502096854D-03 -0.161636529990D-02 -0.426923863464D-02
 -0.615247715447D-02  0.380165802366D-03 -0.190615204540D-02 -0.172886071373D-02
 -0.119146634207D-01  0.386842555713D-02 -0.132862632763D-02 -0.672018389979D-02
 -0.138897525319D-01  0.102497655382D+01 -0.560718696892D-03 -0.325137972804D-03
 -0.116084425577D-02 -0.888049318341D-03 -0.750185596342D-05  0.106906179798D-02
  0.117937317937D-02 -0.390554263975D-02 -0.189655538725D-02  0.401296982950D-03
 -0.972610468554D-03 -0.171453350303D-03 -0.407374338395D-03  0.483831807686D-05
  0.205129301641D-02  0.418327085479D-03 -0.291202843355D-02 -0.618761509549D-03
  0.104347841121D-02 -0.262262396068D-02  0.418353196654D-04  0.417567548889D-03
 -0.846789360980D-03  0.278986637700D-04 -0.383872254174D-03  0.788136377513D-04
  0.198409761154D-02  0.420118270261D-03 -0.290017373549D-02 -0.592059500166D-03
 -0.566038481511D-03 -0.251051576755D-03 -0.101942475272D-02 -0.871512388600D-03
  0.611430427919D-04  0.119807348047D-02  0.121551013564D-02 -0.383591499980D-02
 -0.198432401862D-02  0.953610373557D-03 -0.271622102515D-02  0.125431962510D-03
  0.289400072051D-02  0.432529057243D+00 -0.173970549144D-03 -0.754938509009D-04
 -0.489140430475D-04 -0.751245204717D-04  0.190416427730D-03  0.433379753437D-03
  0.586974897734D-03 -0.181276387280D-02 -0.773110274977D-03  0.127248502012D-03
 -0.611711784107D-04  0.220459313071D-05  0.992423673637D-05  0.733558401211D-04
  0.702132253011D-03  0.333284042973D-03 -0.103066570614D-02 -0.203855106070D-03
  0.286991989066D-03 -0.122105760513D-02 -0.551007386348D-03  0.127407280944D-03
 -0.497357903962D-04 -0.827234646366D-04  0.111363763093D-03  0.198269412513D-03
  0.787157310877D-03  0.450096770068D-03 -0.100923048418D-02 -0.261352594263D-03
 -0.135516475658D-03 -0.471987173713D-04 -0.165752902524D-04 -0.856744963315D-04
  0.273861074082D-03  0.502805791561D-03  0.513712474036D-03 -0.196155465126D-02
 -0.817568134053D-03  0.433447525098D-03 -0.157779462341D-02 -0.248167347762D-03
  0.947875882058D-03 -0.390287413045D-03  0.175985993091D+00 -0.283285459259D-03
 -0.678206005155D-03 -0.718198617240D-03 -0.839531280891D-04  0.272265630319D-03
  0.905511014955D-04  0.754294335819D-03 -0.612260668388D-03 -0.463402140407D-03
  0.172836850350D-03 -0.242424913735D-03 -0.701901519014D-04 -0.135173595525D-02
 -0.956159894154D-03  0.338198618818D-04 -0.742053146770D-03 -0.743474101658D-03
  0.173234195749D-03 -0.631218773919D-03 -0.188021834555D-02 -0.147354610882D-02
  0.175252373608D-03 -0.229972681337D-03 -0.120652838539D-03 -0.126210422297D-02
 -0.842288819531D-03  0.892008421859D-04 -0.653153358366D-03 -0.725777617972D-03
  0.134959775349D-03 -0.253780547437D-03 -0.643918210244D-03 -0.677113947781D-03
 -0.967158425826D-04  0.352127241510D-03  0.146368403489D-03  0.700357947283D-03
 -0.721440370392D-03 -0.500811858784D-03 -0.524529434449D-03 -0.215802583448D-02
 -0.123684191893D-02 -0.377700940105D-03 -0.320717539922D-03 -0.110291191751D-03
  0.117159233165D-01  0.891029423697D-03 -0.437968944270D-02 -0.616311384483D-02
 -0.596205545198D-02 -0.288852055583D-02 -0.397417421023D-02 -0.160104505474D-02
 -0.789089029287D-02  0.311547578846D-02 -0.508848467930D-03 -0.684207046861D-02
 -0.407059360832D-02 -0.477958425413D-02 -0.334490283529D-02 -0.177700245940D-02
  0.265225689696D-02  0.340264058804D-02  0.380036521070D-02 -0.516823969626D-02
 -0.684438775711D-02  0.195022392604D-02 -0.501300936989D-03 -0.670560167661D-02
 -0.334852359927D-02 -0.532021628655D-02 -0.395842764963D-02 -0.226104860698D-02
  0.206317511483D-02  0.331461029480D-02  0.409674691610D-02  0.686687609527D-03
 -0.445897717446D-02 -0.617542739741D-02 -0.584011455219D-02 -0.327288849470D-02
 -0.408895742820D-02 -0.118069434082D-02 -0.703099874858D-02  0.320349389269D-02
 -0.610039066913D-02 -0.518316026705D-02  0.529677793616D-03 -0.790957011558D-02
  0.188586568336D-02  0.145317756672D-06 -0.154313757194D-02  0.371291273971D+00
  0.705829710844D-03 -0.405796397364D-02 -0.405657144223D-02 -0.409773588448D-02
 -0.742841413541D-03 -0.229263848048D-02 -0.174847457673D-02  0.175116258850D-02
  0.311616061576D-02 -0.496232045878D-03 -0.445163811254D-02 -0.385897317862D-02
 -0.447658985483D-02 -0.121060191052D-02 -0.270537338321D-02 -0.166606567446D-03
  0.398816044414D-02  0.187526957079D-02 -0.542933447048D-02  0.632597585866D-03
  0.299141858110D-03 -0.505905817991D-03 -0.452222879679D-02 -0.373317624140D-02
 -0.470606538854D-02 -0.152107006615D-02 -0.285295181345D-02 -0.422040570831D-03
  0.394206201615D-02  0.198408043820D-02  0.626137231162D-03 -0.415101580428D-02
 -0.417803411559D-02 -0.408845635217D-02 -0.959365573734D-03 -0.246021582491D-02
 -0.160191117876D-02  0.204812633795D-02  0.323571109525D-02 -0.572144587906D-02
  0.141456875037D-02 -0.382422142172D-03 -0.674753743861D-02  0.899135815354D-03
  0.367047998590D-03  0.145199519738D-02 -0.440920255131D-02  0.352904917166D+00
 -0.218253257712D-02 -0.197150130204D-02  0.732021490224D-03  0.382584777072D-03
  0.626985489256D-02  0.643786772362D-02  0.486501554815D-02 -0.412798840472D-02
 -0.876506692202D-02 -0.149493199922D-02 -0.862152328381D-03 -0.276573573083D-03
 -0.387847070791D-03  0.551829911076D-02  0.332318304989D-02  0.488477114067D-02
  0.486757770709D-03 -0.630002137472D-02 -0.412347529271D-02  0.348425600469D-02
 -0.103563270882D-01 -0.150008764691D-02 -0.844176017397D-03 -0.350901941975D-03
 -0.195436415762D-03  0.588120536645D-02  0.341450524979D-02  0.519071608508D-02
  0.606654948842D-03 -0.640553481862D-02 -0.208079409570D-02 -0.198983875587D-02
  0.100964994564D-02  0.295513480410D-03  0.642365909449D-02  0.671470124607D-02
  0.477076449569D-02 -0.445632711288D-02 -0.895758568250D-02 -0.353066562120D-02
  0.252116612560D-02 -0.957212228576D-02 -0.188011794525D-01 -0.110099968236D-02
 -0.567746980438D-03  0.267465967171D-02 -0.305037284580D-04  0.168111120895D-02
  0.354745436186D+00  0.411358118783D-03 -0.216652050633D-02 -0.178121764082D-02
 -0.134488929214D-02 -0.207729309427D-02 -0.310556170027D-02 -0.291961027837D-03
 -0.729534061458D-02  0.989482909140D-03 -0.352974508609D-04 -0.239931769442D-02
 -0.173167438428D-02 -0.531132823657D-03 -0.202537069856D-02 -0.132960965519D-02
  0.237189919389D-02  0.293316870316D-02  0.221165465920D-02 -0.447382113435D-02
 -0.486567698252D-02  0.148080158095D-02 -0.268568570792D-04 -0.229335437740D-02
 -0.116577161284D-02 -0.886627115117D-03 -0.236039043640D-02 -0.171557234195D-02
  0.199972059127D-02  0.291225454261D-02  0.242845591012D-02  0.282666965373D-03
 -0.222936720180D-02 -0.165839677575D-02 -0.130508392302D-02 -0.232529362243D-02
 -0.311920603357D-02  0.270065198473D-04 -0.671696159150D-02  0.996860655503D-03
 -0.498717216962D-02 -0.384983928402D-02  0.597844240094D-03 -0.104975653221D-01
  0.110249081465D-02 -0.191483553598D-03 -0.156409090227D-02  0.259910572739D-02
 -0.567533720626D-03  0.170789812144D-02  0.369087345194D+00  0.490712614533D-03
 -0.404824550518D-02  0.986279181205D-03  0.223956977061D-02 -0.170219326710D-02
 -0.525085675507D-02 -0.113633858761D-03 -0.351808580311D-02  0.150513323910D-02
 -0.236833885959D-04  0.911971805014D-05 -0.267744899099D-02  0.886690398170D-03
 -0.193970217090D-02 -0.511902899907D-02  0.114478812913D-02  0.872160637751D-02
  0.219886899561D-02 -0.120956646172D-01 -0.466429262304D-03  0.115735766630D-03
 -0.334877550234D-04 -0.662966737096D-04 -0.231827567775D-02  0.562232104123D-03
 -0.218927636869D-02 -0.548106266355D-02  0.853839834128D-03  0.876256881250D-02
  0.239149531238D-02  0.403045977507D-03 -0.422983188051D-02  0.114712709235D-02
  0.214695307230D-02 -0.200333106291D-02 -0.533372146550D-02  0.187988769122D-03
 -0.311290526994D-02  0.154372566082D-02 -0.121787210184D-01  0.374694965935D-03
 -0.657949862348D-03 -0.256317900509D-01  0.846901250438D-03  0.534760170606D-04
  0.298984169554D-02  0.472290577787D-02  0.310216666245D-02  0.964847282740D-02
  0.162281275133D-01  0.410984476665D+00  0.861052041611D-07 -0.536636085940D-03
 -0.452973748478D-03  0.158097741490D-03  0.628494921791D-04 -0.572270501037D-03
 -0.676637849204D-04  0.190207226872D-02  0.690799090277D-03 -0.285850076407D-04
 -0.424341114128D-05 -0.283234364141D-04 -0.127628542832D-02 -0.105578822176D-02
 -0.107415488349D-02 -0.113351020502D-02  0.873904074197D-03  0.516804250835D-03
 -0.112006770938D-02 -0.199470981131D-03 -0.915026622364D-03 -0.290943757628D-04
 -0.256865807315D-04 -0.203667431940D-04 -0.129818295255D-02 -0.108624334462D-02
 -0.109887807234D-02 -0.116921513348D-02  0.867507549914D-03  0.535600834187D-03
 -0.102981884582D-04 -0.545247918064D-03 -0.467974998498D-03  0.152369078063D-03
  0.422972742173D-04 -0.610781697796D-03 -0.489542255947D-04  0.193975678002D-02
  0.714795305225D-03 -0.115223213523D-02 -0.831735246744D-04 -0.101437248111D-02
 -0.198980037136D-02  0.116113958574D-03  0.727630902346D-04  0.441512008384D-02
 -0.189060106386D-02  0.913533310559D-03  0.346510639606D-02 -0.155527632817D-02
  0.281837076033D-02  0.118009157630D-01  0.121473225034D-02 -0.413926094962D-02
 -0.562365940176D-02 -0.558283555084D-02 -0.297884890239D-02 -0.463418536547D-02
 -0.231252713551D-02 -0.598403271893D-02  0.424874543829D-02 -0.773787691935D-03
 -0.649687501123D-02 -0.390442954914D-02 -0.458856920734D-02 -0.346692157528D-02
 -0.294003383551D-02  0.260227131617D-02  0.517532285556D-02  0.423568910220D-02
 -0.562904641534D-02 -0.565386045821D-02  0.194825700179D-02 -0.774611737089D-03
 -0.642096020039D-02 -0.323864898008D-02 -0.518488598587D-02 -0.416359648806D-02
 -0.342669701933D-02  0.197214438468D-02  0.507693020541D-02  0.453952455253D-02
  0.998983388198D-03 -0.427097489056D-02 -0.570844030466D-02 -0.546348641179D-02
 -0.343266429644D-02 -0.482688144742D-02 -0.187874191376D-02 -0.510113113896D-02
  0.438882953540D-02 -0.656356608825D-02 -0.382471875947D-02  0.381869797933D-03
 -0.965608601220D-02  0.209168972119D-02  0.207512154468D-03 -0.135469757072D-02
 -0.226717328798D-02 -0.495503461546D-02  0.335563557605D-03  0.203689987570D-02
  0.391592283913D-02 -0.195866244249D-02  0.369422777590D+00  0.462182240038D-03
 -0.422956173578D-02 -0.477482736275D-02 -0.461448560487D-02 -0.884287277270D-03
 -0.192352988961D-02 -0.141026677260D-02  0.528284763339D-03  0.244143463924D-02
 -0.323633502449D-03 -0.503951941911D-02 -0.397323052604D-02 -0.473660454208D-02
 -0.125729653760D-02 -0.189960930747D-02 -0.115165257581D-03  0.289631879372D-02
  0.161423192145D-02 -0.501234241063D-02 -0.155198528109D-03  0.731765786373D-03
 -0.322225372787D-03 -0.503481878285D-02 -0.363867154454D-02 -0.503124921845D-02
 -0.161610088373D-02 -0.216481346207D-02 -0.464904983773D-03  0.284220456372D-02
  0.178942225773D-02  0.347754259548D-03 -0.429507012180D-02 -0.482121342317D-02
 -0.458867269349D-02 -0.112133009611D-02 -0.205765143476D-02 -0.117765214221D-02
  0.994820024396D-03  0.253614597462D-02 -0.548142338663D-02  0.851788143988D-03
 -0.139465700476D-03 -0.585348304202D-02  0.111802686162D-02  0.187795869371D-03
  0.133310771248D-02 -0.317756114425D-02 -0.350935935416D-02  0.141486649582D-02
  0.362119272559D-03  0.379157682502D-02  0.950390706665D-03 -0.375324041004D-02
  0.353834971936D+00 -0.248607226116D-02 -0.215193869555D-02 -0.713155083210D-05
 -0.174201919314D-03  0.618972660882D-02  0.696379482450D-02  0.542798884660D-02
 -0.613375562153D-02 -0.972363731170D-02 -0.128369580311D-02 -0.149314325973D-02
 -0.371180257879D-03 -0.647585385181D-03  0.547378470070D-02  0.440023699467D-02
  0.510112416302D-02 -0.996423058801D-03 -0.661272391440D-02 -0.355467718359D-02
  0.213393691968D-02 -0.101623010899D-01 -0.127811930150D-02 -0.139604302183D-02
 -0.274664750219D-03 -0.481296789241D-03  0.583619488376D-02  0.441020290046D-02
  0.536074361855D-02 -0.876137290651D-03 -0.667642116505D-02 -0.240344260254D-02
 -0.213344887866D-02  0.355289823603D-03 -0.247490620296D-03  0.635459325981D-02
  0.730095270933D-02  0.538927038020D-02 -0.635412975998D-02 -0.995813778973D-02
 -0.307853699715D-02  0.125194839603D-02 -0.944525475784D-02 -0.174470468050D-01
 -0.103695943916D-02 -0.787764693087D-03  0.251018860321D-02  0.119511087659D-02
  0.213231934120D-02 -0.747723056776D-02  0.250581253265D-02  0.102015656483D-01
  0.352383629636D-02  0.161152588837D-02  0.208905286198D-02  0.353780013476D+00
  0.515777521252D-03 -0.211181175978D-02 -0.155020425410D-02 -0.117186799309D-02
 -0.204900150251D-02 -0.328160014334D-02 -0.501169936859D-03 -0.653313753731D-02
  0.132631069116D-02 -0.117932084038D-03 -0.220405520149D-02 -0.170998686910D-02
 -0.459682759196D-03 -0.199846710634D-02 -0.170593328976D-02  0.228358714071D-02
  0.346214821725D-02  0.230831425059D-02 -0.467471313049D-02 -0.433901595537D-02
  0.143557735979D-02 -0.113076235943D-03 -0.212426841605D-02 -0.119702918059D-02
 -0.812078503451D-03 -0.234042799460D-02 -0.206861286302D-02  0.192094211023D-02
  0.343965165876D-02  0.251383488706D-02  0.391399722045D-03 -0.218819497259D-02
 -0.145828115938D-02 -0.113504938255D-02 -0.230496961391D-02 -0.331900316928D-02
 -0.197320579105D-03 -0.598308997630D-02  0.134998916388D-02 -0.515807938774D-02
 -0.333169393571D-02  0.559715797679D-03 -0.109480869308D-01  0.110204527932D-02
 -0.112394110920D-03 -0.150956881138D-02  0.221187439219D-02 -0.739042017763D-03
  0.188879980219D-02  0.700513495688D-02  0.160256264690D-01 -0.158504653550D-02
  0.162325605558D-02  0.124987329234D-03  0.265398737180D-02  0.368598942139D+00
 -0.113435522935D-03 -0.439839077135D-02 -0.182171848636D-03  0.133102477501D-02
 -0.163588541918D-02 -0.404184162099D-02  0.121071184536D-02 -0.776343511882D-02
 -0.592316434858D-03  0.398410050111D-03 -0.978941111823D-03 -0.286705184346D-02
  0.467251828792D-03 -0.187759235260D-02 -0.288884718897D-02  0.160910920118D-02
  0.553995975268D-02  0.149975027076D-02 -0.109759110759D-01 -0.329815516932D-02
  0.390936015235D-05  0.404266419624D-03 -0.928647805841D-03 -0.234604048471D-02
  0.196505040961D-03 -0.201832732435D-02 -0.328672814904D-02  0.135747570618D-02
  0.559815154304D-02  0.169884748229D-02 -0.194119993009D-03 -0.449986396183D-02
  0.121482401550D-03  0.125340535604D-02 -0.184497914462D-02 -0.398017347215D-02
  0.152252481983D-02 -0.733944773689D-02 -0.651491398811D-03 -0.111007630144D-01
 -0.265944855927D-02 -0.592720753975D-03 -0.223045153326D-01  0.591639810718D-03
 -0.354431419357D-03  0.264028760707D-02  0.661836362220D-02  0.408953580971D-02
  0.837024068384D-02  0.172632165531D-01  0.504646577029D-01  0.294248538218D-02
  0.607632110311D-02  0.492893160034D-02  0.891455186696D-02  0.170862344613D-01
  0.412239167393D+00 -0.117952847543D-02 -0.542889350791D-02 -0.364442332979D-02
 -0.282793040992D-02  0.173788395863D-02  0.324935837872D-02  0.224139818659D-02
  0.635430769995D-02 -0.372092545290D-02  0.243522296751D-02 -0.183627939007D-02
 -0.650742615436D-02 -0.433674764515D-02  0.317908489094D-02  0.345595042916D-02
 -0.675933671569D-02 -0.876343804139D-02 -0.367091385961D-02 -0.499274704724D-02
  0.643440047733D-02  0.268537400379D-02  0.244912915482D-02 -0.186310189041D-02
 -0.726698850131D-02 -0.354856658260D-02  0.411336475096D-02  0.403440932860D-02
 -0.597239625190D-02 -0.864221088182D-02 -0.403141304088D-02 -0.911599396683D-03
 -0.519256271806D-02 -0.347664534175D-02 -0.297440335312D-02  0.237002407164D-02
  0.351787390971D-02  0.170326414281D-02  0.526912765002D-02 -0.392374811121D-02
 -0.388721043728D-02  0.410862295981D-02  0.469038057709D-02  0.948410955083D-02
 -0.271847320543D-02 -0.405837166004D-03  0.105893926695D-02 -0.113410938206D-02
 -0.454980809710D-04  0.627271580969D-02  0.283730151521D-02  0.134001186323D-01
  0.200247159360D-02  0.316942123015D-03 -0.146612571192D-02  0.469749034065D-02
  0.335514116568D-02  0.105484541674D-01  0.366144867635D+00 -0.129194733117D-02
 -0.548107905769D-02 -0.367152941696D-02 -0.285954568680D-02  0.183091118070D-02
  0.349144324627D-02  0.260364930527D-02  0.518942451170D-02 -0.419113754465D-02
  0.253872625177D-02 -0.184924098339D-02 -0.649740476800D-02 -0.430465783019D-02
  0.319997307373D-02  0.388763531235D-02 -0.656152141398D-02 -0.941105049826D-02
 -0.378105876693D-02 -0.482398289586D-02  0.564693298178D-02  0.239073343779D-02
  0.255363135500D-02 -0.186631786404D-02 -0.729355844805D-02 -0.345556408754D-02
  0.421057600713D-02  0.450922790963D-02 -0.571015916753D-02 -0.927657342295D-02
 -0.417117475547D-02 -0.100252671129D-02 -0.522420390264D-02 -0.347607418029D-02
 -0.301515151154D-02  0.251450399825D-02  0.380497572018D-02  0.202701335902D-02
  0.402453726875D-02 -0.442260280318D-02 -0.363886511365D-02  0.311699025908D-02
  0.456767804205D-02  0.992774310271D-02 -0.294620811157D-02 -0.486142530560D-03
  0.990555312232D-03 -0.112789609207D-02  0.207442327165D-03  0.600475581407D-02
  0.278292342175D-02  0.136123767068D-01  0.205830762014D-02  0.448286448861D-03
 -0.130139277431D-02  0.430928022260D-02  0.334364499887D-02  0.105148511024D-01
 -0.100169208979D-01  0.365591579467D+00  0.143925134030D-02 -0.533477875182D-03
  0.535928935668D-02  0.474429328293D-02 -0.584154240784D-03 -0.446544586558D-02
  0.187158989475D-02 -0.665799199825D-02  0.350434667570D-03  0.201875291568D-02
  0.412344561529D-02 -0.226187623744D-02  0.201765642070D-02 -0.168405591105D-02
 -0.288607240032D-02  0.132081750696D-02  0.161760601310D-02  0.257219602173D-02
 -0.108726181538D-01 -0.572417621981D-02 -0.903121195672D-03  0.195766997716D-02
  0.372951755673D-02 -0.375062409326D-02  0.293145065140D-02 -0.360266755862D-03
 -0.200355518310D-02  0.270780199178D-02  0.197329958689D-02  0.190788157515D-02
  0.190547362354D-02 -0.708340601606D-03  0.564093826865D-02  0.444442238960D-02
 -0.849777937031D-05 -0.408175894088D-02  0.110656425048D-02 -0.855115313155D-02
  0.416994580093D-04 -0.826839395162D-02 -0.950220995970D-02  0.227382947860D-02
 -0.264184883720D-01 -0.422535760123D-02 -0.314739843245D-03  0.133320321766D-03
 -0.894624370145D-02 -0.162435150554D-02  0.113189326838D-01 -0.518863463090D-03
  0.160715733292D-01  0.117099072887D-02 -0.771053978437D-02 -0.409159674309D-02
  0.857345003523D-02  0.388902141263D-03  0.118061316989D-01  0.126665699295D-01
  0.124825627033D-01  0.404645893247D+00
$end
