$coord
   -3.31262433645330     -0.24622802137192      2.25464905345454  c
   -1.12797206103823     -1.02539482854004      3.25230830531437  c
   -1.11224166209638     -1.71139216488931      5.18366167379587  h
    0.97979267595025     -0.71574328823498     -0.98590495670302  c
    1.34288506505509     -1.04072872480067      1.86141249630988  c
    0.11936196920819     -2.45325024135606     -1.70310067649552  h
    2.33426375424562     -2.81395795703441      2.22127990040748  h
    2.56324393580881      0.45778095608267      2.59638622323081  h
   -0.87785986618803      1.43764842507231     -1.46106695166449  c
   -3.46277985068545      0.77418067446533     -0.39332298491094  c
   -0.18369634376085      3.15263955901596     -0.54285934466804  h
   -1.01678348384402      1.83509921372575     -3.47981811733931  h
   -4.68791664393224      2.43720756152576     -0.40554906519957  h
   -4.39122654149528     -0.62403267533562     -1.60354405856278  h
    4.46206372984063     -2.21264021925575     -3.72050614847269  c
    3.46238909019549     -0.36011413969744     -2.32862314921909  c
    6.26059332524815     -1.98860801691699     -4.66717949085534  h
    3.50534748259654     -4.00597540080114     -3.94724114340426  h
    4.76872734035961      2.14137782234053     -2.04639878254143  c
    6.63440277901949      2.09313089541098     -2.90985936692204  h
    3.68483156817135      3.64482587107914     -2.94810890966550  h
    4.99262059178755      2.66330154704068     -0.06550480630979  h
   -5.74898405527306     -0.34469996297648      3.69006561731575  c
   -7.15083857409111     -1.46510223662716      2.67136337493102  h
   -5.49480949781953     -1.17449061856705      5.55527245366686  h
   -6.54279039080941      1.54516597064585      3.92218885450726  h
$user-defined bonds
$redundant
     number_of_atoms            26
     degrees_of_freedom         72
     internal_coordinates       72
     frozen_coordinates          0
# definitions of redundant internals
   1 k  1.0000000000000 stre   2    3           val=   2.04963
   2 k  0.7071092788054 bend   1    3    2      val=   0.92513
       -0.7071042835589 bend   5    3    2
   3 k  1.0000000000000 outp   3    5    1    2 val=  -0.49405
   4 k  1.0000000000000 stre   4    6           val=   2.06728
   5 k -0.7968495788165 bend  16    6    4      val=   1.87020
        0.5216213948299 bend   9    6    4
        0.3048636895330 bend   5    6    4
   6 k -0.1193699005176 bend  16    6    4      val=   1.11182
       -0.6305704635491 bend   9    6    4
        0.7668974620833 bend   5    6    4
   7 k  1.0000000000000 stre   5    7           val=   2.06317
   8 k  1.0000000000000 stre   5    8           val=   2.06761
   9 k  0.0065222762018 bend   8    7    5      val=   0.00473
       -0.5028590367710 bend   2    7    5
       -0.4999763095949 bend   2    8    5
        0.4945399813048 bend   4    7    5
        0.5025377058348 bend   4    8    5
  10 k  0.0018496440972 bend   8    7    5      val=   0.27145
        0.5072019972288 bend   2    7    5
       -0.5093509570512 bend   2    8    5
        0.4958819390301 bend   4    7    5
       -0.4872426684094 bend   4    8    5
  11 k  0.9031375243786 bend   8    7    5      val=   0.95126
       -0.2088395697033 bend   2    7    5
       -0.2132853539884 bend   2    8    5
       -0.2207444947546 bend   4    7    5
       -0.2156614754538 bend   4    8    5
  12 k -0.0037590368925 bend   8    7    5      val=   0.39889
        0.4944998270465 bend   2    7    5
       -0.4886411622686 bend   2    8    5
       -0.5079591376422 bend   4    7    5
        0.5085893429036 bend   4    8    5
  13 k  1.0000000000000 stre   9   12           val=   2.06219
  14 k  1.0000000000000 stre   9   11           val=   2.06547
  15 k  0.0016572957837 bend  11   12    9      val=   0.05962
        0.5066533934217 bend  10   12    9
        0.4933634216346 bend  10   11    9
       -0.5063720409001 bend   4   12    9
       -0.4934364018723 bend   4   11    9
  16 k  0.0294240431448 bend  11   12    9      val=   0.60763
       -0.5018308120414 bend  10   12    9
        0.4983475595634 bend  10   11    9
       -0.5013495221292 bend   4   12    9
        0.4975926328925 bend   4   11    9
  17 k  0.8976038661442 bend  11   12    9      val=  -0.13612
       -0.2065856392803 bend  10   12    9
       -0.2347728782617 bend  10   11    9
       -0.2053081222875 bend   4   12    9
       -0.2331521899566 bend   4   11    9
  18 k -0.0001309447575 bend  11   12    9      val=   0.01378
        0.4931515665731 bend  10   12    9
       -0.5061378156744 bend  10   11    9
       -0.4936497428408 bend   4   12    9
        0.5068885066536 bend   4   11    9
  19 k  1.0000000000000 stre  10   13           val=   2.06562
  20 k  1.0000000000000 stre  10   14           val=   2.06921
  21 k  0.0206549530124 bend  14   13   10      val=   0.39368
        0.4998454215002 bend   1   13   10
        0.4985159236910 bend   1   14   10
       -0.5023882850890 bend   9   13   10
       -0.4988144067217 bend   9   14   10
  22 k  0.0080374244139 bend  14   13   10      val=   0.08340
       -0.4971554980308 bend   1   13   10
        0.4931365049128 bend   1   14   10
       -0.5054645194922 bend   9   13   10
        0.5040771941315 bend   9   14   10
  23 k  0.9042504941583 bend  14   13   10      val=   1.33778
       -0.2192062135058 bend   1   13   10
       -0.2265512858327 bend   1   14   10
       -0.1988398266003 bend   9   13   10
       -0.2083672671511 bend   9   14   10
  24 k -0.0007470750981 bend  14   13   10      val=   0.08177
       -0.5032279211371 bend   1   13   10
        0.5063583564112 bend   1   14   10
        0.4942644494496 bend   9   13   10
       -0.4960493626340 bend   9   14   10
  25 k  0.5000000000000 tors  17   15   16    4 val=  91.01680
        0.5000000000000 tors  17   15   16   19
        0.5000000000000 tors  18   15   16    4
        0.5000000000000 tors  18   15   16   19
  26 k  1.0000000000000 stre  15   17           val=   2.04477
  27 k  1.0000000000000 stre  15   18           val=   2.04518
  28 k  0.8164898320941 bend  18   17   15      val=  -2.14372
       -0.4111215740360 bend  16   17   15
       -0.4053682343859 bend  16   18   15
  29 k  0.0033216986886 bend  18   17   15      val=   0.11803
        0.7054400900865 bend  16   17   15
       -0.7087617692966 bend  16   18   15
  30 k  1.0000000000000 outp  17   16   18   15 val=   0.06229
  31 k  0.4082482904639 tors  20   19   16    4 val=  83.10587
        0.4082482904639 tors  20   19   16   15
        0.4082482904639 tors  22   19   16    4
        0.4082482904639 tors  22   19   16   15
        0.4082482904639 tors  21   19   16    4
        0.4082482904639 tors  21   19   16   15
  32 k  1.0000000000000 stre  19   20           val=   2.05636
  33 k  1.0000000000000 stre  19   22           val=   2.06070
  34 k  1.0000000000000 stre  19   21           val=   2.06113
  35 k  0.4312475955734 bend  22   20   19      val=   1.44785
        0.4228132279117 bend  21   20   19
        0.4050538735108 bend  21   22   19
       -0.3908242066956 bend  16   20   19
       -0.3987017482790 bend  16   22   19
       -0.3993484700723 bend  16   21   19
  36 k -0.2458170357922 bend  22   20   19      val=   0.16527
        0.6691275051861 bend  21   20   19
       -0.4317017099562 bend  21   22   19
        0.2912229903191 bend  16   20   19
       -0.4413787232851 bend  16   22   19
        0.1607793297646 bend  16   21   19
  37 k -0.6311234006847 bend  22   20   19      val=   0.20645
        0.1205421965354 bend  21   20   19
        0.5372214235187 bend  21   22   19
       -0.3527840119559 bend  16   20   19
       -0.0744295205195 bend  16   22   19
        0.4105480014062 bend  16   21   19
  38 k  0.2223541576742 bend  22   20   19      val=   0.66925
        0.2270798572222 bend  21   20   19
       -0.4516748411948 bend  21   22   19
       -0.6778293830421 bend  16   20   19
        0.3408121154440 bend  16   22   19
        0.3455106862197 bend  16   21   19
  39 k -0.3835664986081 bend  22   20   19      val=   0.24517
        0.3895871813577 bend  21   20   19
       -0.0022384694296 bend  21   22   19
        0.0003605108590 bend  16   20   19
        0.5903705250539 bend  16   22   19
       -0.5937643233653 bend  16   21   19
  40 k  0.4082482904639 tors  25   23    1    2 val=  87.90798
        0.4082482904639 tors  25   23    1   10
        0.4082482904639 tors  26   23    1    2
        0.4082482904639 tors  26   23    1   10
        0.4082482904639 tors  24   23    1    2
        0.4082482904639 tors  24   23    1   10
  41 k  1.0000000000000 stre  23   25           val=   2.05722
  42 k  1.0000000000000 stre  23   26           val=   2.06291
  43 k  1.0000000000000 stre  23   24           val=   2.06355
  44 k  0.4366429952493 bend  26   25   23      val=   1.36766
        0.4304873918256 bend  24   25   23
        0.3893015227864 bend  24   26   23
       -0.3883345398532 bend   1   25   23
       -0.4003538182085 bend   1   26   23
       -0.4017224538634 bend   1   24   23
  45 k -0.2859357556518 bend  26   25   23      val=   0.60982
       -0.3512869133782 bend  24   25   23
        0.6928709170584 bend  24   26   23
       -0.4673367673729 bend   1   25   23
        0.2404045962819 bend   1   26   23
        0.1963927604869 bend   1   24   23
  46 k -0.6124975628504 bend  26   25   23      val=   0.15065
        0.5809509047929 bend  24   25   23
        0.0416321326622 bend  24   26   23
       -0.0259413976756 bend   1   25   23
       -0.3668133005943 bend   1   26   23
        0.3877945250341 bend   1   24   23
  47 k  0.2169124430090 bend  26   25   23      val=   0.32376
        0.2331075089424 bend  24   25   23
       -0.4616227255595 bend  24   26   23
       -0.6701710646648 bend   1   25   23
        0.3541553373752 bend   1   26   23
        0.3331052111333 bend   1   24   23
  48 k  0.3810040135705 bend  26   25   23      val=   0.01188
       -0.3747125950223 bend  24   25   23
       -0.0080054510263 bend  24   26   23
       -0.0125906253016 bend   1   25   23
       -0.5900416189034 bend   1   26   23
        0.6050245363992 bend   1   24   23
  49 k  0.5000000000000 tors  15   16    4    5 val=  77.87947
        0.5000000000000 tors  15   16    4    9
        0.5000000000000 tors  19   16    4    5
        0.5000000000000 tors  19   16    4    9
  50 k  1.0000000000000 stre  16   15           val=   2.52360
  51 k  1.0000000000000 stre  16   19           val=   2.83613
  52 k  0.7167165053104 bend  19   15   16      val=   0.23262
       -0.6970883787142 bend   4   15   16
       -0.0196276151721 bend   4   19   16
  53 k -0.3911317905306 bend  19   15   16      val=  -1.70070
       -0.4251281125106 bend   4   15   16
        0.8162609940390 bend   4   19   16
  54 k  1.0000000000000 outp  15    4   19   16 val=  -0.02603
  55 k  1.0000000000000 stre   1   23           val=   2.82948
  56 k  0.7071084273435 bend   2   23    1      val=   3.09001
       -0.7071051350257 bend  10   23    1
  57 k  1.0000000000000 outp  23   10    2    1 val=   0.23013
  58 k  1.0000000000000 stre   4   16           val=   2.84476
  59 k  0.7170789446572 bend   9   16    4      val=   2.26188
       -0.6969919562874 bend   5   16    4
  60 k  0.6969919562874 bend   9   16    4      val= 112.34770
        0.7170789446572 bend   5   16    4
  61 k  1.0000000000000 stre   1    2           val=   2.52490
  62 k  1.0000000000000 stre   2    5           val=   2.83548
  63 k  1.0000000000000 stre   5    4           val=   2.88871
  64 k  1.0000000000000 stre   4    9           val=   2.88336
  65 k  1.0000000000000 stre   9   10           val=   2.87438
  66 k  1.0000000000000 stre  10    1           val=   2.84175
  67 k -0.2886751345948 bend   1    5    2      val=   0.34525
       -0.2886751345948 bend   2    4    5
        0.5773502691896 bend   5    9    4
       -0.2886751345948 bend   4   10    9
       -0.2886751345948 bend   9    1   10
        0.5773502691896 bend  10    2    1
  68 k  0.5000000000000 bend   1    5    2      val=   2.51541
       -0.5000000000000 bend   2    4    5
        0.5000000000000 bend   4   10    9
       -0.5000000000000 bend   9    1   10
  69 k -0.4082482904639 bend   1    5    2      val=  -0.32001
        0.4082482904639 bend   2    4    5
       -0.4082482904639 bend   5    9    4
        0.4082482904639 bend   4   10    9
       -0.4082482904639 bend   9    1   10
        0.4082482904639 bend  10    2    1
  70 k -0.2886751345948 tors   2    5    4    9 val=  12.47327
       -0.2886751345948 tors   5    4    9   10
        0.5773502691896 tors   4    9   10    1
       -0.2886751345948 tors   9   10    1    2
       -0.2886751345948 tors  10    1    2    5
        0.5773502691896 tors   1    2    5    4
  71 k  0.5000000000000 tors   2    5    4    9 val=  24.18610
       -0.5000000000000 tors   5    4    9   10
        0.5000000000000 tors   9   10    1    2
       -0.5000000000000 tors  10    1    2    5
  72 k -0.4082482904639 tors   2    5    4    9 val= -30.83828
        0.4082482904639 tors   5    4    9   10
       -0.4082482904639 tors   4    9   10    1
        0.4082482904639 tors   9   10    1    2
       -0.4082482904639 tors  10    1    2    5
        0.4082482904639 tors   1    2    5    4
        72 non zero eigenvalues  of BmBt
           1           8.828475335    1    0
         1
           2           5.182706950    2    0
         2
           3           4.700198515    3    0
         3
           4           4.351079086    4    0
         4
           5           4.280122267    5    0
         5
           6           4.125798615    6    0
         6
           7           4.009517063    7    0
         7
           8           3.928335105    8    0
         8
           9           3.869491562    9    0
         9
          10           3.673695741   10    0
        10
          11           3.555292674   11    0
        11
          12           3.348744643   12    0
        12
          13           3.293594480   13    0
        13
          14           3.224630107   14    0
        14
          15           3.171550010   15    0
        15
          16           3.080976491   16    0
        16
          17           3.058383787   17    0
        17
          18           2.991505288   18    0
        18
          19           2.653370230   19    0
        19
          20           2.554669239   20    0
        20
          21           2.366946637   21    0
        21
          22           2.157317258   22    0
        22
          23           2.054766054   23    0
        23
          24           1.929026711   24    0
        24
          25           1.598990754   25    0
        25
          26           1.516501508   26    0
        26
          27           1.276560797   27    0
        27
          28           1.173187880   28    0
        28
          29           1.137530998   29    0
        29
          30           0.978231285   30    0
        30
          31           0.893669115   31    0
        31
          32           0.868824965   32    0
        32
          33           0.847636326   33    0
        33
          34           0.793252631   34    0
        34
          35           0.757150229   35    0
        35
          36           0.748237125   36    0
        36
          37           0.715380721   37    0
        37
          38           0.693605304   38    0
        38
          39           0.692280820   39    0
        39
          40           0.691318759   40    0
        40
          41           0.679192228   41    0
        41
          42           0.613254657   42    0
        42
          43           0.557486623   43    0
        43
          44           0.546263235   44    0
        44
          45           0.467850163   45    0
        45
          46           0.414953539   46    0
        46
          47           0.388829199   47    0
        47
          48           0.374122835   48    0
        48
          49           0.366925606   49    0
        49
          50           0.351679399   50    0
        50
          51           0.343840179   51    0
        51
          52           0.331197899   52    0
        52
          53           0.323435325   53    0
        53
          54           0.308499497   54    0
        54
          55           0.291095174   55    0
        55
          56           0.275031813   56    0
        56
          57           0.257693036   57    0
        57
          58           0.252422972   58    0
        58
          59           0.238140921   59    0
        59
          60           0.198044029   60    0
        60
          61           0.152943902   61    0
        61
          62           0.131602825   62    0
        62
          63           0.109644039   63    0
        63
          64           0.096498119   64    0
        64
          65           0.079097532   65    0
        65
          66           0.063360170   66    0
        66
          67           0.058712804   67    0
        67
          68           0.051810415   68    0
        68
          69           0.042538119   69    0
        69
          70           0.029084705   70    0
        70
          71           0.016830047   71    0
        71
          72           0.004106420   72    0
        72
$end
