$hessapprox internal
  0.437895106452D+00  0.117186944509D-02  0.342202297899D+00 -0.154584296323D-02
 -0.895403518091D-03  0.851893858303D-01 -0.104017899047D-02  0.223355883809D-02
 -0.320288457528D-03  0.427937987727D+00 -0.726698013948D-04  0.269846086999D-02
  0.851812209050D-03  0.126298851880D-04  0.341038930671D+00  0.215887128283D-03
 -0.762702406414D-03 -0.148498371587D-02 -0.637484499176D-03  0.719132174521D-05
  0.338557589135D+00 -0.199746786235D-02  0.301242559162D-02 -0.124451402707D-02
 -0.174965993940D-02 -0.331742353175D-03  0.440428292365D-03  0.426220244242D+00
 -0.165580071650D-02  0.501074676531D-02 -0.103610307552D-02  0.110291965426D-02
 -0.318180237647D-03 -0.349573060588D-03 -0.246752716177D-02  0.424496213788D+00
  0.586250861810D-03 -0.814987169509D-02 -0.773446625736D-03  0.555795468834D-03
  0.975026296467D-03  0.278923666110D-04  0.135071638237D-02  0.161072412379D-02
  0.338255790024D+00  0.136479522693D-03  0.163527168157D-02  0.318281925966D-02
 -0.135034466217D-02 -0.369400817636D-03  0.718384212529D-03  0.342885734402D-03
 -0.141267492554D-02  0.113287210789D-02  0.342864084025D+00  0.706402049473D-03
 -0.255681207521D-01  0.610005360974D-03  0.690863842485D-03  0.303811213031D-02
 -0.105904279337D-02  0.293911799404D-02  0.440544932089D-02 -0.963332992252D-02
  0.152738462407D-02  0.292792964631D+00  0.126510528602D-03 -0.253947292326D-02
  0.316563163546D-02  0.488672755862D-03 -0.216095675613D-04  0.577115392582D-04
  0.412223011684D-03  0.414447702644D-03 -0.728682558983D-03  0.137742315508D-02
 -0.368091220426D-02  0.342225354881D+00 -0.203850578119D-02  0.132367097018D-02
 -0.112051684667D-02 -0.156875962505D-02 -0.129787095719D-03  0.256141446346D-03
 -0.210917263955D-02 -0.209360414166D-02  0.628903844808D-03  0.238710380138D-03
  0.121794349573D-02  0.104743442601D-03  0.426968695985D+00 -0.162940978154D-02
  0.426979769421D-02 -0.755314087689D-03  0.753053872935D-03 -0.294900304071D-03
 -0.165990031679D-03 -0.228545944015D-02 -0.709481082657D-03  0.149606821923D-02
 -0.860378826603D-03  0.347838237737D-02  0.601463373206D-03 -0.202998604289D-02
  0.425842581676D+00  0.650028607439D-04  0.486980221219D-02 -0.257484233738D-03
  0.220585907411D-03 -0.701553368280D-03  0.116919810775D-03 -0.399589066846D-03
 -0.544243496730D-03  0.176139776889D-02 -0.396563897641D-03  0.514622376485D-02
  0.921946416596D-03 -0.366289988222D-04 -0.382512410761D-03  0.338346144253D+00
 -0.317428958719D-03 -0.102267011523D-01  0.130524811560D-02  0.842795044815D-04
  0.168268229688D-02 -0.680674617254D-03  0.501794636488D-03  0.162806580050D-02
 -0.400456003897D-02 -0.232262009318D-04 -0.104580137800D-01 -0.251801582455D-02
 -0.131727899970D-03  0.103308701406D-02  0.179156522785D-02  0.336170278493D+00
  0.555602200516D-03 -0.198245362217D-01 -0.307319242942D-03 -0.212303568070D-03
  0.219937480442D-02 -0.540887958010D-03  0.241686144433D-02  0.283910671978D-02
 -0.732499168881D-02  0.164437539854D-02 -0.209968545555D-01 -0.267219474102D-02
  0.102931171777D-02  0.226785689750D-02  0.396699434666D-02 -0.837286197073D-02
  0.304252528355D+00  0.391954279395D-03 -0.318903097213D-02 -0.861279881725D-04
  0.685483077099D-03  0.126844691524D-03  0.580107446222D-04  0.677819299380D-03
  0.852377658219D-03 -0.999895674289D-03  0.820988899249D-03 -0.431472297013D-02
  0.568242603709D-03  0.353461684275D-03  0.909437538472D-03  0.969069595149D-03
 -0.246152366474D-02 -0.319832482944D-02  0.339402535220D+00 -0.206114261365D-02
  0.404237187577D-02 -0.862196885179D-03 -0.859627565166D-03 -0.341574295203D-03
  0.808226111392D-04 -0.250567466072D-02 -0.192683933057D-02  0.148195366886D-02
 -0.457395741774D-03  0.401887492550D-02  0.319081942609D-03 -0.227205459635D-02
 -0.192414406351D-02 -0.544268471220D-03  0.120797165280D-02  0.295829433574D-02
  0.684910108779D-03  0.423905985580D+00 -0.176194458667D-02  0.438937872033D-02
 -0.200741755317D-02 -0.627237329582D-03 -0.474630300941D-03  0.266244983116D-03
 -0.221942644736D-02 -0.178325268444D-02  0.175129865267D-02 -0.245097737636D-03
  0.395721927447D-02  0.647301725369D-03 -0.202857840760D-02 -0.168420206961D-02
 -0.517823819490D-03  0.913807185509D-03  0.299912422857D-02  0.994045775863D-03
 -0.231461510529D-02  0.421518711372D+00  0.114789626281D-03 -0.871033807061D-02
  0.210092058257D-03 -0.528593923153D-03  0.100549388497D-02  0.398605463036D-04
  0.103521683646D-02  0.816601794783D-03 -0.298088724330D-02  0.133317790297D-02
 -0.954580236792D-02 -0.942084803866D-03  0.305404868258D-03  0.709861771197D-03
  0.173972741090D-02 -0.394423145041D-02 -0.713222067012D-02 -0.126221766730D-02
  0.104446771772D-02  0.119517779997D-02  0.338194651299D+00  0.332774943067D-03
  0.137458051860D-02 -0.402202316065D-02 -0.131905787400D-02 -0.223445923679D-03
  0.865844281845D-03  0.477962019741D-03 -0.106430143103D-02  0.103509081039D-02
  0.763173732189D-03  0.125061981232D-02 -0.209066552224D-04  0.361657480862D-03
 -0.713536641239D-03 -0.455092957012D-03  0.295417076593D-03  0.142129692595D-02
  0.288461464153D-03 -0.236358979404D-03  0.272318506583D-04  0.109418078814D-02
  0.342657686825D+00  0.729780522007D-03 -0.250881484040D-01  0.461008108905D-03
  0.991595625468D-03  0.296198713067D-02 -0.109473538788D-02  0.287747847375D-02
  0.454114160957D-02 -0.947740711104D-02  0.141239279167D-02 -0.268944006559D-01
 -0.351371025059D-02  0.119236032924D-02  0.360635766076D-02  0.512428834628D-02
 -0.104026092228D-01 -0.207780159143D-01 -0.415254601065D-02  0.400988182908D-02
  0.398176619279D-02 -0.947315907030D-02  0.111454566091D-02  0.293196620197D+00
  0.563523135314D-03 -0.715382855498D-03 -0.391417874756D-02 -0.751505635462D-03
  0.347768555664D-03  0.550620106431D-03  0.787540628521D-03 -0.133779972712D-03
  0.126605295661D-03  0.220625728984D-03 -0.775053171093D-03 -0.112938709148D-02
  0.600632901825D-03 -0.370110725385D-04 -0.240053108785D-03  0.327157163136D-03
 -0.410295995618D-03 -0.597995662191D-03  0.425291134549D-03  0.473789718012D-03
  0.173812602781D-03  0.142916445961D-02 -0.916575771821D-03  0.342978314264D+00
 -0.129958579816D-04  0.459278030460D-03  0.167026073431D-03  0.157519765122D-03
 -0.433108604222D-04 -0.799654460997D-04 -0.893665206958D-04  0.625613053215D-04
  0.101825594138D-03 -0.195807527393D-03  0.544343750853D-03  0.187924820927D-04
 -0.274783065908D-04  0.311856045738D-04 -0.856534792108D-04  0.270605917440D-03
  0.362643604213D-03  0.357209475186D-04 -0.228576716752D-04 -0.621907437951D-04
  0.101609914035D-03 -0.196067637435D-03  0.549259576483D-03 -0.110506697137D-03
  0.302325634123D-01 -0.194441643268D-02  0.411069991538D-03 -0.123824761025D-02
 -0.106717573967D-02  0.186495849935D-04  0.123407711682D-03 -0.200412780013D-02
 -0.157522972864D-02  0.248560729179D-03  0.101071408225D-03  0.326519254645D-04
 -0.334693906038D-04 -0.206818908832D-02 -0.160012060205D-02  0.206369552260D-03
 -0.543674775512D-03  0.153129644215D-04  0.216179294669D-03 -0.199988818048D-02
 -0.174523501947D-02 -0.189606301938D-03  0.256892462206D-03  0.601581911518D-04
  0.475511290705D-03  0.151947915645D-04  0.441871724091D+00 -0.188364199379D-02
 -0.502479044417D-04 -0.108932218783D-02 -0.735382418904D-03  0.119056902740D-03
  0.205677806613D-04 -0.194962926965D-02 -0.124188151109D-02  0.369090159460D-04
 -0.164674344090D-04 -0.559997589774D-03 -0.129544835655D-03 -0.203365609693D-02
 -0.132882220583D-02  0.319879344347D-03 -0.687697227998D-03 -0.522728673422D-03
  0.115886819033D-03 -0.182806660253D-02 -0.158804696962D-02 -0.458248684392D-03
  0.144620784300D-03 -0.504020757597D-03  0.388460060926D-03  0.432060411792D-04
 -0.195844765383D-02  0.441641148815D+00 -0.498262444742D-03  0.106836370648D-01
  0.394103009039D-04 -0.127181303786D-02 -0.138960831002D-02  0.443551517969D-03
 -0.133461986572D-02 -0.252829675635D-02  0.390719223355D-02 -0.646245495299D-03
  0.122417153497D-01  0.134733458102D-02 -0.540152484304D-03 -0.212825383834D-02
 -0.230517624265D-02  0.472289207881D-02  0.959234523973D-02  0.161664371080D-02
 -0.192202531616D-02 -0.205220383503D-02  0.424149030815D-02 -0.551201313166D-03
  0.120078203911D-01  0.276442921462D-03 -0.235654582859D-03 -0.140182847304D-03
  0.488340267923D-04  0.335972225173D+00  0.346668813676D-04  0.204676027544D-03
 -0.424525129071D-04 -0.253116311132D-03 -0.478401135288D-04  0.818214866383D-04
  0.602579022473D-04 -0.200333955741D-03  0.113839887866D-03  0.109458827701D-03
  0.332028677841D-03  0.203610793619D-04  0.673467931518D-04 -0.151254136228D-03
 -0.869503485411D-04  0.115775605838D-03  0.321522947554D-03  0.222107784577D-04
 -0.367382407184D-04 -0.421332845175D-04  0.181374009536D-03  0.114668214814D-03
  0.302916460035D-03  0.101741929587D-03 -0.228740282746D-04  0.447822029907D-04
  0.256410044489D-04 -0.817784341656D-04  0.384313704220D+00 -0.280465640782D-04
 -0.578071353830D-05  0.715198248984D-04  0.547387555858D-04 -0.645694788374D-05
 -0.593858468874D-04 -0.466573808001D-04  0.414956291738D-04 -0.506534833314D-04
 -0.101056686968D-03  0.579583868673D-04 -0.260709632975D-04 -0.244154169306D-04
  0.136642964799D-04  0.844919151983D-05  0.349868161613D-04  0.200434264790D-04
 -0.212682323496D-04 -0.377599691477D-06 -0.253067289164D-04 -0.413396311344D-04
 -0.107413382796D-03  0.631197405407D-04 -0.873173784347D-04  0.128557673978D-04
 -0.151345104196D-04 -0.786797099162D-05 -0.397527900030D-06 -0.695360419577D-05
  0.390944115844D-01  0.187819505685D-04 -0.848891145973D-04  0.180985513754D-03
  0.952206210986D-04  0.983094127975D-04 -0.334450355447D-04  0.112957825485D-04
  0.112709392316D-03 -0.351022952884D-04 -0.759803087776D-04 -0.981083978149D-04
 -0.159664111260D-03  0.591977073704D-05  0.817358308685D-04 -0.284964384145D-04
  0.143510375905D-03 -0.134204379425D-03 -0.120641079357D-03  0.585530978377D-04
  0.237380229808D-04 -0.501118665527D-04 -0.694192119165D-05 -0.105118641857D-03
  0.116833776421D-03  0.641891980149D-05  0.167779935208D-04  0.316905427754D-04
  0.138375974091D-05 -0.672982983613D-05 -0.232380223388D-05  0.885449338295D-02
 -0.224443841817D-02  0.106914574846D-02 -0.119320994697D-02 -0.127748903137D-02
 -0.610438334816D-04  0.902741005524D-04 -0.237138952507D-02 -0.189210934708D-02
  0.429250647173D-03 -0.464274540517D-04  0.874815598978D-03 -0.102754363990D-04
 -0.237156090992D-02 -0.193574256518D-02  0.854090823977D-04 -0.229137994355D-03
  0.649442250880D-03  0.278552804160D-03 -0.235299577942D-02 -0.212368000364D-02
  0.158988912437D-04  0.123899731641D-03  0.889756420125D-03  0.436570281968D-03
  0.181694485835D-04 -0.227737779086D-02 -0.220604397574D-02 -0.438462153220D-03
  0.370074310813D-04 -0.504566949716D-05  0.181781978242D-04  0.431320123610D+00
 -0.223607718804D-02  0.276512012294D-02 -0.632209267863D-03 -0.729610935587D-03
 -0.188609248470D-03 -0.943901199622D-04 -0.261497239177D-02 -0.169155051316D-02
  0.907516512186D-03 -0.566196908861D-03  0.269288095993D-02  0.123458441136D-03
 -0.243807523206D-02 -0.180015722441D-02 -0.236218788372D-03  0.684189585933D-03
  0.187098056760D-02  0.457828521759D-03 -0.242673010429D-02 -0.228575522401D-02
  0.448687033698D-03 -0.396753471863D-03  0.272238798218D-02  0.200108809892D-03
  0.346638705315D-04 -0.219714251928D-02 -0.203029372747D-02 -0.131030533071D-02
 -0.392015529066D-04  0.202292458326D-04  0.525002530900D-04 -0.250141635176D-02
  0.427990625085D+00 -0.228862094855D-02  0.282304711678D-02 -0.974959302476D-03
 -0.122112910504D-02 -0.194341048366D-03  0.110355174673D-03 -0.258790061624D-02
 -0.208748403633D-02  0.106479388631D-02 -0.255067989676D-03  0.276002828730D-02
  0.118660221828D-03 -0.246295873914D-02 -0.210397260975D-02 -0.304806883647D-03
  0.661961704069D-03  0.204134297875D-02  0.475701206048D-03 -0.258647557729D-02
 -0.239453686996D-02  0.644025844820D-03 -0.237289599363D-04  0.274710898489D-02
  0.539589888314D-03 -0.972519178812D-05 -0.227189770994D-02 -0.214154624479D-02
 -0.131047242403D-02  0.262176183493D-05 -0.754798280903D-05  0.537762331982D-04
 -0.261406048209D-02 -0.263274287057D-02  0.427205870352D+00  0.107039003702D-02
 -0.246636842284D-01  0.566878738924D-03  0.188885682200D-02  0.306019432183D-02
 -0.120220136346D-02  0.308265514988D-02  0.525389604899D-02 -0.933286943750D-02
  0.112922807175D-02 -0.268461019917D-01 -0.352571516889D-02  0.141871545886D-02
  0.425641374708D-02  0.505914734681D-02 -0.101093012835D-01 -0.209282840437D-01
 -0.413129093465D-02  0.438962474707D-02  0.435785878231D-02 -0.949663870755D-02
  0.927108851317D-03 -0.264286004205D-01 -0.927473162328D-03  0.565000892001D-03
  0.387077255902D-03 -0.107210717996D-03  0.117107378231D-01  0.234800309869D-03
  0.599156242785D-04 -0.480651802758D-04  0.122427928338D-02  0.314997499695D-02
  0.312855935823D-02  0.303512300139D+00 -0.208915932972D-03  0.612911264822D-02
  0.714747228051D-03  0.683748224581D-03 -0.545823500042D-03 -0.109874014587D-03
 -0.903098095811D-03 -0.382216156060D-03  0.209890466983D-02 -0.993100577047D-03
  0.647278799954D-02  0.613891725593D-03 -0.414874719746D-03 -0.358809597106D-03
 -0.121709023376D-02  0.288677906046D-02  0.469042715657D-02  0.820051896364D-03
 -0.790453728955D-03 -0.905098322276D-03  0.196660057747D-02 -0.883404195861D-03
  0.644136064045D-02 -0.754886249824D-04 -0.530818827034D-04 -0.191935304327D-04
  0.218383590412D-03 -0.304631805370D-02 -0.158952967604D-03  0.215572756628D-04
  0.920278009376D-04 -0.181642589158D-03 -0.382244458196D-03 -0.551305960472D-03
  0.664244508252D-02  0.323856503495D+00  0.260674627608D-03 -0.914738098112D-02
 -0.378742931755D-03 -0.289527548890D-03  0.951532753198D-03 -0.155082550234D-03
  0.115717879162D-02  0.113990730961D-02 -0.332210977069D-02  0.935972009449D-03
 -0.970616328614D-02 -0.111926851345D-02  0.497284221580D-03  0.933028372683D-03
  0.184664486112D-02 -0.402247653997D-02 -0.728791798614D-02 -0.138567930576D-02
  0.131163160488D-02  0.137733470871D-02 -0.322255088782D-02  0.796938122488D-03
 -0.961147338703D-02 -0.155167384888D-03  0.147993097053D-03  0.322148201212D-05
 -0.270295909340D-03  0.445791674543D-02  0.168515917406D-03  0.894216334378D-06
 -0.861919603030D-04  0.280262073295D-03  0.783487563099D-03  0.896695491771D-03
 -0.973674033751D-02  0.206306546035D-02  0.321511686587D+00  0.197769312361D-03
  0.128480924476D-02 -0.358337917453D-03 -0.428323390813D-03 -0.251211413277D-03
  0.274830402444D-03  0.186566488815D-03 -0.467290141333D-03  0.619866448000D-03
  0.317320052461D-03  0.141195438944D-02  0.349563421214D-03  0.229716569950D-03
 -0.289827585359D-03 -0.305661060373D-03  0.378981229603D-03  0.126596145994D-02
  0.325378639211D-03 -0.100555532373D-03 -0.418027611313D-04  0.714432899673D-03
  0.289043554496D-03  0.135909186612D-02  0.194826525321D-03 -0.798099954642D-04
  0.218420535501D-03  0.187618797454D-03 -0.562248909961D-03  0.272404813736D-04
 -0.266432630923D-04 -0.311132186431D-04  0.171589800104D-03 -0.757225983556D-04
  0.293179852579D-04  0.120768490162D-02 -0.561490270135D-03  0.648818536756D-03
  0.336036640733D+00  0.101623847395D-03 -0.987206060725D-03 -0.232200645893D-03
 -0.194325575282D-03  0.118562615414D-03  0.114001899370D-03  0.244095286845D-03
  0.106059440620D-04 -0.255353359266D-03  0.308108771444D-03 -0.112808858354D-02
 -0.110051514584D-03  0.131431758888D-03  0.497799618853D-04  0.164906649782D-03
 -0.470580820517D-03 -0.789453487738D-03 -0.132078859536D-03  0.153020754545D-03
  0.200357852986D-03 -0.248248564807D-03  0.330445994799D-03 -0.113718489313D-02
  0.206020695644D-03 -0.131648551094D-04  0.532276580232D-04  0.394083291989D-05
  0.483915228244D-03  0.386307487034D-04 -0.206818361839D-04 -0.298800069418D-05
  0.606296553011D-04  0.500567731596D-04  0.128084740650D-03 -0.116166145794D-02
  0.156322640513D-03 -0.336462592060D-03  0.129480565274D-03  0.336037685463D+00
  0.796749847426D-05  0.487561740129D-03 -0.152661171297D-02  0.884577587607D-04
 -0.755262220570D-04 -0.637600203886D-05 -0.749109981386D-04  0.405640644531D-04
  0.132191300387D-03 -0.338479916501D-03  0.543581928469D-03 -0.161054668984D-03
 -0.189450513372D-04 -0.446651129136D-05 -0.820784360154D-04  0.231883340753D-03
  0.403520692700D-03  0.166126781370D-04 -0.340699087813D-04 -0.271292133639D-04
  0.985733309991D-04  0.590550622359D-05  0.548349186019D-03  0.103514631411D-03
  0.243496321776D-05  0.239035759570D-04  0.428688917841D-04 -0.229622222663D-03
 -0.158171485605D-04  0.940064174528D-05  0.383267204419D-06  0.214624194382D-04
  0.829231055988D-05 -0.165141622362D-04  0.555191268462D-03 -0.976798926258D-04
  0.177395677796D-03 -0.566067261492D-04  0.128061583756D-05  0.910258750974D-02
 -0.217086510605D-02  0.116470471260D-02 -0.108273682533D-02 -0.148588058614D-02
 -0.900163619801D-04  0.201547915166D-03 -0.225455808890D-02 -0.205268626267D-02
  0.541943753165D-03  0.171500144691D-03  0.983249921970D-03  0.757978286221D-04
 -0.227543122717D-02 -0.202715829301D-02  0.324174454229D-04 -0.228563142145D-03
  0.805458787232D-03  0.329811715109D-03 -0.235186611683D-02 -0.210086649836D-02
  0.168740786569D-03  0.291328502774D-03  0.975573242373D-03  0.548448016450D-03
 -0.100420989054D-04 -0.220984345693D-02 -0.216160827439D-02 -0.469326802126D-03
  0.577345559166D-04 -0.198152830848D-04  0.117032980945D-04 -0.251561176581D-02
 -0.252390773403D-02 -0.258045951149D-02  0.125912558135D-02 -0.303767411347D-03
  0.377908919126D-03  0.221808158170D-03  0.105174508989D-03 -0.832502908154D-05
  0.430764959293D+00 -0.216339595052D-02  0.281331920314D-02 -0.279040220214D-02
 -0.121277997144D-02 -0.299769076650D-03  0.156820660594D-03 -0.247272103732D-02
 -0.202656644519D-02  0.104731981189D-02 -0.428502833329D-03  0.277126631755D-02
  0.258678100009D-04 -0.233299755281D-02 -0.205419599167D-02 -0.264562565618D-03
  0.524727991625D-03  0.211496840409D-02  0.514008928636D-03 -0.249145400250D-02
 -0.225414348514D-02  0.618628829037D-03  0.997679618854D-04  0.276987397295D-02
  0.583462901176D-03 -0.128041415788D-04 -0.214585265460D-02 -0.203438167161D-02
 -0.126754889680D-02  0.761266764698D-05 -0.449272538667D-06  0.188748754713D-04
 -0.247372136671D-02 -0.252946815948D-02 -0.265555317816D-02  0.308055422652D-02
 -0.625448302370D-03  0.956382820968D-03  0.487905456994D-04  0.124238192910D-03
  0.651793386999D-04 -0.245160043619D-02  0.426063138379D+00 -0.226523675183D-02
  0.287085017461D-02  0.360675369835D-03 -0.165654458125D-02 -0.291132195539D-03
  0.252069667817D-03 -0.246697518889D-02 -0.247564963042D-02  0.118559467578D-02
  0.278675267901D-03  0.289291855187D-02  0.504485261432D-03 -0.237232461611D-02
 -0.235064266131D-02 -0.333686098006D-03  0.498668173561D-03  0.228584084713D-02
  0.648282798867D-03 -0.266921517180D-02 -0.245111841853D-02  0.876217117303D-03
  0.960210455984D-04  0.284893760919D-02  0.443330233237D-03 -0.493875594216D-04
 -0.224715855722D-02 -0.216541712910D-02 -0.128472497354D-02  0.425339822628D-04
 -0.240945961960D-04  0.147635336675D-04 -0.260697976659D-02 -0.274604594528D-02
 -0.280368031426D-02  0.309779860700D-02 -0.769506685373D-03  0.106528629159D-02
  0.134805437313D-03  0.183894333017D-03 -0.114680946870D-03 -0.251421875075D-02
 -0.274417435258D-02  0.425286465053D+00  0.119862734470D-02 -0.264005774226D-01
  0.295263677489D-03  0.169643902629D-02  0.319599066722D-02 -0.105143344187D-02
  0.343764451843D-02  0.533088644584D-02 -0.981802592781D-02  0.167028558805D-02
 -0.289234092904D-01 -0.351073158061D-02  0.158338766153D-02  0.439666609253D-02
  0.544153858561D-02 -0.111569223041D-01 -0.223922404113D-01 -0.422811075754D-02
  0.462380675592D-02  0.471059041898D-02 -0.100087376332D-01  0.136410779277D-02
 -0.284876196587D-01 -0.832340449178D-03  0.555624599159D-03  0.428031188564D-03
 -0.147707993772D-03  0.125874974408D-01  0.288948799193D-03  0.332890086540D-04
 -0.839918223601D-04  0.128324327499D-02  0.322171655780D-02  0.329268524371D-02
 -0.282480640403D-01  0.694637333167D-02 -0.103569778230D-01  0.143331143714D-02
 -0.117088639206D-02  0.557502502255D-03  0.138330451665D-02  0.325702713791D-02
  0.337553235664D-02  0.299390313786D+00  0.124449893300D-03 -0.628680183120D-02
 -0.610055974451D-03  0.100561414316D-03  0.687420719550D-03 -0.271309436871D-03
  0.664284065686D-03  0.103535934705D-02 -0.241126769645D-02  0.249388804556D-03
 -0.661617162178D-02 -0.955679202943D-03  0.259068345414D-03  0.784073168677D-03
  0.129091589293D-02 -0.262003941731D-02 -0.507486086453D-02 -0.105438436578D-02
  0.939522058773D-03  0.931302154830D-03 -0.237203774839D-02  0.301161571364D-03
 -0.652729204587D-02 -0.232701428861D-03  0.140598659053D-03 -0.343477364651D-04
 -0.185945677722D-03  0.303903346868D-02  0.827878711899D-04  0.238844459924D-04
 -0.446089086964D-04  0.185077980282D-03  0.630246765155D-03  0.629030001401D-03
 -0.655238280192D-02  0.155504146351D-02 -0.234057179415D-02  0.348123470299D-03
 -0.292124148872D-03  0.174967668188D-03  0.199762523996D-03  0.691283310821D-03
  0.637148258316D-03 -0.707304289198D-02  0.323545486390D+00 -0.100156903129D-03
 -0.199429079557D-02  0.618287614544D-02 -0.310492657486D-03  0.291684131499D-03
 -0.808923703917D-04  0.205387437890D-03 -0.118653962083D-03 -0.639460523444D-03
  0.116401200180D-02 -0.206664053653D-02  0.570941476512D-03  0.208856001639D-04
  0.717732041769D-05  0.342075066740D-03 -0.856033770880D-03 -0.156810988721D-02
 -0.125259762305D-03  0.121116276879D-03  0.420822762849D-04 -0.469146008391D-03
 -0.208267558763D-03 -0.208052995014D-02 -0.564168009730D-03  0.138460578425D-04
 -0.140036617367D-03 -0.205739476549D-03  0.939738938342D-03  0.532341632567D-04
 -0.185223331081D-04 -0.658525449793D-05 -0.106643920996D-03 -0.957398635343D-05
  0.414281592781D-04 -0.212263366842D-02  0.424998382219D-03 -0.704413004485D-03
  0.180635557060D-03 -0.437502001975D-04 -0.269447821601D-03 -0.141594490607D-04
 -0.269240986078D-03  0.402827789189D-03 -0.218410148442D-02 -0.651340451222D-03
  0.325456673066D+00 -0.653502366431D-04  0.588701595094D-02 -0.322599295296D-03
 -0.650517134760D-04 -0.739132438266D-03  0.164872400050D-03 -0.601195205161D-03
 -0.881480304525D-03  0.213461303138D-02 -0.537213203568D-03  0.642781106481D-02
  0.791807901358D-03 -0.163438968733D-03 -0.707679969457D-03 -0.119346487539D-02
  0.249891820980D-02  0.494254921596D-02  0.953305086856D-03 -0.797640333709D-03
 -0.832112395665D-03  0.217599053181D-02 -0.429973463644D-03  0.635253637007D-02
  0.313762181892D-04 -0.110167675481D-03  0.114026163664D-03  0.252333961472D-03
 -0.281219892849D-02 -0.870683059993D-04  0.368507105785D-05  0.998847038370D-05
 -0.405990997246D-04 -0.442423206624D-03 -0.489879973924D-03  0.629167974277D-02
 -0.149563784969D-02  0.227737358897D-02 -0.374842177551D-03  0.227710365632D-03
 -0.976550963536D-04 -0.932257838061D-04 -0.467358249455D-03 -0.553601703269D-03
  0.673469048987D-02  0.159404168805D-02  0.401640467844D-03  0.334506495697D+00
 -0.167707851959D-03  0.172497030749D-03  0.734098379347D-02 -0.798257128161D-03
  0.198096992318D-04  0.163379131948D-03  0.471433574657D-04 -0.855477122613D-03
  0.301722481000D-03  0.153733265181D-02  0.267897195348D-03  0.113055268457D-02
 -0.424624973691D-04 -0.527677224940D-03 -0.145210865193D-03 -0.451458956752D-04
  0.341985310326D-03  0.326196251882D-03 -0.317612293568D-03 -0.368950945862D-03
  0.550007962796D-03 -0.117785276619D-03  0.187033374872D-03 -0.425464188074D-03
 -0.730874091548D-04 -0.163387370018D-03 -0.217345010649D-03 -0.712504425660D-04
  0.628010264888D-04 -0.483024903487D-04 -0.797528868502D-05 -0.225637898445D-03
 -0.384617945608D-03 -0.254668127140D-03  0.694503505993D-04 -0.277340464876D-03
  0.215841713194D-03  0.159158499172D-03  0.116092459528D-03 -0.408479650104D-03
 -0.814630111330D-04 -0.634181608836D-03  0.241999480102D-03  0.281018344656D-03
 -0.125433134784D-03  0.153448389124D-02 -0.194242166967D-03  0.338624832738D+00
 -0.106092156074D-04 -0.119641999833D-02  0.982089084044D-03  0.110271619933D-02
  0.341557702418D-03 -0.485517761958D-03 -0.103119458368D-03  0.103653041033D-02
 -0.699147962331D-03 -0.672700029080D-03 -0.138884624832D-02 -0.446252905333D-03
 -0.930310937776D-04  0.759268004861D-03  0.286835570256D-03 -0.109123551151D-03
 -0.142790641931D-02 -0.417072313759D-03  0.396608358572D-03  0.256370810916D-03
 -0.854538416219D-03 -0.650747498988D-03 -0.130330113711D-02 -0.386626753317D-03
  0.119384903814D-03 -0.100110308877D-04  0.767209745579D-04  0.441594493852D-03
 -0.811030231450D-04  0.462519131132D-04  0.698411518391D-04  0.708867943633D-04
  0.439638779071D-03  0.252860729972D-03 -0.104520287607D-02  0.773946591372D-03
 -0.780103853941D-03 -0.194629102049D-03 -0.192376469837D-03  0.671987672486D-04
 -0.395787502552D-04  0.178814686889D-03  0.404577606882D-04 -0.136994454082D-02
 -0.356110047663D-03 -0.192297697203D-03  0.366876934902D-03 -0.254642821519D-03
  0.904156869199D-02 -0.272735553569D-02  0.327460976419D-02 -0.212117350475D-02
 -0.535053462478D-03 -0.100700278691D-03  0.198550474521D-03 -0.318575360965D-02
 -0.199129239083D-02  0.144280511834D-02 -0.233241076986D-03  0.218487342197D-02
  0.254789649513D-03 -0.312194309526D-02 -0.198967260522D-02 -0.132940532453D-03
  0.185677991182D-03  0.143469686808D-02  0.797557197075D-03 -0.306888185389D-02
 -0.260958039473D-02  0.389057920136D-03  0.164161686263D-03  0.226748852164D-02
  0.946838618524D-03 -0.932144428980D-05 -0.278383117777D-02 -0.257579390305D-02
 -0.163352316073D-02 -0.247298653858D-04 -0.370971596386D-04  0.105584034046D-03
 -0.334596438686D-02 -0.327806678176D-02 -0.344744974907D-02  0.303404599739D-02
 -0.324144016388D-03  0.620362311621D-03  0.977201337421D-04  0.177860590245D-03
 -0.344147304766D-06 -0.328664685926D-02 -0.330329556813D-02 -0.355091992854D-02
  0.325446939939D-02  0.390233665049D-03 -0.124487456536D-03 -0.409164601697D-03
 -0.428382824493D-03  0.374517677692D-03  0.757311729034D+00 -0.316184889987D-02
 -0.880425800479D-02 -0.268327581213D-02 -0.175861232425D-02  0.105274301530D-02
  0.983313180079D-05 -0.238986317568D-02 -0.132213471320D-02 -0.301321415451D-02
  0.108948471651D-02 -0.103837218160D-01 -0.112705151904D-02 -0.320637818057D-02
 -0.160797295712D-02  0.238186900958D-02 -0.533158392651D-02 -0.789726303777D-02
 -0.969492990784D-03 -0.212826767893D-02 -0.155007607022D-02 -0.384307067249D-02
  0.120323288113D-02 -0.101886121664D-01  0.595948926465D-03  0.196229145190D-03
 -0.356385926009D-02 -0.373418980583D-02  0.437134786999D-02  0.225671115378D-03
 -0.268173100536D-04 -0.523398148038D-04 -0.377350861772D-02 -0.303713583134D-02
 -0.309201047782D-02 -0.962571838696D-02  0.227228364274D-02 -0.359875035291D-02
  0.103859863275D-02 -0.281116329193D-03  0.236378648900D-03 -0.356935418847D-02
 -0.281282671738D-02 -0.291334859375D-02 -0.102214608602D-01 -0.259515516944D-02
 -0.102972190593D-02  0.264082693389D-02 -0.120603652664D-03 -0.743097014561D-03
 -0.410569905037D-02  0.402316464334D+00 -0.322671386728D-03  0.847337777836D-02
  0.663979596024D-03  0.605749918730D-03 -0.845623725700D-03  0.555284014497D-05
 -0.121691059680D-02 -0.824884886753D-03  0.299464590076D-02 -0.106844824714D-02
  0.889215938478D-02  0.105016942543D-02 -0.586696222186D-03 -0.706009467877D-03
 -0.165415102970D-02  0.373303246764D-02  0.657084807345D-02  0.127981873087D-02
 -0.121652324633D-02 -0.129327553720D-02  0.283787982327D-02 -0.984393061831D-03
  0.883983738879D-02 -0.575535502660D-04 -0.104731777913D-03 -0.844002770916D-04
  0.206166146113D-03 -0.414967645420D-02 -0.191234650190D-03  0.129077247881D-04
  0.909245869288D-04 -0.326105812030D-03 -0.691315836576D-03 -0.868483273949D-03
  0.904680639607D-02 -0.175159757395D-02  0.293608177228D-02 -0.673932060002D-03
  0.258013785393D-03 -0.153097399719D-03 -0.454509867390D-03 -0.942792733300D-03
 -0.108503622380D-02  0.955281816920D-02  0.214442143724D-02  0.631829726862D-03
 -0.206459923662D-02 -0.267860477786D-03  0.879510593139D-03 -0.644824722214D-03
  0.310203561799D-02  0.415468042701D+00 -0.171832835101D-03 -0.267833869141D-02
 -0.274854639012D-02 -0.359903088041D-02 -0.489251101739D-03  0.115062985581D-02
  0.670444549746D-03 -0.252544440890D-02 -0.362147299401D-03  0.241917286381D-02
 -0.218760047825D-02  0.654120787560D-03  0.273856475297D-03 -0.190722716092D-02
  0.498080465113D-03 -0.251672035145D-02 -0.510907014014D-03  0.345455226214D-03
 -0.599226564148D-03 -0.189050248690D-03  0.211243794465D-03  0.207468238526D-02
 -0.235686671584D-02  0.593160213113D-03 -0.209346620553D-03 -0.296310243314D-03
 -0.732589611107D-03  0.176501114080D-02  0.351376188578D-03 -0.949140746034D-04
 -0.313964041037D-03 -0.338968200587D-03 -0.102829908758D-02 -0.508237117185D-03
 -0.327650344074D-02 -0.922741804305D-03  0.166619921288D-03  0.991426575092D-03
  0.271871266918D-03 -0.607220456523D-04  0.221101467648D-04 -0.183903663893D-03
  0.254544524657D-03 -0.279466546936D-02 -0.414552616471D-03  0.962171990128D-04
  0.487078350478D-03  0.821458110627D-03 -0.181288715444D-02 -0.132729984027D-02
 -0.756080036348D-03 -0.681981289010D-03  0.394853020288D+00  0.243893904028D-03
 -0.186676399657D-02 -0.107168063256D-02 -0.118594754317D-02  0.160614146419D-03
  0.604780662968D-03  0.676895556294D-03 -0.601971909274D-03 -0.227404542399D-03
  0.123323422625D-02 -0.216560745033D-02 -0.727310002874D-04  0.358439425345D-03
 -0.336278498688D-03  0.236254843205D-03 -0.109916309588D-02 -0.126372879489D-02
 -0.138861252232D-03  0.137873682041D-03  0.343990136500D-03 -0.125866931007D-03
  0.130395576233D-02 -0.224719080075D-02  0.871164764018D-03 -0.109466312858D-03
  0.105504013269D-03 -0.687627928992D-04  0.989069802259D-03  0.148337530091D-03
 -0.896709174919D-04 -0.294926129413D-04  0.712871564523D-04 -0.169147863312D-03
  0.160170315675D-03 -0.242346266836D-02 -0.208082626156D-04 -0.450140443298D-03
  0.452565077527D-03  0.158281307002D-03 -0.459419078246D-04  0.258663800263D-03
  0.166280361012D-03  0.422261676676D-03 -0.225664650597D-02 -0.579099834999D-03
  0.237116441162D-04  0.374431064995D-03  0.495238761297D-03 -0.759886669387D-03
  0.201028247213D-03 -0.396868442168D-03  0.187629043350D-03  0.165916110370D-02
  0.110255928416D+00 -0.330801548019D-02 -0.111478672341D-01 -0.230800245711D-02
 -0.157317271756D-02  0.142146772714D-02 -0.436828081879D-03 -0.243278208899D-02
 -0.759498795905D-03 -0.419018622586D-02  0.492582582915D-03 -0.123007401195D-01
 -0.199941610182D-02 -0.326734359490D-02 -0.133306944309D-02  0.276211099350D-02
 -0.565840712138D-02 -0.956012652422D-02 -0.174362717246D-02 -0.179189026021D-02
 -0.145055301835D-02 -0.489132536415D-02  0.778421157854D-03 -0.120914164026D-01
  0.347727256462D-03  0.318392350073D-03 -0.368371996886D-02 -0.385642662701D-02
  0.543254288399D-02  0.223932249155D-03  0.337927346200D-04 -0.203907496744D-04
 -0.375400609211D-02 -0.270412460423D-02 -0.288526581414D-02 -0.115127438559D-01
  0.299482010898D-02 -0.444952500257D-02  0.974289098711D-03 -0.483654777315D-03
  0.352529521650D-03 -0.362679018267D-02 -0.259534042238D-02 -0.285089160883D-02
 -0.124894339745D-01 -0.301948502941D-02 -0.137448214036D-02  0.318988948558D-02
 -0.454823131391D-03 -0.536602331642D-03 -0.419446405136D-02 -0.113620547413D-01
  0.395119590840D-02 -0.175808725730D-02 -0.106776237721D-02  0.405622809518D+00
  0.330590588291D-03 -0.365330695135D-02 -0.851370941591D-03  0.148287356783D-02
  0.420765361247D-03 -0.546907220768D-03  0.422052792783D-03  0.173182177968D-02
 -0.163511425040D-02 -0.625999231669D-03 -0.420588098412D-02 -0.570344835738D-03
  0.274603098478D-03  0.137909891784D-02  0.933224767817D-03 -0.158195593675D-02
 -0.351412352897D-02 -0.574132917147D-03  0.101446055095D-02  0.986875420362D-03
 -0.185175425978D-02 -0.492694835694D-03 -0.402897942752D-02 -0.714444123685D-03
  0.171787033361D-03  0.252654492222D-03  0.261076920415D-03  0.168760625439D-02
 -0.620701783014D-04  0.622047190334D-04 -0.179797357393D-04  0.440173257035D-03
  0.954426479506D-03  0.748506870706D-03 -0.385188135047D-02  0.134116195004D-02
 -0.169681964987D-02 -0.305234064129D-04 -0.329075720874D-03  0.200352191818D-03
  0.319096114675D-03  0.816120560899D-03  0.529445727279D-03 -0.433963256442D-02
 -0.963281580557D-03 -0.696700968544D-03  0.105435809936D-02 -0.592142828885D-03
  0.219274884897D-03  0.949952512675D-03 -0.122710018805D-02  0.172559073351D-02
 -0.156902854552D-02 -0.102799885095D-02 -0.129736042184D-02  0.397697672865D+00
 -0.109719361514D-02 -0.202485746148D-02  0.405412908593D-01 -0.415838255633D-02
  0.505160954552D-03  0.580938916608D-03  0.268635800830D-03 -0.412480108245D-02
  0.392884828922D-03  0.825389738579D-02 -0.155350735811D-02  0.559377997079D-02
 -0.363501449190D-03 -0.254336241890D-02 -0.175794604606D-03 -0.130325504372D-02
 -0.571700469409D-03  0.117201623300D-02 -0.143169130541D-02 -0.179333107403D-02
  0.173945733820D-02 -0.813553172159D-03 -0.194241465471D-02 -0.257333937689D-02
 -0.292762724531D-03 -0.112034936579D-02 -0.144664383614D-02  0.100248230050D-02
  0.359529112530D-03 -0.230175779345D-03 -0.380279815238D-04 -0.135750582061D-02
 -0.190993567465D-02 -0.128216875882D-02 -0.251856398357D-02 -0.646718540179D-03
  0.915052004315D-05  0.952003436346D-03  0.445334469526D-03 -0.214585854523D-02
 -0.598550409777D-03 -0.335247784648D-02  0.138038086690D-02 -0.169947632698D-02
 -0.140952104401D-02  0.810132465352D-02 -0.295607076274D-03  0.107162339241D-01
 -0.136619486998D-02 -0.241317629690D-02 -0.231765320947D-02 -0.347301682788D-03
  0.371208185486D-02  0.217886809636D-02 -0.417824260275D-02 -0.352486405558D-02
  0.102630600411D+00 -0.243962535780D-02  0.317646825484D-02 -0.420107465827D-02
 -0.365067549076D-02 -0.876649924964D-03  0.128151968262D-02 -0.232600524781D-02
 -0.432008690530D-02  0.192573135346D-02  0.176315727505D-02  0.291039329945D-02
  0.123855478893D-02 -0.242392586283D-02 -0.367006044810D-02 -0.231032249216D-03
 -0.931685715948D-03  0.307889934077D-02  0.146516185964D-02 -0.346403684270D-02
 -0.271912186374D-02  0.156270863248D-02  0.178468720395D-02  0.279630567635D-02
  0.131562935847D-02 -0.250328314260D-03 -0.251633485654D-02 -0.266563478385D-02
 -0.114375982945D-02  0.250187698736D-03 -0.116887033034D-03 -0.188412118192D-03
 -0.310282904519D-02 -0.385667943032D-02 -0.355323195759D-02  0.259301549658D-02
 -0.180716253840D-02  0.174689878578D-02  0.792793275488D-03  0.503952587371D-03
 -0.113476330689D-03 -0.275201562514D-02 -0.314370418040D-02 -0.297546032072D-02
  0.342983593149D-02  0.701494419905D-03  0.215800801445D-03 -0.621054372082D-03
  0.340368517231D-03 -0.113697011153D-02 -0.412477683648D-02 -0.280851747239D-02
 -0.212617529244D-02  0.407044648393D-02  0.184326658963D-02 -0.354564007203D-02
 -0.116645656280D-03  0.146151784230D-02  0.406319498853D+00 -0.399700062402D-03
  0.673622041349D-02  0.318523678218D-04 -0.303417761881D-03 -0.645236822616D-03
 -0.232273147289D-04 -0.105889138185D-02 -0.113565993066D-02  0.226699165387D-02
 -0.114394565403D-02  0.790969855631D-02  0.211380393494D-03 -0.469715680610D-03
 -0.109192752637D-02 -0.154618629281D-02  0.362669500436D-02  0.592709036709D-02
  0.608714412420D-03 -0.110918480580D-02 -0.136874106030D-02  0.243061198788D-02
 -0.730077692767D-03  0.776282417249D-02  0.286439545164D-03 -0.841140754414D-04
 -0.128275968038D-03  0.716081740749D-04 -0.330176497400D-02 -0.102244803829D-03
  0.321898245046D-04  0.945713761940D-04 -0.289137391927D-03 -0.655770199238D-03
 -0.762245033680D-03  0.774729560407D-02 -0.162557924030D-02  0.265069483381D-02
 -0.560957220465D-03  0.228655610338D-03 -0.759723232909D-04 -0.391113143575D-03
 -0.770500685777D-03 -0.965466857422D-03  0.810658631577D-02  0.195314313473D-02
  0.375922616393D-03 -0.178062876594D-02 -0.438505121764D-03  0.679415842743D-03
 -0.899598621466D-03  0.254509163420D-02 -0.238622612218D-02 -0.184402022769D-03
  0.209403186329D-03  0.357075442881D-02  0.133413085799D-02 -0.134771976007D-02
 -0.179221958418D-02  0.367031318426D+00  0.226592972766D-02  0.138051455160D-02
 -0.105227851796D-01 -0.165875884484D-01 -0.221266353736D-02  0.667842725308D-02
  0.528664346072D-02 -0.121772811445D-01  0.443454538582D-02  0.109042894484D-01
  0.483036196417D-02  0.204643900036D-02  0.413939099553D-02 -0.857911672841D-02
 -0.225230033021D-02 -0.176224579393D-02  0.884733941486D-02  0.167689473428D-02
 -0.169572442444D-02 -0.441094356778D-03  0.749069691538D-02  0.111706810859D-01
  0.335308639253D-02  0.758589326853D-02 -0.154336424404D-02  0.202063955547D-02
  0.314826254329D-03  0.787415414206D-03  0.154040795922D-02 -0.707389130143D-03
 -0.715925731577D-03  0.139288593157D-02 -0.324300234021D-02  0.195289735683D-04
 -0.649044414553D-03 -0.761895938887D-02  0.578418336161D-02  0.356242905882D-02
  0.243511872732D-02 -0.821347674707D-03  0.319964837536D-02  0.672119299923D-03
  0.318768514675D-02  0.280834572193D-02  0.118665660378D-02  0.210657040664D-02
 -0.204446709207D-02  0.462970217840D-02 -0.753606229494D-02 -0.926404834949D-03
  0.788829356210D-02 -0.802294348899D-02  0.250694065503D-01  0.107877775508D-01
  0.423822466176D-02 -0.700497377219D-02  0.234098540661D-01  0.206739986005D-01
 -0.440600064247D-02  0.489856871793D+00 -0.205207946538D-02  0.791715062456D-02
 -0.315026102263D-02 -0.247336622148D-02 -0.331296760814D-03  0.102753946493D-02
 -0.257154790435D-02 -0.362756817752D-02  0.358087081028D-02  0.604715421289D-04
  0.817948300465D-02 -0.321179999417D-03 -0.227289217821D-02 -0.322111630822D-02
 -0.185786289969D-02  0.360132681246D-02  0.637986362160D-02  0.719205319580D-03
 -0.329886761102D-02 -0.308150899482D-02  0.309850099333D-02  0.136546645831D-02
  0.787655339316D-02  0.306969949278D-02 -0.282017082306D-03 -0.195242325447D-02
 -0.178189797101D-02 -0.394127644182D-02  0.874280668276D-04 -0.138244920612D-03
  0.270786249106D-03 -0.266612666603D-02 -0.341353018334D-02 -0.311644495103D-02
  0.829330798441D-02 -0.215731327224D-02  0.296043828366D-02  0.468052011462D-06
  0.706314884882D-03 -0.156264625393D-03 -0.245751739427D-02 -0.308637655315D-02
 -0.315595898213D-02  0.909785506143D-02  0.176467803145D-02  0.340804449751D-03
 -0.201341602028D-02 -0.201071747114D-03  0.120383732549D-03 -0.276548681727D-02
 -0.395802346349D-03 -0.309722593356D-02  0.604512201925D-03  0.186816632028D-02
 -0.851478892323D-04  0.692768309529D-03 -0.612521972144D-03 -0.270549513702D-02
 -0.226978842947D-02  0.100149778182D-01  0.758691678714D+00 -0.344759739067D-02
 -0.124930572053D-01 -0.388243912659D-03 -0.315130600362D-02  0.204401654286D-02
 -0.317200307279D-03 -0.225019581021D-02 -0.151458347429D-02 -0.459888018575D-02
  0.729488442355D-03 -0.125576748638D-01 -0.342245775175D-02 -0.316915483006D-02
 -0.210558004056D-02  0.236628343122D-02 -0.453231754861D-02 -0.973050779740D-02
 -0.294000435128D-02 -0.181020945092D-02 -0.185657389576D-02 -0.480306101169D-02
  0.139831056601D-02 -0.126028308558D-01  0.168113510517D-02  0.279518768223D-03
 -0.378245693152D-02 -0.402678948448D-02  0.594031703678D-02  0.353801695537D-03
 -0.188264271641D-05  0.164053967322D-03 -0.382441765363D-02 -0.286337119733D-02
 -0.279691130489D-02 -0.121198759781D-01  0.303792782746D-02 -0.458747535751D-02
  0.104911159256D-02 -0.363177387504D-03  0.278613326906D-03 -0.359836974448D-02
 -0.272070524313D-02 -0.273041534258D-02 -0.132105038642D-01 -0.319736011922D-02
 -0.112050865094D-02  0.318020123995D-02  0.105583067961D-04 -0.655894147089D-03
 -0.448031287397D-02 -0.119361892374D-01  0.391074060997D-02 -0.178489710599D-02
 -0.566407593756D-03 -0.125436932377D-01 -0.211578067871D-02 -0.166324502908D-02
 -0.384255605420D-02  0.427380825010D-02  0.997711778823D-02  0.218113037649D-02
  0.402500382019D+00 -0.334779381109D-02  0.121262061580D-02 -0.329492681532D-02
 -0.259130562496D-02 -0.228361335821D-03  0.736142054145D-03 -0.332143787982D-02
 -0.348520233968D-02  0.969139435877D-03  0.107204386901D-02  0.180830178361D-03
  0.571244927874D-03 -0.355376850116D-02 -0.323976170094D-02  0.345808860534D-03
 -0.152929313915D-02  0.462319418541D-03  0.897995863754D-03 -0.378032759633D-02
 -0.305864345436D-02  0.162180723282D-03  0.121980181257D-02  0.207266530823D-03
  0.115616371600D-02 -0.846561393603D-04 -0.352981330860D-02 -0.353500390683D-02
 -0.350787132107D-03  0.149838596749D-03 -0.897625978929D-04 -0.500340032310D-04
 -0.410209283412D-02 -0.425311217413D-02 -0.419709005900D-02  0.639100704052D-03
 -0.512782531146D-03  0.338179267978D-03  0.657582975776D-03  0.259672945746D-03
 -0.241391524246D-04 -0.385915647571D-02 -0.391160871533D-02 -0.392539898950D-02
  0.101669485734D-02 -0.399581532721D-04 -0.100029343560D-03  0.938217406537D-04
  0.443644664081D-04 -0.532616194149D-03 -0.501408866676D-02 -0.594148108175D-02
 -0.597526850841D-03  0.108053247659D-02  0.917315081379D-03 -0.663649894496D-02
  0.105488440035D-03 -0.383488718006D-03 -0.312160104648D-02 -0.776257654580D-03
  0.107770231119D-01 -0.329709145029D-02 -0.705874442648D-02  0.366879774560D+00
 -0.375592331331D-02  0.765590004165D-03  0.255903594467D-02 -0.130757824211D-02
  0.343667298807D-03 -0.182435156349D-03 -0.396200913656D-02 -0.247145230469D-02
  0.300015841327D-03  0.793036539176D-04  0.116433748945D-03 -0.822761338398D-05
 -0.402136487672D-02 -0.263124161191D-02  0.300262303267D-03 -0.412435691116D-03
 -0.277446906063D-03  0.172408577788D-03 -0.363344168232D-02 -0.339361558153D-02
 -0.522940952885D-03 -0.333000465339D-03  0.176994363451D-03  0.444552387401D-03
  0.959008817578D-04 -0.382255210382D-02 -0.363317280548D-02 -0.428529195058D-03
  0.162579288931D-04 -0.484609878670D-05  0.137576640780D-03 -0.430900140105D-02
 -0.392396312744D-02 -0.419113817262D-02  0.101273595077D-02  0.362701002450D-03
 -0.253778613423D-03  0.183101297665D-03  0.115229205741D-04 -0.113358144297D-03
 -0.423681732129D-02 -0.425091634996D-02 -0.415790774733D-02  0.918492236235D-03
 -0.178511239441D-03  0.400667539842D-03  0.171643589931D-03  0.388184687167D-03
  0.457820488065D-03 -0.507650645431D-02 -0.699706549322D-02  0.216240615062D-03
 -0.214261411298D-02 -0.263881888844D-03 -0.699436121264D-02  0.583309494448D-03
  0.185207890164D-02 -0.601748164166D-02 -0.263464767562D-04 -0.234115279491D-02
 -0.374292021970D-02 -0.677915791755D-02 -0.720465310099D-02  0.369948177827D+00
 -0.320519788332D-02 -0.903345746347D-02 -0.154342381842D-02 -0.226988706301D-03
  0.112079541534D-02 -0.856352021512D-03 -0.274269180805D-02 -0.650187289130D-04
 -0.371756168699D-02 -0.372399038437D-03 -0.102205490851D-01 -0.149560737117D-02
 -0.330085534873D-02 -0.771399400692D-03  0.255113389892D-02 -0.488743818567D-02
 -0.825161043928D-02 -0.128261281127D-02 -0.171897799857D-02 -0.144987500849D-02
 -0.459182012724D-02 -0.302133511235D-03 -0.990712929148D-02 -0.558476526211D-03
  0.383737190634D-03 -0.347440957347D-02 -0.350183005358D-02  0.435795716734D-02
  0.825106422293D-04  0.991125191339D-04 -0.344557327917D-04 -0.353610382377D-02
 -0.235618768127D-02 -0.280326703791D-02 -0.920701640786D-02  0.286875828569D-02
 -0.391680036152D-02  0.601025824477D-03 -0.588026341998D-03  0.364817033799D-03
 -0.355968695903D-02 -0.250404567531D-02 -0.294019193002D-02 -0.102164321706D-01
 -0.246940173842D-02 -0.131718034228D-02  0.277403465940D-02 -0.791939548242D-03
  0.406448227428D-04 -0.384756913491D-02 -0.102756158446D-01  0.365158829564D-02
 -0.283096353071D-02 -0.173144648732D-02 -0.107276638259D-01 -0.374517499933D-03
 -0.557386465509D-02 -0.441093174064D-02  0.309005831807D-02 -0.455838154895D-02
 -0.162791261505D-02 -0.118785192620D-01 -0.669391003546D-02 -0.631776629832D-02
  0.374136687458D+00 -0.348023443484D-02 -0.281962395438D-02 -0.994841903320D-03
 -0.539099905466D-02  0.648555671462D-03  0.104113024196D-02 -0.269887878352D-02
 -0.471636801260D-02 -0.311774494303D-03  0.201465730966D-02 -0.234626793257D-02
 -0.132659335063D-02 -0.322498064455D-02 -0.441857509427D-02  0.274440073089D-03
 -0.128369653821D-02 -0.118667297481D-02 -0.861706548103D-03 -0.362236277821D-02
 -0.334654327123D-02 -0.291205532812D-03  0.247590937989D-02 -0.266764659242D-02
  0.284778743854D-02 -0.141144083558D-03 -0.366721956121D-02 -0.390440582780D-02
  0.151529770940D-02  0.416758269489D-03 -0.146299154619D-03  0.104012541870D-03
 -0.413873915956D-02 -0.443780490981D-02 -0.395154879255D-02 -0.259830447772D-02
 -0.253078803492D-03 -0.410949887257D-03  0.105217438984D-02  0.390083962566D-03
 -0.108416625858D-03 -0.368638585312D-02 -0.387948890846D-02 -0.344464071780D-02
 -0.240566456919D-02 -0.771190444036D-03  0.171970790295D-03  0.599531227418D-03
  0.902910791572D-03 -0.117348306694D-02 -0.551349195703D-02 -0.741764460145D-02
 -0.238075079640D-03  0.218002404388D-02  0.175154321649D-02 -0.808306309727D-02
 -0.157216063993D-02  0.393178295118D-02 -0.235574576861D-02  0.614446504519D-03
  0.238958617500D-01  0.223677242435D-03 -0.544985158382D-02 -0.577352150243D-02
 -0.726491349208D-02 -0.931057805788D-02  0.406315417565D+00 -0.502443670180D-03
 -0.106469841709D-01 -0.754600785896D-02 -0.949258534785D-02  0.816405043331D-04
  0.239199076425D-02  0.189370868213D-02 -0.552926888271D-02 -0.270093886944D-02
  0.477638212120D-02 -0.830756022022D-02 -0.149056458886D-02  0.762107078735D-03
 -0.455877847112D-02  0.124413580626D-02 -0.510695746471D-02 -0.388588812408D-02
 -0.153652052204D-02 -0.766782163529D-03 -0.385219348105D-03 -0.814611866550D-03
  0.543947906213D-02 -0.891997319859D-02  0.300024657012D-02 -0.387871942599D-03
 -0.817936771698D-03 -0.189009210345D-02  0.602407147067D-02  0.915270671401D-03
 -0.214731880521D-03 -0.455112013295D-03 -0.668146900785D-03 -0.193495626045D-02
 -0.573724886440D-03 -0.109618676512D-01 -0.100444334754D-02 -0.106923872618D-02
  0.227931369790D-02  0.509413563679D-03  0.789804074942D-04  0.148375212259D-03
  0.482428652265D-04  0.816364019088D-03 -0.104692152846D-01 -0.176940538816D-02
 -0.588972099220D-03  0.192180015680D-02  0.125836044630D-02 -0.406565178306D-02
 -0.332492918572D-02 -0.381273297264D-02 -0.270400679911D-03  0.111160338242D-01
  0.362680787821D-02 -0.562472176556D-02 -0.457950598304D-02  0.487548248093D-02
  0.799323013938D-02  0.170551273544D-02  0.583616709789D-01  0.452350322571D-02
 -0.293410092279D-02  0.147616450550D-02 -0.484316886137D-02 -0.861550647399D-02
  0.696837987490D-02  0.413445520972D+00 -0.212826187948D-03 -0.384709547942D-02
 -0.472742544340D-02 -0.103835439295D-02  0.357547058508D-03  0.309131083652D-05
  0.174483906674D-03 -0.702115755677D-04 -0.153223981471D-02 -0.365416754660D-03
 -0.335123419078D-02 -0.151259913401D-02 -0.301868360720D-04 -0.299179323528D-03
  0.627491963427D-03 -0.120912216986D-02 -0.238883720148D-02 -0.103454441865D-02
  0.210229093483D-03  0.157328851938D-03 -0.130614014053D-02  0.735835503856D-03
 -0.339299372813D-02  0.625784017368D-03  0.656715021907D-04 -0.278985563845D-03
 -0.427189212314D-03  0.193981770632D-02  0.119204940006D-03  0.234557833289D-04
 -0.317029120874D-04 -0.130306551753D-03  0.850056904475D-05  0.836209054740D-04
 -0.358725991692D-02  0.628302475636D-03 -0.108465147279D-02  0.278189612829D-03
 -0.126257138477D-03  0.306056919438D-03 -0.116007052806D-03  0.368192803416D-03
 -0.542562991733D-04 -0.391390322718D-02 -0.664341672002D-03 -0.114935976701D-02
  0.912922004937D-03 -0.101525150559D-02 -0.395703105838D-03 -0.537195783466D-03
 -0.184605205958D-02  0.881198866777D-03  0.497219410388D-03 -0.131013001134D-03
 -0.183324512737D-02 -0.574894282075D-03 -0.593279758106D-02  0.371055379900D-03
  0.134688972346D-02  0.456839436662D-02  0.113246075596D-02 -0.139842386752D-02
 -0.520114922663D-03 -0.121844523300D-02 -0.184351401736D-02 -0.573239886016D-04
  0.195176978716D-02  0.381665621977D+00 -0.823889104194D-03  0.219292714499D-02
  0.242829906113D-02  0.229794853006D-02  0.141376436911D-03 -0.109279744162D-02
 -0.152806533195D-02  0.125982262687D-02  0.893862619052D-04 -0.205528240027D-02
  0.209674867002D-02 -0.176986908375D-03 -0.114676186412D-02  0.696905198712D-03
 -0.176960131908D-03  0.155564791597D-02  0.732949522504D-03 -0.406778422114D-04
 -0.431866336725D-03 -0.727203522542D-03 -0.324135226850D-03 -0.210508425339D-02
  0.227555376168D-02 -0.117399572996D-02  0.222521003097D-03 -0.693683287547D-03
 -0.343522022823D-03 -0.128900996599D-02 -0.278632203150D-03  0.123705087174D-03
  0.151089494626D-03 -0.664040316103D-03 -0.290536936275D-04 -0.604116603160D-03
  0.294339026356D-02  0.644418437385D-03  0.234238218514D-04 -0.752532990595D-03
 -0.312285519975D-03  0.710600342568D-04 -0.980421322683D-03 -0.744456200080D-03
 -0.114975744802D-02  0.251230611277D-02  0.505403621926D-03 -0.676508641535D-04
 -0.298229886151D-03 -0.733598310926D-03  0.146013344796D-02 -0.753805179655D-03
 -0.946030997265D-03  0.440433912036D-03 -0.414838912414D-02 -0.166129899301D-02
  0.490861654704D-05  0.159624570095D-02 -0.335296168617D-02 -0.448864862818D-02
  0.706135945355D-04 -0.209981684415D-01 -0.293758329798D-02 -0.621093152650D-03
 -0.259966204147D-02 -0.147131226228D-03  0.125914912169D-02 -0.414067506900D-02
 -0.881320793661D-02 -0.352407085625D-03  0.387569301385D+00 -0.107414193495D-02
  0.733409509272D-03  0.155188442829D-01  0.245529406424D-02 -0.586698591007D-03
 -0.149258468850D-02 -0.149980767401D-02  0.864427402118D-03 -0.589755530489D-03
  0.326713364393D-03  0.435470502319D-03  0.348331216438D-02 -0.116617003230D-02
  0.727585619703D-03  0.785291953335D-03 -0.125956731817D-02 -0.252466614071D-03
  0.152581878365D-02 -0.566334221656D-03 -0.738678119496D-03 -0.713010237707D-03
 -0.390284464528D-02  0.817109709579D-03 -0.497219872560D-02  0.284829821401D-03
 -0.898029360386D-03 -0.678108942258D-03 -0.281013211368D-03 -0.269469171312D-03
  0.192526046900D-03 -0.255528856528D-03 -0.777148085893D-03 -0.674262560297D-04
 -0.894398016728D-03  0.951853466860D-03  0.635511556270D-03 -0.218362639549D-03
 -0.461851167003D-03 -0.549003215829D-03 -0.516472673876D-03 -0.101123646137D-02
 -0.135172119771D-02 -0.420379786108D-03  0.678533750504D-03  0.441860473065D-04
  0.237317786818D-02  0.134106802143D-03  0.240614125760D-02  0.997618691600D-03
 -0.160678708520D-02 -0.153184253993D-02  0.759434838520D-03 -0.204149311414D-02
 -0.222908472532D-02 -0.124224748505D-02  0.133051926896D-02  0.135971410478D-01
 -0.300249381016D-02 -0.551430103584D-03 -0.202094459072D-01 -0.694028673059D-02
 -0.449251030411D-02 -0.230384352967D-02  0.203993423470D-03  0.113014960775D-02
 -0.663670159421D-02 -0.959252641633D-02 -0.277737331703D-02  0.335090182553D-02
  0.247475469380D-01 -0.123278161886D-02  0.188653990673D-03  0.242484618741D-01
  0.112150590061D-02 -0.107729788723D-02 -0.708887405483D-03 -0.113285559276D-02
 -0.721910898232D-03 -0.503129254663D-04  0.394218651559D-02 -0.123493878140D-02
  0.674293268387D-02 -0.120786642278D-02 -0.358048205446D-04  0.128336818130D-02
 -0.384731885136D-02 -0.850024294187D-03  0.314068491899D-02 -0.118957547829D-02
 -0.820959770185D-03 -0.924402691303D-04 -0.335269366263D-02 -0.814461828460D-03
 -0.623694408382D-02  0.977773507026D-04 -0.124139988198D-02 -0.124152626781D-02
  0.307112606201D-03 -0.126345459199D-03  0.630949874678D-04 -0.522378628931D-03
 -0.127054372494D-02 -0.979408017750D-03 -0.151385960850D-02 -0.101569235986D-02
  0.830528251919D-04 -0.190029217753D-03  0.249940016344D-03 -0.336163447863D-03
 -0.114351539253D-02 -0.116726294084D-02 -0.232560358732D-02  0.479276379258D-04
 -0.663144206392D-03 -0.575008995736D-03  0.461746965030D-02  0.293625621630D-03
  0.567170599515D-02 -0.173874412351D-03 -0.245698124729D-02 -0.211307728364D-02
  0.550329642239D-03  0.134588381170D-02 -0.100255022714D-02 -0.333482376634D-02
  0.109010548023D-03  0.307143108954D-01 -0.478401304178D-03 -0.173409612339D-02
 -0.640096779030D-02 -0.828300903191D-02 -0.783822639012D-02 -0.131807019782D-02
 -0.305319444372D-03 -0.132576525620D-02 -0.654329346787D-02 -0.586100553602D-02
 -0.493080179014D-02  0.940235112558D-03  0.199046158082D-01  0.464870371470D-01
 -0.340954511794D-03 -0.147892513449D-02  0.281743929390D-01 -0.367428197047D-02
  0.202734251692D-02  0.357501497873D-04  0.570041029570D-03 -0.242445467993D-02
  0.263668125095D-04  0.354069190016D-02  0.119778728969D-02 -0.876883948806D-03
  0.358307388587D-03 -0.188369642219D-02 -0.174768221960D-02  0.433991757018D-02
  0.596950371131D-03 -0.240063858171D-02 -0.172976118566D-03 -0.160152594183D-02
  0.157773332187D-02 -0.579686815028D-04  0.419305046460D-03  0.192008316560D-02
 -0.181740290853D-03 -0.122710036199D-03 -0.191074502893D-03 -0.160955873326D-05
  0.298803856054D-03 -0.170335915979D-03  0.666237415640D-03 -0.228683813069D-03
 -0.494272276126D-03  0.209477335670D-03  0.398646381167D-03 -0.402655864364D-04
  0.590383440210D-04  0.217159160232D-04  0.488195381015D-03 -0.134230222740D-02
  0.221727144586D-03 -0.165389341843D-02  0.125920563048D-02  0.413671323882D-03
 -0.668020988366D-03  0.504696617841D-02 -0.882380863685D-03  0.644550572824D-02
  0.109443244845D-03 -0.139128895126D-03 -0.676216128444D-03 -0.398565381138D-03
 -0.123069184780D-02  0.168252549983D-02 -0.359188367236D-03 -0.290069047450D-02
  0.353558494840D-01 -0.154123931763D-02  0.739085375000D-03  0.127139702540D-01
  0.599905674678D-02  0.723608490823D-02 -0.896781741930D-03  0.387723185630D-02
 -0.279302410703D-02  0.881813808602D-02  0.310745062156D-02 -0.226571957503D-02
 -0.120155948769D-02 -0.328209005110D-03  0.361040001672D-02  0.513743987249D-01
$end
