$hessapprox internal
  0.465134791928D+00 -0.370419630382D-02  0.118917751288D+01 -0.779508198484D-03
 -0.477407775422D-03  0.190744288858D+00  0.648389579862D-03  0.299770705494D-03
  0.945878173255D-02  0.190437263889D+00  0.683295650832D-06 -0.108255835833D-05
  0.300295138552D-05 -0.876100512392D-05  0.200000330873D+00 -0.557983699090D-06
 -0.439976731591D-06  0.100878322720D-05  0.495791031110D-06 -0.904873856532D-07
  0.200000024443D+00 -0.283952736543D-02 -0.523319154180D-02  0.107566393221D-01
 -0.104177096423D-01 -0.485892309444D-04  0.103768218564D-04  0.447194716415D+00
 -0.213825610285D-02 -0.314030869746D-02 -0.617136875838D-02  0.581366135054D-02
  0.218642464019D-04 -0.501363443807D-05  0.177842767139D-02  0.406880223883D+00
 -0.594434611732D-06  0.101140355660D-05 -0.656046328235D-05  0.110298900730D-04
 -0.253071746828D-06  0.702416622567D-07  0.427669712331D-04 -0.190978204439D-04
  0.346389046746D+00 -0.392572773554D-03 -0.122647000247D-02  0.140873906498D-01
 -0.134342715355D-01 -0.507998105240D-04  0.105054085469D-04 -0.123154684662D-01
  0.423432912768D-02  0.441059912528D-04  0.335985616934D+00 -0.154997499242D-03
 -0.798021610444D-03  0.113617912016D-01 -0.109525308656D-01 -0.354312594223D-04
  0.713322685454D-05 -0.103781462501D-01  0.412572402810D-02  0.315895147031D-04
 -0.992350160860D-02  0.346772045513D+00  0.123055553306D-04 -0.995788698357D-05
  0.106378590807D-03 -0.170376434493D-03  0.355189620645D-05 -0.985217792834D-06
 -0.612466410828D-03  0.285472042235D-03 -0.268058987877D-05 -0.665810532183D-03
 -0.476014628212D-03  0.361367267823D+00 -0.242974158730D-02 -0.389638023571D-02
  0.480355156353D-03 -0.438759446774D-03 -0.103787746449D-04  0.221209229662D-05
 -0.310531126094D-02 -0.216408581286D-02  0.841118196726D-05 -0.497887701609D-03
 -0.438296699181D-03 -0.117326932947D-03  0.414618291241D+00 -0.238361230911D-02
 -0.363605080749D-02 -0.380944453367D-02  0.359325766712D-02  0.108924766752D-04
 -0.268109781651D-05 -0.279071844543D-03 -0.337521175979D-02 -0.990415822844D-05
  0.282495525946D-02  0.265462818246D-02  0.146536428914D-03 -0.237475420606D-02
  0.408887801242D+00  0.724635532177D-04  0.133327024736D-03 -0.207136224388D-03
  0.204066733809D-03  0.125890019304D-05 -0.340936135067D-06  0.188405788141D-03
 -0.766610054022D-04 -0.118853867102D-05  0.491031405738D-03  0.334273217717D-03
  0.147924659504D-04  0.719865629562D-04  0.311076631290D-04  0.335781558984D+00
 -0.219708672720D-03 -0.666896916041D-03  0.670691223486D-02 -0.638291261365D-02
 -0.300202742309D-04  0.689303957713D-05 -0.500966850291D-02  0.212932436621D-02
  0.264563580044D-04 -0.635377539098D-02 -0.553648457196D-02 -0.376206310276D-03
 -0.181136188105D-03  0.999886747479D-03  0.311971642840D-05  0.333839642588D+00
  0.787973566995D-03  0.396972336777D-03  0.122005843445D-01 -0.121092544807D-01
 -0.234123637667D-04  0.397399061457D-05 -0.117713893531D-01  0.676064322030D-02
  0.234379082898D-04 -0.154609139580D-01 -0.128022453699D-01 -0.350870565895D-03
 -0.181244991526D-03  0.433304994107D-02  0.222721242223D-03 -0.730104801086D-02
  0.301974954896D+00 -0.831853371398D-04 -0.162501212952D-03 -0.170799220902D-03
  0.158195008928D-03 -0.431228012703D-05  0.156903196792D-05  0.841210734589D-03
  0.146232426432D-03  0.427163731864D-05 -0.167537837054D-02 -0.863355222474D-03
 -0.411201122237D-04 -0.121185027174D-04 -0.359084201970D-03 -0.252995462513D-03
  0.111554547294D-02  0.229937838806D-03  0.337771704239D+00 -0.248301227695D-02
 -0.394258441386D-02 -0.148395540821D-03  0.173358896557D-03 -0.879553433231D-05
  0.194545197967D-05 -0.254484788414D-02 -0.244608528686D-02  0.699155152721D-05
  0.431883795944D-04  0.764672714131D-04 -0.948293061265D-04 -0.234121983293D-02
 -0.259568483176D-02  0.409492408447D-04  0.207542001597D-03  0.554128663491D-03
  0.130758356018D-03  0.415411512389D+00 -0.247118468609D-02 -0.373673996812D-02
 -0.443912168445D-02  0.420294546179D-02  0.123214803440D-04 -0.288682799927D-05
  0.261050956516D-03 -0.367098126787D-02 -0.111312456632D-04  0.324900511070D-02
  0.310117695009D-02  0.167693029365D-03 -0.242524946618D-02 -0.334996027827D-02
 -0.150371452921D-04  0.147444615118D-02  0.505316105005D-02 -0.722029142339D-04
 -0.265652228876D-02  0.409656263347D+00  0.687363162987D-04  0.252552738868D-04
  0.116525645712D-02 -0.117920048964D-02 -0.259511577572D-06 -0.224460180856D-06
 -0.143953795014D-02  0.663271821712D-03  0.572239748734D-06 -0.137873835055D-02
 -0.120193818382D-02 -0.127679287900D-04 -0.791548795674D-04  0.465322876073D-03
  0.654008466385D-04 -0.948971500465D-03 -0.150647132867D-02 -0.295646429273D-03
 -0.272830274797D-04  0.495140170857D-03  0.335113804403D+00 -0.377206546346D-03
 -0.711553852529D-03  0.476201621285D-02 -0.438474056497D-02 -0.252556262679D-04
  0.566153680026D-05 -0.342881110260D-02  0.556060089898D-03  0.210009977941D-04
 -0.168120987250D-02 -0.220101972482D-02 -0.312687397648D-03 -0.118798538481D-03
  0.383014146303D-03  0.179159342299D-03 -0.131603238055D-02 -0.476753356837D-02
 -0.684265513074D-03  0.460815478849D-05  0.470846350393D-03 -0.428825578976D-03
  0.335620232332D+00  0.888786457656D-03  0.449758427681D-03  0.136702884173D-01
 -0.135733525722D-01 -0.263151770979D-04  0.448800323779D-05 -0.131716409101D-01
  0.759736914149D-02  0.263947431399D-04 -0.174559466484D-01 -0.144305179336D-01
 -0.393763827648D-03 -0.205028696563D-03  0.483471430459D-02  0.236568736454D-03
 -0.811541344915D-02 -0.166119826750D-01  0.385300304121D-03  0.628087430283D-03
  0.566192931800D-02 -0.170741687551D-02 -0.538457843316D-02  0.298303647789D+00
 -0.931199476198D-04 -0.188951115527D-03  0.338369124486D-03 -0.274831879283D-03
 -0.941514832257D-05  0.282231012419D-05  0.836270528440D-03  0.121453133138D-03
  0.837369033289D-05 -0.163966508585D-02 -0.947412967341D-03 -0.100607709869D-03
  0.687374222090D-04 -0.330278936325D-03 -0.243460264930D-03  0.110891627054D-02
 -0.140863501192D-03  0.198624252276D-02  0.215322158776D-03 -0.465046800686D-04
 -0.343243351957D-03 -0.542937874746D-03 -0.363987033944D-04  0.337160645982D+00
 -0.248457953405D-02 -0.394192604659D-02 -0.159680525941D-03  0.191820888501D-03
 -0.921081723855D-05  0.206148234848D-05 -0.247455222520D-02 -0.247717246825D-02
  0.730858590489D-05  0.111678061494D-03  0.126235842728D-03 -0.992160670073D-04
 -0.232807872856D-02 -0.261288246139D-02  0.385540067475D-04  0.252568401797D-03
  0.592837877836D-03  0.141489690090D-03 -0.236768825357D-02 -0.267517220821D-02
 -0.268771348126D-04  0.373527807010D-04  0.671915584855D-03  0.232581413911D-03
  0.415434171012D+00 -0.247406347650D-02 -0.373462692534D-02 -0.446238570901D-02
  0.424104633790D-02  0.114896217567D-04 -0.265602437228D-05  0.402448552877D-03
 -0.373615214521D-02 -0.105015506862D-04  0.339943775743D-02  0.320887551492D-02
  0.158890830504D-03 -0.239811998777D-02 -0.338378983572D-02 -0.187180941730D-04
  0.156191517898D-02  0.513286445855D-02 -0.603926441515D-04 -0.263435684295D-02
 -0.365770624048D-02  0.497575721259D-03  0.541919434319D-03  0.575151460687D-02
 -0.209932141127D-04 -0.265197212371D-02  0.409581604188D+00  0.681238195083D-04
  0.269833344732D-04  0.115882715516D-02 -0.116616358953D-02 -0.632694683908D-06
 -0.121923876057D-06 -0.138054496746D-02  0.636666262749D-03  0.855924537077D-06
 -0.131585132558D-02 -0.115770761698D-02 -0.167512198022D-04 -0.668450797846D-04
  0.452174242147D-03  0.639868145019D-04 -0.913052939655D-03 -0.147595738805D-02
 -0.291511356184D-03 -0.170344573736D-04  0.480057410779D-03 -0.957014052398D-04
 -0.398341148294D-03 -0.167317191085D-02 -0.333121279935D-03 -0.161645043422D-04
  0.483425657339D-03  0.335115811409D+00 -0.362840738531D-03 -0.722192257329D-03
  0.488038039809D-02 -0.457600808714D-02 -0.212087105076D-04  0.453987508332D-05
 -0.412227880397D-02  0.880269135625D-03  0.179462869119D-04 -0.243727284875D-02
 -0.274096942012D-02 -0.269882427074D-03 -0.251817622935D-03  0.549237721349D-03
  0.195762691099D-03 -0.174204442417D-02 -0.516374768725D-02 -0.729672059373D-03
 -0.102851709334D-03  0.661212365012D-03 -0.443245452955D-03  0.284874760500D-04
 -0.582913276414D-02 -0.656029408335D-03 -0.751034231173D-04  0.722252622733D-03
 -0.417300914648D-03  0.334957978213D+00  0.888192070298D-03  0.450503148974D-03
  0.136643330498D-01 -0.135636830551D-01 -0.265218344761D-04  0.454528531195D-05
 -0.131361497566D-01  0.758101321194D-02  0.265508393259D-04 -0.174176437093D-01
 -0.144031708549D-01 -0.395950165755D-03 -0.198126891124D-03  0.482637424044D-02
  0.235708205838D-03 -0.809368682316D-02 -0.165919030423D-01  0.387739256962D-03
  0.633698601544D-03  0.565238075935D-02 -0.170670915253D-02 -0.536653450747D-02
 -0.186096596406D-01 -0.305131335879D-04  0.677782301685D-03  0.574247860896D-02
 -0.167223236635D-02 -0.581358127596D-02  0.298348855259D+00 -0.812276080296D-04
 -0.197969600724D-03  0.439023467419D-03 -0.435928111632D-03 -0.606281354444D-05
  0.189252994753D-05  0.258311942038D-03  0.391471676681D-03  0.584418990947D-05
 -0.226939127708D-02 -0.139757265953D-02 -0.651713897608D-04 -0.418096989780D-04
 -0.191667873865D-03 -0.229577697377D-03  0.753868961131D-03 -0.472476619341D-03
  0.194812894878D-02  0.126083392423D-03  0.112200184510D-03 -0.355433432681D-03
 -0.838580827144D-03 -0.408502094317D-03  0.189823078313D-02  0.139204471381D-03
  0.129404862871D-03 -0.349071009296D-03 -0.911272487164D-03 -0.404679978120D-03
  0.337005479491D+00 -0.243222609039D-02 -0.389784939302D-02  0.467484377485D-03
 -0.421161001500D-03 -0.106504553180D-04  0.228947417567D-05 -0.305394800680D-02
 -0.218830761412D-02  0.861735173726D-05 -0.447564714992D-03 -0.400577396792D-03
 -0.120147786647D-03 -0.231687100655D-02 -0.238938420632D-02  0.700179694209D-04
 -0.146775020408D-03 -0.148834309197D-03 -0.273791695182D-05 -0.233483902696D-02
 -0.244081684835D-02 -0.785974438632D-04 -0.957518936684D-04 -0.168265622898D-03
  0.825504110927D-04 -0.232134894265D-02 -0.241301837580D-02 -0.659866716301D-04
 -0.231983564975D-03 -0.161199293026D-03 -0.306566660061D-04  0.414634118624D+00
 -0.238897538305D-02 -0.363654871553D-02 -0.384602359083D-02  0.364568924428D-02
  0.100127346412D-04 -0.243396104521D-05 -0.116609256220D-03 -0.345233866237D-02
 -0.924174635517D-05  0.299814922544D-02  0.278099094304D-02  0.137331430680D-03
 -0.234670474315D-02 -0.310997748564D-02  0.264939325558D-04  0.110267968804D-02
  0.443300439098D-02 -0.342943547628D-03 -0.257336787834D-02 -0.339717113386D-02
  0.468784449546D-03  0.462608198934D-03  0.494723699145D-02 -0.299187185006D-03
 -0.258947058014D-02 -0.342883425714D-02  0.456616936736D-03  0.618339031214D-03
  0.493943332524D-02 -0.169261367861D-03 -0.236062919796D-02  0.408805708275D+00
  0.743472521850D-04  0.131353983775D-03 -0.190147655706D-03  0.176042351796D-03
  0.187531690938D-05 -0.511739408667D-06  0.836789331535D-04 -0.284113640715D-04
 -0.165475307231D-05  0.378616813902D-03  0.254019787762D-03  0.213189832015D-04
  0.516319414779D-04  0.558397366071D-04  0.295635819779D-04 -0.612611106907D-04
  0.163901458757D-03 -0.260780360295D-03  0.243444419519D-04  0.131655711527D-04
  0.634688218241D-04  0.126029008139D-03  0.170511490385D-03 -0.261445857799D-03
  0.211849803028D-04  0.795415624844D-05  0.613632373550D-04  0.150072006331D-03
  0.169270941441D-03 -0.241403751182D-03  0.491702369114D-04  0.496223677769D-04
  0.335787916160D+00 -0.204446239117D-03 -0.676440878361D-03  0.683055112657D-02
 -0.657935374568D-02 -0.259809148466D-04  0.577194334711D-05 -0.570800415439D-02
  0.245634463279D-02  0.234085739641D-04 -0.711384535888D-02 -0.608050479507D-02
 -0.333530378464D-03 -0.313695488152D-03  0.116866090130D-02  0.201112550466D-04
 -0.231931695904D-02 -0.770359337133D-02  0.106781304729D-02  0.100653101041D-03
  0.166730062561D-02 -0.963654088117D-03 -0.167247762364D-02 -0.856721495543D-02
  0.993454867361D-03  0.140690125371D-03  0.174476338153D-02 -0.932264282978D-03
 -0.204983683495D-02 -0.854797344774D-02  0.678684616849D-03 -0.282542236022D-03
  0.126099125529D-02 -0.368506758170D-04  0.333027910997D+00  0.786460663725D-03
  0.398737745223D-03  0.121871298591D-01 -0.120864423354D-01 -0.239327582251D-04
  0.411774875637D-05 -0.116841428384D-01  0.672011191087D-02  0.238311604098D-04
 -0.153655770001D-01 -0.127345368326D-01 -0.356390480907D-03 -0.164045083953D-03
  0.431262529996D-02  0.220709787305D-03 -0.724782302072D-02 -0.147533920330D-01
  0.235095973827D-03  0.568100563263D-03  0.502964073499D-02 -0.150472491282D-02
 -0.472238379687D-02 -0.165574282523D-01 -0.127061361563D-03  0.607451759814D-03
  0.511063684467D-02 -0.147362636017D-02 -0.512489091933D-02 -0.165370272665D-01
 -0.463884540213D-03 -0.131221436921D-03  0.441393264793D-02  0.160931130437D-03
 -0.765664257017D-02  0.302073094474D+00 -0.939649621377D-04 -0.154200826695D-03
 -0.262237298676D-03  0.304749954635D-03 -0.736988176026D-05  0.241701025791D-05
  0.136797280220D-02 -0.997548040427D-04  0.657894319893D-05 -0.110164078918D-02
 -0.453263694901D-03 -0.734437043736D-04  0.887216497832D-04 -0.485328527367D-03
 -0.265656453294D-03  0.143913564912D-02  0.531896484989D-03  0.206636118903D-02
  0.212193659828D-03 -0.216739076338D-03 -0.284582908976D-03 -0.414828277172D-03
  0.724133640262D-03  0.207230098671D-02  0.226699806668D-03 -0.197351688288D-03
 -0.277018635354D-03 -0.497085818754D-03  0.728454783906D-03  0.200368023247D-02
  0.100528934020D-03 -0.461264932306D-03 -0.279059794576D-03  0.135466395480D-02
  0.541806915239D-03  0.337869195947D+00 -0.247159191585D-02 -0.394485886541D-02
  0.264197986528D-03 -0.229968925873D-03 -0.937501247196D-05  0.196970972316D-05
 -0.301851485422D-02 -0.229784378642D-02  0.750440625964D-05 -0.191420680511D-03
 -0.196185193041D-03 -0.104869381246D-03 -0.236041548925D-02 -0.246161257024D-02
  0.787192689903D-04 -0.110550318228D-03  0.589701487818D-04 -0.928324810885D-04
 -0.239329752144D-02 -0.253294165660D-02 -0.412520175456D-04 -0.248701436584D-04
  0.599854809051D-04 -0.106001350395D-04 -0.238177677791D-02 -0.250876221800D-02
 -0.301270748343D-04 -0.143813173468D-03  0.661664344947D-04 -0.109406862909D-03
 -0.235381381684D-02 -0.243709319011D-02  0.605117478879D-04 -0.228845750865D-03
  0.744253218228D-04 -0.269311945797D-05  0.414383631429D+00 -0.236899096334D-02
 -0.362407682171D-02 -0.357084584619D-02  0.336354693813D-02  0.105246111785D-04
 -0.267151526321D-05 -0.542542708243D-03 -0.329828800834D-02 -0.962485406735D-05
  0.277046353799D-02  0.254569159280D-02  0.140184672390D-03 -0.237463920733D-02
 -0.296923969210D-02  0.617724370437D-04  0.773553313229D-03  0.406289854019D-02
 -0.571531367296D-03 -0.259971008405D-02 -0.327172725981D-02  0.470071038668D-03
  0.393249515081D-03  0.451780642484D-02 -0.538454009211D-03 -0.261685509146D-02
 -0.330435277753D-02  0.457495569185D-03  0.552148287750D-03  0.450982559949D-02
 -0.405919959550D-03 -0.238936980914D-02 -0.301032824175D-02  0.855097926440D-04
  0.935153125796D-03  0.404344955470D-02 -0.692249004276D-03 -0.244980824890D-02
  0.409403123342D+00  0.156548781075D-05 -0.116875093870D-05  0.124425261721D-04
 -0.205547441444D-04  0.453306231452D-06 -0.125608292097D-06 -0.767077949711D-04
  0.355758880804D-04 -0.342900977569D-06 -0.825254037278D-04 -0.589378492655D-04
  0.479977730655D-05 -0.147930779167D-04  0.183339031487D-04  0.192232897747D-05
 -0.473239460652D-04 -0.432050114251D-04 -0.578763853097D-05 -0.120470760767D-04
  0.208718392005D-04 -0.140242539109D-05 -0.390073555086D-04 -0.485218281020D-04
 -0.132785847009D-04 -0.126092828089D-04  0.197462384526D-04 -0.191097814583D-05
 -0.335361037421D-04 -0.488013022231D-04 -0.874871270588D-05 -0.151559336896D-04
  0.171542931518D-04  0.275663430808D-05 -0.418678494045D-04 -0.439101510485D-04
 -0.991957746660D-05 -0.132137509023D-04  0.176117060691D-04  0.335681308551D+00
 -0.161570837373D-03 -0.552187473884D-03  0.582567648975D-02 -0.555235966340D-02
 -0.279075969367D-04  0.665149144205D-05 -0.399490318271D-02  0.200694717790D-02
  0.248587279775D-04 -0.636919865400D-02 -0.528802326550D-02 -0.344658161264D-03
 -0.111611156412D-03  0.778199844865D-03 -0.109978502839D-03 -0.116379681169D-02
 -0.636152959426D-02  0.189770932431D-02  0.295570365655D-03  0.132880074612D-02
 -0.967585516149D-03 -0.146673764737D-02 -0.700995040654D-02  0.186578407564D-02
  0.339478124481D-03  0.140994572410D-02 -0.934631069126D-03 -0.185647156110D-02
 -0.699001860657D-02  0.154082367729D-02 -0.774875874139D-04  0.874732777504D-03
 -0.169288274531D-03 -0.155821627246D-02 -0.631309218876D-02  0.219391599216D-02
 -0.840593096215D-04  0.482327551509D-03 -0.436261251764D-04  0.335475501978D+00
  0.814208123924D-03  0.449333897807D-03  0.121169348415D-01 -0.120135863129D-01
 -0.238024968947D-04  0.408769399068D-05 -0.115735002020D-01  0.668755480363D-02
  0.236711031528D-04 -0.151953920121D-01 -0.126155541231D-01 -0.354524053174D-03
 -0.128793307846D-03  0.431641543001D-02  0.225476316818D-03 -0.721367675723D-02
 -0.146648126321D-01  0.181095792447D-03  0.593969938785D-03  0.502107557420D-02
 -0.148707572799D-02 -0.465639294775D-02 -0.164606439309D-01 -0.175015960635D-03
  0.632960245759D-03  0.510159120596D-02 -0.145613065079D-02 -0.505683666824D-02
 -0.164403508699D-01 -0.510094465095D-03 -0.963060192442D-04  0.441702687096D-02
  0.166026578923D-03 -0.762033121703D-02 -0.146155777239D-01  0.486216489885D-03
  0.110185867974D-03  0.405481382017D-02 -0.436672870572D-04 -0.630726524619D-02
  0.302285189586D+00  0.118340258165D-04 -0.857285545305D-05  0.988250150802D-04
 -0.158088266641D-03  0.328820846750D-05 -0.912103725457D-06 -0.566828869457D-03
  0.264894782504D-03 -0.248134380672D-05 -0.617153195783D-03 -0.441284412359D-03
  0.347566026042D-04 -0.108260545799D-03  0.136172435360D-03  0.136792955225D-04
 -0.348483856549D-03 -0.325345781745D-03 -0.379050371244D-04 -0.874004585677D-04
  0.155805103871D-03 -0.118838895918D-04 -0.289743268488D-03 -0.365102014297D-03
 -0.929978363578D-04 -0.914608256592D-04  0.147657068613D-03 -0.155714107547D-04
 -0.250118691968D-03 -0.367125901963D-03 -0.601945474328D-04 -0.110871071858D-03
  0.127652297000D-03  0.197208677736D-04 -0.308979145659D-03 -0.330455692045D-03
 -0.678268971996D-04 -0.967253836293D-04  0.130268251763D-03  0.444313236277D-05
 -0.319182391376D-03 -0.328730633452D-03  0.335694846669D+00 -0.302531983223D-02
 -0.525867080488D-02  0.687781575484D-02 -0.669741260553D-02 -0.319037181317D-04
  0.642969902488D-05 -0.979031214913D-02 -0.161509832887D-03  0.279817663809D-04
 -0.751682651835D-02 -0.657963873365D-02 -0.401662838011D-03 -0.326198861918D-02
 -0.157933190261D-02  0.230143860481D-03 -0.319193089334D-02 -0.770946453719D-02
  0.208413794800D-03 -0.295446495958D-02 -0.128841013136D-02 -0.874033626605D-03
 -0.187192892781D-02 -0.860536056962D-02  0.211736258748D-03 -0.290931167064D-02
 -0.119612725078D-02 -0.835013144126D-03 -0.232666327918D-02 -0.858201939049D-02
 -0.167253664471D-03 -0.322991272704D-02 -0.147478556226D-02  0.161445862552D-03
 -0.364909757938D-02 -0.765200358363D-02  0.553858726714D-03 -0.320228035609D-02
 -0.171966519182D-02 -0.501916268080D-04 -0.262057248741D-02 -0.754550878284D-02
 -0.371511204842D-03  0.361330557056D+00 -0.299104662195D-02 -0.499005173115D-02
  0.273527165755D-02 -0.265495121222D-02 -0.244178883683D-04  0.555866852688D-05
 -0.516724373674D-02 -0.171169765119D-02  0.212790534703D-04 -0.448440134323D-02
 -0.354025499728D-02 -0.283968433188D-03 -0.297890717345D-02 -0.284551571048D-02
 -0.605619337937D-04 -0.154864611347D-03 -0.288286768338D-02  0.186920550813D-02
 -0.277299520240D-02 -0.252780588371D-02 -0.636540114543D-03 -0.120392526397D-02
 -0.307784077110D-02  0.190786389756D-02 -0.273564020088D-02 -0.246034065705D-02
 -0.607972394327D-03 -0.152450558465D-02 -0.306119970453D-02  0.164070553519D-02
 -0.295214811525D-02 -0.276913993549D-02 -0.110082100507D-03 -0.477931437892D-03
 -0.284250491212D-02  0.211286702338D-02 -0.305945978798D-02 -0.308449547182D-02
 -0.361678662944D-04  0.810639051659D-03 -0.281420967310D-02 -0.262259554579D-03
 -0.465617026496D-02  0.357054220238D+00 -0.300123064787D-02 -0.498234035309D-02
  0.264919450015D-02 -0.251704526744D-02 -0.272964515649D-04  0.635723441874D-05
 -0.467129336104D-02 -0.194292770443D-02  0.234519472539D-04 -0.394595562318D-02
 -0.315517389736D-02 -0.314396608464D-03 -0.288406970948D-02 -0.296447129217D-02
 -0.726370138204D-04  0.150197563476D-03 -0.259876906352D-02  0.190331341308D-02
 -0.269631093531D-02 -0.266377146054D-02 -0.626335647259D-03 -0.950983940983D-03
 -0.275896316212D-02  0.199012297661D-02 -0.265539852835D-02 -0.258917199100D-02
 -0.594539979699D-03 -0.130625336806D-02 -0.274055024536D-02  0.169424680052D-02
 -0.285502204213D-02 -0.288063309434D-02 -0.127446583993D-03 -0.207454858120D-03
 -0.255393326471D-02  0.217317018848D-02 -0.297473919344D-02 -0.319839548631D-02
 -0.400578625868D-04  0.109047033237D-02 -0.252716925899D-02 -0.290426727813D-03
 -0.433114734231D-02 -0.163261983735D-02  0.357539783092D+00 -0.304848480253D-02
 -0.524911001884D-02  0.669855628352D-02 -0.642027707325D-02 -0.373287571012D-04
  0.793904062977D-05 -0.883820273242D-02 -0.609317423381D-03  0.320720079409D-04
 -0.648269774603D-02 -0.583654249003D-02 -0.458860825496D-03 -0.308485276351D-02
 -0.181323822397D-02  0.206338491876D-03 -0.260255530666D-02 -0.715171646729D-02
  0.278106674252D-03 -0.281219628041D-02 -0.155464739475D-02 -0.853591235482D-03
 -0.138933316662D-02 -0.797905370412D-02  0.372804843975D-03 -0.276033695408D-02
 -0.144894459005D-02 -0.808494774412D-03 -0.190927600180D-02 -0.795238129984D-02
 -0.601655039624D-04 -0.304846596267D-02 -0.169466605021D-02  0.127693095778D-03
 -0.312473267929D-02 -0.708584584039D-02  0.672791304093D-03 -0.304480817788D-02
 -0.194424398198D-02 -0.575075292150D-04 -0.207801954012D-02 -0.698250828318D-02
 -0.424457880493D-03 -0.689918841232D-02 -0.421577724216D-02 -0.384439721990D-02
  0.362660204080D+00 -0.327652789837D-02 -0.544818285193D-02  0.487079305066D-02
 -0.462568042644D-02 -0.280869016684D-04  0.548238641230D-05 -0.812190441901D-02
 -0.184680255017D-02  0.232634387080D-04 -0.280400884930D-02 -0.317482666011D-02
 -0.347819527694D-03 -0.325710070553D-02 -0.229587509996D-02  0.392009050161D-03
 -0.254442023380D-02 -0.502199622023D-02 -0.151891322948D-02 -0.321447504653D-02
 -0.239220580479D-02 -0.359159583900D-03 -0.183409921390D-03 -0.570353607409D-02
 -0.135540688590D-02 -0.318029493278D-02 -0.231396966873D-02 -0.324539967483D-03
 -0.578650751571D-03 -0.568331263526D-02 -0.168409871251D-02 -0.323545974594D-02
 -0.221200949013D-02  0.332855363432D-03 -0.293891711816D-02 -0.497120818441D-02
 -0.121931190705D-02 -0.318187360051D-02 -0.220394178257D-02 -0.431321965982D-04
 -0.283017163533D-02 -0.483593224346D-02 -0.321717323549D-03 -0.628207050724D-02
 -0.576975335484D-02 -0.548898884301D-02 -0.575278767828D-02  0.363651932337D+00
 -0.326550381455D-02 -0.545401421379D-02  0.495731833845D-02 -0.476245642139D-02
 -0.252888769991D-04  0.470481801316D-05 -0.860649264947D-02 -0.162063420790D-02
  0.211503300632D-04 -0.332623345471D-02 -0.354948629081D-02 -0.318274856736D-03
 -0.334841566001D-02 -0.217798107851D-02  0.404326789538D-03 -0.284451909073D-02
 -0.530146000336D-02 -0.155646616522D-02 -0.328834132535D-02 -0.225829103799D-02
 -0.368721948905D-03 -0.428399511898D-03 -0.601748289171D-02 -0.143965066578D-02
 -0.325762893206D-02 -0.218698732896D-02 -0.337237501841D-03 -0.789960948513D-03
 -0.599898002711D-02 -0.174046016644D-02 -0.332900942673D-02 -0.210137163262D-02
  0.350310798012D-03 -0.320543325075D-02 -0.525501377299D-02 -0.128229826164D-02
 -0.326314241784D-02 -0.209053595895D-02 -0.393536212821D-04 -0.310732227348D-02
 -0.511811586631D-02 -0.294368488721D-03 -0.659844589045D-02 -0.599697197899D-02
 -0.574015297243D-02 -0.611418471036D-02 -0.434382191986D-02  0.363137196281D+00
 -0.211336227633D-04  0.789516249404D-04 -0.182657833901D-02  0.177089504669D-02
  0.617116471215D-05 -0.134028039866D-05  0.151617118009D-02 -0.818778223950D-03
 -0.559796914249D-05  0.207677128015D-02  0.172421602835D-02  0.811837656915D-04
  0.343498280349D-04 -0.501757874001D-03 -0.130935250398D-04  0.873417659748D-03
  0.204645790801D-02 -0.147892145279D-03 -0.741241564264D-04 -0.611641141898D-03
  0.240915657037D-03  0.598702149313D-03  0.229551708168D-02 -0.125398822774D-03
 -0.834933896449D-04 -0.630368439174D-03  0.233363006776D-03  0.690601744750D-03
  0.229084463757D-02 -0.487333162779D-04  0.270537748466D-04 -0.524097870882D-03
  0.703680345932D-06  0.966319136574D-03  0.203501777527D-02 -0.217744094871D-03
  0.883620959575D-05 -0.454624083431D-03  0.101436485833D-04  0.713676088531D-03
  0.202521321513D-02  0.752319194056D-04  0.110236330612D-02  0.358061776342D-03
  0.292275044001D-03  0.974748332391D-03  0.788787712596D-03  0.853411757369D-03
  0.360434665075D+00 -0.362030225810D-04  0.135238688013D-03 -0.315727481664D-02
  0.305595949760D-02  0.109555626042D-04 -0.239469396848D-05  0.258157422441D-02
 -0.139741691671D-02 -0.989680522786D-05  0.354651815292D-02  0.295092278201D-02
  0.143451870618D-03  0.503083656394D-04 -0.859187167802D-03 -0.218797644048D-04
  0.148645516807D-02  0.352002441658D-02 -0.256921413894D-03 -0.135781134079D-03
 -0.104765227969D-02  0.416134943388D-03  0.101304793754D-02  0.394854766797D-02
 -0.222486466922D-03 -0.152333450399D-03 -0.108075128144D-02  0.402752846235D-03
  0.117545884529D-02  0.394028961743D-02 -0.870190607163D-04  0.374647081830D-04
 -0.898571294058D-03  0.250993123274D-05  0.165058960876D-02  0.349979166730D-02
 -0.380351947325D-03  0.694072727470D-05 -0.778249760849D-03  0.179312296584D-04
  0.121296959398D-02  0.348287724139D-02  0.132932373735D-03  0.187952182106D-02
  0.600645363203D-03  0.484400836777D-03  0.165416927843D-02  0.133814458444D-02
  0.145230375413D-02 -0.430461582136D-03  0.359641332825D+00 -0.318431577817D-03
 -0.512110498869D-03  0.936845327780D-03 -0.835541405297D-03 -0.688358369083D-05
  0.171458595597D-05 -0.688216034862D-03 -0.777072439647D-04  0.570157098245D-05
 -0.407562012756D-03 -0.391691180263D-03 -0.817270662182D-04 -0.183095767281D-03
 -0.143088623328D-03 -0.536594723884D-05 -0.103051008860D-03 -0.766704351813D-03
  0.111828621914D-03 -0.138611117673D-03 -0.987340553751D-04 -0.125593794739D-03
  0.565848430219D-05 -0.867562445461D-03  0.149918137666D-03 -0.129171306544D-03
 -0.797683429728D-04 -0.117532437553D-03 -0.871645518794D-04 -0.862842550723D-03
  0.727422623891D-04 -0.176304811717D-03 -0.121645923413D-03 -0.193793378475D-04
 -0.196318949523D-03 -0.754972992859D-03  0.182182556407D-03 -0.177676663090D-03
 -0.164614431688D-03 -0.103143996751D-04 -0.524702191258D-04 -0.751346653718D-03
 -0.757170436476D-04 -0.707433663224D-03 -0.426043864108D-03 -0.359805412417D-03
 -0.580626794153D-03 -0.566412626988D-03 -0.631147138979D-03  0.490581209554D-04
  0.790404299801D-04  0.360627579950D+00 -0.873295301170D-04  0.177396590442D-03
 -0.817361603390D-03  0.102563136259D-02  0.106575454504D-04 -0.417109826710D-05
 -0.103121088567D-02 -0.227285584293D-02 -0.126576256975D-04  0.100610131229D-01
  0.605593392234D-02  0.105678820476D-03  0.919783550363D-04  0.284774029229D-03
  0.944167223561D-03 -0.260670291479D-02  0.147419458373D-02 -0.793042976901D-02
 -0.599404281359D-03 -0.963135203620D-03  0.134896804875D-02  0.409143672296D-02
  0.115375935006D-02 -0.757472843534D-02 -0.634878894773D-03 -0.996230286278D-03
  0.133933256669D-02  0.420572033186D-02  0.114746088601D-02 -0.747769499620D-02
  0.586512177527D-04  0.233613615548D-03  0.964836202669D-03 -0.248230421670D-02
  0.146244388149D-02 -0.801912513823D-02  0.359930276342D-03  0.116220637149D-02
  0.154346749347D-04 -0.587109583386D-02  0.166329544859D-02  0.972403164194D-04
  0.609792053082D-03 -0.673167381078D-02 -0.682036539972D-02  0.418722705017D-03
  0.701472226724D-02  0.711866398421D-02  0.175652061480D-03  0.302809026622D-03
 -0.131651752625D-03  0.379807096042D-01  0.340175332611D-06 -0.607980059370D-04
  0.469014294142D-04  0.979475722278D-04 -0.208792924312D-04  0.648893496096D-05
  0.311442984584D-02  0.138046315803D-03  0.184267686091D-04 -0.306777025971D-02
 -0.153967341151D-02 -0.216817971040D-03  0.432165888434D-03 -0.765434007810D-03
 -0.605560158190D-03  0.305147454359D-02  0.582691851646D-03  0.474515559846D-02
  0.738808247788D-03 -0.132216638426D-03 -0.727242133684D-03 -0.107197163220D-02
  0.942745653815D-03  0.478570940161D-02  0.777478497396D-03 -0.765907289641D-04
 -0.705157657660D-03 -0.131557657992D-02  0.955454083419D-03  0.458263729405D-02
  0.463107822531D-03 -0.697694040516D-03 -0.644572170938D-03  0.280256071825D-02
  0.612379919450D-03  0.493049609377D-02  0.226345126672D-03 -0.124564020784D-02
 -0.288254540640D-04  0.480518344934D-02  0.488915826999D-03 -0.200369989432D-03
  0.130082316397D-02  0.505488006661D-02  0.523235023006D-02  0.164850243767D-02
 -0.261328488730D-02 -0.279588917397D-02 -0.434657658744D-03 -0.763800652918D-03
  0.413127613753D-03 -0.182601442896D-01  0.185736469349D-01  0.550960677428D-03
  0.148270876283D-02  0.629764100479D-02 -0.488466549464D-02 -0.735082459974D-04
  0.184301709320D-04  0.268537875003D-02 -0.296829204535D-02  0.587154795560D-04
  0.963066686593D-02  0.443479532791D-02 -0.840527364644D-03  0.255752066573D-02
 -0.192932938266D-02  0.121906905698D-03  0.646043966006D-02 -0.488690129927D-02
  0.643835953386D-03  0.250017616469D-02 -0.161941994372D-02 -0.600412893936D-03
  0.783644883521D-02 -0.518639393269D-02  0.139936528084D-02  0.259698039115D-02
 -0.142491794348D-02 -0.515386893609D-03  0.688018609910D-02 -0.513768633524D-02
  0.605481702195D-03  0.262556074153D-02 -0.171406495792D-02 -0.227059902215D-04
  0.550218212473D-02 -0.476523751962D-02  0.136771037167D-02  0.265420648011D-02
 -0.202241749113D-02 -0.106340270670D-03  0.615348838966D-02 -0.467127604263D-02
 -0.778697713523D-03  0.739756162278D-02  0.797454459935D-02  0.865582638083D-02
  0.869330687779D-02  0.831983878519D-02  0.765550895660D-02  0.497212321174D-03
  0.798861655464D-03  0.791836540361D-03  0.139644417661D-02  0.266922260232D-02
  0.706197993366D-01
$end
