$energy      SCF               SCFKIN            SCFPOT
     1 -569.4623795963      0.00000000      0.00000000     -4.412528375138
     2 -569.4670974404      0.00000000      0.00000000     -4.408906570938
     3 -569.4685147444      0.00000000      0.00000000     -4.406161921683
     4 -569.4685084902      0.00000000      0.00000000     -4.407504887206
     5 -569.4683200839      0.00000000      0.00000000     -4.407823918783
     6 -569.4682765526      0.00000000      0.00000000     -4.407879649334
     7 -569.4682717879      0.00000000      0.00000000     -4.407887056336
     8 -569.4682818847      0.00000000      0.00000000     -4.407880089365
     9 -569.4682886926      0.00000000      0.00000000     -4.407875015991
    10 -569.4683451123      0.00000000      0.00000000     -4.407819864649
    11 -568.9624580575      0.00000000      0.00000000     -4.505118950443
    12 -567.9313638858      564.6823913851     -1132.613755271
    13 -567.9192126158      564.6332364011     -1132.552449017
    14 -567.9192126159      564.6332430429     -1132.552455659
    15 -567.9192126545      564.6331852470     -1132.552397902
$end
