$hessapprox internal
  0.565271971511D+00  0.233355877308D-01  0.413225802487D+00  0.382865249825D+00
  0.378675165417D-01  0.845161620342D+00 -0.526590264169D-01 -0.744341898571D-02
 -0.181265439879D+00  0.445870784832D+00  0.277186540859D-01  0.786444345647D-03
  0.767197992987D-01 -0.429706880230D-02  0.448260890274D+00 -0.476189875652D-01
 -0.692702712206D-02 -0.186302679671D+00 -0.173717873201D+00 -0.452549740379D-01
  0.222666311437D+00 -0.299840944145D-02 -0.330985578656D-03 -0.978617674229D-03
 -0.188158414514D-02 -0.417454412385D-03  0.243562828163D-02  0.432138542562D+00
  0.341683185108D-02 -0.119336570086D-02  0.376411284890D-02  0.273994529092D-03
  0.280266308195D-02 -0.182262510652D-02 -0.275194120478D-02  0.369722036803D+00
 -0.103555481118D-01  0.203480352610D-02 -0.249993541892D-01  0.248348604093D-02
 -0.179406771029D-02  0.157004886749D-01 -0.999058417039D-03 -0.462375715183D-02
  0.734187964888D-01 -0.123420041938D-01  0.455153122429D-03 -0.261006437130D-01
  0.249569382291D-02 -0.397063550121D-02  0.803413317115D-02 -0.337183751431D-02
 -0.333135181248D-03  0.993987282060D-03  0.428005741282D+00 -0.175183784182D-01
 -0.347033699769D-02 -0.568495347709D-01  0.140791451962D-01 -0.271489751342D-02
  0.147131814097D-01 -0.200633489807D-03  0.636613171826D-03  0.274128505343D-02
  0.769553320018D-02  0.383461627660D+00  0.666833684221D-01  0.907122672238D-02
  0.227003273767D+00 -0.499338460006D-01  0.262619036987D-01 -0.549874063131D-01
 -0.977139789719D-03  0.187978256652D-02  0.126778386433D-01  0.690857789812D-01
 -0.119949863312D-02  0.151650831997D+00 -0.927099232819D-02 -0.628912345284D-03
 -0.223392232757D-01  0.291883737223D-02 -0.387740705351D-02  0.795003217751D-02
 -0.266806241157D-02  0.517151891419D-03 -0.472747380978D-03 -0.219728811646D-02
  0.223783231275D-02 -0.785630975806D-02  0.436589993789D+00  0.797354030776D-02
 -0.529177161903D-04  0.225099443361D-01 -0.555750723669D-02  0.196523331742D-02
 -0.767167219142D-02  0.470952182227D-03 -0.931930334976D-03 -0.184833497891D-02
 -0.880834286276D-03 -0.122206374864D-02  0.637586489928D-02 -0.172522652406D-01
  0.378438198242D+00 -0.205167902271D-01 -0.290123895816D-02 -0.519789006154D-01
  0.476570413055D-02 -0.719409220136D-02  0.167659594865D-01 -0.549171591014D-03
  0.439138516596D-03 -0.399028771753D-02  0.283414297260D-02  0.222390802322D-02
 -0.184890430855D-01 -0.361559196935D-01 -0.434463886777D-01  0.726178600391D-01
  0.107387479493D-01  0.156241892269D-02  0.314925708523D-01 -0.523466180782D-02
  0.443625304081D-02 -0.101453129916D-01 -0.290472281011D-03  0.363648144453D-03
 -0.125638490001D-02 -0.173690235001D-02 -0.230236142559D-02  0.921505862197D-02
 -0.157669682095D-02  0.943408418253D-03 -0.134587639296D-02  0.254869705727D-01
 -0.297603957534D-02 -0.107522195594D-02  0.419058879220D-02 -0.633873130515D-02
  0.157660493778D-02  0.231028895997D-02 -0.552771474706D-02  0.264318964268D-02
 -0.618915060592D-03 -0.647135530322D-02  0.112091809195D-02 -0.179438784551D-02
 -0.542589821573D-02  0.731496498774D-03 -0.307278592569D-02  0.481612333536D-01
  0.585027927884D+00 -0.250157162457D-01 -0.311913764572D-02 -0.751477014978D-01
  0.216570635447D-01 -0.600261500838D-02  0.242459533213D-01  0.243869228983D-02
  0.341541908769D-03  0.781923624172D-02  0.694123417251D-02  0.378122470951D-02
 -0.211208311088D-01  0.625649694139D-02  0.245488041496D-02  0.823243582502D-02
  0.163326142369D-01  0.207548091054D-01  0.366535921534D+00 -0.131913003282D-01
 -0.651023400256D-03 -0.311918774624D-01  0.414099949243D-02 -0.464780746740D-02
  0.115080822459D-01 -0.373938237011D-02  0.399636669706D-03  0.100393238548D-02
 -0.242837558844D-02  0.186828574338D-02 -0.103231791522D-01 -0.253290618227D-02
 -0.410870552820D-03  0.906248355215D-03 -0.153216148763D-02 -0.757459601433D-02
  0.621017847985D-02  0.412890274724D+00 -0.168763809349D-01 -0.181815266683D-02
 -0.456330631860D-01  0.827975885807D-02 -0.537973578160D-02  0.149142723298D-01
 -0.352929355351D-02  0.376695042194D-03  0.405952128760D-03 -0.264138756266D-02
  0.356093516436D-02 -0.150631896021D-01 -0.212114824955D-02 -0.121706860874D-02
  0.194738537691D-02 -0.219188334170D-02 -0.720879974779D-02  0.913094187811D-02
 -0.251682254280D-02  0.413644674269D+00 -0.454561180106D-02 -0.202615719066D-02
 -0.214683731529D-01  0.775874084487D-02 -0.187965819082D-02  0.349213154731D-02
 -0.149003745379D-03 -0.318555856890D-04 -0.437378742917D-03 -0.155740491459D-02
  0.152533459848D-02 -0.790862873276D-02  0.451773803995D-03 -0.167196162230D-02
  0.123009920263D-02 -0.242477583879D-03 -0.218734545479D-02  0.815571013835D-02
 -0.106362062869D-02 -0.925301553186D-02  0.335485862084D+00 -0.106546568957D-02
  0.181453378174D-02  0.112171082342D-01 -0.738927467405D-02 -0.500232325306D-02
 -0.132397857057D-02 -0.522885886997D-03  0.105002789846D-04  0.101422790642D-02
  0.190189989320D-02 -0.242472364069D-02  0.530330957552D-02 -0.144793163597D-03
  0.289520485050D-02  0.132724736186D-02 -0.358873613568D-03 -0.294737674772D-02
 -0.254854748213D-02 -0.106169938143D-02 -0.126668082693D-01 -0.570404068714D-02
  0.368015746985D+00  0.414420339350D-02  0.448547995499D-03  0.159534522909D-01
 -0.685113408881D-02  0.139321735869D-02 -0.412238334100D-02 -0.491852637729D-03
  0.111421075121D-03 -0.111038113902D-02 -0.810644741960D-03 -0.364067856699D-03
  0.506757660236D-02 -0.122847924044D-02 -0.116247029722D-03 -0.485205876061D-03
  0.110221624779D-02 -0.886873822132D-03  0.288641547312D-02 -0.143383409336D-02
  0.136242706088D-02  0.264357849579D-02 -0.286720502441D-03  0.323198566126D+00
  0.323982415149D-02 -0.850902079293D-03  0.528989399108D-02 -0.591117836191D-03
 -0.531453561799D-03 -0.234061863655D-02  0.950807239357D-03 -0.548152150452D-04
 -0.279353816405D-03  0.691830258511D-03 -0.988100315239D-04  0.325207985505D-02
  0.984408477491D-03 -0.146497516695D-03 -0.829312225138D-03  0.576158216145D-03
  0.192764702707D-02  0.408680129426D-03  0.227563617830D-02 -0.973190034054D-02
  0.263590960610D-03  0.764447795026D-02 -0.542782934760D-03  0.337389086940D+00
 -0.125671485140D-01 -0.513245502523D-04 -0.339894404320D-01  0.597133092810D-02
 -0.425475056370D-02  0.111952513919D-01 -0.358226604189D-02 -0.303879434257D-03
  0.115902303376D-02 -0.219439289599D-02  0.188416134767D-02 -0.112537447243D-01
 -0.248395524521D-02 -0.148825211223D-02  0.150631817573D-02 -0.143807762751D-02
 -0.744158610169D-02  0.706827878059D-02 -0.249065479558D-02 -0.238558748725D-02
  0.146473367475D-03  0.173091747747D-03 -0.175010209105D-02  0.529760255382D-03
  0.414086656440D+00 -0.438722660843D-01 -0.330683449809D-02 -0.128159091459D+00
  0.271297514547D-01 -0.147140156477D-01  0.392540225971D-01 -0.350321839555D-02
 -0.177782837492D-02  0.227224729454D-02  0.722157814175D-03  0.835921946410D-02
 -0.413085019602D-01  0.592113212450D-03 -0.422051025665D-02  0.887847265310D-02
 -0.577051176926D-02 -0.926377274995D-02  0.183542875967D-01  0.142687503911D-02
  0.311116600509D-02  0.298453296442D-02  0.250100293551D-02 -0.433398920580D-02
  0.703841610637D-03  0.138805735625D-02  0.421088686647D+00  0.134414336751D-01
  0.222674726278D-02  0.467404731258D-01 -0.174463685475D-01  0.422515536379D-02
 -0.918559880441D-02  0.715424215694D-03 -0.556224391174D-04 -0.611664144926D-03
  0.123328687330D-02 -0.226562519396D-02  0.183770369175D-01 -0.105549415597D-02
  0.130711752445D-02 -0.921851967528D-03  0.243174336549D-02  0.297139378439D-02
 -0.352853479884D-02 -0.121744836272D-02 -0.275406265647D-02 -0.544549144429D-03
  0.869991046896D-03  0.105174001491D-02 -0.436603934648D-03  0.209078126435D-02
  0.268386538303D-01  0.340293610887D+00  0.897171010820D-02 -0.363192167762D-03
  0.502752762983D-01 -0.173116297543D-01  0.102245609790D-01 -0.514067255083D-02
 -0.785254494139D-03  0.570696600018D-03 -0.127344597759D-02 -0.373736269297D-02
 -0.509634907317D-02  0.138582974207D-01 -0.617293062164D-03  0.258366994137D-02
 -0.290501109077D-02  0.279479435015D-02  0.529314676844D-04 -0.391371707083D-02
 -0.359726446406D-02 -0.432657223693D-02 -0.185168288418D-02  0.595294648962D-02
  0.152755852902D-02  0.609990005678D-03  0.364572881451D-01  0.504533719234D-01
  0.315434674314D-03  0.393876476787D+00  0.161795325997D-01  0.163128554522D-02
  0.524240807495D-01 -0.135422290449D-01  0.401325228873D-02 -0.141831412444D-01
  0.647455432419D-04 -0.481110397545D-03 -0.187499217310D-02 -0.162166744599D-02
 -0.368833898753D-02  0.162990620005D-01 -0.160073419213D-02  0.733161346414D-03
 -0.139119139818D-02  0.223714520106D-02  0.195125349237D-03 -0.268936616959D-02
 -0.196901057406D-02 -0.330568888108D-02 -0.233505800234D-02  0.216546212521D-02
  0.844538623196D-03  0.121721914021D-03 -0.138601216884D-01  0.286740037859D-02
 -0.520147661076D-02  0.547527823329D-02  0.336207954056D+00 -0.340257140358D-01
 -0.449171229047D-02 -0.108373693389D+00  0.256080113118D-01 -0.121444577713D-01
  0.274740906643D-01  0.245771922129D-03  0.346246038109D-03  0.464139733990D-02
  0.486507370555D-02  0.848649068930D-02 -0.341331892847D-01  0.399934751480D-02
 -0.187506963390D-02  0.674588219008D-02 -0.509337193662D-02  0.257753064268D-03
  0.960501257968D-02  0.465928402269D-02  0.733431598873D-02  0.314500311475D-02
 -0.371897205924D-02 -0.145540899198D-02 -0.492330133412D-04  0.975244798345D-02
 -0.958068829031D-02 -0.183357743951D-01 -0.348195850766D-01 -0.143764784926D-01
  0.353781336510D+00 -0.154158189459D-02 -0.266231768500D-03 -0.655616159792D-02
  0.458843006157D-02 -0.340016589366D-03  0.553634078053D-04  0.222854295277D-02
  0.126270273943D-02  0.600083866091D-04  0.132941133778D-02  0.162918838163D-02
 -0.827120006034D-03  0.117513332895D-02  0.152682175542D-02  0.244688180241D-02
 -0.160992719753D-02  0.393506110556D-02 -0.294866857416D-02  0.235135798940D-02
  0.284612737506D-02  0.173726221199D-02 -0.113545591193D-02  0.116740912942D-02
  0.144759289103D-02  0.194285329768D-02  0.368407895242D-02  0.324484223968D-03
  0.409580073346D-02  0.584931851856D-03  0.103720958027D-02  0.915973008171D-01
 -0.444450437118D-01 -0.509843586110D-02 -0.160310581490D+00  0.373487254719D-01
 -0.147043393024D-01  0.419609262716D-01 -0.371530735996D-02 -0.187476378493D-02
  0.113891206089D-01  0.414028425734D-02  0.112375559402D-01 -0.506041254600D-01
  0.257352508911D-02 -0.875040888775D-02  0.551842337679D-02 -0.413235273177D-02
 -0.646975997742D-02  0.232080812922D-01  0.349782571415D-02  0.535418065201D-02
  0.232923497166D-03 -0.382364607037D-02 -0.497998599029D-02 -0.272776444243D-02
  0.570731740194D-02  0.229263526612D-01 -0.780305504267D-02 -0.195311966276D-01
 -0.133766424428D-01  0.235092779531D-01 -0.151645946218D+00  0.489612986997D+00
  0.399513152252D-02  0.139216112660D-02  0.189465049599D-01 -0.102298653232D-01
  0.310438656300D-04 -0.202992176825D-03 -0.303136200114D-02 -0.128167221918D-02
 -0.281219237010D-02 -0.282559124820D-02 -0.248690645227D-02  0.744187417252D-02
 -0.284831733032D-02 -0.107307346580D-02 -0.268018790731D-02  0.231471211054D-02
 -0.636022377135D-02  0.619148875204D-02 -0.414211824661D-02 -0.534340159654D-02
 -0.174994046400D-02  0.126808060686D-02 -0.206130371867D-02  0.319930050955D-03
 -0.399504552389D-02 -0.770088622579D-02 -0.102025472094D-02 -0.367313564188D-02
  0.611129600858D-03 -0.193813554807D-02 -0.661666330091D-01 -0.103781033933D-01
  0.477955668401D+00 -0.812347082076D-02  0.981329989415D-03 -0.173437710238D-01
  0.548893333671D-02 -0.544377683296D-03  0.779410313026D-02  0.147690817407D-03
 -0.847504750119D-03 -0.119257000473D-02  0.285172176356D-03 -0.445010691993D-03
 -0.530308166832D-02  0.628983875566D-03  0.719338967021D-03  0.160255867336D-02
 -0.172507437244D-02 -0.524896289120D-03 -0.524488791181D-02  0.110368928111D-02
  0.138413852316D-02  0.328592471596D-02  0.240721961575D-02  0.844298792735D-04
  0.536090353344D-03  0.117980340864D-02  0.277148577822D-02 -0.261655061673D-02
 -0.389475098202D-02 -0.125914928909D-04  0.170455236993D-02 -0.114182301514D-01
 -0.153985428533D+00  0.626481766232D-01  0.452850719693D+00  0.352913430125D-02
  0.134071403464D-01  0.977626261246D-01 -0.158261031598D-01  0.282433599185D-01
 -0.158459742594D-02  0.874381676685D-02  0.467014774730D-02 -0.296858357940D-02
  0.791423992027D-02 -0.117553303811D-01  0.305757981177D-01  0.398070574906D-02
  0.247152941493D-01  0.857768790903D-02 -0.101802190447D-01  0.294142440564D-01
 -0.101987708046D+00  0.523725365742D-02  0.642374895793D-02  0.265598630095D-01
  0.478569410331D-02  0.195645826806D-01  0.985890310309D-02  0.504737999674D-02
 -0.104626541618D-01  0.608078605292D-02  0.122818902518D-01  0.220818976378D-01
 -0.197705909034D-01  0.242908473489D+00 -0.957278843753D+00  0.516873675578D+00
  0.671713129083D+00  0.356775171252D+01 -0.144083245740D-01  0.103869570177D-01
  0.560839093783D-01 -0.993777888284D-02  0.206420292517D-01  0.605330124367D-02
  0.897761611820D-02  0.641343956278D-02  0.156487834708D-02  0.122739179898D-01
 -0.824092646345D-02  0.152959261614D-01  0.720370820084D-02  0.268172974349D-01
  0.118281097865D-01 -0.133194071426D-01  0.310994938470D-01 -0.985849321500D-01
  0.713220287228D-02  0.103871028523D-01  0.265169793996D-01  0.123231687437D-02
  0.209073520418D-01  0.102625581031D-01  0.673412303280D-02  0.768822666956D-03
  0.739038249676D-02  0.147050170174D-01  0.212097152417D-01 -0.129953021964D-01
  0.305115733769D+00 -0.903948324896D+00  0.473976790737D+00  0.668134216487D+00
  0.337284032587D+01  0.386482531459D+01 -0.271257592479D-01 -0.617425161483D-02
 -0.837083793293D-01  0.132925101433D-01 -0.164380903902D-01  0.219662862030D-01
 -0.858991086232D-03  0.872488039670D-03 -0.175171230983D-02  0.126921167754D-02
  0.987480640832D-02 -0.266373361924D-01  0.114761031536D-02 -0.244390182743D-02
  0.679013052774D-02 -0.258316408907D-02 -0.480666284940D-02  0.326302337680D-01
  0.838528570180D-03  0.327975927442D-02 -0.448539213027D-03 -0.179337759233D-02
 -0.479079773930D-02 -0.429408811880D-04 -0.532772149293D-03  0.142621257523D-01
 -0.702389975297D-02  0.199971406349D-02 -0.705230462397D-02  0.156087505994D-01
  0.542948498981D-02  0.558265292182D-02 -0.844107419053D-02  0.786783732998D-02
  0.685942064275D-01  0.807610727982D-01  0.574392478325D+00 -0.602990745729D-01
 -0.468101309155D-02 -0.165146286672D+00  0.266196681295D-01 -0.299353952175D-01
  0.502417477961D-01 -0.144588859863D-02 -0.151423551741D-02  0.174632939441D-02
  0.832398910685D-02  0.104323601974D-01 -0.516290803959D-01  0.506278138786D-02
 -0.250290859296D-02  0.860069536466D-02 -0.886636191640D-02 -0.544356871045D-02
  0.239946633879D-01  0.531427896908D-02  0.850809123153D-02  0.202669867861D-02
  0.251439750233D-03 -0.590613353367D-02 -0.145387184558D-02  0.633632554613D-02
  0.325265431730D-01 -0.122027963015D-01 -0.125290409374D-01 -0.995776855236D-02
  0.250303608866D-01  0.519520923633D-02  0.249646878566D-01 -0.828939075224D-02
  0.103058108895D-01  0.362890448587D-01  0.483285438233D-01  0.468654725988D-01
  0.476115310505D+00 -0.820660704766D-01 -0.925965237640D-02 -0.251609260251D+00
  0.551543782868D-01 -0.299153562159D-01  0.739340282472D-01  0.704954248963D-03
 -0.131263098660D-02  0.258120716065D-01  0.119587049747D-01  0.171690811880D-01
 -0.678128876121D-01  0.110236242368D-01 -0.541965989415D-02  0.133813419576D-01
 -0.177653733787D-01 -0.387250862512D-01 -0.478456468516D-03  0.113353881607D-01
  0.172877044298D-01  0.609842828067D-02 -0.612773513382D-05 -0.612093589853D-02
 -0.441348426555D-02  0.115787142992D-01  0.477017299705D-01 -0.160862408081D-01
 -0.152732156083D-01 -0.159156848955D-01  0.360785650780D-01  0.427914294759D-02
  0.462746715650D-01 -0.982798321571D-02  0.829164413693D-02 -0.243067743960D-02
  0.121033241406D-01 -0.124586183060D+00  0.545412703083D-01  0.240212904601D+00
 -0.224598584975D-01 -0.256180384728D-02 -0.335020501866D-01 -0.167444445445D-02
 -0.138163624359D-01  0.746673267582D-02  0.407065215888D-02  0.158944638354D-02
  0.380225464940D-04  0.119338919209D-01  0.466970117976D-04 -0.740283608074D-02
  0.909351933184D-02  0.749714570575D-02  0.214239485241D-02 -0.304788624362D-02
  0.808630918996D-02 -0.714498737602D-02  0.616387472012D-02  0.928126792550D-02
  0.255640785996D-02 -0.983045245678D-02  0.386105620992D-02  0.386995933635D-02
 -0.266159072406D-01 -0.674411267000D-01  0.247012953372D-02 -0.308698331591D-01
 -0.742225411884D-02  0.397918054831D-01  0.646085472291D-01 -0.802382607295D-01
 -0.714277203653D-01 -0.545808597923D-01  0.564545792380D-01  0.152269154233D+00
  0.247189739615D-01  0.182036637555D-01 -0.313468045885D-03  0.118221850066D+00
  0.552178155811D-01  0.887828826041D-02  0.188770779967D+00 -0.561483578358D-01
  0.142793951004D-01 -0.466621404248D-01 -0.789158314941D-03 -0.151028343466D-02
 -0.113790660799D-01 -0.559425809957D-02 -0.131005505059D-01  0.619180855700D-01
 -0.750804557965D-02  0.270122625913D-02 -0.928419296942D-02  0.935436745635D-02
 -0.239237843834D-02 -0.236349197228D-02 -0.874833391952D-02 -0.145769046619D-01
 -0.805319983286D-02  0.670296934925D-02  0.602195034922D-03  0.122824110211D-02
 -0.105678096615D-01 -0.363764878898D-01  0.143193279163D-01  0.239921216659D-01
  0.135907449314D-01 -0.328156687652D-01  0.107555190353D-02 -0.455843698987D-01
 -0.209125528867D-02 -0.408371518387D-02  0.866188239290D-01  0.698934540053D-01
 -0.319742741086D-01 -0.433055707431D-01 -0.639510445577D-01 -0.667240228499D-01
  0.437706162414D+00  0.817519074100D-02 -0.166288253916D-02  0.977417917863D-02
  0.781109292823D-02  0.583151786709D-02 -0.452273795821D-02  0.396170902768D-03
  0.235253812673D-02  0.564093460281D-02 -0.489302942905D-02 -0.265724830466D-02
  0.479132220006D-02 -0.162933388196D-05  0.148816212237D-03 -0.261408922859D-02
  0.145047430787D-02 -0.158932472001D-02  0.338852652937D-02 -0.394022835758D-05
 -0.272665227381D-03 -0.324333683646D-02  0.135318271781D-02  0.447830937085D-03
  0.167892689425D-02  0.350456389519D-02 -0.323667903879D-01 -0.309227027709D-02
 -0.118056591948D-01  0.927011079041D-02  0.313953661291D-02 -0.180613749418D-01
  0.137637773548D+00 -0.536965632661D-01 -0.938630123560D-01 -0.359894898601D+00
 -0.232666117655D+00 -0.490596426655D-02 -0.984511349175D-02 -0.861946152135D-02
  0.294765786556D-01 -0.593971481435D-01  0.454496669056D+00 -0.274901464809D-01
 -0.113304550301D-01 -0.310640256556D-01 -0.997781192994D-02 -0.119225932931D-01
  0.137983359465D-01  0.778013648430D-03  0.270118936379D-03  0.626197229187D-02
  0.663670676844D-02 -0.485339211977D-02 -0.807744667065D-03  0.121937911951D-01
  0.770255739326D-02  0.416840336852D-02 -0.128261147829D-02  0.207406305866D-02
  0.484307680175D-02  0.320232853543D-02 -0.764288183984D-02 -0.202185686787D-02
  0.214211414188D-02 -0.583864921462D-03  0.278863564650D-02  0.486076700186D-03
 -0.396695665185D-01  0.109259362127D-02 -0.374386304352D-02 -0.108074136331D-01
  0.126869360608D-01 -0.231714604135D-01  0.873324945590D-01 -0.402034139080D-02
 -0.371604907357D-01 -0.196163853000D+00 -0.165626975956D+00  0.338577312784D-01
  0.134185419241D-01 -0.705000329325D-03  0.125771355932D-01 -0.555450325600D-01
  0.438225230562D-01  0.566488529820D-01 -0.349103562630D-01 -0.387242683337D-03
 -0.890973599698D-01  0.811370188214D-02 -0.947715743450D-02  0.298804365252D-01
 -0.262701239637D-02  0.131922289867D-02  0.182903718587D-02  0.237219566130D-02
  0.802469724935D-02 -0.269152133468D-01 -0.843444422011D-03 -0.201981424314D-02
  0.194510921479D-02 -0.254464432421D-02 -0.708588825159D-02  0.244475139670D-01
 -0.341324536806D-04  0.506873100585D-05 -0.315691892600D-02 -0.225212688180D-02
 -0.296553051057D-02 -0.122194183682D-02  0.551517414173D-04  0.817879648652D-02
 -0.491281421605D-03 -0.770641637807D-02 -0.564851351038D-02  0.135290950932D-01
  0.257165720093D-02  0.213827838803D-01 -0.894169532835D-02 -0.493387427705D-03
  0.108696775646D-01  0.221279991141D-01  0.123546862833D-02  0.985810945929D-02
  0.268030155566D-01  0.104807253478D-01 -0.305896994080D-01 -0.257104889199D-02
 -0.169368991405D-02  0.362216609632D+00  0.115881032694D-01 -0.124543974086D-01
 -0.931263257087D-01  0.865700193770D-01 -0.513946040858D-02  0.422689091134D-02
  0.323074072845D-03  0.444010918481D-03  0.776224280331D-02 -0.197274234886D-01
  0.161992214026D-02 -0.306760736020D-01 -0.189508850910D-04 -0.970258819670D-02
  0.867761866592D-02 -0.298998487676D-02 -0.120636090268D-01  0.552834582860D-02
  0.324519353599D-02 -0.944638690434D-03  0.239812238286D-02  0.785975158272D-03
 -0.142435520764D-02 -0.258627796945D-02  0.391337279123D-03 -0.155834665182D-01
 -0.121987718911D-01 -0.109816890945D-01  0.164220066320D-01  0.409602082478D-01
  0.802180650820D-02  0.868063955119D-01 -0.585657096553D-01 -0.650341565804D-01
 -0.211382877505D+00 -0.101327389722D+00 -0.571272618528D-02  0.162941879857D-01
  0.331732882571D-01  0.299131829745D-01 -0.750854379479D-01  0.717439901108D-01
  0.356801886214D-01 -0.144930128782D-01  0.476324324012D+00 -0.651914993384D-02
 -0.516479780995D-03 -0.261343247652D-01  0.844537624937D-02 -0.521353439677D-02
  0.840375300206D-02 -0.334325402178D-02  0.626665353637D-03  0.724004141652D-03
 -0.407506240516D-02  0.154882691672D-02 -0.793923751030D-02 -0.337665049306D-02
 -0.110142861814D-02  0.166970017618D-02 -0.951714023892D-03 -0.874622604492D-02
  0.747546814809D-02 -0.293250135717D-02 -0.261264149597D-02 -0.261446133000D-03
  0.980853201603D-03 -0.230474397379D-02 -0.100708990689D-02 -0.168527032627D-02
  0.194152007847D-02 -0.560898074975D-03 -0.173619904089D-02 -0.278575353040D-02
  0.268736263445D-02  0.519819888665D-03  0.529222848485D-02 -0.100763088053D-02
  0.355217264246D-02  0.127264236083D-01  0.972170408297D-02 -0.521440610943D-02
  0.196413913531D-02  0.108194548681D-01  0.206070977596D-02 -0.758988140068D-02
  0.147103549269D-02  0.467991487439D-02 -0.654339049592D-03  0.669090880168D-02
  0.405846919595D+00  0.317313181390D-01  0.122078652112D-01  0.384662256184D-01
  0.269560759328D-01 -0.625933757826D-02 -0.268301159197D-01  0.806011036632D-03
  0.865386344574D-03 -0.345916285014D-02 -0.475380559037D-02 -0.427104381046D-02
  0.408875407620D-02 -0.829699796028D-02 -0.316860514272D-04 -0.532376835873D-02
 -0.120644770101D-02 -0.848110454517D-02 -0.239436052644D-01 -0.140042679645D-02
  0.417640789197D-02  0.498337352218D-03 -0.464043448562D-03  0.749086225599D-02
  0.749038322249D-02 -0.180682316988D-01 -0.351699000447D-01  0.175382817090D-02
 -0.156262003438D-01  0.877003829009D-02  0.153468189074D-01  0.459868330572D-01
 -0.778450815404D-01 -0.493493007420D-01 -0.309662729545D-01  0.614355740807D-01
  0.119522514823D+00 -0.304955680321D-01 -0.135045337318D-02 -0.420243109879D-02
  0.484523443070D-01 -0.126556405476D-01  0.819187065324D-02 -0.238564600822D-01
 -0.609131525076D-02  0.247107119721D-01  0.496493449296D-02  0.449219933541D+00
 -0.861880968382D-01  0.221696620813D-01 -0.962485499371D-01 -0.890336544111D-01
 -0.178626755186D-01  0.637818054081D-01 -0.439374468787D-03  0.137847761172D-02
  0.581603501935D-02  0.448847012836D-01  0.203624501399D-01 -0.984140207040D-02
 -0.122532182643D-02  0.961869258338D-02  0.255627935311D-01 -0.392342030923D-02
  0.130812346355D-01  0.237478198563D-01  0.424022966456D-02  0.153477059019D-01
  0.102926444248D-02  0.349132610756D-02 -0.273203490800D-02  0.400631341092D-03
 -0.477354792560D-02  0.168864105354D-01  0.544844841841D-02 -0.189000302117D-02
 -0.196307099291D-01  0.577853006839D-02  0.281764582338D-01 -0.728648384977D-01
  0.467172690320D-02  0.330614385706D-01  0.209158342731D+00  0.176821836829D+00
 -0.166850828062D-02  0.102548521457D-01  0.211924302635D-01  0.240312705287D-01
 -0.246524235576D-02 -0.281073648157D-01 -0.102826126873D-01  0.382398586140D-01
 -0.326560018029D-01  0.892378181965D-02 -0.388466910662D-02  0.159332921294D+00
  0.371104802605D-01  0.597396176220D-02  0.143787859184D+00 -0.320109456916D-01
  0.194048198786D-01 -0.397010469796D-01 -0.600280712185D-02  0.110778435664D-02
 -0.479014534013D-02 -0.869430418838D-02 -0.114075785354D-01  0.406890820555D-01
 -0.823003068516D-02  0.345728392098D-02 -0.124925327761D-01  0.553897593885D-02
 -0.165930812415D-01 -0.141910005498D-01 -0.114613056117D-01 -0.151910289027D-01
 -0.776835519867D-02  0.305502941959D-02  0.293676282924D-02  0.249355249258D-02
 -0.123562931298D-01 -0.357446011636D-01  0.134763802188D-01  0.419256661474D-02
  0.107577716248D-01 -0.200426939992D-01  0.212789616745D-02 -0.339529056042D-01
 -0.307583434355D-02 -0.713118278328D-02  0.337287247051D-01  0.298472817202D-01
 -0.195025850113D-01 -0.287673409727D-01 -0.511157763531D-01  0.126216068803D-02
  0.342839461819D-01 -0.156436186918D-02 -0.138184898891D-01 -0.230647425524D-01
 -0.318930392875D-01 -0.100495388710D-01  0.175545407096D-01  0.186313899792D-01
  0.612229137966D+00  0.308107039963D-01  0.419645467591D-02  0.121726027282D+00
 -0.295644522792D-01  0.391596918521D-02 -0.289887074284D-01 -0.535359754301D-02
  0.167062502423D-02 -0.489645712213D-02 -0.749787869522D-02 -0.939559931585D-02
  0.348951826523D-01 -0.727349669863D-02  0.339837799754D-02 -0.119403402831D-01
  0.419882417473D-02 -0.159768937706D-01 -0.166276252575D-01 -0.105615009360D-01
 -0.133294975891D-01 -0.464011543738D-02  0.117854150210D-02  0.304199384191D-02
  0.348479526554D-02 -0.118017676546D-01 -0.338463195711D-01  0.106219431871D-01
  0.161201702153D-02  0.961423937597D-02 -0.166495091738D-01  0.229055700517D-02
 -0.284080187029D-01 -0.393382260804D-02 -0.988479134533D-02  0.176218792491D-02
 -0.402248646975D-04 -0.162529618005D-01 -0.243789817488D-01 -0.437149306662D-01
  0.410861472247D-03  0.282090483827D-01  0.215821468216D-02 -0.120055857987D-01
 -0.216881956117D-01 -0.100371217954D-01 -0.731216253782D-02  0.192904690592D-01
 -0.145272784368D-01  0.158050105248D-01  0.636877378553D+00 -0.297505906686D-03
  0.273060694743D-03  0.143606124361D-01 -0.742654406144D-02 -0.126545908318D-01
 -0.115057693185D-02 -0.392852726368D-02 -0.749051857321D-03 -0.161206294064D-02
 -0.603477574544D-02  0.305395562562D-02  0.170778241004D-02 -0.448188389083D-02
  0.124305801238D-02 -0.356337857131D-02  0.536706243654D-03 -0.929220937164D-02
  0.345778485378D-02 -0.625469740132D-02 -0.622047414814D-02 -0.185579549532D-02
 -0.135893821568D-02 -0.502554679308D-03  0.148467200712D-02 -0.601635985391D-02
 -0.821991069155D-02  0.269761034489D-02 -0.579521891305D-04  0.132966698887D-02
 -0.191542203810D-02  0.242974368273D-02 -0.799513649554D-02 -0.398890495449D-02
 -0.407805841634D-04  0.216330799366D-01  0.212414359219D-01 -0.816507920313D-02
 -0.678943603891D-02 -0.469817107968D-02  0.496746354968D-02  0.226631100228D-02
 -0.300102839423D-02 -0.408580343697D-03 -0.796918919887D-02 -0.883906203853D-02
 -0.680678182455D-02 -0.177943554647D-02  0.326945611582D-02 -0.103767217144D-01
 -0.911085472297D-02  0.565084053499D+00  0.560794474911D-01  0.893109887922D-02
  0.236429722600D+00 -0.626434585749D-01  0.351629065570D-01 -0.568867903228D-01
 -0.373717073084D-02  0.490508508262D-02 -0.131920785786D-01 -0.178827870604D-01
 -0.149818587832D-01  0.718975371467D-01 -0.108372885705D-01  0.148217985967D-01
 -0.193256018696D-01  0.960934581706D-02 -0.272320687314D-02 -0.243427602308D-01
 -0.168686853020D-01 -0.194646471275D-01 -0.452297343093D-02 -0.192714553537D-03
  0.566040190159D-02  0.497651143755D-02 -0.164348904634D-01 -0.424748032635D-01
  0.165085665717D-01  0.183913409112D-01  0.212037821658D-01 -0.379791001090D-01
 -0.148168070674D-02 -0.601215899263D-01  0.643759975414D-02 -0.515796438170D-02
  0.147736356860D-01 -0.305328409364D-02 -0.207223138730D-01 -0.506118447347D-01
 -0.862750061480D-01 -0.110292594894D-01  0.713896568497D-01 -0.413532552948D-03
  0.374555860412D-02 -0.395749525239D-01 -0.213481772624D-01 -0.152617912127D-01
 -0.104466246099D-01 -0.748961730738D-01  0.538598920515D-01  0.247209572770D-01
 -0.129017500806D-01  0.692434215279D+00  0.326724644670D-02  0.220321908206D-02
  0.138865820604D-01 -0.203375352666D-01  0.174575489357D-02  0.753443796792D-02
 -0.321197283248D-02  0.538927281140D-03  0.619832309404D-03 -0.311196455428D-02
 -0.268928356922D-02  0.631563382310D-02 -0.372557010448D-02 -0.356626605942D-03
 -0.498630807088D-02  0.403999567718D-02  0.611100096550D-02  0.870740210723D-02
 -0.474159457442D-02 -0.578604614550D-02 -0.143309269313D-02 -0.787248504070D-03
 -0.115132219343D-02  0.565078733994D-03 -0.305251178613D-02 -0.697478805366D-02
  0.145336269502D-02 -0.624957233121D-02  0.101504239881D-02 -0.387299264422D-02
  0.302873471093D-02 -0.410686987450D-02 -0.301149559847D-02  0.783885039372D-03
  0.158905177385D-01  0.923040998875D-02 -0.807033936689D-02 -0.230715968832D-01
 -0.152623583411D-01 -0.661310905409D-02  0.308489426505D-02  0.523351119623D-02
 -0.259173989923D-01 -0.659561020489D-02  0.231388033032D-01  0.142565488235D-03
  0.359845311111D-01 -0.148893295062D-01 -0.195137513199D-02  0.694161584487D-02
  0.119888148720D-01 -0.169484438337D-01  0.548517399784D+00 -0.609071286354D-01
 -0.122970078704D-01 -0.184921989734D+00  0.792530249050D-01 -0.559181155794D-01
  0.265648395573D-01 -0.985913394958D-03 -0.180541225681D-02  0.468519308692D-02
  0.342209135265D-02  0.466569816052D-02 -0.586182679242D-01  0.833827721312D-02
 -0.768921132598D-02  0.727910889001D-02 -0.715734171618D-02 -0.438426385038D-02
  0.190426469092D-01  0.669097563607D-02  0.104228222699D-01  0.386310081308D-02
 -0.418382485773D-02 -0.412124852303D-02  0.788145979162D-04  0.313451562778D-02
  0.178081700139D-01 -0.143542095873D-01 -0.199395188449D-01 -0.128732592232D-01
  0.344574269146D-01  0.128557258259D-01  0.292531706408D-01 -0.232419286838D-01
 -0.598779587154D-02  0.143551476879D-02  0.331461621733D-01 -0.200474299530D-01
  0.291606736199D-01  0.696971782006D-01  0.235735534035D-01 -0.661839470203D-01
  0.241601404094D-02 -0.312001756501D-02  0.131476229432D-01  0.428371746501D-01
  0.738777846077D-02  0.203504487056D-01 -0.407590102858D-02 -0.405174302867D-01
 -0.185877533788D-01 -0.151588316307D-02 -0.966044738003D-01  0.257444073425D-01
  0.497140637819D+00  0.646263941357D-01  0.763841295605D-02  0.234443902984D+00
 -0.368320916245D-01  0.464202092531D-01 -0.751157528527D-01 -0.304081109045D-02
  0.265338865042D-02 -0.110908062133D-01 -0.144786738406D-02 -0.833638288202D-02
  0.740258947606D-01 -0.722347101369D-02  0.106296957769D-01 -0.165405814111D-01
  0.102872961036D-01  0.227126467797D-02 -0.226934359358D-01 -0.121724293666D-01
 -0.151500566063D-01 -0.658990628367D-02  0.520132993940D-02  0.467880583394D-02
  0.193126475310D-02 -0.121206516050D-01 -0.355002159783D-01  0.164114770955D-01
  0.159610572276D-01  0.184222897353D-01 -0.386846793942D-01 -0.545485404908D-04
 -0.659371954086D-01  0.928549425402D-02  0.254974169378D-02  0.581287124939D-01
  0.339234894482D-01 -0.788741896125D-01 -0.694569232643D-01 -0.679212343502D-01
 -0.145259521774D-01  0.718966251255D-01 -0.577411109334D-02 -0.114712009318D-01
 -0.320462597131D-01 -0.297233800335D-01 -0.987919836336D-02  0.113193030443D-01
 -0.387244487911D-01  0.532626786274D-01  0.434665338815D-01 -0.377914394435D-02
  0.699745086099D-01 -0.932143401577D-02 -0.539809850200D-01  0.524317111894D+00
  0.193836316265D-01  0.947510333360D-03  0.867078693092D-01  0.491142278647D-01
  0.498037356686D-02 -0.643644219340D-01 -0.206320993522D-02  0.159743519921D-02
 -0.526961653522D-02 -0.151943924572D-01 -0.116480168383D-01  0.251393247067D-01
 -0.217483012000D-02  0.208098497788D-02 -0.113241929769D-01  0.317162345351D-02
 -0.142670177267D-01 -0.198001856527D-01 -0.566882358807D-02 -0.765680262995D-02
 -0.263075337365D-02 -0.106779703074D-02  0.261091420864D-02  0.204910152295D-02
 -0.830190186159D-02 -0.287254842550D-01  0.437840653490D-02 -0.839067622335D-03
  0.759521539185D-02 -0.929971424772D-02  0.548940777521D-02 -0.219488555685D-01
 -0.108984632186D-01 -0.127954737183D-01  0.986010654596D-03  0.907020120152D-02
 -0.574262851828D-01 -0.259855092091D-01 -0.217875382289D-01 -0.152347430217D-02
  0.102340093007D-01  0.817185839358D-02 -0.193945717378D-01 -0.199695626763D-01
  0.178252509749D-01 -0.154869845759D-02  0.319612854256D-01 -0.471831066025D-01
  0.207110488867D-01  0.168826020314D-01 -0.985338079324D-02  0.297582041873D-01
  0.122085929161D-01  0.152743326511D-02  0.531118613920D-01  0.486773923335D+00
  0.159045728593D+00  0.249033278750D-01  0.522041036478D+00 -0.473246616822D-01
  0.633155781118D-01 -0.174393823922D+00 -0.292226894439D-02  0.612165671244D-02
 -0.145157441337D-01  0.167503665981D-01 -0.364056043064D-01  0.173534941392D+00
 -0.235135811123D-01  0.131106672835D-01 -0.384924818548D-01  0.262029331038D-01
  0.180685034441D-01 -0.405977844289D-01 -0.249600185530D-01 -0.378058928103D-01
 -0.162717616311D-01  0.607480369062D-02  0.116765085582D-01  0.737859174193D-02
 -0.249855082754D-01 -0.102634323065D+00  0.369592547541D-01  0.293240556529D-01
  0.360652142501D-01 -0.778052320438D-01 -0.136025832777D-01 -0.899775424972D-01
  0.192137400033D-01 -0.202010013202D-01 -0.429809342617D-02 -0.358484622156D-01
  0.390036933773D-01 -0.118818042657D+00 -0.216230037842D+00 -0.197586012244D-01
  0.132571147899D+00  0.115752453840D-01 -0.590810959547D-02 -0.691538798986D-01
 -0.627055057749D-01 -0.212016431199D-01  0.158019762370D-01 -0.664780470515D-01
  0.119218285339D+00  0.663472944003D-01  0.118894809581D-01  0.222005035709D+00
  0.186184999175D-01 -0.120478983361D+00  0.161512877664D+00  0.748907839960D-01
  0.444167921721D+00 -0.320822299569D-01 -0.145327518851D-01 -0.190095653833D+00
 -0.349711882316D-01 -0.381233519540D-01  0.881919845393D-01  0.253708788649D-02
  0.143241737930D-03 -0.102761275169D-01  0.574096640371D-02  0.225837815433D-01
 -0.748587990166D-01  0.784978685972D-02 -0.122230369862D-01  0.241618980659D-01
 -0.747456961422D-02  0.144479405791D-01  0.246289579588D-01  0.114363992443D-01
  0.158913191357D-01  0.738204677080D-02 -0.471353887736D-02 -0.380078980923D-02
 -0.146517115325D-02  0.976731317884D-02  0.324069644136D-01 -0.128880708428D-01
 -0.104109173330D-01 -0.189447364089D-01  0.296053811323D-01  0.267775183578D-02
  0.399282466523D-01 -0.199347630929D-02  0.492140456326D-02 -0.239189389776D-01
 -0.164277100750D-01  0.370318696645D-01  0.424213966798D-01  0.467424581408D-01
  0.112810888587D-01 -0.540667521291D-01  0.142673495365D-02  0.436910416270D-02
  0.355519525640D-01  0.252743247372D-01  0.116174519840D-01 -0.885990572666D-02
  0.369425636863D-01 -0.208551098067D-01 -0.152421169213D-01  0.417253829237D-02
 -0.944418097266D-01 -0.341482075193D-01  0.361914909793D-01 -0.874266431930D-01
 -0.436559645340D-01 -0.154380843193D+00  0.110947085258D+00 -0.618326935423D-01
 -0.100893739069D-01 -0.239392658055D+00 -0.167785143297D-01 -0.375348709093D-01
  0.110567606542D+00  0.571086865811D-03 -0.194201679553D-02  0.345866882503D-01
  0.356789885482D-01  0.222929497034D-01 -0.498584682649D-01  0.822495609496D-02
 -0.117984220895D-01  0.154144756946D-01 -0.129779192284D-01 -0.120678452680D-01
  0.249987132771D-01  0.122192173266D-01  0.164570549253D-01  0.487148089533D-02
 -0.102943888744D-02 -0.633031144868D-02 -0.239387915986D-02  0.115794358112D-01
  0.410618933957D-01 -0.132830427850D-01 -0.143617143731D-01 -0.197895029576D-01
  0.367212337193D-01  0.366616624514D-02  0.529481023652D-01 -0.693147043949D-02
  0.673915535845D-02 -0.484110988815D-02  0.860457497167D-02 -0.190386203536D-01
  0.550204432976D-01  0.118903633248D+00  0.100934539410D-01 -0.686748684135D-01
  0.979152270281D-03  0.132721639222D-01  0.324139854402D-01  0.310332912183D-01
  0.113231041489D-01 -0.140816433152D-01  0.480350424789D-01 -0.354445539210D-01
 -0.469820251174D-01 -0.807444563107D-02 -0.117339320605D+00 -0.355949690640D-01
  0.517106124114D-01 -0.900083983997D-01 -0.493542321040D-01 -0.195586695035D+00
  0.658811698629D-01  0.155246525638D+00  0.101981970688D+00 -0.662090383055D-02
  0.391756437112D+00 -0.113846224229D+00  0.294654128737D-01 -0.933393753009D-01
 -0.379408510144D-02  0.194463011693D-02 -0.202686819144D-01 -0.126103029930D-01
 -0.333137883690D-01  0.115197263275D+00 -0.936072106832D-02  0.121996619017D-01
 -0.221978148897D-01  0.131755635503D-01 -0.967176754816D-02 -0.346747950666D-01
 -0.204393481540D-01 -0.299494885192D-01 -0.144538304800D-01  0.160615613737D-01
  0.860043508814D-02  0.814392185954D-02 -0.257166297271D-01 -0.824376759388D-01
  0.296927890870D-01  0.246768363861D-01  0.299386716485D-01 -0.536052874710D-01
 -0.539964636163D-02 -0.889564248587D-01  0.772192646763D-02 -0.181488188191D-01
  0.210744968975D-01  0.163966587639D-01 -0.383777999960D-01 -0.702719209301D-01
 -0.120450656319D+00  0.227043423072D-01  0.993966861803D-01 -0.482548113207D-02
  0.448772793441D-01 -0.599000214991D-01 -0.815658849215D-01 -0.211842613799D-01
 -0.924408968464D-02 -0.381814350696D-01  0.679258154776D-01  0.491342195717D-01
  0.384939953451D-03  0.120837058634D+00  0.857362251519D-03 -0.102435132376D+00
  0.136278655983D+00  0.339145363443D-01  0.238487464920D+00 -0.109786279459D+00
 -0.135647775409D+00  0.760202477221D+00  0.128983703790D+00  0.381875410199D-01
  0.465845079712D+00 -0.100237224250D+00  0.472284004519D-01 -0.134744033735D+00
 -0.586427196205D-02  0.523443451410D-02 -0.154589950899D-01 -0.252680676596D-01
 -0.395159919282D-01  0.130940614688D+00 -0.158012364799D-01  0.111623684456D-01
 -0.349640012191D-01  0.180071028569D-01 -0.119555336980D-01 -0.524054576928D-01
 -0.260026978192D-01 -0.349467479347D-01 -0.196402804896D-01  0.686623473582D-02
  0.137051447824D-01  0.733873365586D-02 -0.302767951570D-01 -0.966492443692D-01
  0.403867488505D-01  0.254625703375D-01  0.382554923288D-01 -0.654859391746D-01
  0.201930529066D-02 -0.111076772346D+00  0.190491901990D-02 -0.231235638030D-01
  0.616188558224D-01  0.505827126539D-01 -0.665755602081D-01 -0.104845910505D+00
 -0.158562268190D+00 -0.319429788759D-02  0.125712730424D+00 -0.103620485701D-01
 -0.203641812792D-01 -0.625159771236D-01 -0.117988152861D+00 -0.262682882203D-01
  0.507256604680D-02  0.419930124630D-01  0.901539930696D-01  0.794130486283D-01
 -0.120897316266D-02  0.129779318081D+00  0.171364250269D-01 -0.863972944816D-01
  0.132507857679D+00  0.837673202917D-01  0.325902458097D+00 -0.127262226002D+00
 -0.163400740476D+00  0.220733225357D+00  0.844447388454D+00  0.256202686510D-01
  0.107151540715D-01  0.901726174822D-01 -0.100006931092D-01  0.126904117392D-01
 -0.284008150906D-01 -0.333356216372D-02  0.117016994600D-02 -0.389816553700D-02
 -0.120850770530D-01 -0.734178429635D-02  0.227845141886D-01 -0.105485938440D-01
  0.314448570934D-03 -0.287815865985D-02  0.212689098230D-02 -0.559582638961D-02
 -0.942782263480D-02 -0.808819936562D-02 -0.100208888402D-01 -0.268127125681D-02
  0.238328367019D-02  0.232755799364D-02  0.259490633221D-02 -0.839833769140D-02
 -0.204385529868D-01  0.835367536987D-02  0.693610274360D-02  0.730766609333D-02
 -0.124121566747D-01 -0.135243917945D-02 -0.187485533546D-01  0.146506379261D-02
 -0.503913378983D-02 -0.463178332793D-02 -0.611409909069D-02 -0.922203366221D-02
 -0.161561493874D-01 -0.243892771403D-01  0.587661921240D-02  0.254249659130D-01
  0.576604953805D-05  0.132072256370D-01 -0.122469416378D-01 -0.267411376744D-01
 -0.862718660031D-02 -0.828416010028D-02  0.585652814325D-02  0.111000919063D-01
  0.113445689284D-01 -0.288580938511D-02  0.295923191616D-01  0.217730334791D-02
 -0.101516532983D-01  0.278645082089D-01  0.211843622073D-01  0.532018899052D-01
 -0.287804920724D-01 -0.333227267567D-01  0.578418838445D-01  0.375681440446D-01
  0.649689735021D+00  0.435753530815D-01  0.557190531215D-02  0.170557972732D+00
 -0.597465995614D-01  0.300526375042D-01 -0.328855548236D-01 -0.414972947157D-02
  0.265197191205D-02 -0.347778061057D-02 -0.926031084277D-02 -0.118747785611D-01
  0.529122351331D-01 -0.135073310759D-01  0.761130879277D-02 -0.944139515502D-02
  0.859986349373D-02  0.175813881682D-02 -0.885059014405D-02 -0.123722084316D-01
 -0.159816158300D-01 -0.610340992052D-02  0.247316377019D-02  0.328473769346D-02
  0.115311425590D-02 -0.981662937694D-02 -0.282024499514D-01  0.157789346254D-01
  0.142100785993D-01  0.123994423407D-01 -0.299015819174D-01 -0.381948205603D-02
 -0.355047228355D-01  0.956404037363D-02  0.205557582336D-02  0.339545200009D-01
  0.112322934637D-01 -0.736877404876D-02 -0.475294734624D-01 -0.660556587966D-01
 -0.152392366262D-01  0.541913544934D-01  0.154251685686D-02 -0.751928738784D-02
 -0.189833366412D-01 -0.368519527671D-01 -0.116172860058D-01 -0.635119068469D-02
  0.183917279355D-01  0.256510552606D-01  0.188933068476D-01  0.881519595427D-05
  0.547867504859D-01 -0.162761478485D-01 -0.493623361660D-01  0.442404625469D-01
  0.131464493802D-01  0.126808972905D+00 -0.375168019452D-01 -0.519107534752D-01
  0.108645211524D+00  0.974967240870D-01  0.900727638596D-02  0.548973503638D+00
  0.436153113764D-01 -0.266341641825D-02  0.767093216634D-01  0.110551449244D-01
 -0.183155162082D-01 -0.307933207127D-01 -0.100702043745D-02 -0.552405692078D-03
 -0.290978636350D-02 -0.657530123466D-02 -0.168411836029D-01  0.195317367893D-01
 -0.730970719247D-02  0.265279842080D-03 -0.498942920251D-02  0.501089570970D-03
 -0.169191936646D-01 -0.212429799162D-01 -0.220454536077D-02 -0.550892550035D-02
 -0.178087712473D-02  0.187241124587D-02  0.252939566544D-02  0.263104058192D-02
 -0.544990336672D-02 -0.283030129193D-01  0.385680996782D-02 -0.175708081160D-02
  0.393872651157D-02 -0.484526624886D-02 -0.128045418877D-02 -0.241549976399D-02
 -0.590531072432D-02 -0.172680830951D-01 -0.506994882018D-01 -0.381260421000D-01
 -0.116458531464D-01  0.756522561007D-03 -0.190807314672D-01  0.599923453370D-02
  0.195023610108D-02  0.107248796158D-01  0.307988587273D-02 -0.132122610147D-01
  0.121685460288D-01  0.992571366495D-03  0.180274102360D-01 -0.350542350353D-01
  0.646123182387D-02  0.118963589159D-01 -0.638950519181D-02  0.174001946526D-01
  0.125905078634D-01 -0.787057513664D-02  0.278377186184D-01  0.151909864358D-01
  0.484846576486D-01 -0.237843198660D-01 -0.252389021013D-01  0.897977710300D-02
  0.581109393610D-01 -0.198458233834D-02  0.180230399440D-01  0.458495085388D+00
  0.197912069272D-02  0.906533477642D-02  0.146271112695D+00 -0.414769312030D-01
  0.275019669174D-01 -0.457270401420D-01  0.166255480847D-03 -0.889780006990D-04
 -0.441124034507D-02 -0.671036553977D-02 -0.956917907757D-02  0.477133773219D-01
  0.316107841949D-02  0.137603020192D-01 -0.925193391205D-02  0.657291373341D-02
  0.536812805696D-02 -0.113693856682D-01 -0.645027493121D-02 -0.993196502192D-02
 -0.704118785988D-02  0.664506843249D-02  0.343788178504D-02  0.952435261520D-04
 -0.421472675253D-02 -0.160123689902D-01  0.150948385377D-01  0.162171066200D-01
  0.125523956177D-01 -0.291449095449D-01 -0.771493834086D-02 -0.350627607085D-01
  0.176947831349D-01  0.678145008932D-02  0.389243101376D-01  0.160420336655D-01
 -0.207786639527D-01 -0.347859770850D-01 -0.520210247509D-01 -0.845103711805D-02
  0.607919162927D-01 -0.109270825318D-01  0.610986843565D-02 -0.130635384067D-01
 -0.657353093018D-01 -0.940943795454D-02 -0.192221439238D-01  0.466886297430D-01
  0.345102051118D-01  0.268219823653D-01  0.541374592381D-02  0.601326775639D-01
  0.667318412375D-02 -0.398245277635D-01  0.524760995667D-01  0.245665175547D-01
  0.109870405272D+00 -0.583919518781D-01 -0.624297732964D-01  0.851685131157D-01
  0.114707239185D+00  0.731688629018D-02  0.413727949280D-01 -0.147806202390D-01
  0.511504297956D+00  0.219479293428D-01  0.310456231329D-01  0.392097280824D+00
 -0.121241345748D+00  0.400877195299D-01 -0.110686615325D+00 -0.179378527230D-02
  0.264767196289D-02 -0.229941258372D-01 -0.117442545199D-01 -0.373439019946D-01
  0.130700592537D+00 -0.310265402035D-01  0.808549761847D-02  0.352488067896D-02
  0.172595946632D-01 -0.626092115673D-03 -0.413673496034D-01 -0.190958928574D-01
 -0.302532415951D-01 -0.125794966256D-01  0.137449322984D-01  0.115871953728D-01
  0.396669217712D-02 -0.229857989531D-01 -0.885921690222D-01  0.364707698047D-01
  0.361790494355D-01  0.287225756293D-01 -0.633118906880D-01 -0.475427776110D-02
 -0.876393777461D-01  0.115209700762D-01 -0.182183237540D-01  0.285421938516D-01
  0.722144759066D-02 -0.386355611197D-01 -0.901761420896D-01 -0.155502089104D+00
 -0.984856247307D-02  0.107198044323D+00  0.246230447193D-01  0.165948397405D-01
 -0.448300304873D-01 -0.523100071181D-01 -0.121767855838D-01 -0.635895645066D-02
  0.179495026903D-01  0.817480011215D-01  0.650863371918D-01  0.427357524705D-02
  0.141975482436D+00 -0.393716409549D-03 -0.113832890035D+00  0.138142443563D+00
  0.452909197071D-01  0.307688385272D+00 -0.111214633667D+00 -0.150240977876D+00
  0.293122359621D+00  0.366848476872D+00  0.456832082790D-01  0.123787209548D+00
  0.194956446165D-01  0.145079889374D+00  0.404129697934D+00  0.133385499477D+00
  0.299150158802D-03  0.523466053559D+00 -0.300887234726D-01  0.645916289878D-01
 -0.192986660143D+00 -0.782265431297D-03  0.147671773979D-03 -0.266309055193D-01
 -0.562082811761D-01 -0.528436955321D-01  0.149624757078D+00 -0.498009452607D-02
  0.257906714222D-01 -0.532874351965D-01  0.197039724606D-01 -0.912871234290D-02
 -0.760077244386D-01 -0.228849354518D-01 -0.366722076413D-01 -0.128754820407D-01
  0.666658572631D-02  0.135894435203D-01  0.552922277507D-02 -0.223042569624D-01
 -0.931535347332D-01  0.301531444982D-01  0.381318594062D-01  0.464571509894D-01
 -0.769338429752D-01 -0.146169078228D-01 -0.829406038399D-01  0.107115976093D-01
 -0.289662984455D-01 -0.583775287007D-01 -0.708277740874D-01 -0.569700431680D-01
 -0.101496703100D+00 -0.179482463940D+00 -0.294601031685D-01  0.137134756879D+00
  0.284575614122D-01 -0.384958279560D-02 -0.691589114349D-01 -0.477274568484D-01
 -0.203826037710D-01  0.162412734835D-01 -0.130056864242D+00  0.822174143571D-01
  0.935112493379D-01  0.641810133893D-02  0.218857615679D+00  0.341538675455D-01
 -0.104569173017D+00  0.189439989957D+00  0.107978384497D+00  0.390899435096D+00
 -0.173786432200D+00 -0.213628698515D+00  0.363525014187D+00  0.323337920052D+00
  0.793697080358D-01  0.128978273478D+00  0.654603954768D-01  0.118643795074D+00
  0.305249458794D+00  0.513145885572D+00 -0.792450113175D-02 -0.173413000708D-01
  0.138363937865D-01 -0.338917270126D-02  0.109412348795D-02 -0.830917022173D-02
 -0.240234598765D-03 -0.115064246654D-02 -0.110221623704D-01  0.806831322772D-02
  0.132824337116D-01 -0.151512831677D-02  0.124215893922D-01  0.608842507086D-02
 -0.349423619954D-02 -0.619149531036D-03 -0.332120692433D-02 -0.108535106252D-01
 -0.823923948548D-03  0.609586715594D-02  0.288944139869D-02  0.263243206150D-02
  0.183933940730D-02  0.356107673483D-03 -0.644443202492D-02  0.753456687507D-02
 -0.256434559501D-03 -0.686132206469D-03  0.313759574838D-02 -0.468751011667D-03
  0.274793523357D-01 -0.719430545487D-01 -0.124054787476D-01  0.122297869312D-01
  0.129313729829D+00  0.129827708545D+00 -0.736061286247D-01 -0.955422571280D-02
 -0.303500645515D-02  0.132923262124D-01  0.188491831078D-01 -0.155559026794D-01
 -0.247800720561D-01  0.890386600566D-02 -0.109448786950D-01  0.104518009855D-02
  0.233777222090D-01  0.132828724896D-01  0.394545852148D-01  0.233733507057D-01
  0.123273846850D-02 -0.393349805723D-01  0.597335164647D-01  0.103833987576D-01
  0.131367630610D-01  0.242264976161D-01 -0.131122314231D-01  0.339036697250D-02
 -0.143445772884D-01  0.716733019261D-01  0.112783005839D-02  0.143470346204D-01
 -0.209222552622D-01  0.174223058459D-02  0.661677047313D-02 -0.107173313875D-01
  0.403670198781D-02  0.977861931667D-01  0.878517936195D-01  0.103157072439D-01
  0.319382005630D+00 -0.899085084634D-01  0.545235308258D-01 -0.704439477319D-01
 -0.448008763141D-02  0.412292674453D-02 -0.131394732536D-01 -0.138087315479D-01
 -0.293678751642D-01  0.979094801238D-01 -0.134971308663D-01  0.145336346959D-01
 -0.240742588419D-01  0.143444436662D-01  0.113155696695D-02 -0.344185280217D-01
 -0.184236559829D-01 -0.238382921616D-01 -0.779094864104D-02  0.324841107515D-02
  0.711400635528D-02  0.394228053942D-02 -0.165110016069D-01 -0.550338432796D-01
  0.234085394036D-01  0.200435882643D-01  0.246151643723D-01 -0.531073670524D-01
 -0.708910277577D-02 -0.685828590069D-01  0.160148071994D-01 -0.444321392878D-02
  0.129211098436D-01 -0.200732814173D-01 -0.300174133072D-01 -0.804155791677D-01
 -0.115463188365D+00 -0.263280918908D-01  0.966531574205D-01 -0.357019801556D-03
 -0.164360227806D-01 -0.433355272636D-01 -0.337595499030D-01 -0.141521561666D-01
  0.100817555760D-01 -0.582394874769D-01  0.565908103655D-01  0.426849500028D-01
  0.621452550398D-03  0.102117284908D+00 -0.924279804473D-02 -0.862116566414D-01
  0.983385175665D-01  0.311924691774D-01  0.225486205699D+00 -0.669485758977D-01
 -0.995984920021D-01  0.137947089120D+00  0.217890425857D+00  0.336958868689D-01
  0.645660665956D-01  0.312054161096D-01  0.752659751960D-01  0.189550670882D+00
  0.257063920835D+00  0.147235871456D-02  0.694162173923D+00
$end
