$optinfo
 gdiistep   on
 trostep    off
 calchess   off
 iteration  27
 ndiis       1
 itrvec      0
 tradius    1.500000000000E-01
 actrad     1.122905674372E-01
 energyo   -5.738761649769E+02
 predengy  -1.039337067019E-03
 trnvec
  0.000000000000D+00  0.000000000000D+00  0.000000000000D+00
  0.000000000000D+00  0.000000000000D+00  0.000000000000D+00
  0.000000000000D+00  0.000000000000D+00  0.000000000000D+00
  0.000000000000D+00  0.000000000000D+00  0.000000000000D+00
  0.000000000000D+00  0.000000000000D+00  0.000000000000D+00
  0.000000000000D+00  0.000000000000D+00  0.000000000000D+00
  0.000000000000D+00  0.000000000000D+00  0.000000000000D+00
  0.000000000000D+00  0.000000000000D+00  0.000000000000D+00
  0.000000000000D+00  0.000000000000D+00  0.000000000000D+00
  0.000000000000D+00  0.000000000000D+00  0.000000000000D+00
  0.000000000000D+00  0.000000000000D+00  0.000000000000D+00
  0.000000000000D+00  0.000000000000D+00  0.000000000000D+00
  0.000000000000D+00  0.000000000000D+00  0.000000000000D+00
  0.000000000000D+00  0.000000000000D+00  0.000000000000D+00
  0.000000000000D+00  0.000000000000D+00  0.000000000000D+00
  0.000000000000D+00  0.000000000000D+00  0.000000000000D+00
  0.000000000000D+00  0.000000000000D+00  0.000000000000D+00
  0.000000000000D+00  0.000000000000D+00  0.000000000000D+00
  0.000000000000D+00  0.000000000000D+00  0.000000000000D+00
  0.000000000000D+00  0.000000000000D+00  0.000000000000D+00
  0.000000000000D+00  0.000000000000D+00  0.000000000000D+00
  0.000000000000D+00  0.000000000000D+00  0.000000000000D+00
  0.000000000000D+00  0.000000000000D+00  0.000000000000D+00
  0.000000000000D+00  0.000000000000D+00  0.000000000000D+00
  0.000000000000D+00  0.000000000000D+00  0.000000000000D+00
 displ
 -0.218140202321D-03 -0.492100247239D-01 -0.392923293845D-01
  0.194183664439D-02 -0.246990908201D-02 -0.197261967611D-01
 -0.132457287745D-01 -0.445800879750D-02 -0.211971742298D-01
 -0.849959610069D-02  0.193122409159D-03 -0.664286498926D-02
 -0.159137998573D-01  0.111688025595D-01  0.228056093430D-01
 -0.149139200304D-01 -0.439924843374D-03 -0.673618494016D-02
 -0.402562126163D-01  0.825039616700D-02 -0.626762899592D-01
 -0.190643436538D-01 -0.376950659999D-02  0.255330210909D-01
 -0.268185402202D-01 -0.176029673991D-01  0.340493072233D-02
  0.555994163096D-01  0.158609165510D-01  0.412250248785D-02
 -0.579523055858D-01  0.628290198556D-01 -0.254501314400D-01
 -0.106208072320D-01 -0.298268565210D-02  0.224140435831D-01
  0.622388446722D-02  0.194542755404D-01  0.222954927335D-01
  0.584468555602D-01  0.291962310508D-01  0.454882767713D-01
  0.949319873736D-02 -0.149850876708D+00  0.106070413425D-01
 -0.158724668951D-01 -0.188333804266D-02 -0.219866869281D-01
 -0.476323869903D-03  0.109526173795D-01 -0.443677909098D-01
 -0.219038229978D-01 -0.312997448331D-01 -0.152679538750D-01
  0.802543547153D-01  0.162651015185D-01  0.127890223626D-01
 -0.146583550643D-01 -0.835231612302D-02  0.100095413123D-01
 -0.121891444249D-01 -0.380686796987D-02  0.207772659132D-01
 -0.111019893272D-01  0.127004710553D-01  0.190754087978D-01
  0.187206886836D-02  0.570398752285D-01 -0.130848118469D-01
 -0.157352489316D-01 -0.315564138595D-01 -0.130317041496D-01
  0.856091304713D-01  0.637717553041D-01  0.701379628414D-01
 dxyz
 -0.218140202321D-03 -0.492100247239D-01 -0.392923293845D-01
  0.194183664439D-02 -0.246990908201D-02 -0.197261967611D-01
 -0.132457287745D-01 -0.445800879750D-02 -0.211971742298D-01
 -0.849959610069D-02  0.193122409159D-03 -0.664286498926D-02
 -0.159137998573D-01  0.111688025595D-01  0.228056093430D-01
 -0.149139200304D-01 -0.439924843374D-03 -0.673618494016D-02
 -0.402562126163D-01  0.825039616700D-02 -0.626762899592D-01
 -0.190643436538D-01 -0.376950659999D-02  0.255330210909D-01
 -0.268185402202D-01 -0.176029673991D-01  0.340493072233D-02
  0.555994163096D-01  0.158609165510D-01  0.412250248785D-02
 -0.579523055858D-01  0.628290198556D-01 -0.254501314400D-01
 -0.106208072320D-01 -0.298268565210D-02  0.224140435831D-01
  0.622388446722D-02  0.194542755404D-01  0.222954927335D-01
  0.584468555602D-01  0.291962310508D-01  0.454882767713D-01
  0.949319873736D-02 -0.149850876708D+00  0.106070413425D-01
 -0.158724668951D-01 -0.188333804266D-02 -0.219866869281D-01
 -0.476323869903D-03  0.109526173795D-01 -0.443677909098D-01
 -0.219038229978D-01 -0.312997448331D-01 -0.152679538750D-01
  0.802543547153D-01  0.162651015185D-01  0.127890223626D-01
 -0.146583550643D-01 -0.835231612302D-02  0.100095413123D-01
 -0.121891444249D-01 -0.380686796987D-02  0.207772659132D-01
 -0.111019893272D-01  0.127004710553D-01  0.190754087978D-01
  0.187206886836D-02  0.570398752285D-01 -0.130848118469D-01
 -0.157352489316D-01 -0.315564138595D-01 -0.130317041496D-01
  0.856091304713D-01  0.637717553041D-01  0.701379628414D-01
 grado
 -0.359720960902D-04 -0.126857102711D-04 -0.760600047306D-05
 -0.663222451264D-05 -0.479833318078D-04  0.934493374282D-05
  0.288178449354D-04 -0.756986789101D-05  0.211550157709D-04
 -0.189471416429D-04  0.243591150112D-04 -0.241747177719D-04
 -0.800971602321D-05 -0.154135021354D-04 -0.150950863233D-03
 -0.845986259782D-05  0.169643362603D-04  0.889909130109D-04
  0.261487844747D-04  0.424804889527D-05  0.228938522021D-03
  0.235726150884D-05  0.153465102550D-04 -0.465775766248D-04
 -0.148894334144D-04  0.100466449843D-04 -0.812298586162D-04
  0.554631682103D-04  0.577468192823D-04 -0.497909577774D-04
 -0.121342456695D-04  0.243034699840D-05 -0.513354597892D-04
 -0.138104333359D-04  0.658334061470D-05  0.282046440361D-04
  0.111632293624D-03  0.339885260967D-05 -0.113503891976D-03
 -0.180692482042D-04  0.138438642793D-05  0.612149111973D-05
  0.252586922686D-04 -0.249380363629D-04  0.674997077215D-04
  0.395726896765D-05  0.156789677342D-04  0.156424793637D-04
  0.739388090859D-05  0.149314426750D-04 -0.761815150573D-05
 -0.111681079272D-04 -0.109621352958D-04  0.245424183915D-04
 -0.265596643230D-04 -0.279800460892D-04  0.516477929878D-05
 -0.191813451012D-04  0.426037172578D-05  0.113910028244D-04
  0.147177716700D-04  0.338835615645D-05  0.173897193005D-04
 -0.196676620512D-04 -0.182337866104D-04  0.968617697800D-06
 -0.512286909320D-04  0.290153951624D-06  0.815286179766D-05
  0.114115495592D-05 -0.191356848578D-04 -0.260702816018D-05
 -0.119854055233D-04  0.390960977281D-05  0.189711723993D-05
$end
