$coord
    0.77248204829002      1.98614944094148      0.70966029697428      c
    1.91228710453408      3.68221772852222      0.69556638688342      h
    1.92594817663366     -0.37750988469872      0.54623182236096      c
    3.96005585271459     -0.51369053993142      0.41043148018167      h
    0.45678958026948     -2.56413669745043      0.56066274810008      c
    1.35156299513674     -4.39661545552808      0.43099395306102      h
   -2.16596574530111     -2.38910056494805      0.74436686162195      c
   -3.30547468146015     -4.08544925765130      0.75477512923172      h
   -3.32077379084842     -0.02638101145209      0.91264650699306      c
   -5.35456502850895      0.11006459850225      1.05643094019406      h
   -1.85133827968591      2.16223697549022      0.89248685758483      c
   -2.74775896315403      3.99488270409979      1.01503972446434      h
$redundant
     number_of_atoms            12
     degrees_of_freedom         30
     internal_coordinates       30
     frozen_coordinates          0
# definitions of redundant internals
   1 k  1.0000000000000 stre    1    2           val=   2.04353
   2 k  0.7071067811892 bend    3    2    1      val=  -0.01068
       -0.7071067811839 bend   11    2    1
   3 k  1.0000000000000 outp    2   11    3    1 val=   0.02608
   4 k  1.0000000000000 stre    3    4           val=   2.04318
   5 k  0.7071067814288 bend    5    4    3      val=   0.01876
       -0.7071067809443 bend    1    4    3
   6 k  1.0000000000000 outp    4    1    5    3 val=   0.05888
   7 k  1.0000000000000 stre    5    6           val=   2.04338
   8 k  0.7071067812230 bend    3    6    5      val=  -0.00122
       -0.7071067811501 bend    7    6    5
   9 k  1.0000000000000 outp    6    7    3    5 val=  -0.04619
  10 k  1.0000000000000 stre    7    8           val=   2.04357
  11 k  0.7071067813088 bend    5    8    7      val=   0.02167
       -0.7071067810643 bend    9    8    7
  12 k  1.0000000000000 outp    8    9    5    7 val=   0.04574
  13 k  1.0000000000000 stre    9   10           val=   2.04343
  14 k  0.7071067815353 bend    7   10    9      val=   0.02125
       -0.7071067808378 bend   11   10    9
  15 k  1.0000000000000 outp   10   11    7    9 val=   0.06465
  16 k  1.0000000000000 stre   11   12           val=   2.04381
  17 k  0.7071067821533 bend    1   12   11      val=   0.03722
       -0.7071067802198 bend    9   12   11
  18 k  1.0000000000000 outp   12    9    1   11 val=  -0.10156
  19 k  1.0000000000000 stre    1    3           val=   2.63516
  20 k  1.0000000000000 stre    3    5           val=   2.63438
  21 k  1.0000000000000 stre    5    7           val=   2.63500
  22 k  1.0000000000000 stre    7    9           val=   2.63521
  23 k  1.0000000000000 stre    9   11           val=   2.63623
  24 k  1.0000000000000 stre   11    1           val=   2.63607
  25 k -0.5000000000000 bend    1    5    3      val=   0.00255
       -0.5000000000000 bend    3    7    5
        1.0000000000000 bend    5    9    7
       -0.5000000000000 bend    7   11    9
       -0.5000000000000 bend    9    1   11
        1.0000000000000 bend   11    3    1
  26 k  0.8660254037844 bend    1    5    3      val=  -0.00912
       -0.8660254037844 bend    3    7    5
        0.8660254037844 bend    7   11    9
       -0.8660254037844 bend    9    1   11
  27 k -1.0000000000000 bend    1    5    3      val=  -0.00322
        1.0000000000000 bend    3    7    5
       -1.0000000000000 bend    5    9    7
        1.0000000000000 bend    7   11    9
       -1.0000000000000 bend    9    1   11
        1.0000000000000 bend   11    3    1
  28 k -0.5000000000000 tors    3    5    7    9 val=  -0.10859
       -0.5000000000000 tors    5    7    9   11
        1.0000000000000 tors    7    9   11    1
       -0.5000000000000 tors    9   11    1    3
       -0.5000000000000 tors   11    1    3    5
        1.0000000000000 tors    1    3    5    7
  29 k  0.8660254037844 tors    3    5    7    9 val=  -0.04764
       -0.8660254037844 tors    5    7    9   11
        0.8660254037844 tors    9   11    1    3
       -0.8660254037844 tors   11    1    3    5
  30 k -1.0000000000000 tors    3    5    7    9 val=  -0.00321
        1.0000000000000 tors    5    7    9   11
       -1.0000000000000 tors    7    9   11    1
        1.0000000000000 tors    9   11    1    3
       -1.0000000000000 tors   11    1    3    5
        1.0000000000000 tors    1    3    5    7
        30 non zero eigenvalues  of BmBt
           1          11.029623893    1    0
         1
           2           5.084920723    2    0
         2
           3           5.083643012    3    0
         3
           4           4.375325898    4    0
         4
           5           4.375009416    5    0
         5
           6           3.553554858    6    0
         6
           7           3.501895166    7    0
         7
           8           3.501799798    8    0
         8
           9           3.185429034    9    0
         9
          10           2.618031600   10    0
        10
          11           1.988632752   11    0
        11
          12           1.890898414   12    0
        12
          13           1.890503366   13    0
        13
          14           1.576975868   14    0
        14
          15           1.576805050   15    0
        15
          16           0.994421819   16    0
        16
          17           0.994215315   17    0
        17
          18           0.542421492   18    0
        18
          19           0.478951838   19    0
        19
          20           0.404338918   20    0
        20
          21           0.381966203   21    0
        21
          22           0.358725807   22    0
        22
          23           0.358701148   23    0
        23
          24           0.278908418   24    0
        24
          25           0.278862543   25    0
        25
          26           0.260210336   26    0
        26
          27           0.260193422   27    0
        27
          28           0.150059361   28    0
        28
          29           0.108518350   29    0
        29
          30           0.108503525   30    0
        30
$user-defined bonds
$frag
 atom   1 fragment  1 symmetry  c1
 atom   2 fragment  1
 atom   3 fragment  1
 atom   4 fragment  1
 atom   5 fragment  1
 atom   6 fragment  1
 atom   7 fragment  1
 atom   8 fragment  1
 atom   9 fragment  1
 atom  10 fragment  1
 atom  11 fragment  1
 atom  12 fragment  1
   iteration     4
$end
