$coord
    3.72935655006457      3.59657218433720      0.81693083901303      c
    4.68630182431266      5.41344764192124      0.75103541412707      h
    2.95354059212885      3.32041540239759      2.70264440301715      h
    2.16154941753403      3.57859470185010     -0.50872249906095      h
    5.45964721288376      1.41405411618882      0.21993571739439      c
    4.65803522711764     -0.70227057584396     -0.31879031496745      o
    7.96568279694360      1.90864132393605      0.33180630259540      n
    8.52884470974415      3.62910115898043      0.89435356307396      h
    9.82216115249795     -0.05688419401169     -0.08911851688711      c
    9.14836571646613     -1.28697746226569     -1.58611601817929      h
   11.59920147610830      0.80015165076405     -0.65322765680149      h
   10.12359158149359     -1.19927447875349      1.59665993600006      h
$redundant
     number_of_atoms            12
     degrees_of_freedom         30
     internal_coordinates       30
     frozen_coordinates          0
# definitions of redundant internals
   1 k  1.0000000000000 tors    4    1    5    7 val= 136.63624
        1.0000000000000 tors    2    1    5    7
        1.0000000000000 tors    3    1    5    7
   2 k  1.0000000000000 stre    1    4           val=   2.05322
   3 k  1.0000000000000 stre    1    2           val=   2.05454
   4 k  1.0000000000000 stre    1    3           val=   2.05769
   5 k  0.4621800169089 bend    2    4    1      val=   0.51585
        0.3328421747779 bend    3    4    1
        0.4347279338384 bend    3    2    1
       -0.4142789299985 bend    5    4    1
       -0.3787188334649 bend    5    2    1
       -0.4142008637583 bend    5    3    1
   6 k -0.1541764354555 bend    2    4    1      val=   1.73736
        0.7058859786377 bend    3    4    1
       -0.4125554509154 bend    3    2    1
        0.2795239889478 bend    5    4    1
       -0.4665716771129 bend    5    2    1
        0.1092237224767 bend    5    3    1
   7 k -0.7024521395750 bend    2    4    1      val=   0.70049
        0.1839884671537 bend    3    4    1
        0.5792414634460 bend    3    2    1
       -0.2339971446385 bend    5    4    1
       -0.0771463239715 bend    5    2    1
        0.2765544134245 bend    5    3    1
   8 k  0.1035799844407 bend    2    4    1      val=  -0.82436
       -0.4445053395356 bend    3    4    1
        0.3116893414278 bend    3    2    1
        0.5103776441745 bend    5    4    1
       -0.6392234964567 bend    5    2    1
        0.1595115240112 bend    5    3    1
   9 k  0.2949631165934 bend    2    4    1      val=   0.36189
       -0.1007987295937 bend    3    4    1
       -0.2014403267238 bend    3    2    1
       -0.5166846470351 bend    5    4    1
       -0.2074275710155 bend    5    2    1
        0.7431479994133 bend    5    3    1
  10 k  1.0000000000000 stre    5    6           val=   2.32629
  11 k  0.7071089949163 bend    7    6    5      val=  -0.41911
       -0.7071045674498 bend    1    6    5
  12 k  1.0000000000000 outp    6    1    7    5 val=  -0.47898
  13 k  1.0000000000000 stre    7    8           val=   1.89568
  14 k  0.7072349000050 bend    5    8    7      val=  -0.51363
       -0.7069786391504 bend    9    8    7
  15 k  1.0000000000000 outp    8    9    5    7 val=  -5.61393
  16 k  1.0000000000000 tors   10    9    7    5 val=  38.22507
        1.0000000000000 tors   11    9    7    5
        1.0000000000000 tors   12    9    7    5
  17 k  1.0000000000000 stre    9   10           val=   2.05137
  18 k  1.0000000000000 stre    9   11           val=   2.05198
  19 k  1.0000000000000 stre    9   12           val=   2.05858
  20 k  0.4003069221826 bend   11   10    9      val=   0.43646
        0.3943621944748 bend   12   10    9
        0.4390892848170 bend   12   11    9
       -0.4137384732699 bend    7   10    9
       -0.3958110383046 bend    7   11    9
       -0.4044595471406 bend    7   12    9
  21 k -0.1603614970323 bend   11   10    9      val=   0.15130
        0.6772130566626 bend   12   10    9
       -0.4762096545638 bend   12   11    9
        0.3021151907654 bend    7   10    9
       -0.4332518775141 bend    7   11    9
        0.0995502546189 bend    7   12    9
  22 k  0.7358388519347 bend   11   10    9      val=   1.25867
       -0.1872037423058 bend   12   10    9
       -0.5090279785155 bend   12   11    9
        0.2311199087964 bend    7   10    9
        0.0814687844671 bend    7   11    9
       -0.3230060136498 bend    7   12    9
  23 k  0.0736500200968 bend   11   10    9      val=   0.50744
       -0.4121686056439 bend   12   10    9
        0.3354946149454 bend   12   11    9
        0.5422155083131 bend    7   10    9
       -0.6380557014076 bend    7   11    9
        0.1049921085124 bend    7   12    9
  24 k  0.3318114804330 bend   11   10    9      val=   1.27437
       -0.1267859596478 bend   12   10    9
       -0.1975598916567 bend   12   11    9
       -0.4738166279637 bend    7   10    9
       -0.2654216296392 bend    7   11    9
        0.7347419361125 bend    7   12    9
  25 k  1.0000000000000 tors    1    5    7    9 val= 177.17893
  26 k  1.0000000000000 stre    5    1           val=   2.84845
  27 k  1.0000000000000 bend    7    1    5      val= 115.97622
  28 k  1.0000000000000 stre    7    9           val=   2.73623
  29 k  1.0000000000000 bend    5    9    7      val= 121.28655
  30 k  1.0000000000000 stre    5    7           val=   2.55682
        30 non zero eigenvalues  of BmBt
           1           7.201722792    1    0
         1
           2           4.328779330    2    0
         2
           3           3.940072793    3    0
         3
           4           3.862270127    4    0
         4
           5           3.530956415    5    0
         5
           6           3.447472440    6    0
         6
           7           2.841722415    7    0
         7
           8           2.821282641    8    0
         8
           9           2.446260532    9    0
         9
          10           2.151701187   10    0
        10
          11           1.434811467   11    0
        11
          12           1.331602323   12    0
        12
          13           0.888066769   13    0
        13
          14           0.876024693   14    0
        14
          15           0.708079411   15    0
        15
          16           0.707289505   16    0
        16
          17           0.704273599   17    0
        17
          18           0.702193796   18    0
        18
          19           0.625918337   19    0
        19
          20           0.457268768   20    0
        20
          21           0.357407411   21    0
        21
          22           0.335083696   22    0
        22
          23           0.309298678   23    0
        23
          24           0.300981026   24    0
        24
          25           0.267398953   25    0
        25
          26           0.256983444   26    0
        26
          27           0.231820598   27    0
        27
          28           0.085534692   28    0
        28
          29           0.055019253   29    0
        29
          30           0.037021078   30    0
        30
$user-defined bonds
$frag
 atom   1 fragment  1 symmetry  c1
 atom   2 fragment  1
 atom   3 fragment  1
 atom   4 fragment  1
 atom   5 fragment  1
 atom   6 fragment  1
 atom   7 fragment  2 symmetry  c1
 atom   8 fragment  2
 atom   9 fragment  2
 atom  10 fragment  2
 atom  11 fragment  2
 atom  12 fragment  2
   iteration     5
$end
