$energy      SCF               SCFKIN            SCFPOT            RIRPA
     1 -645.0643860519      0.00000000      0.00000000     -4.014641079714
     2 -645.0654862856      0.00000000      0.00000000     -4.013449746234
     3 -645.0661868232      0.00000000      0.00000000     -4.012824068299
     4 -645.0656681001      0.00000000      0.00000000     -4.013394987547
     5 -645.0656343155      0.00000000      0.00000000     -4.013433178137
     6 -645.0656117142      0.00000000      0.00000000     -4.013458108687
     7 -645.0655986693      0.00000000      0.00000000     -4.013470315079
     8 -645.0655969562      0.00000000      0.00000000     -4.013470625435
     9 -645.0656193096      0.00000000      0.00000000     -4.013450558085
    10 -645.0656285543      0.00000000      0.00000000     -4.013440989180
    11 -645.0656369605      0.00000000      0.00000000     -4.013432871646
    12 -645.0656426379      0.00000000      0.00000000     -4.013427205631
    13 -645.0656414401      0.00000000      0.00000000     -4.013429083681
    14 -645.0656317082      0.00000000      0.00000000     -4.013437823733
    15 -645.0656297404      0.00000000      0.00000000     -4.013440218373
    16 -645.0656311259      0.00000000      0.00000000     -4.013439198999
    17 -645.0656535351      0.00000000      0.00000000     -4.013401049517
    18 -645.0656324539      0.00000000      0.00000000     -4.013438015073
    19 -645.0656326041      0.00000000      0.00000000     -4.013437612473
    20 -645.0656349132      0.00000000      0.00000000     -4.013435207477
    21 -645.0628163477      0.00000000      0.00000000     -4.014702674128
    22 -645.0656336628      0.00000000      0.00000000     -4.013436897910
    23 -645.0656295373      0.00000000      0.00000000     -4.013440728465
    24 -645.0656295274      0.00000000      0.00000000     -4.013440931872
    25 -645.0656298492      0.00000000      0.00000000     -4.013440269166
    26 -645.0656309373      0.00000000      0.00000000     -4.013439405081
    27 -645.0656329247      0.00000000      0.00000000     -4.013437440697
    28 -645.0656349189      0.00000000      0.00000000     -4.013435390817
    29 -645.0656346068      0.00000000      0.00000000     -4.013436009971
    30 -645.0100410186      0.00000000      0.00000000     -4.032777224030
    31 -645.0096287907      0.00000000      0.00000000     -4.033194672602
    32 -645.0095971205      0.00000000      0.00000000     -4.033229668818
    33 -645.0095944597      0.00000000      0.00000000     -4.033232287534
    34 -645.0095850682      0.00000000      0.00000000     -4.033242641036
    35 -645.0095830595      0.00000000      0.00000000     -4.033245353167
    36 -645.0095810386      0.00000000      0.00000000     -4.033246294700
    37 -645.0095837331      0.00000000      0.00000000     -4.033243201567
    38 -645.0095864429      0.00000000      0.00000000     -4.033242186004
    39 -645.0095849573      0.00000000      0.00000000     -4.033240956611
    40 -645.0095851949      0.00000000      0.00000000     -4.033241893060
    41 -645.0095852535      0.00000000      0.00000000     -4.033242395223
    42 -645.0097565052      0.00000000      0.00000000     -4.033036511340
    43 -645.0095860587      0.00000000      0.00000000     -4.033240971980
    44 -645.0095849749      0.00000000      0.00000000     -4.033242032318
    45 -645.0092873259      0.00000000      0.00000000     -4.033484531214
    46 -645.0095849960      0.00000000      0.00000000     -4.033242996590
    47 -645.0095840454      0.00000000      0.00000000     -4.033242795604
    48 -645.0095851090      0.00000000      0.00000000     -4.033241898751
    49 -645.0095850644      0.00000000      0.00000000     -4.033241713134
    50 -645.0095766486      0.00000000      0.00000000     -4.033224873667
    51 -645.0095877576      0.00000000      0.00000000     -4.033239680177
    52 -645.0095886370      0.00000000      0.00000000     -4.033240821909
    53 -645.0093826279      0.00000000      0.00000000     -4.033384807878
    54 -645.0095825056      0.00000000      0.00000000     -4.033244738035
    55 -645.0095834780      0.00000000      0.00000000     -4.033243982179
    56 -645.0095841267      0.00000000      0.00000000     -4.033242812784
    57 -645.0095819406      0.00000000      0.00000000     -4.033243273531
    58 -645.0096659288      0.00000000      0.00000000     -4.033112165147
    59 -645.0095893606      0.00000000      0.00000000     -4.033237992509
    60 -645.0095856883      0.00000000      0.00000000     -4.033241713024
    61 -645.0095865988      0.00000000      0.00000000     -4.033241263020
$end
