$hessapprox internal
  0.989947850997D+00  0.171041124456D-01  0.427659636136D+00 -0.205247541287D-01
  0.586645527048D-04  0.292051029498D+00  0.335747078392D-02 -0.285900730123D-03
 -0.359072345534D-01  0.385942194200D-01 -0.872802063389D-02 -0.898505656628D-02
  0.670050564704D-02 -0.243440013580D-02  0.576300895489D+00 -0.137413185578D-01
 -0.191297009255D-01 -0.813472621660D-02  0.147082283438D-02  0.633118940009D-02
  0.347897231366D+00 -0.382655196236D-01 -0.232426827668D-01  0.604793892022D-02
 -0.447566638094D-02 -0.104266009748D-01 -0.372141557377D-01  0.104005555519D+01
  0.124605560511D-01 -0.277240363934D-01  0.185754524535D-01 -0.458267163530D-02
 -0.263718028122D-02 -0.212733368355D-01 -0.309605271435D-01  0.413702122703D+00
  0.686643429376D-03  0.117222286951D-01  0.538371293295D-01 -0.181096287707D-01
  0.451002318215D-02 -0.961698725236D-02  0.827488147045D-02 -0.198592826210D-02
  0.260809414759D+00 -0.575692224607D-02 -0.413510956922D-02  0.376579789997D-03
 -0.328845579103D-03 -0.189430390482D-02 -0.389967530789D-03 -0.407887272193D-02
  0.104927067889D-02 -0.337145184596D-03  0.433604898503D+00 -0.927733373775D-03
 -0.671550900022D-02  0.256374116760D-02 -0.103905980415D-02  0.347605279791D-03
 -0.115322012261D-02 -0.557726060231D-03 -0.365883966961D-02  0.194012315219D-02
  0.128617454451D-03  0.366726963085D+00 -0.205632703371D-02 -0.631296422249D-03
  0.170270630456D-02  0.107087831036D-04 -0.121840728456D-02  0.279508641971D-02
  0.435022201135D-02  0.369874204975D-02  0.306644962441D-02 -0.808444516880D-03
  0.793456674748D-03  0.930094064337D-01 -0.614544054493D-02 -0.171028432737D-02
  0.209382554969D-02 -0.779039441370D-03 -0.180113096994D-02 -0.694238375583D-03
 -0.550130825109D-02 -0.796182176118D-03  0.260269614932D-02 -0.607798865669D-03
  0.244901136924D-03 -0.360394843958D-03  0.432665617544D+00 -0.123510553804D-02
 -0.368565264897D-02  0.111113494133D-02 -0.905538455926D-03  0.991777674885D-03
  0.360733371838D-04  0.661663629271D-03  0.635745513451D-03 -0.163782936569D-03
 -0.362538698427D-03 -0.659186295389D-03  0.111979407736D-03  0.920061595416D-04
  0.366456513529D+00 -0.402994219299D-02 -0.214482787371D-02  0.550673758585D-02
 -0.150007552046D-02 -0.147713923599D-02  0.408512909090D-03  0.142999050403D-02
 -0.610381928406D-03  0.904158787301D-02 -0.108667066915D-03 -0.166267979421D-02
 -0.204630138420D-01  0.274220888180D-03 -0.220534246360D-03  0.960109321669D-01
 -0.506663782244D-02 -0.133967006634D-02  0.286832413878D-02 -0.682526335103D-03
 -0.259735969446D-02  0.289327757149D-03 -0.488479239236D-02 -0.117062648622D-02
  0.312136932687D-02 -0.734086843217D-03  0.215214994677D-04 -0.697710880909D-03
 -0.704166145491D-03  0.224354944572D-03 -0.140249408162D-03  0.433464376422D+00
  0.357328371580D-02 -0.170421466451D-02  0.180539467003D-02 -0.463735931944D-03
 -0.278619462720D-02  0.341046382049D-02 -0.854022367667D-03 -0.713236658077D-02
  0.226385741302D-02  0.460777485505D-03 -0.120313531698D-02  0.471920083153D-03
 -0.276521202953D-03  0.103470036767D-02 -0.891418525479D-03 -0.909316823966D-03
  0.364708559156D+00 -0.625373183790D-02 -0.183603613400D-02  0.156835743243D-02
 -0.744677863800D-03  0.213403377178D-02 -0.297109913704D-02 -0.864910701365D-02
  0.150171018327D-02 -0.608511610087D-02 -0.539529575374D-03  0.175298755505D-02
 -0.309364579690D-03 -0.100742214901D-02  0.586150632858D-03  0.146094598816D-01
 -0.564060945888D-03  0.128343481582D-02  0.104524274798D+00 -0.409387308888D-02
 -0.206726327530D-02  0.141090544428D-02 -0.502756062827D-03 -0.439697741147D-02
  0.534883744134D-03 -0.556717521686D-02 -0.205124231700D-02  0.335963601785D-02
 -0.119048113433D-02 -0.825571949077D-03 -0.384013721259D-03 -0.120103911510D-02
 -0.131123611793D-03 -0.172957064075D-03 -0.104345630958D-02 -0.132362487736D-02
 -0.198612134050D-02  0.435957054311D+00 -0.102591166838D-01 -0.388011432630D-02
 -0.822247437149D-02  0.176665416354D-02  0.460140023586D-02 -0.420125546448D-02
  0.670886405345D-02  0.226452883695D-01 -0.829338536327D-02 -0.233093399425D-02
  0.871872003552D-03 -0.175981268925D-02  0.548038995197D-03 -0.448521979966D-02
  0.708970779853D-04  0.188181370775D-02  0.979245774201D-02 -0.185098902408D-02
  0.179121788069D-02  0.337598648291D+00  0.597674456282D-02  0.890224631160D-03
 -0.333450096683D-02 -0.478226493222D-03 -0.195484437161D-02 -0.221765634980D-02
 -0.278929434034D-02 -0.749142344539D-02 -0.714595440688D-02  0.910186600056D-04
 -0.167979445879D-02 -0.495091413752D-02  0.794354494188D-03 -0.698293637122D-03
  0.628524123893D-03  0.463939131482D-03 -0.830243592544D-03  0.163385621598D-01
  0.136641922321D-02  0.276091685586D-02  0.100414618445D+00 -0.107605905713D-02
  0.212338729491D-03  0.258121567480D-02 -0.637456688398D-03  0.351464184555D-03
  0.266707819290D-03  0.200749892256D-02 -0.102056132099D-02 -0.206023273915D-02
 -0.108812395959D-04 -0.193353757264D-03 -0.117180719871D-03  0.253646803182D-03
 -0.264031792475D-03 -0.157934278205D-03  0.839528116549D-04  0.611570530988D-03
  0.615295563540D-03  0.311714552764D-04 -0.198954048316D-02 -0.115857089387D-03
  0.315020696599D-02 -0.899971433355D-03  0.279942206200D-03 -0.596681405959D-03
  0.236685495051D-03 -0.126462097116D-02  0.372516733800D-02 -0.645895953418D-04
 -0.387928372221D-03  0.625058536886D-03 -0.269240711240D-03  0.247412299028D-04
 -0.523878647183D-03 -0.311489627384D-03  0.553308815104D-03 -0.143950297056D-04
 -0.496109790058D-03 -0.122279145495D-02 -0.182144195572D-03 -0.868459920747D-03
  0.266909177163D-02  0.217996656314D-03 -0.576567429806D-03  0.426209131303D+00
 -0.622622213181D-02 -0.220617836310D-02 -0.220987871492D-02 -0.155889658746D-03
 -0.188155849162D-02 -0.895585659147D-03 -0.791816249283D-02 -0.233255332214D-02
  0.671556253257D-03 -0.720183037315D-03 -0.151981002954D-03 -0.159032111289D-03
 -0.943998770151D-03  0.546157249574D-04 -0.298194171965D-03 -0.919703353031D-03
 -0.723982971922D-03 -0.918717464569D-03 -0.128435534548D-02  0.179340890271D-02
  0.222321479402D-03  0.232487741498D-02  0.394122375397D-04  0.420356283379D+00
 -0.835370139649D-02 -0.206532108660D-02  0.475121965972D-03 -0.654774587559D-03
 -0.131955701010D-02 -0.355434751745D-02 -0.787734134320D-02 -0.895345516036D-03
 -0.180200111797D-02 -0.819987654748D-03 -0.226765719622D-03 -0.205570660853D-03
 -0.832074055111D-03 -0.408946542808D-03 -0.847760017235D-03 -0.735318633383D-03
  0.823840010946D-03  0.235117313004D-03 -0.114740691590D-02 -0.277271186912D-02
 -0.254848643203D-03 -0.189036842041D-02 -0.425523191300D-03 -0.462028911779D-03
  0.418534946266D+00 -0.900155607810D-02 -0.387656374501D-02 -0.524832793899D-02
  0.281162575958D-03  0.333768932714D-02 -0.214067665532D-03  0.656271996716D-02
  0.119625271845D-01 -0.595283588799D-02 -0.737447973513D-03 -0.161162950075D-02
 -0.113461633228D-03  0.610071092123D-03 -0.259840410159D-02 -0.655988626173D-03
  0.973601172638D-03  0.336825251036D-02 -0.386168059929D-03 -0.224115971142D-03
 -0.137143051566D-01 -0.502179073328D-04 -0.768697080415D-03  0.118436386288D-02
  0.109815143669D-02 -0.956112905731D-03  0.318082362590D+00  0.633604638415D-03
  0.314472629920D-02  0.727532059759D-02 -0.120237018408D-03 -0.975607010688D-03
 -0.199789633037D-02 -0.624532853439D-02 -0.123673546906D-01 -0.768510314542D-03
  0.109135056489D-02 -0.245276422483D-03  0.642120132728D-03 -0.208002488456D-03
  0.169590427506D-02 -0.397204897846D-03 -0.678960534310D-03 -0.268508484939D-02
  0.195708243984D-02 -0.160974815186D-05  0.102959424579D-01 -0.105793434634D-02
 -0.599680783214D-02 -0.188894534652D-02  0.149945061084D-02 -0.973091626863D-03
  0.577024026238D-02  0.310941581233D+00  0.768995799587D-02  0.447721009650D-02
  0.434691302577D-02 -0.270253706246D-02  0.242836817904D-03  0.532896515794D-02
  0.259824444803D-02 -0.711736198481D-03  0.142051415806D-01  0.921465857155D-03
  0.395775930475D-03  0.409533730515D-03 -0.148008178846D-03  0.149637230439D-02
  0.120507283197D-02  0.144319322889D-03 -0.462392102629D-02 -0.456344973959D-03
 -0.486018745961D-03  0.129277277695D-01 -0.260290091688D-03  0.119346713757D-01
  0.983503373982D-03 -0.413254852340D-02  0.484117889535D-02  0.364238377924D-02
  0.922251873271D-02  0.290755554500D+00 -0.996722648777D-02  0.338144901040D-02
  0.202818345050D-02 -0.205305443902D-02  0.299665185612D-02  0.290195416880D-02
  0.162596405216D-02 -0.148147046767D-02  0.318835354397D-02  0.126904124215D-02
 -0.325602617460D-02  0.144462798474D-02  0.176282391545D-03  0.197283290081D-03
 -0.214876885470D-02  0.197333693076D-03 -0.383994124275D-02  0.283953877931D-02
 -0.183704577932D-02  0.763011658689D-02 -0.213251885811D-02 -0.167071755974D-03
 -0.341914426647D-03 -0.725944824393D-04  0.523817426786D-03 -0.392348529137D-02
 -0.231865053787D-02 -0.424221246102D-02  0.320666600693D+00  0.144517768502D-01
  0.189405345701D-01  0.470986916688D-02 -0.875928337501D-03 -0.317882462492D-02
  0.155628408672D-01  0.133251874692D-01  0.708987582819D-02  0.129048217783D-01
  0.140092044526D-02  0.312017910835D-02 -0.202859653167D-02 -0.129972354790D-03
  0.462536741018D-02  0.285359109801D-02 -0.408836452495D-03 -0.624942842427D-02
 -0.654825494652D-03 -0.110172096209D-03  0.194714277063D-01  0.203851468982D-02
  0.100763060415D-01 -0.129888332128D-02 -0.264151657498D-02  0.639902141945D-02
  0.781597910318D-02  0.554837435019D-02 -0.278943623245D-01 -0.306124306643D-02
  0.300047010708D+00  0.712065769875D-02 -0.452798710814D-02 -0.170058059895D-01
  0.130096655323D-02  0.454524862050D-03  0.107071211182D-02 -0.731240119227D-03
 -0.242092802648D-02 -0.274578699793D-01 -0.622493450390D-04 -0.147179429368D-02
 -0.552471058597D-03 -0.105637975843D-03 -0.105150499363D-02 -0.210885821301D-02
  0.240915614915D-04  0.535767603830D-03  0.247510843424D-02  0.118240889985D-03
 -0.914577888514D-05  0.111420862742D-02  0.140915021857D-03  0.502171632930D-03
  0.135893417803D-02 -0.473388335438D-04 -0.539644294062D-03  0.595190194533D-04
 -0.746507217896D-03 -0.654365245071D-03  0.879848924016D-03  0.132997272159D-01
 -0.753691170515D-02  0.324759697427D-01  0.912114924268D-02 -0.296552296923D-02
 -0.649112892571D-02  0.318259598005D-01  0.106890239053D-01  0.992248290010D-02
  0.159795436474D-01 -0.133550657125D-03  0.451289440341D-02 -0.344775151859D-02
 -0.272040831862D-02  0.266382895422D-02  0.338849433395D-02 -0.312528899800D-02
 -0.628839369194D-02  0.159030700836D-02 -0.337573171893D-02  0.177204384625D-01
  0.325900700252D-02  0.962845617357D-04 -0.374350226319D-02 -0.383877303638D-03
  0.239558364492D-02  0.576948873332D-02 -0.577328567024D-02 -0.101382698025D-01
 -0.767896881147D-02 -0.267039322649D-01 -0.167705685317D-02  0.555608531916D+00
 -0.131287650549D-01  0.168006065255D-01 -0.542816576301D-02 -0.166209840997D-02
  0.166996483167D-01 -0.733267187091D-02  0.837521305795D-03  0.767444390039D-02
 -0.503473579304D-02  0.294945431983D-02  0.186615951984D-02  0.430940115680D-02
  0.185182449460D-02  0.699632440860D-05  0.651353362365D-03  0.309868898023D-02
  0.561239182887D-02  0.103164980968D-01 -0.515889831791D-03 -0.121081170099D-01
 -0.113495945845D-01  0.577346570154D-03  0.398624155737D-02  0.170912473780D-02
  0.405670480949D-03 -0.542056399628D-02  0.207760997062D-02  0.421494448073D-02
 -0.207840810554D-03  0.823396851168D-02 -0.639479547205D-03  0.185717510600D-01
  0.420445882090D+00  0.902526640408D-03 -0.142545413398D-01 -0.445120860265D-01
  0.132135332622D-01 -0.347063045810D-02 -0.103955329093D-02 -0.763385104703D-02
  0.204678428833D-02 -0.766332326683D-01 -0.738300446300D-03 -0.139792473043D-02
 -0.372264753598D-02 -0.201656258938D-02 -0.179571958267D-02 -0.473323071238D-02
 -0.218183978130D-02  0.162907601577D-02  0.255803427265D-02 -0.284899629704D-02
 -0.362876684052D-02  0.580941639183D-02 -0.203779121544D-02 -0.631487151464D-03
  0.468489547581D-03  0.615324835327D-03  0.120537785056D-02  0.172290693577D-02
 -0.332343980139D-02  0.127904872093D-02  0.243919002161D-02  0.221288490179D-01
 -0.219822943247D-02  0.422003947097D-02  0.948363284059D-01  0.204255240715D-01
 -0.471459974482D-02 -0.517068272263D-02  0.391861399270D-02  0.142418438510D-02
 -0.180586349494D-02  0.185698117434D-02 -0.134048045887D-01 -0.426512415094D-02
  0.363998610315D-03  0.297288505519D-03 -0.726121873992D-03  0.763512069950D-03
 -0.597794423884D-03  0.180998815720D-02 -0.124300271994D-03 -0.796809388902D-03
  0.128332821256D-02  0.316874175479D-02  0.468381553206D-02  0.667312236241D-03
 -0.923867948909D-04  0.166476672307D-03  0.222496026334D-02  0.302563187071D-02
  0.301027013891D-02 -0.235086260883D-02 -0.337930900131D-02  0.273973810555D-02
 -0.474957518306D-02 -0.172410954112D-02 -0.528096653820D-02  0.818114201408D-02
  0.242701662483D-02  0.390856026700D+00 -0.813393090260D-02 -0.566894707470D-03
  0.501518596943D-02 -0.177437320975D-02  0.485510890807D-03 -0.120587914408D-01
 -0.263167453921D-01 -0.304790157844D-01  0.137453442942D-01  0.884233435197D-03
 -0.304430056505D-02  0.441884939028D-02 -0.807249118595D-03  0.103510630294D-02
  0.181495190055D-02 -0.475450175712D-03 -0.355826879107D-02 -0.644359718193D-02
 -0.194566147173D-03  0.122377544566D-01 -0.936638649858D-03 -0.276201754488D-02
 -0.815111230963D-04 -0.110479150218D-02 -0.284334803227D-02  0.649427475991D-02
 -0.104633682745D-01  0.441826252083D-02 -0.613873906730D-02  0.846015105070D-02
 -0.349490995858D-02  0.124033362425D-01 -0.170860572307D-02 -0.158829830027D-01
  0.860221797101D-02  0.388634666519D+00  0.300010591140D-01 -0.511528759345D-01
 -0.935705378420D-02  0.575061764280D-02  0.390246916154D-03 -0.770667132810D-02
 -0.144443395179D-02 -0.153984279477D-01 -0.331686701565D-01 -0.860616866003D-03
  0.160701847800D-02  0.797607426509D-04  0.235729897960D-02 -0.314738774267D-02
 -0.393591318291D-03 -0.474855930019D-03  0.517248166705D-02  0.395205523030D-02
  0.162233259075D-02 -0.133034020428D-01 -0.789243219656D-02  0.430664564817D-05
  0.919874028667D-03  0.241781866681D-02  0.260945958535D-02  0.419278274490D-02
  0.461512986739D-02  0.459106198765D-02  0.242726032834D-01  0.791841658607D-02
  0.250027314984D-02  0.220026800505D-01  0.165481076286D-01  0.169529634400D-01
 -0.285969712180D-01  0.997418852918D-02  0.381141122952D+00 -0.110374624911D-01
 -0.282751039026D-01  0.549127050112D-02  0.136772257660D-02  0.214702254964D-02
 -0.366999999528D-02 -0.124905120444D-02  0.933268407947D-02 -0.216765362552D-01
  0.258571355846D-03  0.155785740410D-02  0.169293941839D-02  0.110481620769D-02
 -0.192039597216D-02 -0.933739350717D-03  0.163930614740D-03  0.466925535244D-02
 -0.467672437022D-02  0.201712726218D-02 -0.919717223024D-02 -0.624483056055D-03
 -0.544979575175D-03  0.520092430264D-03  0.375732840905D-03 -0.245825335725D-02
 -0.527796679339D-03  0.246514357139D-02  0.305709922879D-02  0.561810155205D-02
  0.372198752924D-02  0.635895760700D-02 -0.181571461519D-02 -0.346247441361D-01
  0.352923294789D-02 -0.667528285958D-02 -0.323758813478D-02  0.110121903731D-01
  0.469329413239D+00 -0.123832160641D-01 -0.150820377033D-01  0.334155157690D-01
 -0.613726290250D-02  0.198926974157D-02 -0.271564726076D-02 -0.153010488621D-01
  0.787349957183D-03 -0.365554424340D-02 -0.430411189127D-03  0.150598830807D-02
 -0.477947927040D-02 -0.109751783546D-02  0.798158658959D-03 -0.869920300273D-02
 -0.281616271174D-03  0.387334898508D-04 -0.888221468169D-03 -0.143388525152D-03
  0.391104464950D-03 -0.157724313039D-01  0.824060547492D-03  0.527856236310D-03
 -0.957440541138D-04 -0.155587280773D-02  0.134466325570D-02  0.219338109602D-02
  0.513713587438D-03  0.235994234918D-02 -0.148768225478D-02  0.375652843030D-02
 -0.379330892959D-02 -0.159833343841D-01 -0.377291074359D-02 -0.280389323675D-02
  0.182092086208D-02  0.693128750761D-02  0.375306227741D-01  0.140199414859D+00
  0.464364201589D-03 -0.174722385603D-01  0.302454880578D-01 -0.325960825470D-02
  0.354540047736D-02 -0.464817866237D-02  0.324462859489D-03  0.670474382510D-02
 -0.870778918333D-02  0.658392274958D-03  0.160449034526D-02  0.423095698549D-03
  0.869735553921D-03  0.311675108727D-03  0.108563591190D-02  0.125129499337D-02
  0.124344224508D-02 -0.191786758850D-03  0.474620598521D-03 -0.362146576144D-02
 -0.191954194521D-02  0.442479640281D-03  0.856704886737D-03  0.678475136871D-03
  0.394068550228D-03 -0.992509553560D-03  0.340126210270D-02 -0.931346335200D-03
  0.211585731415D-02 -0.826749357456D-03  0.857465761506D-02  0.274995589604D-02
 -0.969417472216D-02  0.474802637072D-02 -0.557835839181D-02  0.120581526590D-03
  0.105258771099D-03  0.285763531963D-01  0.391176258522D-01  0.336755133682D-01
 -0.248016138766D-01  0.441433793925D-01  0.230897361482D-01 -0.487165602343D-02
 -0.450004657030D-03  0.487221193358D-01  0.460617920372D-01  0.637057379948D-01
  0.162320557478D-01 -0.113631143867D-02  0.645202057216D-02 -0.384944008696D-02
 -0.165261904921D-03 -0.178163566973D-02  0.379711044570D-03  0.559145253165D-03
  0.269329523183D-02  0.257270815276D-02 -0.200383140148D-02 -0.146166367512D-01
  0.261742082222D-02 -0.689958542558D-03 -0.977074576928D-03  0.167049422058D-02
 -0.247876972156D-03 -0.144521680347D-01  0.101724878139D-01 -0.936245867393D-03
 -0.807663704631D-02 -0.163670291540D-01  0.124006326119D-02 -0.618510452532D-01
 -0.842045577108D-03 -0.134172881981D-01  0.825064934240D-02  0.292480172042D-01
  0.315885245832D-01  0.846681725874D-02  0.171356331827D-01  0.129216481671D-01
  0.467132867134D+00  0.153296312482D-02 -0.317614282055D-01 -0.159660322979D-01
  0.448292883130D-02 -0.399961522942D-02 -0.522364302158D-02  0.267618219790D-02
  0.120947781798D-01 -0.149326449749D-01 -0.184907929149D-02 -0.471197100345D-02
  0.188998156961D-02  0.156125124674D-03 -0.107320366399D-02 -0.159095032206D-02
  0.837433757512D-03  0.141721029234D-02 -0.638163963215D-02 -0.265434013332D-02
 -0.118340444001D-01  0.131788298449D-02  0.138827255273D-02  0.163806484446D-02
  0.628893960607D-03 -0.369155438696D-02 -0.736183516587D-02  0.672885219497D-02
  0.496103971198D-02  0.158563148320D-02  0.805352872645D-02  0.252529680896D-02
  0.222885096382D-01 -0.658743770557D-02  0.833727497456D-02  0.762085899003D-02
 -0.351802949717D-02 -0.205949196297D-02  0.246226005201D-01 -0.345990196697D-02
  0.895625737462D-02  0.234644583179D-01  0.393191837402D+00  0.434771158759D-01
 -0.340095344567D-02  0.147602842889D-01 -0.237365131725D-02 -0.966145157592D-03
  0.104733465471D-01 -0.159523603058D-03 -0.409612408667D-01  0.750873179652D-02
  0.313339340733D-02 -0.227143168799D-03  0.415002848240D-02  0.970526343107D-03
 -0.527875265820D-03  0.330399201946D-02 -0.381254356864D-03 -0.107890988244D-01
 -0.618163770878D-03  0.123725254447D-02  0.339476134818D-01 -0.447184709062D-02
  0.122263674472D-03  0.154581813988D-04  0.121846800002D-02  0.406250487762D-02
  0.165394977416D-01 -0.137828398277D-01 -0.134283871857D-01 -0.338664701532D-02
 -0.154579305887D-01 -0.231570057532D-02 -0.317336230807D-01  0.191315797129D-01
 -0.646257310543D-02 -0.301269813090D-01 -0.646782141659D-02 -0.274330697119D-01
  0.471921638621D-02  0.450520399341D-02 -0.887204638093D-04  0.217594750536D-01
  0.448439105932D-01  0.471984090255D+00  0.875953774415D-03 -0.296449000843D-01
  0.159256542611D-01 -0.405164693196D-02  0.453222408746D-02  0.601429562504D-02
  0.900241816027D-02  0.211404406661D-02 -0.833415659802D-02  0.691238245570D-03
 -0.600208810256D-03  0.781915607201D-03  0.144042952768D-02 -0.414878365330D-02
 -0.379327189226D-03  0.882854152215D-03  0.202884270378D-02  0.857459938004D-03
  0.217098328124D-02 -0.644527514170D-02 -0.251921302640D-02 -0.641266637233D-03
  0.106048708236D-02  0.151732927875D-02 -0.726236355098D-03  0.279317304518D-02
  0.215364025484D-02  0.175700482537D-02  0.810540681889D-02  0.468470721446D-02
 -0.942917142523D-02 -0.108124907998D-02 -0.169226618489D-01 -0.449751348185D-02
 -0.148308634611D-01 -0.263498140450D-02 -0.177283237625D-02  0.449102975546D-01
  0.322281014169D-01  0.387712829133D-01  0.176241873702D-01  0.878354767850D-02
 -0.120937577641D-01  0.410880729436D+00 -0.731414549339D-02 -0.167031055490D-02
  0.455774876233D-01 -0.849392353616D-02 -0.413763146398D-03  0.472529226059D-02
 -0.115494733575D-01 -0.108697013882D-01  0.400364479238D-01 -0.372264943209D-03
 -0.242198807017D-02  0.274200644731D-01  0.609639145195D-04  0.247165563622D-04
  0.138810770613D-01  0.121120589415D-02 -0.369453646472D-02 -0.206103741815D-01
  0.126017892432D-02  0.389621123821D-02 -0.959086306274D-03 -0.226882736498D-04
  0.763611062773D-03 -0.534362651084D-03 -0.125995762938D-02  0.106418451970D-02
  0.285486204963D-04  0.287886357957D-02 -0.211812478215D-02  0.303532966445D-02
 -0.124679550059D-01  0.257443683917D-02 -0.152668243773D-01 -0.351944896691D-01
  0.293292639655D-02  0.216493971319D-01 -0.779315643723D-02  0.921795671691D-02
  0.494270480247D-01  0.260979686132D-01  0.126846160807D-01 -0.175890810199D-01
  0.116294409185D-01  0.637352503628D-02  0.212449758961D+00 -0.254913906544D-01
  0.228888799113D-02 -0.678265288319D-02  0.649808185761D-03  0.630417750690D-02
 -0.736094506801D-02 -0.136556969522D-01 -0.463496579671D-03 -0.153550067758D-02
 -0.241592000918D-03  0.361246742856D-03  0.105949610104D-02 -0.922632054742D-03
 -0.209379569034D-02  0.483702087604D-04 -0.505622858292D-03  0.391015366649D-02
  0.441222315512D-03  0.651620451450D-03 -0.866550582041D-02  0.440932532624D-03
 -0.116846434129D-02  0.195694297921D-02  0.642438774265D-05 -0.201127792827D-02
 -0.405666793321D-02 -0.687778887617D-03  0.504358120903D-02 -0.147749355537D-02
  0.101420109637D-01  0.195473835454D-03  0.440217845674D-05 -0.531678403770D-02
 -0.357715400624D-03 -0.166066099040D-02  0.163060983103D-02  0.929656441202D-02
 -0.572622417863D-02  0.186605470427D-03  0.390235587646D-03 -0.116027885065D-01
  0.438661085174D-02  0.860673702666D-03 -0.431664848489D-02  0.545719839296D-02
  0.573539950936D+00  0.583597460243D-03 -0.361894932826D-02  0.449284611686D-02
  0.123076619810D-02 -0.418427438302D-02 -0.127465405205D-02 -0.123638262431D-02
 -0.426106506754D-02  0.648300741007D-02 -0.699212403280D-03 -0.576913823205D-03
 -0.128603418107D-02 -0.364357532018D-03  0.888471592926D-03  0.270890126920D-03
 -0.157619239510D-02 -0.199348361860D-02  0.926309016807D-05 -0.110162596997D-03
  0.385583124741D-02  0.147369462034D-02  0.172935192025D-03 -0.158048972144D-02
 -0.552604171667D-04  0.111119322361D-02 -0.768550343617D-04 -0.522311318029D-03
 -0.166983912633D-02 -0.121214341668D-02 -0.446611331975D-02 -0.267331668645D-02
 -0.650868726683D-02  0.886248075281D-02 -0.141223547464D-03 -0.977122957085D-02
  0.650832545078D-02 -0.114819633068D-01 -0.582710282558D-02 -0.288165522378D-02
 -0.247612005860D-02 -0.133787841565D-02 -0.819373014839D-02 -0.941727507372D-02
 -0.254040633155D-02  0.570788570798D-02 -0.247623878641D-03  0.606565949262D+00
 -0.128139017802D-01 -0.272814397588D-02 -0.188637749381D-03 -0.283106417149D-03
 -0.641073166656D-03 -0.431833124922D-02 -0.261849090370D-02  0.171247038277D-02
  0.759683777171D-02 -0.211496702862D-02 -0.225881685157D-02 -0.119839578792D-02
 -0.891691508935D-03 -0.400281204397D-02 -0.163742934577D-03 -0.434171687005D-03
  0.259638924708D-02 -0.820264415381D-03 -0.441076262247D-03 -0.118920165451D-01
  0.368914598626D-02 -0.766616489089D-03  0.356540679182D-03 -0.689212538957D-03
 -0.160881407549D-02 -0.945811192104D-02  0.432597331880D-02  0.330990798091D-02
 -0.424704269349D-02  0.118199937138D-01 -0.279755052672D-02  0.249584609394D-02
  0.204104332061D-02 -0.659887134803D-02 -0.177170505632D-02  0.596520280826D-02
 -0.812429708922D-02 -0.162185976023D-01 -0.683720938866D-02 -0.673940443095D-02
 -0.127552501748D-01 -0.789922872985D-02  0.176468607267D-02 -0.151795549843D-01
  0.177184731305D-02 -0.110816804824D-01  0.141896664177D-02  0.594895218158D+00
 -0.354282240821D-02  0.107795131496D-01 -0.526392511332D-02  0.168420716109D-02
 -0.105532422754D-02 -0.192469962891D-02 -0.447657210554D-02 -0.299219976542D-02
  0.234480118436D-02 -0.253646859391D-03  0.116241808448D-02 -0.202917361808D-02
 -0.927581985705D-03  0.927231946055D-03  0.137494593440D-02 -0.801886297586D-03
 -0.626622453100D-03 -0.236198934893D-02  0.807860273869D-03  0.458973059004D-02
  0.514038992110D-02  0.218720042012D-04 -0.786281254652D-03  0.240736494714D-03
  0.685635852485D-03  0.132821873482D-02 -0.197108787951D-02 -0.401979712006D-02
 -0.306753157082D-02 -0.694751908314D-02 -0.102714793174D-02 -0.131807232708D-01
  0.267003776319D-02  0.135538033878D-02 -0.589990798230D-02  0.427936248305D-02
  0.115016389025D-02 -0.763814003270D-02 -0.859784327350D-02 -0.478982618522D-02
 -0.919241392837D-02  0.403882524184D-02 -0.951810610682D-02 -0.859422401674D-02
  0.458671808142D-03 -0.516766221340D-02 -0.308087785169D-02  0.122192909046D-02
  0.603593545046D+00 -0.135294886007D-01 -0.171599284181D-01 -0.659019462202D-02
 -0.178999480867D-04  0.102156710553D-04 -0.507331136011D-02 -0.935938655703D-02
 -0.124500103163D-03 -0.460537320807D-02 -0.275124862282D-02 -0.112727183355D-02
 -0.294476712670D-03 -0.120946905845D-02 -0.553338245232D-02  0.379815748118D-03
 -0.736158849596D-03  0.552086567183D-02 -0.139336493236D-02 -0.750422337260D-03
 -0.186355794388D-01  0.242817315920D-02 -0.833843395915D-03  0.705562755241D-03
 -0.322425361030D-03 -0.199023451816D-02 -0.878782242936D-02  0.705972096347D-02
  0.363556766695D-02  0.231805748627D-02  0.129620109710D-01 -0.204730073265D-02
  0.413181317759D-02 -0.333627956043D-02 -0.509491312657D-02 -0.316919168908D-02
  0.107310431562D-01 -0.706971634674D-02  0.122554908151D-02 -0.209199171906D-02
 -0.189811616284D-02 -0.140279543529D-01 -0.753765656387D-02 -0.180235163711D-03
 -0.113840027352D-01 -0.220315744282D-02 -0.859544874460D-02  0.133172651987D-03
 -0.164730453826D-01  0.349071859484D-03  0.601384242496D+00 -0.448674461305D-01
 -0.732272050487D-02 -0.112282932743D-01  0.600076012576D-02  0.126376467305D-02
 -0.847897059672D-02 -0.231147907409D-01  0.133120048734D-01 -0.152041505648D-01
 -0.867991404417D-03  0.370691869022D-02  0.889854271614D-03 -0.202907103738D-02
  0.148627402158D-02  0.194533991158D-02 -0.212040755501D-02  0.612986785204D-02
 -0.577819743672D-02  0.445783610563D-03 -0.995713170312D-02  0.173139321475D-02
 -0.504260098316D-03 -0.248746221673D-03 -0.111750287186D-02 -0.322675041153D-02
 -0.821879659269D-03  0.749233795287D-03  0.419224831996D-02  0.329275419688D-02
 -0.557892400531D-03  0.442916665518D-02 -0.102735745680D-01 -0.297038694652D-01
  0.788390008772D-02  0.294924923930D-02  0.421829283122D-02  0.337789643102D-01
  0.445174242271D-01  0.165654496492D-01  0.184974065102D-01 -0.171779541986D-01
  0.562145178754D-02  0.244201909843D-01  0.409604375591D-01  0.101312871611D-01
 -0.110079507634D-01 -0.615849170254D-02 -0.124259999420D-01 -0.117791792334D-01
  0.691210070187D-02  0.596081476526D+00  0.956576234214D-02 -0.303243878453D-02
 -0.136105769946D-02  0.204671419141D-02 -0.597183282078D-02  0.552656219493D-02
  0.952579438277D-02  0.864300673530D-02  0.190148546952D-02 -0.187110768433D-02
 -0.126044622134D-02 -0.193839053709D-02  0.349697747331D-04 -0.138555650339D-02
 -0.196135376458D-02 -0.219580254115D-03  0.810126852132D-03 -0.369960020958D-03
 -0.274265207220D-03 -0.765148755268D-02  0.149787114336D-02 -0.423076461762D-03
 -0.839518524425D-03  0.153507237220D-03 -0.154069209682D-03 -0.540952116496D-02
  0.539738010864D-02  0.263753198414D-02  0.186423051797D-02  0.332831574699D-02
  0.127819852316D-02  0.381105862305D-02  0.331840078983D-02 -0.210745293141D-02
  0.339384374866D-02  0.946270477933D-02 -0.163888805569D-01 -0.673016936287D-02
 -0.321148094699D-02 -0.732688819912D-02 -0.826105244190D-02 -0.130619157228D-01
  0.114669021326D-01 -0.173247731299D-02 -0.274949161025D-02  0.302891603208D-02
 -0.113440541101D-02 -0.278206076062D-03  0.716771500010D-02 -0.403022285673D-02
 -0.199594881764D-02  0.421876322682D+00 -0.105887462715D-01 -0.672165982894D-02
 -0.458586687459D-02  0.796154772503D-03  0.423838558297D-02 -0.289971009722D-02
  0.131617204028D-01  0.220043738725D-01 -0.860787461489D-02 -0.750423139422D-03
 -0.416758858208D-03  0.180104504649D-03  0.167723266140D-02 -0.299664384157D-02
 -0.104091885072D-02  0.213292322164D-02  0.690053471560D-02 -0.408497503060D-02
  0.190638551903D-02 -0.218763523770D-01  0.111746291612D-02 -0.701559005384D-03
  0.211790152190D-02  0.130436594741D-02 -0.262179169072D-02 -0.104821497077D-01
  0.852471813411D-02  0.772332060857D-02  0.226717264554D-02  0.125620144213D-01
 -0.127732465892D-03  0.170722965145D-01 -0.207890562798D-01 -0.220454269503D-02
  0.851388713332D-02  0.432346904325D-02  0.450961710298D-02  0.128695423401D-01
  0.113309377915D-01  0.877015233258D-02 -0.377122142738D-02 -0.516212427205D-02
  0.368789088685D-01  0.676142431868D-02  0.419916121942D-02 -0.496131581166D-02
  0.470157704999D-02 -0.874124338511D-02  0.425596027534D-02 -0.811734237504D-02
  0.486005095038D-02 -0.628787464719D-02  0.416125609592D+00  0.115404580206D-01
 -0.301435422273D-02  0.880657271837D-04  0.141217370943D-02 -0.246872157171D-02
  0.604642629009D-02  0.181145217367D-01  0.125106916553D-01  0.879735382332D-03
 -0.112852192962D-02 -0.947872095085D-03 -0.121504698548D-02  0.128800163713D-02
 -0.162029182315D-02 -0.144760748824D-02  0.942320858154D-03  0.165150218468D-02
 -0.606726243184D-03  0.110872790318D-02 -0.962794285401D-02  0.974125529275D-03
 -0.410183415189D-03  0.103590044715D-03  0.137540900067D-02  0.215715344612D-03
 -0.617518831989D-02  0.598769889707D-02  0.284213335134D-02  0.193619762150D-02
  0.305437335031D-02 -0.106242461646D-02  0.615582795910D-02 -0.550223629576D-03
 -0.367026691039D-02  0.110844509755D-02  0.956780101209D-02 -0.156165877067D-01
 -0.266415796164D-02  0.223042095707D-02 -0.236995967113D-02 -0.538816258221D-02
 -0.938376439595D-02  0.137144375431D-01 -0.287298255713D-02  0.131945615469D-02
  0.282198504632D-02 -0.326337452463D-03 -0.101349317126D-02  0.555016535258D-02
 -0.522247409545D-02  0.128641645622D-02 -0.696722980309D-02 -0.733002477625D-02
  0.421999688756D+00 -0.891765097728D-03  0.280238244644D-02 -0.105364331357D-01
  0.798942462860D-03  0.157327573653D-02 -0.403514351005D-02  0.707924521001D-02
  0.579502212651D-02 -0.157192956582D-03  0.459955697584D-03  0.869997893924D-03
 -0.287588717194D-01  0.546376024489D-03 -0.122172587796D-03 -0.112383535560D-02
  0.683327906198D-04  0.199746873700D-02 -0.282832608856D-01  0.344795231484D-03
 -0.414157641181D-02 -0.306139583830D-01 -0.200816843941D-04 -0.363994546087D-04
  0.389214496744D-03  0.367319408407D-03 -0.190027446246D-02  0.309823633870D-03
  0.852072541321D-03  0.628461060186D-03  0.141024360808D-02 -0.205241334436D-02
  0.153434036773D-02  0.447938260411D-02  0.169225047728D-02 -0.322120982646D-02
 -0.368673482558D-02  0.554604619921D-03 -0.761593352582D-02 -0.112199293442D-01
 -0.100083359159D-01 -0.575424548570D-02  0.288326713377D-02 -0.156383735514D-02
 -0.641953798514D-02 -0.503319069310D-01 -0.451142789653D-02 -0.180052693020D-02
 -0.961533592003D-03 -0.981509931314D-03 -0.746279789126D-03 -0.766865382568D-02
  0.154780879233D-02 -0.365283307101D-02 -0.726681968599D-03  0.790364105157D-01
 -0.114830571310D-01 -0.521775685522D-02  0.338950531359D-01 -0.670347896620D-02
  0.268965855824D-02 -0.108162539793D-02 -0.102836762473D-01 -0.306979805205D-03
  0.170311590368D-01  0.858323784216D-04  0.356310192266D-03 -0.185658012735D-01
 -0.455191220883D-03  0.969336561080D-03  0.368407810615D-01  0.559563687387D-03
 -0.923407606790D-03  0.137299116643D-01 -0.259005460841D-03  0.101970815617D-02
 -0.178094095931D-01  0.738368364964D-03  0.543798985410D-03 -0.512570216591D-03
 -0.875130958369D-03  0.468620776476D-03  0.109192150691D-02  0.148347493537D-02
  0.108323801623D-03  0.991305159885D-03 -0.314453308509D-02  0.105777097404D-02
 -0.609085596916D-02 -0.161447997099D-01  0.386497837612D-03  0.372926713653D-02
  0.402185424237D-02  0.148935430156D-01  0.555110939405D-01  0.245513089036D-01
  0.130776186874D-01 -0.864654525739D-02  0.674473391908D-02  0.167797182592D-01
  0.546600337345D-01  0.716918515440D-03  0.122197060017D-02 -0.221466227077D-02
 -0.501164795461D-02 -0.216058134872D-02  0.558886532269D-02 -0.208171607996D-02
  0.382949450531D-02  0.134811911343D-02 -0.822040733387D-02  0.934366867252D-01
 -0.341808926431D-02 -0.755136338202D-02  0.195762497227D-01 -0.287837316565D-02
  0.468282148755D-03  0.174685270024D-02 -0.249203948148D-02  0.432877761447D-03
  0.916388573180D-02 -0.502514102757D-03  0.123415060152D-03  0.315797414276D-01
 -0.327642209559D-03 -0.624548022305D-03 -0.286684963306D-01  0.316008872585D-03
  0.999203867695D-04 -0.389251120547D-01  0.365948699384D-03 -0.250377902184D-02
 -0.332897746734D-01  0.160245502715D-03  0.545496637234D-03 -0.132447474690D-03
 -0.957118582933D-03  0.591490221724D-04  0.174568594075D-02  0.162795881109D-02
  0.179868064052D-02  0.175974710925D-02 -0.189860909677D-02 -0.570752790628D-04
 -0.825635019899D-02 -0.116600812871D-01 -0.444764937592D-03  0.823867031814D-02
 -0.917780132001D-03  0.161049297572D-01  0.478051516031D-01  0.184609555744D-01
  0.760117489902D-02 -0.132060941878D-02  0.739163422205D-02  0.117900534321D-01
  0.639041153065D-01  0.938873112144D-03  0.135714805351D-02 -0.435946620564D-02
 -0.231999145115D-02 -0.435379897914D-02  0.108418519987D-01 -0.306251784214D-02
  0.445515695081D-02  0.200659968234D-03 -0.363814352364D-02  0.124731145297D-01
  0.969508554525D-01
$end
