$coord
    0.00000000000000      0.00000000000000      0.00000000000000      o
    1.80885000000000      0.00000000000000      0.00000000000000      h
   -0.45363000000000      1.75104000000000      0.00000000000000      h
    5.66918000000000      0.00000000000000      0.00000000000000      o
    6.62796000000000     -0.55355000000000      1.43047000000000      h
    6.62796000000000     -0.55355000000000     -1.43047000000000      h
$redundant
     number_of_atoms             6
     degrees_of_freedom         12
     internal_coordinates       12
     frozen_coordinates          0
# definitions of redundant internals
   1 k  1.0000000000000 stre    1    2           val=   1.80885
   2 k  1.0000000000000 stre    2    4           val=   3.86033
   3 k  1.0000000000000 linc    4    1    2    3 val=   0.00000
   4 k  1.0000000000000 linp    4    1    2    3 val=   0.00000
   5 k  1.0000000000000 stre    1    3           val=   1.80885
   6 k  1.0000000000000 bend    2    3    1      val= 104.52393
   7 k  1.0000000000000 tors    5    4    1    3 val= 180.00000
        1.0000000000000 tors    6    4    1    3
   8 k  1.0000000000000 stre    4    5           val=   1.80885
   9 k  1.0000000000000 stre    4    6           val=   1.80885
  10 k  0.8228229288297 bend    6    5    4      val=  -7.41023
       -0.4018472519454 bend    2    5    4
       -0.4018472519454 bend    2    6    4
  11 k -0.7071067811865 bend    2    5    4      val=   0.00000
        0.7071067811865 bend    2    6    4
  12 k  0.5682978337036 bend    6    5    4      val= 116.27173
        0.5818236726912 bend    2    5    4
        0.5818236726912 bend    2    6    4
        12 non zero eigenvalues  of BmBt
           1           3.865768563    1    0
         1
           2           3.046410685    2    0
         2
           3           2.814835142    3    0
         3
           4           2.381688795    4    0
         4
           5           1.759120898    5    0
         5
           6           1.216734278    6    0
         6
           7           1.039638159    7    0
         7
           8           0.902688935    8    0
         8
           9           0.649769928    9    0
         9
          10           0.375416168   10    0
        10
          11           0.234729456   11    0
        11
          12           0.171598091   12    0
        12
$user-defined bonds
$end
