$dipgrad
  6.073059674374937E-002  6.146173309249867E-003  2.185221336975000E-002
 -2.555645814375090E-002  0.146357668904750      -1.433388023275000E-002
 -1.546086736124996E-002  1.279051552425005E-002  8.585408373950000E-002
  2.890634656299990E-002  2.117891180474993E-002 -1.035297673000000E-003
  5.716452727975024E-002  0.109187864852000       1.550070280500000E-002
  7.028746509850081E-002 -3.194384067550012E-002  9.375497303550000E-002
  0.187177982320000       9.388723183749968E-003 -3.633450000000005E-008
 -3.063363230774996E-002  0.176281278527000       2.479974999999992E-008
 -5.634484989691657E-007  1.785720000688218E-007  9.842279216574999E-002
  2.890638029249964E-002  2.117889610250001E-002  1.035433510250000E-003
  5.716441426549951E-002  0.109187696701750      -1.550075775425000E-002
 -7.028726889675013E-002  3.194372878250005E-002  9.375498459124999E-002
  6.073079737499987E-002  6.146168233749950E-003 -2.185238347775000E-002
 -2.555634048675010E-002  0.146357677512250       1.433377784500000E-002
  1.546075569349992E-002 -1.279052880850014E-002  8.585403264900000E-002
  0.100124604567500      -5.260159450500013E-003 -5.295125000000006E-008
  2.705431329874941E-002  0.125711785855750      -1.144397500000000E-007
 -1.242959998815074E-007 -1.390772500636794E-007  4.828588872175000E-002
  0.142529544127749      -0.107146830027750      -5.261974999999993E-008
 -0.147859025528500      -8.878302112474995E-002  3.576474999999991E-008
  1.660367496270077E-007 -1.293684999403855E-007 -0.179979226628500     
 -0.491338414012001       4.707712572225003E-002  3.916424999999997E-008
  9.871634457949974E-002 -0.260011359513750       3.528624999999991E-008
  7.774544993899291E-007 -1.745755000628901E-007 -0.236495333469750     
  4.990368000749867E-003 -1.646795435025009E-002  1.901162074250000E-002
  1.496137334725117E-002 -0.160743753896250       3.385610635800000E-002
  2.335917698749884E-002 -1.260818706950006E-002  3.096165770325000E-002
 -5.829594802524984E-002 -9.390814561249967E-003 -8.258727444375000E-002
 -2.879947766675078E-002  3.629823136674995E-002 -5.847885620325000E-002
 -8.819713503699922E-002 -3.031455737300005E-002 -0.130386263787250     
 -3.087464887599894E-002 -2.082364408974996E-002  8.619630856250000E-002
 -2.821193340299954E-002  3.753615479525005E-002  5.108542075800000E-002
  7.057814395049905E-002  2.732345512325013E-002 -0.101752062571500     
  1.613310145375108E-002  7.627133037500788E-004 -1.631397017625000E-002
  7.633049846250684E-003 -0.130129874683500      -2.171883332150000E-002
 -1.640388050524882E-002  2.549516328574988E-002  3.493845221075000E-002
 -3.544412742300107E-002  2.799221764475009E-002  1.413900000000013E-008
  2.180358432875007E-002 -0.112656221451750      -3.656674999999997E-008
 -7.749749453278554E-009 -1.535100015853663E-008  1.954658031625000E-002
 -3.087457239050045E-002 -2.082365122674998E-002 -8.619638595000000E-002
 -2.821189581050099E-002  3.753623111275011E-002 -5.108549002075000E-002
 -7.057817754625023E-002 -2.732350240524997E-002 -0.101752050135000     
  1.613316376449930E-002  7.626028280000030E-004  1.631393692525000E-002
  7.632904055249190E-003 -0.130129929669500       2.171895999425000E-002
  1.640383369349990E-002 -2.549510677125003E-002  3.493857042375000E-002
 -5.829610525225071E-002 -9.390672868500073E-003  8.258746070200000E-002
 -2.879923453349975E-002  3.629848591250005E-002  5.847844249300000E-002
  8.819725829300046E-002  3.031422349900007E-002 -0.130386365407250     
  4.990397727999696E-003 -1.646820568824998E-002 -1.901163010525000E-002
  1.496112386725063E-002 -0.160743857814750      -3.385567277800000E-002
 -2.335919035749978E-002  1.260861393474998E-002  3.096175771325000E-002
  4.197431874500002E-002  5.670700264250039E-003  1.000149999999991E-008
 -4.862439999249873E-002 -0.157079550386500       1.363730000000000E-007
  8.370574927640817E-008  1.758235000301478E-007 -3.472419170750000E-003
 -0.187917946643749       5.150922638949996E-002 -5.003500000000002E-009
  7.945207878724964E-002  3.168660566300000E-002  2.030999999999907E-009
  3.740399934226701E-008  2.727974998673055E-008  1.535826270725000E-002
  0.200085425494251       7.959587874000092E-003  2.751275000000001E-008
  5.839956079249642E-003  0.207782448546000      -9.684750000000017E-009
 -4.133290001928636E-007  1.030592500228522E-007  0.211726485286250     
$end
