$coord
    1.59696447292528      1.99917659496115      1.32177820330491      c
    2.84669479438436      3.59656793434313      1.57486440737038      h
    2.59933589669340     -0.41093103684381      0.96595417509003      c
    4.62450692939054     -0.68308417885787      0.95025317764508      h
    0.99034518587145     -2.46995580267457      0.62964224382943      c
    1.76826825647548     -4.33886110310343      0.34945391637847      h
   -1.62084783901672     -2.11925870917259      0.65457105744018      c
   -2.86932461442500     -3.71606717575697      0.39374948054771      h
   -2.62302622537064      0.29032690846486      1.01594226900376      c
   -4.64819248650929      0.56203453998419      1.03941039612339      h
   -1.01405189091536      2.34972743688852      1.34688117218635      c
   -1.79320698169980      4.21939237131800      1.62018758949287      h
    0.04368536782148      0.66522999911121     12.80203405405699      n
    0.33599542481006      2.43772055572307     11.01647552156154      c
    0.60390346147277      4.35111740759787     11.69281176618862      h
    0.30914380163101      1.93261610174971      8.43416582299940      c
    0.55526184278215      3.44633548534589      7.08511790405716      h
   -0.03920512195769     -0.54600479066335      7.63048338147250      c
   -0.07051118112101     -1.00543248908557      5.63994426546132      h
   -0.34505526699936     -2.40744991152303      9.46136172103957      c
   -0.62198144337507     -4.36371513080247      8.94211881046122      h
   -0.28987059062638     -1.71329095108941     11.99943305933224      c
   -0.52343343496981     -3.12588763300578     13.46227194285597      h
$redundant
     number_of_atoms            23
     degrees_of_freedom         63
     internal_coordinates       80
     frozen_coordinates          0
# definitions of redundant internals
   1 k  1.0000000000000 stre    1    2           val=   2.04390
   2 k  0.7069329689118 bend    3    2    1      val=   1.80357
       -0.7069353414566 bend   11    2    1
        0.0220952588854 bend   19    2    1
   3 k -0.0165856862103 bend    3    2    1      val= 117.00273
        0.0146617028793 bend   11    2    1
        0.9997549447148 bend   19    2    1
   4 k  1.0000000000000 stre    3    4           val=   2.04344
   5 k -0.7066610105601 bend    1    4    3      val=   2.91637
        0.7066604828570 bend    5    4    3
        0.0355130697417 bend   19    4    3
   6 k  0.0249472226713 bend    1    4    3      val= 113.00603
       -0.0252758409655 bend    5    4    3
        0.9993691850085 bend   19    4    3
   7 k  1.0000000000000 stre    5    6           val=   2.04364
   8 k -0.7070370743092 bend    3    6    5      val=   1.16973
        0.7070370648490 bend    7    6    5
        0.0140415270546 bend   19    6    5
   9 k  0.0099209030708 bend    3    6    5      val= 114.85910
       -0.0099368149251 bend    7    6    5
        0.9999014128360 bend   19    6    5
  10 k  1.0000000000000 stre    7    8           val=   2.04365
  11 k -0.7069591061610 bend    9    8    7      val=   1.68799
        0.7069591650240 bend    5    8    7
        0.0204343143887 bend   19    8    7
  12 k  0.0144824578000 bend    9    8    7      val= 114.07331
       -0.0144160267172 bend    5    8    7
        0.9997911964954 bend   19    8    7
  13 k  1.0000000000000 stre    9   10           val=   2.04345
  14 k -0.7066614493145 bend   11   10    9      val=   2.92644
        0.7066613115904 bend    7   10    9
        0.0354878395250 bend   19   10    9
  15 k  0.0250512905233 bend   11   10    9      val= 113.44079
       -0.0251360933504 bend    7   10    9
        0.9993701064442 bend   19   10    9
  16 k  1.0000000000000 stre   11   12           val=   2.04388
  17 k  0.7070188763191 bend    9   12   11      val=   1.27382
       -0.7070203536089 bend    1   12   11
        0.0157012136845 bend   19   12   11
  18 k -0.0119111187529 bend    9   12   11      val= 118.26295
        0.0102937377532 bend    1   12   11
        0.9998760744278 bend   19   12   11
  19 k  1.0000000000000 stre   14   15           val=   2.04702
  20 k -0.7071067811740 bend   13   15   14      val=   2.23149
        0.7071067811991 bend   16   15   14
  21 k  1.0000000000000 outp   15   16   13   14 val=   0.00251
  22 k  1.0000000000000 stre   16   17           val=   2.04251
  23 k  0.7071067812089 bend   18   17   16      val=   0.27032
       -0.7071067811642 bend   14   17   16
  24 k  1.0000000000000 outp   17   14   18   16 val=  -0.00551
  25 k  1.0000000000000 stre   20   21           val=   2.04286
  26 k  0.7071067812133 bend   18   21   20      val=   0.54226
       -0.7071067811598 bend   22   21   20
  27 k  1.0000000000000 outp   21   22   18   20 val=   0.00436
  28 k  1.0000000000000 stre   22   23           val=   2.04692
  29 k -0.7071067811853 bend   13   23   22      val=   2.21097
        0.7071067811878 bend   20   23   22
  30 k  1.0000000000000 outp   23   20   13   22 val=   0.00081
  31 k  1.0000000000000 stre   18   20           val=   2.62881
  32 k  1.0000000000000 stre   20   22           val=   2.63186
  33 k  1.0000000000000 stre   22   13           val=   2.53235
  34 k  1.0000000000000 stre   13   14           val=   2.53286
  35 k  1.0000000000000 stre   14   16           val=   2.63138
  36 k  1.0000000000000 stre   16   18           val=   2.62884
  37 k -0.5000000000000 bend   18   22   20      val=  -1.97777
       -0.5000000000000 bend   20   13   22
        1.0000000000000 bend   22   14   13
       -0.5000000000000 bend   13   16   14
       -0.5000000000000 bend   14   18   16
        1.0000000000000 bend   16   20   18
  38 k  0.8660254037844 bend   18   22   20      val=   0.00440
       -0.8660254037844 bend   20   13   22
        0.8660254037844 bend   13   16   14
       -0.8660254037844 bend   14   18   16
  39 k -1.0000000000000 bend   18   22   20      val=   1.87736
        1.0000000000000 bend   20   13   22
       -1.0000000000000 bend   22   14   13
        1.0000000000000 bend   13   16   14
       -1.0000000000000 bend   14   18   16
        1.0000000000000 bend   16   20   18
  40 k -0.5000000000000 tors   20   22   13   14 val=  -0.00306
       -0.5000000000000 tors   22   13   14   16
        1.0000000000000 tors   13   14   16   18
       -0.5000000000000 tors   14   16   18   20
       -0.5000000000000 tors   16   18   20   22
        1.0000000000000 tors   18   20   22   13
  41 k  0.8660254037844 tors   20   22   13   14 val=  -0.00577
       -0.8660254037844 tors   22   13   14   16
        0.8660254037844 tors   14   16   18   20
       -0.8660254037844 tors   16   18   20   22
  42 k -1.0000000000000 tors   20   22   13   14 val=  -0.00068
        1.0000000000000 tors   22   13   14   16
       -1.0000000000000 tors   13   14   16   18
        1.0000000000000 tors   14   16   18   20
       -1.0000000000000 tors   16   18   20   22
        1.0000000000000 tors   18   20   22   13
  43 k  1.0000000000000 tors   20   18   19    1 val=  87.63840
        1.0000000000000 tors   20   18   19    3
        1.0000000000000 tors   20   18   19    9
        1.0000000000000 tors   20   18   19   11
        1.0000000000000 tors   16   18   19    1
        1.0000000000000 tors   16   18   19    3
        1.0000000000000 tors   16   18   19    9
        1.0000000000000 tors   16   18   19   11
  44 k -0.7071064056051 bend   19   20   18      val=  -0.18833
        0.7071071567678 bend   19   16   18
  45 k  1.0000000000000 outp   20   19   16   18 val=  -0.00580
  46 k  1.0000000000000 stre   19   18           val=   2.04311
  47 k  0.5992267337594 bend    1   18   19      val= 134.27672
        0.3780652022027 bend    3   18   19
        0.3749678566327 bend    9   18   19
        0.5978236620641 bend   11   18   19
  48 k -0.2512033603523 bend    1   18   19      val=  -0.70985
       -0.6596796798599 bend    3   18   19
        0.6610878114199 bend    9   18   19
        0.2543275394443 bend   11   18   19
  49 k  1.0000000000000 tors    5   19    1    3 val=  59.48262
        1.0000000000000 tors    5   19    1   11
        1.0000000000000 tors    7   19    1    3
        1.0000000000000 tors    7   19    1   11
        1.0000000000000 tors    9   19    1    3
        1.0000000000000 tors    9   19    1   11
  50 k  1.0000000000000 tors    7   19    3    1 val=  59.20701
        1.0000000000000 tors    7   19    3    5
        1.0000000000000 tors    9   19    3    1
        1.0000000000000 tors    9   19    3    5
        1.0000000000000 tors   11   19    3    1
        1.0000000000000 tors   11   19    3    5
  51 k  1.0000000000000 tors    1   19    5    3 val=  59.71269
        1.0000000000000 tors    1   19    5    7
        1.0000000000000 tors    9   19    5    3
        1.0000000000000 tors    9   19    5    7
        1.0000000000000 tors   11   19    5    3
        1.0000000000000 tors   11   19    5    7
  52 k  1.0000000000000 tors    1   19    7    5 val=  60.42602
        1.0000000000000 tors    1   19    7    9
        1.0000000000000 tors    3   19    7    5
        1.0000000000000 tors    3   19    7    9
        1.0000000000000 tors   11   19    7    5
        1.0000000000000 tors   11   19    7    9
  53 k  1.0000000000000 tors    1   19    9    7 val=  60.80245
        1.0000000000000 tors    1   19    9   11
        1.0000000000000 tors    3   19    9    7
        1.0000000000000 tors    3   19    9   11
        1.0000000000000 tors    5   19    9    7
        1.0000000000000 tors    5   19    9   11
  54 k  1.0000000000000 tors    3   19   11    1 val=  60.36920
        1.0000000000000 tors    3   19   11    9
        1.0000000000000 tors    5   19   11    1
        1.0000000000000 tors    5   19   11    9
        1.0000000000000 tors    7   19   11    1
        1.0000000000000 tors    7   19   11    9
  55 k  1.0000000000000 stre    1    3           val=   2.63438
  56 k  1.0000000000000 stre    1   11           val=   2.63456
  57 k  1.0000000000000 stre    1   19           val=   5.51858
  58 k  1.0000000000000 stre    3   19           val=   5.41551
  59 k  1.0000000000000 stre   11   19           val=   5.52972
  60 k  1.0000000000000 bend   11    3    1      val= 120.00744
  61 k  1.0000000000000 stre    3    5           val=   2.63468
  62 k  1.0000000000000 stre    5   19           val=   5.32667
  63 k  1.0000000000000 bend    5    1    3      val= 119.99002
  64 k  1.0000000000000 stre    5    7           val=   2.63476
  65 k  1.0000000000000 stre    7   19           val=   5.33836
  66 k  1.0000000000000 bend    7    3    5      val= 120.00036
  67 k  1.0000000000000 stre    7    9           val=   2.63459
  68 k  1.0000000000000 stre    9   19           val=   5.43836
  69 k  1.0000000000000 bend    5    9    7      val= 120.00168
  70 k  1.0000000000000 stre    9   11           val=   2.63428
  71 k  1.0000000000000 bend    7   11    9      val= 119.99322
  72 k  1.0000000000000 bend    1    9   11      val= 120.00699
  73 k  0.3121358909186 bend    5    1   19      val=  52.83081
        0.3731149039955 bend    7    1   19
        0.3179691709582 bend    7    3   19
        0.3049689947806 bend    9    1   19
        0.3732067957353 bend    9    3   19
        0.3172760198293 bend    9    5   19
        0.3057437189630 bend   11    3   19
        0.3732350582985 bend   11    5   19
        0.3106685645337 bend   11    7   19
  74 k -0.1904993364515 bend    5    1   19      val=   0.01160
        0.4709917543631 bend    7    1   19
        0.4566045620629 bend    7    3   19
        0.1814269855890 bend    9    1   19
        0.0635373504616 bend    9    3   19
       -0.4219934912033 bend    9    5   19
       -0.1400703126768 bend   11    3   19
       -0.5343789678829 bend   11    5   19
        0.1147920624710 bend   11    7   19
  75 k -0.3680236946777 bend    5    1   19      val=   0.02530
       -0.3677349089357 bend    7    1   19
        0.1423268021269 bend    7    3   19
        0.1590961856729 bend    9    1   19
        0.6191190435619 bend    9    3   19
        0.2117649294681 bend    9    5   19
        0.2291823677619 bend   11    3   19
       -0.2513322400299 bend   11    5   19
       -0.3740532769293 bend   11    7   19
  76 k  0.3639566660995 bend    5    1   19      val=   0.00412
        0.1757661070955 bend    7    1   19
       -0.2633627911767 bend    7    3   19
        0.5068678775633 bend    9    1   19
        0.0221643435697 bend    9    3   19
        0.2755350624397 bend    9    5   19
       -0.4917260784410 bend   11    3   19
       -0.1978643855698 bend   11    5   19
       -0.3911663784898 bend   11    7   19
  77 k  0.5774500324528 bend    5    1   19      val=   0.00013
        0.0035435888467 bend    7    1   19
        0.2442101491086 bend    7    3   19
       -0.2254194717888 bend    9    1   19
       -0.0007399102881 bend    9    3   19
       -0.3498015389040 bend    9    5   19
        0.3258650176087 bend   11    3   19
       -0.0028018717524 bend   11    5   19
       -0.5723013572724 bend   11    7   19
  78 k -0.0449842415810 bend    5    1   19      val=   0.46413
        0.0082224381580 bend    7    1   19
       -0.5328011203625 bend    7    3   19
        0.5206696111290 bend    9    1   19
        0.0035820884996 bend    9    3   19
       -0.4692001861707 bend    9    5   19
        0.4660060603994 bend   11    3   19
        0.0095597597458 bend   11    5   19
        0.0742983735446 bend   11    7   19
  79 k -0.4357692782873 bend    5    1   19      val=   0.00480
        0.3145679638939 bend    7    1   19
        0.1693573392492 bend    7    3   19
        0.1811484817881 bend    9    1   19
       -0.5244133027722 bend    9    3   19
        0.2544659064515 bend    9    5   19
        0.2695695658763 bend   11    3   19
        0.2104997360610 bend   11    5   19
       -0.4392213018305 bend   11    7   19
  80 k -0.0598681309340 bend    5    1   19      val=   0.00133
       -0.4241027127227 bend    7    1   19
        0.4006061250523 bend    7    3   19
        0.4072258720185 bend    9    1   19
       -0.0599913401555 bend    9    3   19
       -0.3535118452507 bend    9    5   19
       -0.3542304914516 bend   11    3   19
        0.4843069485048 bend   11    5   19
       -0.0404038441103 bend   11    7   19
        63 non zero eigenvalues  of BmBt
           1          11.536277351    1    0
         1
           2           7.190603941    2    0
         2
           3           5.139701392    3    0
         3
           4           4.753285682    4    0
         4
           5           4.318697871    5    0
         5
           6           3.606120640    6    0
         6
           7           3.416209404    7    0
         7
           8           3.316364959    8    0
         8
           9           3.071976967    9    0
         9
          10           2.874632013   10    0
        10
          11           2.406154518   11    0
        11
          12           2.354423304   12    0
        12
          13           2.337264987   13    0
        13
          14           2.208143833   14    0
        14
          15           2.203568784   15    0
        15
          16           2.203271374   16    0
        16
          17           2.018024888   17    0
        17
          18           2.014000448   18    0
        18
          19           1.980794581   19    0
        19
          20           1.924503783   20    0
        20
          21           1.752674949   21    0
        21
          22           1.514477736   22    0
        22
          23           1.503096565   23    0
        23
          24           1.172388397   24    0
        24
          25           1.146864609   25    0
        25
          26           1.136640581   26    0
        26
          27           1.043199140   27    0
        27
          28           0.959530271   28    0
        28
          29           0.836217835   29    0
        29
          30           0.793010754   30    0
        30
          31           0.644767388   31    0
        31
          32           0.602553463   32    0
        32
          33           0.584476213   33    0
        33
          34           0.579253264   34    0
        34
          35           0.577389455   35    0
        35
          36           0.475195353   36    0
        36
          37           0.404992703   37    0
        37
          38           0.360276733   38    0
        38
          39           0.351221341   39    0
        39
          40           0.326109447   40    0
        40
          41           0.322606627   41    0
        41
          42           0.280616818   42    0
        42
          43           0.274727045   43    0
        43
          44           0.261364816   44    0
        44
          45           0.112476138   45    0
        45
          46           0.044350700   46    0
        46
          47           0.019613603   47    0
        47
          48           0.017433784   48    0
        48
          49           1.627968124    0    0
         0.000000000         0.000000000         0.000000000         0.000000000
         0.000000000         0.000000000         0.000000000         0.000000000
         0.000000000         0.000000000         0.000000000         0.000000000
         0.000000000         0.000000000         0.000000000         0.000000000
         0.000000000         0.000000000         0.000000000         0.000000000
         0.000000000         0.000000000         0.000000000         0.000000000
         0.000000000         0.000000000         0.000000000         0.000000000
         0.000000000         0.000000000         0.000000000         0.000000000
         0.000000000         0.000000000         0.000000000         0.000000000
         0.000000000         0.000000000         0.000000000         0.000000000
         0.000000000         0.000000000         0.000000000         0.000000000
         0.000000000         0.000000000         0.000000000         0.000000000
        -0.114097664         0.116412808        -0.113586638         0.113563919
        -0.117551683         0.115246900        -0.396967245         0.383897168
        -0.025856781         0.004742713        -0.023552607         0.002340955
         0.385852205        -0.001102069        -0.002342521        -0.393836674
        -0.003625543         0.000230828         0.389140454         0.004996887
         0.000783025        -0.398540780        -0.003015090         0.002011242
        -0.001464832        -0.000394467        -0.001610311        -0.000069838
        -0.000019955         0.001177326         0.000549304        -0.000212286
          50           1.132168783    0    0
         0.000000000         0.000000000         0.000000000         0.000000000
         0.000000000         0.000000000         0.000000000         0.000000000
         0.000000000         0.000000000         0.000000000         0.000000000
         0.000000000         0.000000000         0.000000000         0.000000000
         0.000000000         0.000000000         0.000000000         0.000000000
         0.000000000         0.000000000         0.000000000         0.000000000
         0.000000000         0.000000000         0.000000000         0.000000000
         0.000000000         0.000000000         0.000000000         0.000000000
         0.000000000         0.000000000         0.000000000         0.000000000
         0.000000000         0.000000000         0.000000000         0.000000000
         0.000000000         0.000000000         0.000000000         0.000000000
         0.000000000         0.000000000         0.000000000         0.000000000
         0.001368684         0.003724644        -0.004876631        -0.005670548
         0.003816987         0.001738515         0.035785818        -0.013544408
         0.250679020        -0.180154827        -0.265594586        -0.355363733
        -0.007184721         0.218334013         0.326300113        -0.013446971
        -0.236614590        -0.318531506         0.010718655         0.172621666
         0.323606401        -0.030216169        -0.336027570         0.360012364
         0.000413874        -0.045255244        -0.000286334         0.119902176
        -0.001616570         0.000157476        -0.001148226        -0.002204768
          51           1.065469261    0    0
         0.000000000         0.000000000         0.000000000         0.000000000
         0.000000000         0.000000000         0.000000000         0.000000000
         0.000000000         0.000000000         0.000000000         0.000000000
         0.000000000         0.000000000         0.000000000         0.000000000
         0.000000000         0.000000000         0.000000000         0.000000000
         0.000000000         0.000000000         0.000000000         0.000000000
         0.000000000         0.000000000         0.000000000         0.000000000
         0.000000000         0.000000000         0.000000000         0.000000000
         0.000000000         0.000000000         0.000000000         0.000000000
         0.000000000         0.000000000         0.000000000         0.000000000
         0.000000000         0.000000000         0.000000000         0.000000000
         0.000000000         0.000000000         0.000000000         0.000000000
         0.047896693        -0.006122069        -0.063804178         0.061748453
         0.011350570        -0.050893114        -0.112195513         0.503096510
         0.272562310         0.075980384         0.255460968        -0.122038942
        -0.098915292         0.257897143         0.229994813         0.503412950
         0.251849587        -0.118403393        -0.092930524         0.085594637
        -0.108076198        -0.123527878         0.212949437        -0.094715471
        -0.000561314        -0.001437778        -0.011729309         0.003557994
        -0.000374533        -0.004986407         0.060438846         0.006214422
          52           1.040459143    0    0
         0.000000000         0.000000000         0.000000000         0.000000000
         0.000000000         0.000000000         0.000000000         0.000000000
         0.000000000         0.000000000         0.000000000         0.000000000
         0.000000000         0.000000000         0.000000000         0.000000000
         0.000000000         0.000000000         0.000000000         0.000000000
         0.000000000         0.000000000         0.000000000         0.000000000
         0.000000000         0.000000000         0.000000000         0.000000000
         0.000000000         0.000000000         0.000000000         0.000000000
         0.000000000         0.000000000         0.000000000         0.000000000
         0.000000000         0.000000000         0.000000000         0.000000000
         0.000000000         0.000000000         0.000000000         0.000000000
         0.000000000         0.000000000         0.000000000         0.000000000
         0.057885314         0.003829533        -0.047741439         0.046497375
        -0.005237678        -0.055109693        -0.247560150         0.120352367
        -0.247765037        -0.401135492        -0.245759881        -0.086916582
        -0.290548245        -0.279741086         0.158656878         0.085063946
        -0.275804407        -0.069563008        -0.277599872        -0.404661699
        -0.075207280        -0.256021271         0.160289976        -0.087479626
         0.005881090        -0.002704675        -0.019019000        -0.001033348
        -0.000248013         0.003099342         0.036523524         0.003243150
          53           1.012865016    0    0
         0.000000000         0.000000000         0.000000000         0.000000000
         0.000000000         0.000000000         0.000000000         0.000000000
         0.000000000         0.000000000         0.000000000         0.000000000
         0.000000000         0.000000000         0.000000000         0.000000000
         0.000000000         0.000000000         0.000000000         0.000000000
         0.000000000         0.000000000         0.000000000         0.000000000
         0.000000000         0.000000000         0.000000000         0.000000000
         0.000000000         0.000000000         0.000000000         0.000000000
         0.000000000         0.000000000         0.000000000         0.000000000
         0.000000000         0.000000000         0.000000000         0.000000000
         0.000000000         0.000000000         0.000000000         0.000000000
         0.000000000         0.000000000         0.000000000         0.000000000
        -0.102561619         0.168160461        -0.067561901        -0.062690717
         0.170688432        -0.104581420         0.357085706        -0.013880086
         0.175591207        -0.001625363        -0.170442424        -0.267156244
        -0.294979217        -0.196530111        -0.039275788        -0.010061779
         0.195509126         0.307100850         0.302545751         0.004962952
        -0.306776232        -0.353177327         0.036139014         0.269960021
        -0.003069012         0.076923754        -0.010094754         0.010587689
         0.010992764        -0.001823800         0.004763843        -0.054625455
          54           0.805152585    0    0
         0.000000000         0.000000000         0.000000000         0.000000000
         0.000000000         0.000000000         0.000000000         0.000000000
         0.000000000         0.000000000         0.000000000         0.000000000
         0.000000000         0.000000000         0.000000000         0.000000000
         0.000000000         0.000000000         0.000000000         0.000000000
         0.000000000         0.000000000         0.000000000         0.000000000
         0.000000000         0.000000000         0.000000000         0.000000000
         0.000000000         0.000000000         0.000000000         0.000000000
         0.000000000         0.000000000         0.000000000         0.000000000
         0.000000000         0.000000000         0.000000000         0.000000000
         0.000000000         0.000000000         0.000000000         0.000000000
         0.000000000         0.000000000         0.000000000         0.000000000
         0.259427129        -0.014025229        -0.261522441         0.276269278
        -0.010697587        -0.249395192         0.147569631        -0.309818453
         0.082841868        -0.243973737         0.093197581        -0.107841529
         0.171298448         0.219328248         0.255529491        -0.238362253
         0.193467349        -0.150779142         0.183532245        -0.260670043
        -0.133629815         0.117332222         0.261762420        -0.125594342
         0.007088961        -0.028484099        -0.200912630        -0.010197034
         0.000617345        -0.001284639        -0.048348124        -0.007667028
          55           0.751110436    0    0
         0.000000000         0.000000000         0.000000000         0.000000000
         0.000000000         0.000000000         0.000000000         0.000000000
         0.000000000         0.000000000         0.000000000         0.000000000
         0.000000000         0.000000000         0.000000000         0.000000000
         0.000000000         0.000000000         0.000000000         0.000000000
         0.000000000         0.000000000         0.000000000         0.000000000
         0.000000000         0.000000000         0.000000000         0.000000000
         0.000000000         0.000000000         0.000000000         0.000000000
         0.000000000         0.000000000         0.000000000         0.000000000
         0.000000000         0.000000000         0.000000000         0.000000000
         0.000000000         0.000000000         0.000000000         0.000000000
         0.000000000         0.000000000         0.000000000         0.000000000
         0.025958244         0.181347728        -0.208918379        -0.189035670
         0.181216685         0.008739031        -0.458999938        -0.009829850
        -0.023338843        -0.315535306         0.004700478        -0.070394638
        -0.034269424        -0.237256143         0.138334803         0.000972971
         0.264106208         0.139124243         0.059090551         0.289646568
        -0.152194436         0.470652777        -0.119856859         0.064951259
         0.006361881         0.118092427        -0.021292056         0.048044969
        -0.058848663         0.005893943        -0.006415562         0.040426337
          56           0.733357139    0    0
         0.000000000         0.000000000         0.000000000         0.000000000
         0.000000000         0.000000000         0.000000000         0.000000000
         0.000000000         0.000000000         0.000000000         0.000000000
         0.000000000         0.000000000         0.000000000         0.000000000
         0.000000000         0.000000000         0.000000000         0.000000000
         0.000000000         0.000000000         0.000000000         0.000000000
         0.000000000         0.000000000         0.000000000         0.000000000
         0.000000000         0.000000000         0.000000000         0.000000000
         0.000000000         0.000000000         0.000000000         0.000000000
         0.000000000         0.000000000         0.000000000         0.000000000
         0.000000000         0.000000000         0.000000000         0.000000000
         0.000000000         0.000000000         0.000000000         0.000000000
         0.105708802         0.168167552         0.046533597        -0.058821145
        -0.160170106        -0.101435556         0.150891739         0.289607429
         0.377031472        -0.000187625         0.378633079        -0.136894084
        -0.199614087        -0.251630887         0.031622259        -0.469689561
        -0.246301207         0.111328236        -0.193606959         0.006325165
         0.104886086         0.172416284         0.025734716        -0.136764762
        -0.079205961         0.001058929        -0.018332585         0.000469770
         0.005779763         0.077084842        -0.006628109         0.000138010
          57           0.568906810    0    0
         0.000000000         0.000000000         0.000000000         0.000000000
         0.000000000         0.000000000         0.000000000         0.000000000
         0.000000000         0.000000000         0.000000000         0.000000000
         0.000000000         0.000000000         0.000000000         0.000000000
         0.000000000         0.000000000         0.000000000         0.000000000
         0.000000000         0.000000000         0.000000000         0.000000000
         0.000000000         0.000000000         0.000000000         0.000000000
         0.000000000         0.000000000         0.000000000         0.000000000
         0.000000000         0.000000000         0.000000000         0.000000000
         0.000000000         0.000000000         0.000000000         0.000000000
         0.000000000         0.000000000         0.000000000         0.000000000
         0.000000000         0.000000000         0.000000000         0.000000000
        -0.102127466         0.193223209         0.024398123        -0.036459437
         0.075231877        -0.155339452        -0.033763648         0.087161053
         0.231388029         0.260080757        -0.377889429        -0.154412702
         0.465974810        -0.066470106        -0.075261097        -0.015027592
         0.165754485         0.072187191        -0.440215214        -0.322255723
        -0.040415114         0.159304374         0.078286982         0.119530268
         0.053312663         0.093014936        -0.009158190         0.046812845
         0.037746871         0.024599761        -0.006882221         0.054018670
          58           0.529898316    0    0
         0.000000000         0.000000000         0.000000000         0.000000000
         0.000000000         0.000000000         0.000000000         0.000000000
         0.000000000         0.000000000         0.000000000         0.000000000
         0.000000000         0.000000000         0.000000000         0.000000000
         0.000000000         0.000000000         0.000000000         0.000000000
         0.000000000         0.000000000         0.000000000         0.000000000
         0.000000000         0.000000000         0.000000000         0.000000000
         0.000000000         0.000000000         0.000000000         0.000000000
         0.000000000         0.000000000         0.000000000         0.000000000
         0.000000000         0.000000000         0.000000000         0.000000000
         0.000000000         0.000000000         0.000000000         0.000000000
         0.000000000         0.000000000         0.000000000         0.000000000
         0.041614065        -0.210605326        -0.267143498        -0.028319230
         0.222347604         0.241978459        -0.347010202        -0.326716371
         0.442127530         0.347166931         0.121862747         0.061336394
        -0.094827930        -0.112592618         0.052453184         0.043899790
        -0.236932200        -0.022698790         0.048514358        -0.230716844
        -0.112881848        -0.089345793        -0.029233080         0.051037494
        -0.176803299         0.004634236        -0.012048017         0.008712702
        -0.090820952        -0.097033426        -0.002430301         0.006315907
          59           0.521409863    0    0
         0.000000000         0.000000000         0.000000000         0.000000000
         0.000000000         0.000000000         0.000000000         0.000000000
         0.000000000         0.000000000         0.000000000         0.000000000
         0.000000000         0.000000000         0.000000000         0.000000000
         0.000000000         0.000000000         0.000000000         0.000000000
         0.000000000         0.000000000         0.000000000         0.000000000
         0.000000000         0.000000000         0.000000000         0.000000000
         0.000000000         0.000000000         0.000000000         0.000000000
         0.000000000         0.000000000         0.000000000         0.000000000
         0.000000000         0.000000000         0.000000000         0.000000000
         0.000000000         0.000000000         0.000000000         0.000000000
         0.000000000         0.000000000         0.000000000         0.000000000
        -0.312788248        -0.118448963         0.124106706         0.290529756
         0.185406846        -0.169108843        -0.027221921        -0.232485321
         0.104741219        -0.270914177         0.306044731        -0.015791309
         0.258868036        -0.274998076        -0.073673285         0.023197529
         0.031399333        -0.094358902        -0.295908720         0.333399824
        -0.000431223        -0.282457543         0.091387297         0.092833278
        -0.127994912         0.021202200        -0.009192381         0.004336374
         0.116673642        -0.086965973        -0.003506092         0.014009347
          60           0.401807792    0    0
         0.000000000         0.000000000         0.000000000         0.000000000
         0.000000000         0.000000000         0.000000000         0.000000000
         0.000000000         0.000000000         0.000000000         0.000000000
         0.000000000         0.000000000         0.000000000         0.000000000
         0.000000000         0.000000000         0.000000000         0.000000000
         0.000000000         0.000000000         0.000000000         0.000000000
         0.000000000         0.000000000         0.000000000         0.000000000
         0.000000000         0.000000000         0.000000000         0.000000000
         0.000000000         0.000000000         0.000000000         0.000000000
         0.000000000         0.000000000         0.000000000         0.000000000
         0.000000000         0.000000000         0.000000000         0.000000000
         0.000000000         0.000000000         0.000000000         0.000000000
         0.308114670        -0.015714667        -0.247763671         0.281502710
        -0.036968694        -0.289061005        -0.008101083         0.038090635
        -0.197742818         0.450194186        -0.248499486        -0.038659883
        -0.016361399        -0.271308662         0.082992160         0.033619890
        -0.191780946        -0.046333604        -0.027712748         0.455393817
        -0.030222228        -0.005787567         0.081790022        -0.046485557
         0.003224564        -0.032679038        -0.178294698        -0.010068079
         0.003098332         0.009846297         0.029063825         0.005919015
          61           0.392143119    0    0
         0.000000000         0.000000000         0.000000000         0.000000000
         0.000000000         0.000000000         0.000000000         0.000000000
         0.000000000         0.000000000         0.000000000         0.000000000
         0.000000000         0.000000000         0.000000000         0.000000000
         0.000000000         0.000000000         0.000000000         0.000000000
         0.000000000         0.000000000         0.000000000         0.000000000
         0.000000000         0.000000000         0.000000000         0.000000000
         0.000000000         0.000000000         0.000000000         0.000000000
         0.000000000         0.000000000         0.000000000         0.000000000
         0.000000000         0.000000000         0.000000000         0.000000000
         0.000000000         0.000000000         0.000000000         0.000000000
         0.000000000         0.000000000         0.000000000         0.000000000
        -0.169574352         0.346035146        -0.188178928        -0.135766589
         0.361974254        -0.213590015        -0.000500831        -0.004854382
        -0.327305366         0.102773063         0.304387403        -0.092515833
         0.056045241         0.379812315        -0.008428846         0.006503692
        -0.431080337         0.078962344        -0.054825250        -0.031778914
        -0.090400654        -0.007303786         0.024674327         0.088049490
        -0.000536334         0.187552461        -0.037500540         0.069646165
         0.009330477        -0.004261653         0.004435809        -0.018722319
          62           0.347017357    0    0
         0.000000000         0.000000000         0.000000000         0.000000000
         0.000000000         0.000000000         0.000000000         0.000000000
         0.000000000         0.000000000         0.000000000         0.000000000
         0.000000000         0.000000000         0.000000000         0.000000000
         0.000000000         0.000000000         0.000000000         0.000000000
         0.000000000         0.000000000         0.000000000         0.000000000
         0.000000000         0.000000000         0.000000000         0.000000000
         0.000000000         0.000000000         0.000000000         0.000000000
         0.000000000         0.000000000         0.000000000         0.000000000
         0.000000000         0.000000000         0.000000000         0.000000000
         0.000000000         0.000000000         0.000000000         0.000000000
         0.000000000         0.000000000         0.000000000         0.000000000
        -0.059229265        -0.129431619        -0.065970235         0.072232316
         0.120142794         0.062263700         0.260565561         0.208231557
         0.089822122        -0.138419889         0.093551595         0.019192246
         0.323596591        -0.355295535         0.006241381         0.322398777
        -0.347347742        -0.025427133         0.333958866        -0.134863772
        -0.021634803         0.250855427         0.005814286         0.015793525
         0.388877717        -0.003870210        -0.005450475        -0.000748632
        -0.005842808        -0.057625621        -0.002345987        -0.001006646
          63           0.257906148    0    0
         0.000000000         0.000000000         0.000000000         0.000000000
         0.000000000         0.000000000         0.000000000         0.000000000
         0.000000000         0.000000000         0.000000000         0.000000000
         0.000000000         0.000000000         0.000000000         0.000000000
         0.000000000         0.000000000         0.000000000         0.000000000
         0.000000000         0.000000000         0.000000000         0.000000000
         0.000000000         0.000000000         0.000000000         0.000000000
         0.000000000         0.000000000         0.000000000         0.000000000
         0.000000000         0.000000000         0.000000000         0.000000000
         0.000000000         0.000000000         0.000000000         0.000000000
         0.000000000         0.000000000         0.000000000         0.000000000
         0.000000000         0.000000000         0.000000000         0.000000000
         0.013927731        -0.008882421        -0.007643939        -0.000711966
        -0.006527335         0.009425765        -0.024069807         0.001188395
         0.369560791        -0.293745664        -0.370528563         0.197881231
         0.030408667         0.330669727        -0.205079564         0.002596295
        -0.338534714         0.206012503        -0.029874366         0.298586934
        -0.207237497         0.022664386         0.206559508        -0.198152627
         0.000945279         0.100255109        -0.002240569        -0.254123044
        -0.004971976         0.000030521        -0.000310022         0.012966232
$user-defined bonds
$frag
 atom   1 fragment  1 symmetry  c1
 atom   2 fragment  1
 atom   3 fragment  1
 atom   4 fragment  1
 atom   5 fragment  1
 atom   6 fragment  1
 atom   7 fragment  1
 atom   8 fragment  1
 atom   9 fragment  1
 atom  10 fragment  1
 atom  11 fragment  1
 atom  12 fragment  1
 atom  13 fragment  2 symmetry  c1
 atom  14 fragment  2
 atom  15 fragment  2
 atom  16 fragment  2
 atom  17 fragment  2
 atom  18 fragment  2
 atom  19 fragment  2
 atom  20 fragment  2
 atom  21 fragment  2
 atom  22 fragment  2
 atom  23 fragment  2
   iteration     6
$end
