$optinfo internal
 gdiistep   on
 trostep    off
 calchess   off
 iteration  20
 ndiis       3
 itrvec      0
 tradius    2.323790007724E-01
 actrad     7.283584995669E-02
 energyo   -5.467500001631E+02
 predengy  -2.884984260369E-04
 trnvec
  0.000000000000D+00  0.000000000000D+00  0.000000000000D+00
  0.000000000000D+00  0.000000000000D+00  0.000000000000D+00
  0.000000000000D+00  0.000000000000D+00  0.000000000000D+00
  0.000000000000D+00  0.000000000000D+00  0.000000000000D+00
  0.000000000000D+00  0.000000000000D+00  0.000000000000D+00
  0.000000000000D+00  0.000000000000D+00  0.000000000000D+00
  0.000000000000D+00  0.000000000000D+00  0.000000000000D+00
  0.000000000000D+00  0.000000000000D+00  0.000000000000D+00
  0.000000000000D+00  0.000000000000D+00  0.000000000000D+00
  0.000000000000D+00  0.000000000000D+00  0.000000000000D+00
  0.000000000000D+00  0.000000000000D+00  0.000000000000D+00
  0.000000000000D+00  0.000000000000D+00  0.000000000000D+00
  0.000000000000D+00  0.000000000000D+00  0.000000000000D+00
  0.000000000000D+00  0.000000000000D+00  0.000000000000D+00
  0.000000000000D+00  0.000000000000D+00  0.000000000000D+00
  0.000000000000D+00  0.000000000000D+00  0.000000000000D+00
  0.000000000000D+00  0.000000000000D+00  0.000000000000D+00
  0.000000000000D+00  0.000000000000D+00  0.000000000000D+00
  0.000000000000D+00  0.000000000000D+00  0.000000000000D+00
  0.000000000000D+00  0.000000000000D+00  0.000000000000D+00
  0.000000000000D+00  0.000000000000D+00  0.000000000000D+00
  0.000000000000D+00  0.000000000000D+00  0.000000000000D+00
  0.000000000000D+00  0.000000000000D+00  0.000000000000D+00
  0.000000000000D+00  0.000000000000D+00  0.000000000000D+00
  0.000000000000D+00  0.000000000000D+00  0.000000000000D+00
  0.000000000000D+00  0.000000000000D+00  0.000000000000D+00
  0.000000000000D+00  0.000000000000D+00  0.000000000000D+00
  0.000000000000D+00  0.000000000000D+00  0.000000000000D+00
  0.000000000000D+00  0.000000000000D+00  0.000000000000D+00
  0.000000000000D+00  0.000000000000D+00  0.000000000000D+00
  0.000000000000D+00  0.000000000000D+00  0.000000000000D+00
  0.000000000000D+00  0.000000000000D+00  0.000000000000D+00
  0.000000000000D+00  0.000000000000D+00  0.000000000000D+00
 displ
 -0.369549072676D-06  0.661809127570D-06 -0.761308507818D-06
 -0.270128923674D-07  0.336664505010D-06  0.885627551462D-06
  0.397767347948D-07 -0.642184479482D-06 -0.653350480120D-06
  0.321027851991D-05 -0.199351924302D-06 -0.167274522234D-06
 -0.118013268491D-06  0.127701645869D-06  0.225584075135D-06
  0.726799723877D-07  0.331910138525D-07 -0.338776902275D-06
  0.598978585131D-05  0.137692746538D-06 -0.106100395580D-06
 -0.379586939658D-08 -0.109924749830D-06  0.735645176025D-08
  0.118730663960D-06  0.292301313631D-07 -0.144157235998D-06
 -0.189955166263D-06  0.106644517661D-06  0.105754603824D-07
  0.112758238147D-05 -0.383179148053D-06 -0.351398198595D-06
  0.194878534687D-05  0.942473326049D-07  0.279931637870D-07
 -0.416529801761D-07 -0.159818203303D-06 -0.777713313471D-07
 -0.178161050940D-06 -0.321864565132D-06 -0.273224654762D-06
 -0.135178637617D-06 -0.171555947226D-07  0.831699136228D-07
  0.180200222744D-06 -0.813124115262D-07 -0.404420113231D-06
  0.222267297900D-07  0.306307028630D-07 -0.478002556044D-06
  0.412026293251D-06  0.182529830303D-06  0.181194733453D-07
  0.113939697577D-04 -0.237879656417D-06 -0.248049857099D-06
 -0.535287694170D-07  0.617040879558D-06 -0.213923861271D-06
  0.152870801615D-06 -0.157152645158D-06  0.376416097386D-06
  0.209801570339D-06  0.798110126196D-06  0.968295867265D-06
 -0.135921305322D-06  0.149167000973D-06 -0.969704466725D-08
 -0.220773477277D-07 -0.536097835013D-07 -0.169550434276D-06
  0.260493929982D-06  0.365643848532D-06 -0.100274705206D-06
  0.629717451517D-07  0.276579710246D-07  0.229259480733D-06
  0.240101791782D-07  0.150385303765D-06  0.164694009097D-06
  0.482269619351D-06  0.917010096746D-06 -0.126776253412D-06
  0.283315783334D-07 -0.922189471328D-06  0.489947375559D-06
 -0.497039476688D-06  0.239469119645D-06 -0.162570641393D-06
  0.849454194984D-06 -0.497890024764D-06 -0.106309659853D-06
 -0.188428823905D-06  0.224071089261D-05 -0.976975953915D-06
 -0.311655717317D-06  0.494910049165D-06  0.348520378890D-06
 dxyz
 -0.730881346192D-06 -0.219879613770D-05 -0.853544253678D-07
 -0.181614680711D-06 -0.633459103572D-06  0.114950456255D-05
  0.190799999842D-05 -0.173852589979D-05  0.993474130725D-06
  0.184964482329D-05 -0.297920005414D-05  0.391405658682D-07
  0.357403247085D-06 -0.272598340309D-05 -0.145414660716D-05
  0.112776363391D-05 -0.734914290672D-07  0.822344186197D-06
 -0.251273059427D-05  0.974566081574D-06 -0.285366963355D-05
  0.237588191674D-05  0.452790030115D-06  0.206890873802D-05
  0.884295196750D-07 -0.390249025178D-06  0.229133982813D-07
  0.155208945595D-05  0.155198843382D-06 -0.690609046558D-06
 -0.428680011135D-06  0.347070526485D-07  0.859456131092D-06
 -0.922966808908D-06  0.130338910492D-05  0.161789437842D-05
 -0.291567321165D-05  0.189851170582D-05  0.131734354055D-05
  0.242144781802D-05 -0.130453897192D-05  0.169734115154D-07
  0.292922900164D-05 -0.344642403595D-05 -0.149593796565D-05
  0.163374522192D-05 -0.258529472042D-05 -0.235341005233D-05
 -0.279876807340D-05  0.421812644983D-05  0.132972140193D-05
 -0.165172896388D-05 -0.145891209464D-05 -0.329143837324D-05
 -0.495710721312D-05  0.312383354793D-05 -0.674654175022D-05
  0.519336743051D-05 -0.208871384975D-05  0.351537970340D-05
  0.228765274530D-06 -0.370534855358D-06 -0.389018382924D-08
  0.290896437479D-05  0.410895734607D-05  0.323591572541D-05
 -0.118997163454D-05 -0.267824958907D-06  0.878714487363D-06
  0.126197136365D-05 -0.151133450324D-06 -0.120500619424D-05
 -0.226280584908D-05 -0.198402637970D-05 -0.230585593670D-05
  0.142186704100D-05 -0.428019797839D-06  0.443969762384D-06
 -0.297299841855D-06  0.843655076648D-06 -0.188510372452D-05
  0.345541597834D-05  0.144151571848D-06 -0.188210142190D-05
  0.102670525903D-05 -0.516687663136D-06  0.151301623782D-05
 -0.157562937608D-05 -0.808826031519D-06 -0.124555636293D-05
  0.698955485141D-06  0.112417291337D-05  0.220009103774D-05
 -0.522140860105D-06  0.348237057092D-05  0.255947129232D-05
 -0.239883309750D-06 -0.899482272509D-05  0.829325458255D-05
  0.625852131599D-05  0.949204567747D-05 -0.338221451489D-05
 -0.155102863850D-04  0.378898861454D-05 -0.199665108106D-05
 grado
  0.272461121061D-06 -0.211599377080D-06  0.324978783704D-07
 -0.149563407089D-07 -0.137159789583D-06 -0.201160984846D-07
 -0.174034406699D-07  0.842961091079D-07  0.181539406008D-06
 -0.471930646122D-09  0.727801287922D-07  0.595386370103D-07
  0.437100084321D-07 -0.112669922978D-07 -0.598664747595D-07
 -0.786804255829D-08 -0.971732504415D-08  0.565788540219D-07
 -0.177380912003D-07 -0.434482023789D-07  0.727431604130D-07
 -0.225439250421D-07  0.205337412402D-07 -0.929755866772D-08
 -0.994980350735D-08 -0.284331903905D-07  0.101462722352D-07
  0.755976926716D-07 -0.680966675854D-08 -0.566462337526D-07
 -0.129887951996D-06  0.408828782901D-07  0.619929031887D-07
 -0.170104706768D-07 -0.224555707537D-07  0.586539485090D-08
  0.493792640110D-08  0.622631866353D-07  0.263760270707D-07
  0.365761330369D-07  0.711176063752D-07  0.311914720551D-07
  0.691268174282D-07  0.458560321974D-07 -0.323492832761D-06
 -0.524768373712D-06 -0.299042650104D-06  0.304381199555D-06
 -0.148317395508D-08 -0.163510469044D-08  0.909448189860D-07
 -0.937982176073D-07 -0.564589732742D-08 -0.456545168665D-07
 -0.517081236825D-07  0.132926262658D-06  0.119449466308D-06
  0.442624575463D-07 -0.150682482802D-06  0.109147461363D-07
 -0.158881577933D-08  0.181548892062D-07 -0.745345041132D-07
 -0.576926391931D-07 -0.231487281665D-06 -0.154933821438D-06
  0.513605293028D-07 -0.709550861270D-07 -0.221641893468D-06
 -0.143318027790D-09 -0.407107267098D-07  0.376365812373D-10
 -0.242408222682D-07 -0.141493880138D-06  0.255318020747D-08
 -0.588349836972D-07  0.223097643470D-06  0.234863282381D-06
  0.234781106301D-07 -0.122911334293D-06 -0.141139079708D-06
 -0.117871595900D-06 -0.204682206935D-06 -0.944189522309D-08
  0.238198880005D-07  0.453009157565D-07 -0.537500805315D-08
  0.127200337353D-06 -0.628863997604D-07 -0.516724777864D-08
  0.115846785533D-07  0.191732850166D-06  0.713153259229D-07
  0.894314936219D-07 -0.457146893541D-08  0.290464277553D-06
  0.674917773942D-07 -0.341607973150D-06 -0.223504974448D-06
$end
