$optinfo internal
 gdiistep   off
 trostep    off
 calchess   off
 iteration   2
 ndiis       1
 itrvec      0
 tradius    1.500000000000E-01
 actrad     1.174921830714E-01
 energyo   -5.471227619464E+02
 predengy  -1.413100231112E-03
 trnvec
  0.000000000000D+00  0.000000000000D+00  0.000000000000D+00
  0.000000000000D+00  0.000000000000D+00  0.000000000000D+00
  0.000000000000D+00  0.000000000000D+00  0.000000000000D+00
  0.000000000000D+00  0.000000000000D+00  0.000000000000D+00
  0.000000000000D+00  0.000000000000D+00  0.000000000000D+00
  0.000000000000D+00  0.000000000000D+00  0.000000000000D+00
  0.000000000000D+00  0.000000000000D+00  0.000000000000D+00
  0.000000000000D+00  0.000000000000D+00  0.000000000000D+00
  0.000000000000D+00  0.000000000000D+00  0.000000000000D+00
  0.000000000000D+00  0.000000000000D+00  0.000000000000D+00
  0.000000000000D+00  0.000000000000D+00  0.000000000000D+00
  0.000000000000D+00  0.000000000000D+00  0.000000000000D+00
  0.000000000000D+00  0.000000000000D+00  0.000000000000D+00
  0.000000000000D+00  0.000000000000D+00  0.000000000000D+00
  0.000000000000D+00  0.000000000000D+00  0.000000000000D+00
  0.000000000000D+00  0.000000000000D+00  0.000000000000D+00
  0.000000000000D+00  0.000000000000D+00  0.000000000000D+00
  0.000000000000D+00  0.000000000000D+00  0.000000000000D+00
  0.000000000000D+00  0.000000000000D+00  0.000000000000D+00
  0.000000000000D+00  0.000000000000D+00  0.000000000000D+00
  0.000000000000D+00  0.000000000000D+00  0.000000000000D+00
  0.000000000000D+00  0.000000000000D+00  0.000000000000D+00
  0.000000000000D+00  0.000000000000D+00  0.000000000000D+00
  0.000000000000D+00  0.000000000000D+00  0.000000000000D+00
  0.000000000000D+00  0.000000000000D+00  0.000000000000D+00
  0.000000000000D+00  0.000000000000D+00  0.000000000000D+00
  0.000000000000D+00  0.000000000000D+00  0.000000000000D+00
  0.000000000000D+00  0.000000000000D+00  0.000000000000D+00
  0.000000000000D+00  0.000000000000D+00  0.000000000000D+00
  0.000000000000D+00  0.000000000000D+00  0.000000000000D+00
  0.000000000000D+00  0.000000000000D+00  0.000000000000D+00
  0.000000000000D+00  0.000000000000D+00  0.000000000000D+00
  0.000000000000D+00  0.000000000000D+00  0.000000000000D+00
 displ
 -0.152419155974D-01  0.199360731088D-03 -0.447823000676D-02
 -0.158489864990D-01  0.184612490442D-04 -0.698708580821D-03
 -0.162127226361D-01 -0.690314407563D-03 -0.812139766016D-03
 -0.137362639200D-01 -0.147628037442D-01 -0.155698226385D-01
 -0.153763800950D-01  0.116007467686D-02  0.492918602685D-03
 -0.343893861862D-03  0.236660418242D-03  0.207891477399D-03
 -0.174653136108D-02 -0.145688159632D-01 -0.150726775286D-01
 -0.150898001289D-01  0.204917997145D-02  0.241174341994D-03
  0.719572715736D-03 -0.137606871188D-03  0.347161388906D-03
  0.106411602058D-01 -0.149583329824D-01 -0.153213425680D-01
 -0.150753807942D-01  0.197825553246D-02 -0.320473956635D-03
  0.309922660949D-03  0.848804579439D-04 -0.203822875706D-03
  0.129913650198D-02 -0.150741266934D-01 -0.148075848294D-01
 -0.151398818970D-01  0.205169433646D-02  0.115953100529D-03
  0.985699268630D-04 -0.136824092290D-03  0.163897374487D-03
 -0.145693017815D-01 -0.149137347744D-01  0.112097778962D-04
  0.878501493027D-03 -0.227725137637D-03 -0.245510582431D-03
 -0.148712847403D-01 -0.150681370743D-01 -0.747686557262D-03
  0.659734845439D-03 -0.413548450984D-03  0.260707642771D-03
  0.352193777203D-02 -0.155152006061D-01 -0.151470041809D-01
 -0.152124262296D-01  0.866114980784D-03 -0.725170706123D-03
  0.410752746104D-05  0.916760770229D-04  0.603456419803D-06
 -0.113250635420D-01 -0.127402488221D-02 -0.927762829801D-03
  0.252660997768D-01 -0.110402155037D-01 -0.113142062276D-01
 -0.115616436728D-01  0.265699269321D-02  0.139736823215D-02
  0.150858807307D-02  0.358942683382D-03 -0.240300555206D-03
  0.429456700962D-01 -0.112447986394D-01 -0.930526569063D-04
 -0.120252407312D-01  0.136895322369D-02  0.142037425393D-02
  0.645520218377D-01 -0.110007572451D-01  0.792590352795D-03
 -0.107061346489D-01 -0.436452572261D-04  0.206250485987D-02
 -0.108634957176D-01 -0.103465335085D-01 -0.108484192724D-01
 -0.991928371886D-02 -0.998939051813D-02  0.225348368333D-02
  0.684372034592D-04  0.637200785090D-02  0.105499455311D-01
 dxyz
 -0.339787397534D-02 -0.694233406863D-02 -0.178606854257D-02
  0.672101772875D-02 -0.127188757790D-01 -0.777468604067D-04
  0.787669898127D-02 -0.263862320647D-01  0.198556259978D-02
 -0.411571225257D-02 -0.285392511421D-01 -0.110531397404D-02
 -0.102466586334D-01 -0.139202599940D-01 -0.162702508634D-01
  0.149277856244D-01 -0.203373365058D-02  0.112159269403D-01
 -0.375578218561D-01  0.166355332180D-02 -0.229660174798D-01
  0.171524547341D-01 -0.226264430482D-01  0.150087347086D-01
  0.426846601208D-01  0.123377347980D-01  0.134745318061D-01
 -0.495534153707D-02  0.143933569190D-01  0.272714607795D-01
  0.496665996489D-02 -0.128710389513D-01 -0.137060479318D-01
  0.379540926082D-03  0.893138125315D-01  0.286679719256D-01
 -0.213770070660D-01 -0.207400918401D-01 -0.338985270253D-01
  0.179399068064D-01 -0.369118045384D-01 -0.551672475613D-02
 -0.135436551438D-01 -0.443682187630D-01  0.579813168703D-02
 -0.656493659827D-02 -0.155047840558D-01 -0.412537191878D-01
 -0.540876362645D-01 -0.531351874823D-02 -0.711160952765D-03
 -0.512721704308D-01  0.631258118899D-02 -0.431364412854D-01
 -0.346664086015D-01  0.178244752628D-01 -0.231028724843D-01
  0.292412777284D-01 -0.420079352643D-01  0.822808879004D-02
 -0.479444333351D-02 -0.305159154785D-01  0.213282901239D-01
  0.250521218459D-01 -0.161577812720D-01  0.291070039650D-01
  0.579762841466D-01 -0.385675280134D-02 -0.391263263864D-02
  0.473497867728D-01  0.120881796479D-01  0.297839994107D-01
  0.535779969330D-01  0.329778349205D-01  0.137618174358D-01
 -0.275791873193D-01  0.916452109051D-02  0.333479801201D-01
 -0.138391123489D-02  0.372311801347D-01  0.241610167487D-01
  0.375848926440D-02  0.193517711500D-01  0.411735142886D-01
  0.763505524788D-01 -0.587814723933D-01 -0.104311824103D-01
 -0.591404733175D-01 -0.494768563404D-01 -0.634849202258D-01
  0.124566885446D+00  0.176334374790D+00  0.477229767840D-01
 -0.117723727751D+00  0.165170278353D+00  0.887649044907D-01
  0.978202917229D-01 -0.978675002156D-01 -0.952404915018D-01
 -0.268400201370D-01  0.589567745604D-01 -0.729719460506D-02
 -0.149095425773D+00 -0.105579628260D+00 -0.569045998792D-01
 grado
  0.664525118172D-02 -0.723469873587D-04  0.213449282021D-03
  0.689980901351D-02 -0.671275715660D-05  0.332868103901D-04
  0.659423937827D-02  0.233384497417D-03  0.278970572892D-03
  0.104045121221D-03  0.622151261008D-02  0.654550501715D-02
  0.642014429167D-02 -0.377604118869D-03 -0.158003748611D-03
  0.109628176051D-03 -0.783704674967D-04 -0.692067470181D-04
  0.122218105873D-04  0.614322020086D-02  0.631417203365D-02
  0.629715345493D-02 -0.663849362362D-03 -0.771852628514D-04
 -0.229921899286D-03  0.453040599486D-04 -0.114243738613D-03
 -0.739824731382D-04  0.628154265654D-02  0.639529372016D-02
  0.628453037505D-02 -0.639976243771D-03  0.102549592760D-03
 -0.989394832653D-04 -0.278747653077D-04  0.670371550872D-04
 -0.900567712350D-05  0.635911840924D-02  0.622286201057D-02
  0.631244945313D-02 -0.664478516764D-03 -0.371149430405D-04
 -0.314910275264D-04  0.450248370658D-04 -0.539059505348D-04
  0.608787787409D-02  0.616933581498D-02 -0.375266709063D-05
 -0.294092499661D-03  0.720903883701D-04  0.821844342445D-04
  0.622890958234D-02  0.627360524682D-02  0.251397917329D-03
 -0.221826447777D-03  0.131288118371D-03 -0.876594003394D-04
 -0.253994184221D-04  0.650210617277D-02  0.632561015772D-02
  0.635290984644D-02 -0.280691251564D-03  0.232096197704D-03
 -0.130410284889D-05 -0.301998610288D-04 -0.200331820007D-06
  0.428930022526D-02  0.474353967822D-03  0.345387973195D-03
 -0.154979468385D-03  0.399409802236D-02  0.407767597502D-02
  0.415966008338D-02 -0.948000645144D-03 -0.498326730948D-03
 -0.538093594132D-03 -0.128071275717D-03  0.857347942029D-04
 -0.311232546879D-03  0.414017759597D-02  0.336597473460D-04
  0.402071834032D-02 -0.487656606322D-03 -0.515428635323D-03
 -0.431858591370D-03  0.406182509599D-02 -0.284556434291D-03
  0.377188634983D-02  0.160233030083D-04 -0.751333611253D-03
  0.502672857493D-02  0.417957090437D-02  0.830313608043D-02
  0.389534664673D-02  0.446212082633D-02 -0.863341627938D-03
 -0.277649577335D-04 -0.111620871436D-03 -0.116931810355D-03
$end
