$coord
    0.00002250786056      2.42355435242556     -0.44963476132833  c
   -2.33658742682813      1.26731601287195     -1.65573514377275  c
   -2.33667517659423     -1.26721865724960     -1.65560492458045  c
   -0.00002249036039     -2.42353978616426     -0.44968307744784  c
    2.33662836206022      1.26727166036312     -1.65568999240852  c
    2.33663425791147     -1.26726301270458     -1.65565007698888  c
   -0.00006426741698      1.46581053356332      2.35634752731183  c
    0.00006422399717     -1.46589406003812      2.35633194413912  c
    0.00004341804047      4.49274852544901     -0.53052847304660  h
   -3.87578998535106      2.43502575498450     -2.36268477017701  h
   -3.87613647117537     -2.43487594925956     -2.36207600751149  h
   -0.00004337300774     -4.49273062795585     -0.53065027425289  h
    3.87591481741965      2.43495308979715     -2.36250361105333  h
    3.87601175508563     -2.43494862830952     -2.36225699538495  h
   -1.67802842095728      2.20552976679932      3.32930494228935  h
    1.67773864142708      2.20567985340258      3.32947006478396  h
   -1.67774202157548     -2.20578448832738      3.32943223295728  h
    1.67803164946440     -2.20563433964757      3.32926725549348  h
$user-defined bonds
$redundant
     number_of_atoms            18
     degrees_of_freedom         48
     internal_coordinates       60
     frozen_coordinates          0
# definitions of redundant internals
   1 k  1.0000000000000 stre   1    9           val=   2.07077
   2 k  0.7070787240474 bend   5    9    1      val=   0.00106
       -0.7071348337129 bend   2    9    1
        0.0000703510433 bend   7    9    1
   3 k -0.3906119167652 bend   5    9    1      val=   2.83415
       -0.3904979871217 bend   2    9    1
        0.8336268065117 bend   7    9    1
   4 k  1.0000000000000 stre   2   10           val=   2.05730
   5 k  0.7071827736398 bend   3   10    2      val=   1.49021
       -0.7070307805655 bend   1   10    2
   6 k  1.0000000000000 outp  10    1    3    2 val=  -2.17042
   7 k  1.0000000000000 stre   3   11           val=   2.05730
   8 k  0.7071828818245 bend   2   11    3      val=   1.49027
       -0.7070306723576 bend   4   11    3
   9 k  1.0000000000000 outp  11    4    2    3 val=   2.17583
  10 k  1.0000000000000 stre   4   12           val=   2.07077
  11 k  0.7070786804817 bend   3   12    4      val=   0.00106
       -0.7071348772643 bend   6   12    4
        0.0000704599196 bend   8   12    4
  12 k -0.3906100286336 bend   3   12    4      val=   2.83457
       -0.3904959224882 bend   6   12    4
        0.8336286583671 bend   8   12    4
  13 k  1.0000000000000 stre   5   13           val=   2.05730
  14 k  0.7071828500043 bend   6   13    5      val=   1.49028
       -0.7070307041846 bend   1   13    5
  15 k  1.0000000000000 outp  13    1    6    5 val=   2.17170
  16 k  1.0000000000000 stre   6   14           val=   2.05730
  17 k  0.7071828052899 bend   5   14    6      val=   1.49020
       -0.7070307489086 bend   4   14    6
  18 k  1.0000000000000 outp  14    4    5    6 val=  -2.17455
  19 k  1.0000000000000 stre   7   15           val=   2.07591
  20 k  1.0000000000000 stre   7   16           val=   2.07591
  21 k  0.0622274461495 bend  16   15    7      val=   1.06843
       -0.5053876807471 bend   8   15    7
       -0.5053847492846 bend   8   16    7
        0.4925931170065 bend   1   15    7
        0.4925944715110 bend   1   16    7
  22 k  0.0000015159087 bend  16   15    7      val=   0.00015
       -0.5253585825458 bend   8   15    7
        0.5253606499544 bend   8   16    7
       -0.4732847514944 bend   1   15    7
        0.4732822532333 bend   1   16    7
  23 k -0.8918163687537 bend  16   15    7      val=   1.30996
        0.1934308980299 bend   8   15    7
        0.1934338944871 bend   8   16    7
        0.2547855619584 bend   1   15    7
        0.2547855921976 bend   1   16    7
  24 k -0.0000009812530 bend  16   15    7      val=   0.00012
        0.4732836629224 bend   8   15    7
       -0.4732833418040 bend   8   16    7
       -0.5253587035734 bend   1   15    7
        0.5253605289325 bend   1   16    7
  25 k  1.0000000000000 stre   8   18           val=   2.07591
  26 k  1.0000000000000 stre   8   17           val=   2.07591
  27 k  0.0622274589215 bend  17   18    8      val=   1.06838
       -0.5053872037563 bend   7   18    8
       -0.5053853099072 bend   7   17    8
        0.4925927187407 bend   4   18    8
        0.4925947823609 bend   4   17    8
  28 k  0.0000004335813 bend  17   18    8      val=  -0.00007
        0.5253585018920 bend   7   18    8
       -0.5253604724203 bend   7   17    8
        0.4732846086997 bend   4   18    8
       -0.4732826826283 bend   4   17    8
  29 k -0.8918160280668 bend  17   18    8      val=   1.31004
        0.1934322453025 bend   7   18    8
        0.1934331826435 bend   7   17    8
        0.2547867451033 bend   4   18    8
        0.2547851191346 bend   4   17    8
  30 k -0.0000009636088 bend  17   18    8      val=   0.00011
        0.4732842003861 bend   7   18    8
       -0.4732830909435 bend   7   17    8
       -0.5253590478032 bend   4   18    8
        0.5253599265096 bend   4   17    8
  31 k  1.0000000000000 stre   1    5           val=   2.87251
  32 k  1.0000000000000 stre   1    2           val=   2.87251
  33 k  1.0000000000000 stre   1    7           val=   2.96493
  34 k  1.0000000000000 stre   2    3           val=   2.53453
  35 k  1.0000000000000 stre   3    4           val=   2.87250
  36 k  1.0000000000000 stre   4    6           val=   2.87251
  37 k  1.0000000000000 stre   4    8           val=   2.96493
  38 k  1.0000000000000 stre   5    6           val=   2.53453
  39 k  1.0000000000000 stre   7    8           val=   2.93170
  40 k  0.9203488305602 bend   2    5    1      val=  28.39621
       -0.2765606740569 bend   7    5    1
       -0.2765361163602 bend   7    2    1
  41 k  0.0000149718345 bend   2    5    1      val=   0.00872
       -0.7070504700515 bend   7    5    1
        0.7071630876791 bend   7    2    1
  42 k  0.3910984912554 bend   2    5    1      val= 106.28225
        0.6508408610138 bend   7    5    1
        0.6507289326383 bend   7    2    1
  43 k  1.0000000000000 bend   1    3    2      val= 113.73613
  44 k  1.0000000000000 bend   4    2    3      val= 113.73717
  45 k  0.9203564156744 bend   6    3    4      val=  28.40168
       -0.2765480447744 bend   8    3    4
       -0.2765235018195 bend   8    6    4
  46 k  0.0000150278599 bend   6    3    4      val=   0.00873
       -0.7070503928860 bend   8    3    4
        0.7071631648311 bend   8    6    4
  47 k  0.3910806411742 bend   6    3    4      val= 106.28162
        0.6508463112373 bend   8    3    4
        0.6507342093724 bend   8    6    4
  48 k  1.0000000000000 bend   1    6    5      val= 113.73643
  49 k  1.0000000000000 bend   4    5    6      val= 113.73687
  50 k  1.0000000000000 bend   1    8    7      val= 108.84560
  51 k  1.0000000000000 bend   4    7    8      val= 108.84421
  52 k  0.7071067811865 tors   6    5    1    2 val=   4.36170
        0.7071067811865 tors   6    5    1    7
  53 k  0.7071067811865 tors   3    2    1    5 val=  -4.35991
        0.7071067811865 tors   3    2    1    7
  54 k  0.7071067811865 tors   8    7    1    2 val=   0.00374
        0.7071067811865 tors   8    7    1    5
  55 k  1.0000000000000 tors   4    3    2    1 val=  -0.00698
  56 k  0.7071067811865 tors   6    4    3    2 val=   4.37036
        0.7071067811865 tors   8    4    3    2
  57 k  0.7071067811865 tors   5    6    4    3 val=  -4.36857
        0.7071067811865 tors   5    6    4    8
  58 k  0.7071067811865 tors   7    8    4    3 val=   0.00374
        0.7071067811865 tors   7    8    4    6
  59 k  1.0000000000000 tors   4    6    5    1 val=   0.00298
  60 k  1.0000000000000 tors   4    8    7    1 val=  -0.00526
        48 non zero eigenvalues  of BmBt
           1           3.402212060    1    0
         1
           2           2.851884098    2    0
         2
           3           2.697777939    3    0
         3
           4           2.599799799    4    0
         4
           5           2.412699879    5    0
         5
           6           2.306563480    6    0
         6
           7           2.199874816    7    0
         7
           8           2.193139349    8    0
         8
           9           2.189820628    9    0
         9
          10           2.120753717   10    0
        10
          11           2.033905429   11    0
        11
          12           1.999316739   12    0
        12
          13           1.856015899   13    0
        13
          14           1.754362074   14    0
        14
          15           1.545454289   15    0
        15
          16           1.400676106   16    0
        16
          17           1.372141558   17    0
        17
          18           1.157493375   18    0
        18
          19           1.104287187   19    0
        19
          20           1.014921738   20    0
        20
          21           0.995965099   21    0
        21
          22           0.811903282   22    0
        22
          23           0.810160447   23    0
        23
          24           0.765555255   24    0
        24
          25           0.723413555   25    0
        25
          26           0.632630722   26    0
        26
          27           0.536192872   27    0
        27
          28           0.393064577   28    0
        28
          29           0.342059070   29    0
        29
          30           0.226486811   30    0
        30
          31           1.287820611   31    0
        31
          32           1.128983992   32    0
        32
          33           0.768036494   33    0
        33
          34           0.766998592   34    0
        34
          35           0.741830514   35    0
        35
          36           0.500669558   36    0
        36
          37           0.459262440   37    0
        37
          38           0.423318033   38    0
        38
          39           0.354346970   39    0
        39
          40           0.769783467    0    0
         0.000000000         0.000000000         0.000000000         0.000000000
         0.000000000         0.000000000         0.000000000         0.000000000
         0.000000000         0.000000000         0.000000000         0.000000000
         0.000000000         0.000000000         0.000000000         0.000000000
         0.000000000         0.000000000         0.000000000         0.000000000
         0.000000000         0.000000000         0.000000000         0.000000000
         0.000000000         0.000000000         0.000000000         0.000000000
         0.000000000         0.000000000         0.000000000         0.000000000
         0.000000000         0.000000000         0.000000000         0.000000000
         0.000000000         0.000000000         0.000000000         0.138909864
         0.000032651         0.332145295        -0.391903605         0.391903630
        -0.138922301        -0.000032591        -0.332141869        -0.391903034
         0.391904101        -0.251408175         0.251408333         0.000000000
         0.000000000         0.000000000         0.000000000         0.000000000
         0.000000000         0.000000000         0.000000000         0.000000000
          41           0.364381336    0    0
         0.000000000         0.000000000         0.000000000         0.000000000
         0.000000000         0.000000000         0.000000000         0.000000000
         0.000000000         0.000000000         0.000000000         0.000000000
         0.000000000         0.000000000         0.000000000         0.000000000
         0.000000000         0.000000000         0.000000000         0.000000000
         0.000000000         0.000000000         0.000000000         0.000000000
         0.000000000         0.000000000         0.000000000         0.000000000
         0.000000000         0.000000000         0.000000000         0.000000000
         0.000000000         0.000000000         0.000000000         0.000000000
         0.000000000         0.000000000         0.000000000         0.000002853
         0.243180974         0.000012362        -0.469518475         0.469485366
         0.000003065         0.243175734         0.000012277         0.469485670
        -0.469518555        -0.000015892        -0.000015533         0.000000000
         0.000000000         0.000000000         0.000000000         0.000000000
         0.000000000         0.000000000         0.000000000         0.000000000
          42           0.319698310    0    0
         0.000000000         0.000000000         0.000000000         0.000000000
         0.000000000         0.000000000         0.000000000         0.000000000
         0.000000000         0.000000000         0.000000000         0.000000000
         0.000000000         0.000000000         0.000000000         0.000000000
         0.000000000         0.000000000         0.000000000         0.000000000
         0.000000000         0.000000000         0.000000000         0.000000000
         0.000000000         0.000000000         0.000000000         0.000000000
         0.000000000         0.000000000         0.000000000         0.000000000
         0.000000000         0.000000000         0.000000000         0.000000000
         0.000000000         0.000000000         0.000000000         0.186730019
         0.000027981         0.490081263        -0.280240007        -0.280305182
         0.186756800         0.000027844         0.490068623        -0.280296916
        -0.280248274        -0.260490376        -0.260462566         0.000000000
         0.000000000         0.000000000         0.000000000         0.000000000
         0.000000000         0.000000000         0.000000000         0.000000000
          43           0.288807205    0    0
         0.000000000         0.000000000         0.000000000         0.000000000
         0.000000000         0.000000000         0.000000000         0.000000000
         0.000000000         0.000000000         0.000000000         0.000000000
         0.000000000         0.000000000         0.000000000         0.000000000
         0.000000000         0.000000000         0.000000000         0.000000000
         0.000000000         0.000000000         0.000000000         0.000000000
         0.000000000         0.000000000         0.000000000         0.000000000
         0.000000000         0.000000000         0.000000000         0.000000000
         0.000000000         0.000000000         0.000000000         0.000000000
         0.000000000         0.000000000         0.000000000        -0.285358329
         0.000024299         0.151303291         0.194913736        -0.194902418
         0.285349796        -0.000024290        -0.151335464         0.194915700
        -0.194899704        -0.565411149         0.565424530         0.000000000
         0.000000000         0.000000000         0.000000000         0.000000000
         0.000000000         0.000000000         0.000000000         0.000000000
          44           0.098506691    0    0
         0.000000000         0.000000000         0.000000000         0.000000000
         0.000000000         0.000000000         0.000000000         0.000000000
         0.000000000         0.000000000         0.000000000         0.000000000
         0.000000000         0.000000000         0.000000000         0.000000000
         0.000000000         0.000000000         0.000000000         0.000000000
         0.000000000         0.000000000         0.000000000         0.000000000
         0.000000000         0.000000000         0.000000000         0.000000000
         0.000000000         0.000000000         0.000000000         0.000000000
         0.000000000         0.000000000         0.000000000         0.000000000
         0.000000000         0.000000000         0.000000000         0.670468065
        -0.000022788        -0.221987537         0.020436291         0.020455011
         0.670458335        -0.000022086        -0.222003404         0.020451585
         0.020439717         0.019002004         0.019001077         0.000000000
         0.000000000         0.000000000         0.000000000         0.000000000
         0.000000000         0.000000000         0.000000000         0.000000000
          45           0.086540503    0    0
         0.000000000         0.000000000         0.000000000         0.000000000
         0.000000000         0.000000000         0.000000000         0.000000000
         0.000000000         0.000000000         0.000000000         0.000000000
         0.000000000         0.000000000         0.000000000         0.000000000
         0.000000000         0.000000000         0.000000000         0.000000000
         0.000000000         0.000000000         0.000000000         0.000000000
         0.000000000         0.000000000         0.000000000         0.000000000
         0.000000000         0.000000000         0.000000000         0.000000000
         0.000000000         0.000000000         0.000000000         0.000000000
         0.000000000         0.000000000         0.000000000        -0.000016077
        -0.707105182         0.000064617        -0.000004262         0.000004161
         0.000015436         0.707108374        -0.000064341        -0.000001142
         0.000001042        -0.000007049         0.000006956         0.000000000
         0.000000000         0.000000000         0.000000000         0.000000000
         0.000000000         0.000000000         0.000000000         0.000000000
          46           0.406645851    0    0
         0.000000000         0.000000000         0.000000000         0.000000000
         0.000000000         0.000000000         0.000000000         0.000000000
         0.000000000         0.000000000         0.000000000         0.000000000
         0.000000000         0.000000000         0.000000000         0.000000000
         0.000000000         0.000000000         0.000000000         0.000000000
         0.000000000         0.000000000         0.000000000         0.000000000
         0.000000000         0.000000000         0.000000000         0.000000000
         0.000000000         0.000000000         0.000000000         0.000000000
         0.000000000         0.000000000         0.000000000         0.000000000
         0.000000000         0.000000000         0.000000000         0.000000000
         0.000000000         0.000000000         0.000000000         0.000000000
         0.000000000         0.000000000         0.000000000         0.000000000
         0.000000000         0.000000000         0.000000000        -0.434680856
         0.434685406        -0.000004790        -0.349426381         0.434683412
        -0.434688191         0.000005004         0.349426477        -0.000000086
          47           0.323887044    0    0
         0.000000000         0.000000000         0.000000000         0.000000000
         0.000000000         0.000000000         0.000000000         0.000000000
         0.000000000         0.000000000         0.000000000         0.000000000
         0.000000000         0.000000000         0.000000000         0.000000000
         0.000000000         0.000000000         0.000000000         0.000000000
         0.000000000         0.000000000         0.000000000         0.000000000
         0.000000000         0.000000000         0.000000000         0.000000000
         0.000000000         0.000000000         0.000000000         0.000000000
         0.000000000         0.000000000         0.000000000         0.000000000
         0.000000000         0.000000000         0.000000000         0.000000000
         0.000000000         0.000000000         0.000000000         0.000000000
         0.000000000         0.000000000         0.000000000         0.000000000
         0.000000000         0.000000000         0.000000000        -0.364972088
        -0.364978053         0.298109072         0.353769618        -0.364971019
        -0.364976631         0.298106433         0.353769491        -0.197818985
          48           0.166982511    0    0
         0.000000000         0.000000000         0.000000000         0.000000000
         0.000000000         0.000000000         0.000000000         0.000000000
         0.000000000         0.000000000         0.000000000         0.000000000
         0.000000000         0.000000000         0.000000000         0.000000000
         0.000000000         0.000000000         0.000000000         0.000000000
         0.000000000         0.000000000         0.000000000         0.000000000
         0.000000000         0.000000000         0.000000000         0.000000000
         0.000000000         0.000000000         0.000000000         0.000000000
         0.000000000         0.000000000         0.000000000         0.000000000
         0.000000000         0.000000000         0.000000000         0.000000000
         0.000000000         0.000000000         0.000000000         0.000000000
         0.000000000         0.000000000         0.000000000         0.000000000
         0.000000000         0.000000000         0.000000000        -0.161211684
        -0.161203793        -0.513084145         0.240575859        -0.161211918
        -0.161204195        -0.513083939         0.240575918         0.503769859
$end
