$coord
   -4.78177038981383     -0.65659668889709      7.97183644821040      c
   -4.79758102727929     -1.90750758274262      6.33455771636826      h
   -4.87988181479061     -1.84007399070437      9.65480910754505      h
   -6.48708688370535      0.49406522192562      7.90992594929210      h
   -2.39970988996973      0.95836462109034      7.99275433700137      c
   -2.43117698025574      2.23014884020517      9.61869193603851      h
   -2.35196220244683      2.15685918719208      6.31317310301699      h
    0.00008851288234     -0.62585138139726      8.06920383887578      c
    0.00009367561413     -1.79330462195936      9.77574256227663      h
    0.00021530216750     -1.92654828373360      6.46437057089961      h
    2.39984900404873      0.95844978915742      7.99291850695916      c
    2.43127103948428      2.23017333105586      9.61887913041951      h
    2.35233199539487      2.15686178934496      6.31332766560713      h
    4.78189130016099     -0.65657929018859      7.97223278236198      c
    4.79772676295866     -1.90754539994199      6.33501360145946      h
    6.48714004359120      0.49413417803221      7.91038891896658      h
    4.87981167382574     -1.83995364349560      9.65528626717306      h
$redundant
     number_of_atoms            17
     degrees_of_freedom         45
     internal_coordinates       45
     frozen_coordinates          0
# definitions of redundant internals
   1 k  1.0000000000000 tors    4    1    5    8 val=  60.24253
        1.0000000000000 tors    3    1    5    8
        1.0000000000000 tors    2    1    5    8
   2 k  1.0000000000000 stre    1    4           val=   2.05814
   3 k  1.0000000000000 stre    1    3           val=   2.05977
   4 k  1.0000000000000 stre    1    2           val=   2.06051
   5 k  0.4269375265279 bend    3    4    1      val=   1.45586
        0.4285843958003 bend    2    4    1
        0.4034433204534 bend    2    3    1
       -0.3929298077108 bend    5    4    1
       -0.3985825274876 bend    5    3    1
       -0.3975064606950 bend    5    2    1
   6 k -0.3278094214340 bend    3    4    1      val=   0.54374
       -0.3319348052451 bend    2    4    1
        0.6922348810099 bend    2    3    1
       -0.4539311005768 bend    5    4    1
        0.2218359790159 bend    5    3    1
        0.2188755174578 bend    5    2    1
   7 k -0.6442564928762 bend    3    4    1      val=   0.06205
        0.6408006348679 bend    2    4    1
        0.0021275498995 bend    2    3    1
       -0.0007348586673 bend    5    4    1
       -0.2938992404250 bend    5    3    1
        0.2965236714521 bend    5    2    1
   8 k  0.2232871677554 bend    3    4    1      val=  -0.18784
        0.2203985223112 bend    2    4    1
       -0.4524124512235 bend    2    3    1
       -0.6784001568868 bend    5    4    1
        0.3402749820526 bend    5    3    1
        0.3476729350724 bend    5    2    1
   9 k -0.2934986673498 bend    3    4    1      val=   0.14600
        0.2969247496123 bend    2    4    1
       -0.0027742672614 bend    2    3    1
       -0.0034078548580 bend    5    4    1
        0.6443808241869 bend    5    3    1
       -0.6406623671781 bend    5    2    1
  10 k  1.0000000000000 stre    5    7           val=   2.06389
  11 k  1.0000000000000 stre    5    6           val=   2.06449
  12 k  0.0175219866243 bend    6    7    5      val=   0.30493
        0.4960072600488 bend    8    7    5
        0.5015342502605 bend    8    6    5
       -0.5012041830133 bend    1    7    5
       -0.5009266819698 bend    1    6    5
  13 k  0.0053339210957 bend    6    7    5      val=   0.18758
        0.4945855381175 bend    8    7    5
       -0.4915032046573 bend    8    6    5
        0.5056100753820 bend    1    7    5
       -0.5080745479303 bend    1    6    5
  14 k  0.9039981715602 bend    6    7    5      val=   1.57440
       -0.2256373588042 bend    8    7    5
       -0.2183768090028 bend    8    6    5
       -0.2062129525625 bend    1    7    5
       -0.2041148588736 bend    1    6    5
  15 k -0.0021210215540 bend    6    7    5      val=   0.22714
       -0.5072467903534 bend    8    7    5
        0.5064309938297 bend    8    6    5
        0.4952745206023 bend    1    7    5
       -0.4908431446751 bend    1    6    5
  16 k  1.0000000000000 stre    8   10           val=   2.06574
  17 k  1.0000000000000 stre    8    9           val=   2.06766
  18 k  0.0000555149422 bend    9   10    8      val=   0.00096
       -0.4981598759243 bend    5   10    8
       -0.5018410627536 bend    5    9    8
        0.4981510327942 bend   11   10    8
        0.5018344659324 bend   11    9    8
  19 k  0.0066805480601 bend    9   10    8      val=   0.29285
        0.5006608798136 bend    5   10    8
       -0.4993637378922 bend    5    9    8
        0.5006136901422 bend   11   10    8
       -0.4993153755117 bend   11    9    8
  20 k  0.9056221749199 bend    9   10    8      val=   2.22106
       -0.2147475899812 bend    5   10    8
       -0.2092486412649 bend    5    9    8
       -0.2148020788870 bend   11   10    8
       -0.2093012707206 bend   11    9    8
  21 k -0.0000011968532 bend    9   10    8      val=   0.00010
        0.5018142412777 bend    5   10    8
       -0.4981312102650 bend    5    9    8
       -0.5018612878211 bend   11   10    8
        0.4981796988998 bend   11    9    8
  22 k  1.0000000000000 stre   11   13           val=   2.06385
  23 k  1.0000000000000 stre   11   12           val=   2.06447
  24 k  0.0174130925608 bend   12   13   11      val=   0.30310
        0.4960252410869 bend    8   13   11
        0.5015323835643 bend    8   12   11
       -0.5012093036834 bend   14   13   11
       -0.5009094195059 bend   14   12   11
  25 k  0.0052636004575 bend   12   13   11      val=   0.18671
        0.4946458632677 bend    8   13   11
       -0.4915383731690 bend    8   12   11
        0.5055729000328 bend   14   13   11
       -0.5080195221812 bend   14   12   11
  26 k  0.9039899015417 bend   12   13   11      val=   1.57285
       -0.2255603218895 bend    8   13   11
       -0.2183713777652 bend    8   12   11
       -0.2062395785469 bend   14   13   11
       -0.2042155153592 bend   14   12   11
  27 k -0.0021200396289 bend   12   13   11      val=   0.22712
       -0.5071900865688 bend    8   13   11
        0.5063954301644 bend    8   12   11
        0.4953114680174 bend   14   13   11
       -0.4909011504136 bend   14   12   11
  28 k  1.0000000000000 tors   16   14   11    8 val=  59.75567
        1.0000000000000 tors   17   14   11    8
        1.0000000000000 tors   15   14   11    8
  29 k  1.0000000000000 stre   14   16           val=   2.05812
  30 k  1.0000000000000 stre   14   17           val=   2.05977
  31 k  1.0000000000000 stre   14   15           val=   2.06050
  32 k  0.4269226532120 bend   17   16   14      val=   1.45412
        0.4285853723213 bend   15   16   14
        0.4034117192788 bend   15   17   14
       -0.3929414427326 bend   11   16   14
       -0.3985996507054 bend   11   17   14
       -0.3975247823670 bend   11   15   14
  33 k -0.3278267925131 bend   17   16   14      val=   0.54319
       -0.3319358528605 bend   15   16   14
        0.6922726704120 bend   15   17   14
       -0.4538934586827 bend   11   16   14
        0.2217909666295 bend   11   17   14
        0.2188520705488 bend   11   15   14
  34 k -0.6442631446243 bend   17   16   14      val=   0.06185
        0.6408118169598 bend   15   16   14
        0.0021069231207 bend   15   17   14
       -0.0007304567828 bend   11   16   14
       -0.2938778679146 bend   11   17   14
        0.2965063941660 bend   11   15   14
  35 k  0.2232813576447 bend   17   16   14      val=  -0.18640
        0.2203556308088 bend   15   16   14
       -0.4523647393635 bend   15   17   14
       -0.6784272364256 bend   11   16   14
        0.3402696329053 bend   11   17   14
        0.3477183280735 bend   11   15   14
  36 k -0.2934743166649 bend   17   16   14      val=   0.14623
        0.2969101725821 bend   15   16   14
       -0.0027891288996 bend   15   17   14
       -0.0034388756834 bend   11   16   14
        0.6444094518303 bend   11   17   14
       -0.6406512531488 bend   11   15   14
  37 k  1.0000000000000 tors    1    5    8   11 val= 177.87650
  38 k  1.0000000000000 stre    5    1           val=   2.87798
  39 k  1.0000000000000 bend    8    1    5      val= 112.43635
  40 k  1.0000000000000 tors   14   11    8    5 val= 182.12211
  41 k  1.0000000000000 stre   11   14           val=   2.87800
  42 k  1.0000000000000 bend    8   14   11      val= 112.43309
  43 k  1.0000000000000 stre    8    5           val=   2.87656
  44 k  1.0000000000000 stre    8   11           val=   2.87657
  45 k  1.0000000000000 bend   11    5    8      val= 113.07578
        45 non zero eigenvalues  of BmBt
           1           5.445913461    1    0
         1
           2           4.813499402    2    0
         2
           3           4.335100784    3    0
         3
           4           3.960006887    4    0
         4
           5           3.801586154    5    0
         5
           6           3.607858676    6    0
         6
           7           3.450869638    7    0
         7
           8           3.156717472    8    0
         8
           9           3.027782663    9    0
         9
          10           2.854497212   10    0
        10
          11           2.452796027   11    0
        11
          12           2.423445638   12    0
        12
          13           2.297254917   13    0
        13
          14           2.163181168   14    0
        14
          15           1.441171776   15    0
        15
          16           0.883760896   16    0
        16
          17           0.879070091   17    0
        17
          18           0.792738457   18    0
        18
          19           0.771139713   19    0
        19
          20           0.769042411   20    0
        20
          21           0.759498620   21    0
        21
          22           0.730920561   22    0
        22
          23           0.700134660   23    0
        23
          24           0.691988757   24    0
        24
          25           0.691548309   25    0
        25
          26           0.675615363   26    0
        26
          27           0.506739980   27    0
        27
          28           0.464823015   28    0
        28
          29           0.428760234   29    0
        29
          30           0.403608670   30    0
        30
          31           0.355558321   31    0
        31
          32           0.339504483   32    0
        32
          33           0.310913581   33    0
        33
          34           0.287182444   34    0
        34
          35           0.280437600   35    0
        35
          36           0.268591987   36    0
        36
          37           0.245809087   37    0
        37
          38           0.183108357   38    0
        38
          39           0.170214581   39    0
        39
          40           0.158581446   40    0
        40
          41           0.072451663   41    0
        41
          42           0.061320008   42    0
        42
          43           0.037872270   43    0
        43
          44           0.033166287   44    0
        44
          45           0.016538676   45    0
        45
$user-defined bonds
$frag
 atom   1 fragment  1 symmetry  c1
 atom   2 fragment  1
 atom   3 fragment  1
 atom   4 fragment  1
 atom   5 fragment  2 symmetry  c1
 atom   6 fragment  2
 atom   7 fragment  2
 atom   8 fragment  2
 atom   9 fragment  2
 atom  10 fragment  2
 atom  11 fragment  2
 atom  12 fragment  2
 atom  13 fragment  2
 atom  14 fragment  2
 atom  15 fragment  2
 atom  16 fragment  2
 atom  17 fragment  2
   iteration     5
$end
