$coord
   -0.00000209193846      0.00000436639961      1.04960466454648  c
    4.41034877474016     -1.74563385976931      0.98858159565710  c
    3.35121391234619      2.42215451831484     -1.04428472242333  c
   -2.42377708197102      0.25494441304489     -0.45221210960660  c
   -3.35120492926635     -2.42215571924242     -1.04429476137797  c
   -4.41035701072939      1.74563190190021      0.98856425807481  c
    2.42377758040308     -0.25494295133840     -0.45220328391141  c
    3.74061857004481     -3.63703326855854      1.43646152026092  h
    6.13475821052663     -1.90258657219254     -0.12170643767641  h
    4.84522061407849     -0.79623519812159      2.75779389755949  h
    5.04719523883703      2.35386908849156     -2.20393163796876  h
    1.92874650188538      3.52224455944807     -2.04394912442241  h
    3.80384290747743      3.39393152743523      0.71252404180585  h
   -1.98292681790377      1.19573660629142     -2.22904351941459  h
   -3.80383780222322     -3.39393252105117      0.71251310540621  h
   -5.04718241117082     -2.35387525274277     -2.20394762315373  h
   -1.92873146695950     -3.52224319525801     -2.04395336601063  h
   -4.84523336041805      0.79623355295559      2.75777561166407  h
   -3.74063271828626      3.63703311081446      1.43644546962667  h
   -6.13476269861940      1.90257993939143     -0.12173027539002  h
    1.98293161074711     -1.19573553870266     -2.22903554335230  h
   -0.00000553160001      0.00001049249011      3.35002824010674  o
$user-defined bonds
$redundant
     number_of_atoms            22
     degrees_of_freedom         60
     internal_coordinates       60
     frozen_coordinates          0
# definitions of redundant internals
   1 k  0.4082482904639 tors  10    2    7    1 val=  59.70917
        0.4082482904639 tors  10    2    7    3
        0.4082482904639 tors   8    2    7    1
        0.4082482904639 tors   8    2    7    3
        0.4082482904639 tors   9    2    7    1
        0.4082482904639 tors   9    2    7    3
   2 k  1.0000000000000 stre   2   10           val=   2.05441
   3 k  1.0000000000000 stre   2    8           val=   2.05585
   4 k  1.0000000000000 stre   2    9           val=   2.05693
   5 k  0.3995294423738 bend   8   10    2      val=   0.89086
        0.4157628516747 bend   9   10    2
        0.4300969701236 bend   9    8    2
       -0.4056763707073 bend   7   10    2
       -0.4026968497294 bend   7    8    2
       -0.3947100221708 bend   7    9    2
   6 k  0.3793510390296 bend   8   10    2      val=   0.43575
        0.3370357173348 bend   9   10    2
       -0.6853347572281 bend   9    8    2
        0.4209919598564 bend   7   10    2
       -0.2042633358740 bend   7    8    2
       -0.2320737906716 bend   7    9    2
   7 k  0.6136611529899 bend   8   10    2      val=  -0.16827
       -0.6288080160339 bend   9   10    2
        0.0300517343890 bend   9    8    2
       -0.0201027949176 bend   7   10    2
        0.3393479413364 bend   7    8    2
       -0.3340003201947 bend   7    9    2
   8 k -0.2334740535068 bend   8   10    2      val=  -0.15558
       -0.1958244487305 bend   9   10    2
        0.4241323801788 bend   9    8    2
        0.6973119765400 bend   7   10    2
       -0.3108764670771 bend   7    8    2
       -0.3799555306795 bend   7    9    2
   9 k -0.3248586536261 bend   8   10    2      val=   0.73677
        0.3480429604188 bend   9   10    2
       -0.0208264693762 bend   9    8    2
       -0.0389685740524 bend   7   10    2
        0.6417586421884 bend   7    8    2
       -0.5996052922159 bend   7    9    2
  10 k  0.4082482904639 tors  11    3    7    1 val=  62.07266
        0.4082482904639 tors  11    3    7    2
        0.4082482904639 tors  12    3    7    1
        0.4082482904639 tors  12    3    7    2
        0.4082482904639 tors  13    3    7    1
        0.4082482904639 tors  13    3    7    2
  11 k  1.0000000000000 stre   3   11           val=   2.05567
  12 k  1.0000000000000 stre   3   12           val=   2.05741
  13 k  1.0000000000000 stre   3   13           val=   2.05806
  14 k  0.4284569353085 bend  12   11    3      val=   0.96355
        0.4020881838413 bend  13   11    3
        0.4169922028535 bend  13   12    3
       -0.4009144124136 bend   7   11    3
       -0.3988634637842 bend   7   12    3
       -0.4013014090902 bend   7   13    3
  15 k -0.6457735916537 bend  12   11    3      val=   0.80626
        0.5440274971190 bend  13   11    3
        0.1331920146606 bend  13   12    3
       -0.0787635768298 bend   7   11    3
       -0.3255811881411 bend   7   12    3
        0.3963125368007 bend   7   13    3
  16 k  0.2437532120203 bend  12   11    3      val=   0.22962
        0.4641613594512 bend  13   11    3
       -0.6991275085000 bend  13   12    3
        0.3902779422638 bend   7   11    3
       -0.2553587594014 bend   7   12    3
       -0.1372383425291 bend   7   13    3
  17 k -0.4183983463151 bend  12   11    3      val=   0.64893
        0.2266504963867 bend  13   11    3
        0.2015662742828 bend  13   12    3
        0.3385868247586 bend   7   11    3
        0.3552351116878 bend   7   12    3
       -0.7015058024594 bend   7   13    3
  18 k  0.0022264773642 bend  12   11    3      val=   0.53302
        0.3469884247127 bend  13   11    3
       -0.3437146066619 bend  13   12    3
       -0.6271015379581 bend   7   11    3
        0.6065686988923 bend   7   12    3
        0.0165051414986 bend   7   13    3
  19 k  1.0000000000000 stre   4   14           val=   2.05829
  20 k  0.4715647703254 bend   1   14    4      val=   2.21738
       -0.7984538315178 bend   6   14    4
        0.3742968692394 bend   5   14    4
  21 k -0.6750463753666 bend   1   14    4      val=   0.52548
       -0.0537474617909 bend   6   14    4
        0.7358149233710 bend   5   14    4
  22 k  0.4082482904639 tors  16    5    4    1 val=  62.07265
        0.4082482904639 tors  16    5    4    6
        0.4082482904639 tors  17    5    4    1
        0.4082482904639 tors  17    5    4    6
        0.4082482904639 tors  15    5    4    1
        0.4082482904639 tors  15    5    4    6
  23 k  1.0000000000000 stre   5   16           val=   2.05567
  24 k  1.0000000000000 stre   5   17           val=   2.05741
  25 k  1.0000000000000 stre   5   15           val=   2.05806
  26 k  0.4284574067161 bend  17   16    5      val=   0.96359
        0.4020869574800 bend  15   16    5
        0.4169933100312 bend  15   17    5
       -0.4009143922038 bend   4   16    5
       -0.3988631556615 bend   4   17    5
       -0.4013013105179 bend   4   15    5
  27 k -0.6457732705276 bend  17   16    5      val=   0.80629
        0.5440269216131 bend  15   16    5
        0.1331936572429 bend  15   17    5
       -0.0787642745170 bend   4   16    5
       -0.3255815532112 bend   4   17    5
        0.3963128594569 bend   4   15    5
  28 k  0.2437531904271 bend  17   16    5      val=   0.22968
        0.4641626850661 bend  15   16    5
       -0.6991265639426 bend  15   17    5
        0.3902775049407 bend   4   16    5
       -0.2553599855732 bend   4   17    5
       -0.1372376713737 bend   4   15    5
  29 k -0.4183984845177 bend  17   16    5      val=   0.64893
        0.2266511934309 bend  15   16    5
        0.2015659285382 bend  15   17    5
        0.3385867277590 bend   4   16    5
        0.3552348560748 bend   4   17    5
       -0.7015057704232 bend   4   15    5
  30 k  0.0022265461714 bend  17   16    5      val=   0.53301
        0.3469890224064 bend  15   16    5
       -0.3437145922932 bend  15   17    5
       -0.6271018390903 bend   4   16    5
        0.6065680518193 bend   4   17    5
        0.0165052048763 bend   4   15    5
  31 k  0.4082482904639 tors  18    6    4    1 val=  59.70915
        0.4082482904639 tors  18    6    4    5
        0.4082482904639 tors  19    6    4    1
        0.4082482904639 tors  19    6    4    5
        0.4082482904639 tors  20    6    4    1
        0.4082482904639 tors  20    6    4    5
  32 k  1.0000000000000 stre   6   18           val=   2.05441
  33 k  1.0000000000000 stre   6   19           val=   2.05585
  34 k  1.0000000000000 stre   6   20           val=   2.05693
  35 k  0.3995286873605 bend  19   18    6      val=   0.89088
        0.4157626990611 bend  20   18    6
        0.4300980530876 bend  20   19    6
       -0.4056766842648 bend   4   18    6
       -0.4026967397696 bend   4   19    6
       -0.3947095570144 bend   4   20    6
  36 k  0.3793593920722 bend  19   18    6      val=   0.43576
        0.3370282577488 bend  20   18    6
       -0.6853336165119 bend  20   19    6
        0.4209913941462 bend   4   18    6
       -0.2042590899680 bend   4   19    6
       -0.2320791016538 bend   4   20    6
  37 k  0.6136561295131 bend  19   18    6      val=  -0.16827
       -0.6288121572074 bend  20   18    6
        0.0300611149526 bend  20   19    6
       -0.0201081254327 bend   4   18    6
        0.3393505884386 bend   4   19    6
       -0.3339978988630 bend   4   20    6
  38 k -0.2334770613582 bend  19   18    6      val=  -0.15555
       -0.1958215170174 bend  20   18    6
        0.4241323741112 bend  20   19    6
        0.6973117214759 bend   4   18    6
       -0.3108713481764 bend   4   19    6
       -0.3799598564305 bend   4   20    6
  39 k -0.3248572850133 bend  19   18    6      val=   0.73678
        0.3480446167736 bend  20   18    6
       -0.0208293867880 bend  20   19    6
       -0.0389743064790 bend   4   18    6
        0.6417610729896 bend   4   19    6
       -0.5996019966481 bend   4   20    6
  40 k  1.0000000000000 stre   7   21           val=   2.05829
  41 k  0.4715663047674 bend   1   21    7      val=   2.21741
       -0.7984535243253 bend   2   21    7
        0.3742955913453 bend   3   21    7
  42 k -0.6750453229385 bend   1   21    7      val=   0.52550
       -0.0537489336224 bend   2   21    7
        0.7358157813701 bend   3   21    7
  43 k  1.0000000000000 stre   1   22           val=   2.30042
  44 k  0.7071067811865 bend   4   22    1      val=   0.00000
       -0.7071067811865 bend   7   22    1
  45 k  1.0000000000000 outp  22    7    4    1 val=   0.00001
  46 k  0.7071067811865 tors   2    7    1    4 val= 147.53193
        0.7071067811865 tors   3    7    1    4
  47 k  1.0000000000000 stre   7    2           val=   2.87132
  48 k  1.0000000000000 stre   7    3           val=   2.89440
  49 k -0.7351343515949 bend   3    2    7      val=   2.86887
        0.6696912605662 bend   1    2    7
        0.1053142945019 bend   1    3    7
  50 k  0.4254843902651 bend   3    2    7      val=  21.71468
        0.5767322958347 bend   1    2    7
       -0.6973828880765 bend   1    3    7
  51 k  0.5277693802655 bend   3    2    7      val= 109.66130
        0.4678605288572 bend   1    2    7
        0.7089189000102 bend   1    3    7
  52 k  0.7071067811865 tors   6    4    1    7 val= 147.53166
        0.7071067811865 tors   5    4    1    7
  53 k  1.0000000000000 stre   4    6           val=   2.87132
  54 k  1.0000000000000 stre   4    5           val=   2.89440
  55 k -0.7351231715586 bend   5    6    4      val=   2.86936
        0.6697068961906 bend   1    6    4
        0.1052929049478 bend   1    5    4
  56 k  0.4255024762568 bend   5    6    4      val=  21.71393
        0.5767104167903 bend   1    6    4
       -0.6973899467765 bend   1    5    4
  57 k  0.5277703717878 bend   5    6    4      val= 109.66132
        0.4678651176998 bend   1    6    4
        0.7089151333571 bend   1    5    4
  58 k  1.0000000000000 stre   1    4           val=   2.86271
  59 k  1.0000000000000 stre   1    7           val=   2.86271
  60 k  1.0000000000000 bend   7    4    1      val= 116.71584
        60 non zero eigenvalues  of BmBt
           1           5.353712001    1    0
         1
           2           4.724357244    2    0
         2
           3           4.495445376    3    0
         3
           4           4.453462932    4    0
         4
           5           3.717284557    5    0
         5
           6           3.621534795    6    0
         6
           7           3.433815670    7    0
         7
           8           3.340153876    8    0
         8
           9           3.288049268    9    0
         9
          10           3.271468683   10    0
        10
          11           3.213334540   11    0
        11
          12           3.184765136   12    0
        12
          13           3.144119647   13    0
        13
          14           3.057362147   14    0
        14
          15           2.963277739   15    0
        15
          16           2.321779946   16    0
        16
          17           2.255897275   17    0
        17
          18           2.208326925   18    0
        18
          19           1.915331790   19    0
        19
          20           1.364910401   20    0
        20
          21           1.222665381   21    0
        21
          22           0.887675926   22    0
        22
          23           0.882496176   23    0
        23
          24           0.876181613   24    0
        24
          25           0.864397232   25    0
        25
          26           0.718440244   26    0
        26
          27           0.712939243   27    0
        27
          28           0.710281117   28    0
        28
          29           0.707610817   29    0
        29
          30           0.701899784   30    0
        30
          31           0.701277877   31    0
        31
          32           0.697631589   32    0
        32
          33           0.697273534   33    0
        33
          34           0.643572790   34    0
        34
          35           0.558514196   35    0
        35
          36           0.558298194   36    0
        36
          37           0.530088086   37    0
        37
          38           0.521939292   38    0
        38
          39           0.459797772   39    0
        39
          40           0.409952909   40    0
        40
          41           0.387360047   41    0
        41
          42           0.378959516   42    0
        42
          43           0.354209360   43    0
        43
          44           0.344019247   44    0
        44
          45           0.332447807   45    0
        45
          46           0.313709385   46    0
        46
          47           0.282603243   47    0
        47
          48           0.279907702   48    0
        48
          49           0.271169582   49    0
        49
          50           0.243373920   50    0
        50
          51           0.233279338   51    0
        51
          52           0.104042605   52    0
        52
          53           0.079939790   53    0
        53
          54           0.072117155   54    0
        54
          55           0.069730480   55    0
        55
          56           0.054948121   56    0
        56
          57           0.030582474   57    0
        57
          58           0.020483858   58    0
        58
          59           0.018496951   59    0
        59
          60           0.013064708   60    0
        60
$end
