$coord
   -0.20018604395652     -7.87471962952174     -2.09254772389130      c
    0.14048088104348     -7.78855064752174      2.40059653310870      c
    1.20752687404348     -2.47808279952174      6.62432958410870      c
    0.38048851004348     -6.37138419552174      4.80489514010870      c
   -0.43160402295652     -6.54951224952174     -4.54962049289130      c
   -1.22658031795652     -2.72228674252174     -6.51743765489130      c
   -0.03156601095652    -11.49360138852174      0.22424240610870      c
    1.95946923504348      0.20465047947826      6.21240842410870      c
    4.31732221104348      0.74017558247826      5.08327056210870      c
    0.29504563404348      2.18507429047826      6.88434032310870      c
   -1.95586029495652     -0.01922565152174     -6.21154765789130      c
   -0.27677210995652      1.91863032247826     -6.96582757489130      c
   -4.30915689895652      0.58110257947826     -5.10539053789130      c
    5.05336241804348      3.34022783747826      4.68510068810870      c
   -5.02577333995652      3.20106924847826     -4.81811512089130      c
    1.05924492804348      4.77693320747826      6.48480600510870      c
   -1.02176169395652      4.53059988447826     -6.67688094889130      c
   -0.03204464895652     -6.47630691152174      0.12819202810870      c
   -3.37852768295652      5.09837873747826     -5.63582047589130      c
    3.41979448804348      5.28253776147826      5.42038007010870      c
   -0.90650469095652     -3.81776636752174     -8.90981542689130      c
    0.87956774404348     -3.47807056952174      9.05696306310870      c
   -6.03177815995652     -1.30074758452174     -4.22509557789130      c
    6.02647310104348     -1.19023914152174      4.28514102410870      c
    2.20139975604348      1.40987731747826     -7.89054036489130      c
   -2.18657799195652      1.73429082147826      7.82943670110870      c
    0.06252407104348     -7.52664553652174      7.15917791310870      c
   -0.12262301495652     -7.79697437352174     -6.85758807489130      c
   -7.37731692195652      3.80103816147826     -3.65444222489130      c
    7.40953242704348      3.87269519547826      3.49808695310870      c
    0.71116378804348      6.47359495047826     -7.36886378689130      c
   -0.65946218495652      6.76025040347826      7.09305436810870      c
    0.30013977504348     -6.03371593552174      9.31290023810870      c
   -0.34821139395652     -6.38598708952174     -9.06716632989130      c
   -8.27391542595652     -0.64638513952174     -3.09874550989130      c
    8.27388125404348     -0.60099858352174      3.13375964610870      c
    3.82390490304348      3.33956271547826     -8.51760554589130      c
   -8.95648947395652      1.93031696047826     -2.79979377389130      c
   -3.79490143195652      3.70072318147826      8.37336760310870      c
    8.97558501404348      1.95564499647826      2.72601582910870      c
   -3.02420884895652      6.24525058047826      8.01874391910870      c
    3.07161725404348      5.90234954347826     -8.27221528589130      c
   -0.96623820895652     -4.06816981952174     -4.38705349489130      n
    0.93463579004348     -3.90248213352174      4.54701095010870      n
    0.10554206104348    -10.33600375952174      2.46911959610870      n
   -0.16571396895652    -10.42291322152174     -2.06350295689130      n
   -5.52888816595652     -3.27555082152174     -4.41711072689130      h
   -0.03511093195652     -4.43927831052174      0.08728608610870      h
    2.83236465904348     -0.53545466552174     -8.03468801489130      h
    5.50935320804348     -3.15139415652174      4.56123834910870      h
   -2.83183999895652     -0.19847334852174      8.05601913410870      h
   -9.52895646995652     -2.10940058152174     -2.39820890789130      h
   -3.92715037495652      7.06644069847826     -5.40605536589130      h
    3.98257508904348      7.23493034947826      5.10669473710870      h
   -0.35721702095652     -9.53005090352174      7.25230480410870      h
    0.28148120204348     -9.80567179452174     -6.87338030889130      h
   -1.12559083195652     -2.67141720452174    -10.59669493889130      h
  -10.72589692595652      2.41303542747826     -1.87962821189130      h
    1.10912984704348     -2.26969257652174     10.69853495310870      h
    7.92573691704348      5.83551597247826      3.18331780810870      h
   -7.87967443695652      5.77922830147826     -3.42525111989130      h
   -0.05921974895652      8.69924847647826      6.77637008410870      h
    0.12561350504348      8.42869880147826     -7.13412105589130      h
   -0.03362509395652    -13.54968985452174      0.26382633410870      h
    9.51807017904348     -2.10170030252174      2.49641205710870      h
   -5.69172448295652      3.30384551947826      9.04846421110870      h
    5.71802144404348      2.90061961047826     -9.17403300389130      h
   10.75009737004348      2.38566125047826      1.78965967610870      h
   -4.33369591495652      7.76892151147826      8.42994063910870      h
    4.39168669804348      7.39749361147826     -8.74903425789130      h
   -0.10685690295652     -7.27991647952174    -10.89910091889130      h
    0.05173234804348     -6.85454176452174     11.17779718710870      h
$user-defined bonds
$redundant
     number_of_atoms            92
     degrees_of_freedom        270
     internal_coordinates      270
     frozen_coordinates          0
# definitions of redundant internals
   1 k  1.0000000000000 stre   85   81           val=   2.20121
   2 k  1.0000000000000 linc   85   80   81   84 val=  -0.55871
   3 k  1.0000000000000 linp   85   80   81   84 val=   0.50795
   4 k  1.0000000000000 stre   88   82           val=   2.20119
   5 k  1.0000000000000 linc   88   79   82   83 val=  -0.58275
   6 k  1.0000000000000 linp   88   79   82   83 val=   0.45289
   7 k  1.0000000000000 stre   86   83           val=   2.20175
   8 k  1.0000000000000 linc   86   79   83   82 val=  -1.03303
   9 k  1.0000000000000 linp   86   79   83   82 val=   0.22965
  10 k  1.0000000000000 stre   87   84           val=   2.20176
  11 k  1.0000000000000 linc   87   80   84   81 val=  -1.02843
  12 k  1.0000000000000 linp   87   80   84   81 val=   0.30422
  13 k  1.0000000000000 stre   23   47           val=   2.04686
  14 k  0.7071131726195 bend   35   47   23      val=   0.37379
       -0.7071003896958 bend   13   47   23
  15 k  1.0000000000000 outp   47   13   35   23 val=   1.22912
  16 k  1.0000000000000 stre   25   49           val=   2.05017
  17 k  0.7071207943330 bend   37   49   25      val=   0.30161
       -0.7070927677624 bend   12   49   25
  18 k  1.0000000000000 outp   49   12   37   25 val=  -1.93474
  19 k  1.0000000000000 stre   24   50           val=   2.04689
  20 k  0.7071129411218 bend   36   50   24      val=   0.36871
       -0.7071006211977 bend    9   50   24
  21 k  1.0000000000000 outp   50    9   36   24 val=   1.20725
  22 k  1.0000000000000 stre   26   51           val=   2.05019
  23 k  0.7071208945017 bend   39   51   26      val=   0.29997
       -0.7070926675897 bend   10   51   26
  24 k  1.0000000000000 outp   51   10   39   26 val=  -1.94322
  25 k  1.0000000000000 stre   35   52           val=   2.05093
  26 k  0.7071095010134 bend   23   52   35      val=   0.19839
       -0.7071040613492 bend   38   52   35
  27 k  1.0000000000000 outp   52   38   23   35 val=  -0.90286
  28 k  1.0000000000000 stre   19   53           val=   2.05598
  29 k  0.7071074372521 bend   17   53   19      val=   0.06791
       -0.7071061251204 bend   15   53   19
  30 k  1.0000000000000 outp   53   15   17   19 val=   1.51046
  31 k  1.0000000000000 stre   20   54           val=   2.05596
  32 k  0.7071074215311 bend   16   54   20      val=   0.06846
       -0.7071061408415 bend   14   54   20
  33 k  1.0000000000000 outp   54   14   16   20 val=   1.49528
  34 k  1.0000000000000 stre   27   55           val=   2.04902
  35 k  0.7071067867769 bend   33   55   27      val=   1.44641
       -0.7071067755961 bend    4   55   27
  36 k  1.0000000000000 outp   55    4   33   27 val=  -0.03800
  37 k  1.0000000000000 stre   28   56           val=   2.04900
  38 k  0.7071067895435 bend   34   56   28      val=   1.44919
       -0.7071067728296 bend    5   56   28
  39 k  1.0000000000000 outp   56    5   34   28 val=  -0.04643
  40 k  1.0000000000000 stre   21   57           val=   2.05126
  41 k  0.7071084446356 bend   34   57   21      val=   0.67412
       -0.7071051177336 bend    6   57   21
  42 k  1.0000000000000 outp   57    6   34   21 val=  -0.86792
  43 k  1.0000000000000 stre   38   58           val=   2.05196
  44 k  0.7071073503026 bend   29   58   38      val=   0.25900
       -0.7071062120701 bend   35   58   38
  45 k  1.0000000000000 outp   58   35   29   38 val=   0.40267
  46 k  1.0000000000000 stre   22   59           val=   2.05125
  47 k  0.7071084632365 bend   33   59   22      val=   0.67363
       -0.7071050991326 bend    3   59   22
  48 k  1.0000000000000 outp   59    3   33   22 val=  -0.87434
  49 k  1.0000000000000 stre   30   60           val=   2.05383
  50 k  0.7071127137398 bend   40   60   30      val=   1.06924
       -0.7071008485835 bend   14   60   30
  51 k  1.0000000000000 outp   60   14   40   30 val=  -1.02170
  52 k  1.0000000000000 stre   29   61           val=   2.05381
  53 k  0.7071124669023 bend   38   61   29      val=   1.07019
       -0.7071010954251 bend   15   61   29
  54 k  1.0000000000000 outp   61   15   38   29 val=  -1.00019
  55 k  1.0000000000000 stre   32   62           val=   2.05434
  56 k  0.7071110357513 bend   41   62   32      val=   1.17380
       -0.7071025265962 bend   16   62   32
  57 k  1.0000000000000 outp   62   16   41   32 val=   0.83798
  58 k  1.0000000000000 stre   31   63           val=   2.05436
  59 k  0.7071111760306 bend   42   63   31      val=   1.17160
       -0.7071023863152 bend   17   63   31
  60 k  1.0000000000000 outp   63   17   42   31 val=   0.85217
  61 k  1.0000000000000 stre    7   64           val=   2.05647
  62 k  0.7071067811878 bend   46   64    7      val=   0.00120
       -0.7071067811853 bend   45   64    7
  63 k  1.0000000000000 outp   64   45   46    7 val=  -0.01865
  64 k  1.0000000000000 stre   36   65           val=   2.05093
  65 k  0.7071096335230 bend   24   65   36      val=   0.19872
       -0.7071039288386 bend   40   65   36
  66 k  1.0000000000000 outp   65   40   24   36 val=  -0.92388
  67 k  1.0000000000000 stre   39   66           val=   2.05212
  68 k  0.7071098639426 bend   26   66   39      val=   0.07164
       -0.7071036984170 bend   41   66   39
  69 k  1.0000000000000 outp   66   41   26   39 val=   1.03647
  70 k  1.0000000000000 stre   37   67           val=   2.05213
  71 k  0.7071099812707 bend   25   67   37      val=   0.07470
       -0.7071035810879 bend   42   67   37
  72 k  1.0000000000000 outp   67   42   25   37 val=   1.05500
  73 k  1.0000000000000 stre   40   68           val=   2.05197
  74 k  0.7071072323566 bend   30   68   40      val=   0.26105
       -0.7071063300162 bend   36   68   40
  75 k  1.0000000000000 outp   68   36   30   40 val=   0.35813
  76 k  1.0000000000000 stre   41   69           val=   2.05071
  77 k  0.7071166698779 bend   32   69   41      val=   0.39393
       -0.7070968923569 bend   39   69   41
  78 k  1.0000000000000 outp   69   39   32   41 val=  -1.59266
  79 k  1.0000000000000 stre   42   70           val=   2.05071
  80 k  0.7071165658126 bend   31   70   42      val=   0.39591
       -0.7070969964251 bend   37   70   42
  81 k  1.0000000000000 outp   70   37   31   42 val=  -1.58362
  82 k  1.0000000000000 stre   34   71           val=   2.05264
  83 k  0.7071068311976 bend   28   71   34      val=   0.09111
       -0.7071067311755 bend   21   71   34
  84 k  1.0000000000000 outp   71   21   28   34 val=  -0.43025
  85 k  1.0000000000000 stre   33   72           val=   2.05263
  86 k  0.7071068313783 bend   27   72   33      val=   0.09064
       -0.7071067309948 bend   22   72   33
  87 k  1.0000000000000 outp   72   22   27   33 val=  -0.42920
  88 k  1.0000000000000 tors   84   80   73   76 val=  92.47861
        1.0000000000000 tors   84   80   73   78
        1.0000000000000 tors   81   80   73   76
        1.0000000000000 tors   81   80   73   78
  89 k  1.0000000000000 stre   80   84           val=   2.67915
  90 k  1.0000000000000 stre   80   81           val=   2.68111
  91 k -0.0019592315434 bend   81   84   80      val=  -0.03696
        0.7080844472581 bend   73   84   80
       -0.7061250434327 bend   73   81   80
  92 k -0.8164939583369 bend   81   84   80      val=   2.18289
        0.4065505928523 bend   73   84   80
        0.4099441808964 bend   73   81   80
  93 k  1.0000000000000 outp   81   84   73   80 val=  -0.28177
  94 k  1.0000000000000 tors   83   79   74   75 val=  92.12946
        1.0000000000000 tors   83   79   74   77
        1.0000000000000 tors   82   79   74   75
        1.0000000000000 tors   82   79   74   77
  95 k  1.0000000000000 stre   79   83           val=   2.67939
  96 k  1.0000000000000 stre   79   82           val=   2.68114
  97 k -0.0019202955991 bend   82   83   79      val=  -0.03066
        0.7080650871950 bend   74   83   79
       -0.7061445636414 bend   74   82   79
  98 k -0.8164940179228 bend   82   83   79      val=   2.17547
        0.4065843754020 bend   74   83   79
        0.4099105565550 bend   74   82   79
  99 k  1.0000000000000 outp   82   83   74   79 val=  -0.29870
 100 k  1.0000000000000 stre   77   90           val=   2.05092
 101 k  0.7071162525227 bend   78   90   77      val=   0.98173
       -0.7070973097236 bend   74   90   77
 102 k  1.0000000000000 outp   90   74   78   77 val=   1.16976
 103 k  1.0000000000000 stre   78   91           val=   2.05094
 104 k  0.7071174582844 bend   77   91   78      val=   0.98292
       -0.7070961039275 bend   73   91   78
 105 k  1.0000000000000 outp   91   73   77   78 val=   1.24222
 106 k  1.0000000000000 stre   74   79           val=   2.64571
 107 k -0.7071067767847 bend   75   79   74      val=   0.34522
        0.7071067855884 bend   77   79   74
 108 k  1.0000000000000 outp   79   77   75   74 val=   0.07987
 109 k  1.0000000000000 stre   73   80           val=   2.64582
 110 k -0.7071067740321 bend   76   80   73      val=   0.33195
        0.7071067883410 bend   78   80   73
 111 k  1.0000000000000 outp   80   78   76   73 val=   0.10443
 112 k  1.0000000000000 stre    9   24           val=   2.69902
 113 k  1.0000000000000 stre   24   36           val=   2.59302
 114 k  1.0000000000000 stre   36   40           val=   2.68236
 115 k  1.0000000000000 stre   40   30           val=   2.59301
 116 k  1.0000000000000 stre   30   14           val=   2.69148
 117 k -0.5000000000000 bend   14   24    9      val=  -0.01294
       -0.5000000000000 bend    9   36   24
        1.0000000000000 bend   24   40   36
       -0.5000000000000 bend   36   30   40
       -0.5000000000000 bend   40   14   30
        1.0000000000000 bend   30    9   14
 118 k  0.8660254037844 bend   14   24    9      val=  -1.03736
       -0.8660254037844 bend    9   36   24
        0.8660254037844 bend   36   30   40
       -0.8660254037844 bend   40   14   30
 119 k -1.0000000000000 bend   14   24    9      val=   0.17178
        1.0000000000000 bend    9   36   24
       -1.0000000000000 bend   24   40   36
        1.0000000000000 bend   36   30   40
       -1.0000000000000 bend   40   14   30
        1.0000000000000 bend   30    9   14
 120 k -0.5000000000000 tors    9   24   36   40 val=  -0.75739
       -0.5000000000000 tors   24   36   40   30
        1.0000000000000 tors   36   40   30   14
       -0.5000000000000 tors   40   30   14    9
       -0.5000000000000 tors   30   14    9   24
        1.0000000000000 tors   14    9   24   36
 121 k  0.8660254037844 tors    9   24   36   40 val=  -0.08436
       -0.8660254037844 tors   24   36   40   30
        0.8660254037844 tors   40   30   14    9
       -0.8660254037844 tors   30   14    9   24
 122 k -1.0000000000000 tors    9   24   36   40 val=  -0.20984
        1.0000000000000 tors   24   36   40   30
       -1.0000000000000 tors   36   40   30   14
        1.0000000000000 tors   40   30   14    9
       -1.0000000000000 tors   30   14    9   24
        1.0000000000000 tors   14    9   24   36
 123 k  1.0000000000000 tors   20   14    9   30 val= 179.06124
        1.0000000000000 tors    8   14    9   24
 124 k  1.0000000000000 stre   13   23           val=   2.69883
 125 k  1.0000000000000 stre   23   35           val=   2.59307
 126 k  1.0000000000000 stre   35   38           val=   2.68229
 127 k  1.0000000000000 stre   38   29           val=   2.59303
 128 k  1.0000000000000 stre   29   15           val=   2.69144
 129 k -0.5000000000000 bend   15   23   13      val=  -0.01128
       -0.5000000000000 bend   13   35   23
        1.0000000000000 bend   23   38   35
       -0.5000000000000 bend   35   29   38
       -0.5000000000000 bend   38   15   29
        1.0000000000000 bend   29   13   15
 130 k  0.8660254037844 bend   15   23   13      val=  -1.03896
       -0.8660254037844 bend   13   35   23
        0.8660254037844 bend   35   29   38
       -0.8660254037844 bend   38   15   29
 131 k -1.0000000000000 bend   15   23   13      val=   0.17057
        1.0000000000000 bend   13   35   23
       -1.0000000000000 bend   23   38   35
        1.0000000000000 bend   35   29   38
       -1.0000000000000 bend   38   15   29
        1.0000000000000 bend   29   13   15
 132 k -0.5000000000000 tors   13   23   35   38 val=  -0.77715
       -0.5000000000000 tors   23   35   38   29
        1.0000000000000 tors   35   38   29   15
       -0.5000000000000 tors   38   29   15   13
       -0.5000000000000 tors   29   15   13   23
        1.0000000000000 tors   15   13   23   35
 133 k  0.8660254037844 tors   13   23   35   38 val=  -0.07775
       -0.8660254037844 tors   23   35   38   29
        0.8660254037844 tors   38   29   15   13
       -0.8660254037844 tors   29   15   13   23
 134 k -1.0000000000000 tors   13   23   35   38 val=  -0.19025
        1.0000000000000 tors   23   35   38   29
       -1.0000000000000 tors   35   38   29   15
        1.0000000000000 tors   38   29   15   13
       -1.0000000000000 tors   29   15   13   23
        1.0000000000000 tors   15   13   23   35
 135 k  1.0000000000000 tors   19   15   13   29 val= 179.06212
        1.0000000000000 tors   11   15   13   23
 136 k  1.0000000000000 stre   10   26           val=   2.69349
 137 k  1.0000000000000 stre   26   39           val=   2.59796
 138 k  1.0000000000000 stre   39   41           val=   2.68223
 139 k  1.0000000000000 stre   41   32           val=   2.59117
 140 k  1.0000000000000 stre   32   16           val=   2.69397
 141 k -0.5000000000000 bend   16   26   10      val=  -0.00709
       -0.5000000000000 bend   10   39   26
        1.0000000000000 bend   26   41   39
       -0.5000000000000 bend   39   32   41
       -0.5000000000000 bend   41   16   32
        1.0000000000000 bend   32   10   16
 142 k  0.8660254037844 bend   16   26   10      val=  -1.11984
       -0.8660254037844 bend   10   39   26
        0.8660254037844 bend   39   32   41
       -0.8660254037844 bend   41   16   32
 143 k -1.0000000000000 bend   16   26   10      val=   0.05450
        1.0000000000000 bend   10   39   26
       -1.0000000000000 bend   26   41   39
        1.0000000000000 bend   39   32   41
       -1.0000000000000 bend   41   16   32
        1.0000000000000 bend   32   10   16
 144 k -0.5000000000000 tors   10   26   39   41 val=  -0.38817
       -0.5000000000000 tors   26   39   41   32
        1.0000000000000 tors   39   41   32   16
       -0.5000000000000 tors   41   32   16   10
       -0.5000000000000 tors   32   16   10   26
        1.0000000000000 tors   16   10   26   39
 145 k  0.8660254037844 tors   10   26   39   41 val=  -0.77830
       -0.8660254037844 tors   26   39   41   32
        0.8660254037844 tors   41   32   16   10
       -0.8660254037844 tors   32   16   10   26
 146 k -1.0000000000000 tors   10   26   39   41 val=  -0.23409
        1.0000000000000 tors   26   39   41   32
       -1.0000000000000 tors   39   41   32   16
        1.0000000000000 tors   41   32   16   10
       -1.0000000000000 tors   32   16   10   26
        1.0000000000000 tors   16   10   26   39
 147 k  1.0000000000000 tors   20   16   10   32 val= 182.86610
        1.0000000000000 tors    8   16   10   26
 148 k  1.0000000000000 stre   12   25           val=   2.69356
 149 k  1.0000000000000 stre   25   37           val=   2.59796
 150 k  1.0000000000000 stre   37   42           val=   2.68217
 151 k  1.0000000000000 stre   42   31           val=   2.59116
 152 k  1.0000000000000 stre   31   17           val=   2.69390
 153 k -0.5000000000000 bend   17   25   12      val=  -0.00703
       -0.5000000000000 bend   12   37   25
        1.0000000000000 bend   25   42   37
       -0.5000000000000 bend   37   31   42
       -0.5000000000000 bend   42   17   31
        1.0000000000000 bend   31   12   17
 154 k  0.8660254037844 bend   17   25   12      val=  -1.11903
       -0.8660254037844 bend   12   37   25
        0.8660254037844 bend   37   31   42
       -0.8660254037844 bend   42   17   31
 155 k -1.0000000000000 bend   17   25   12      val=   0.05622
        1.0000000000000 bend   12   37   25
       -1.0000000000000 bend   25   42   37
        1.0000000000000 bend   37   31   42
       -1.0000000000000 bend   42   17   31
        1.0000000000000 bend   31   12   17
 156 k -0.5000000000000 tors   12   25   37   42 val=  -0.40399
       -0.5000000000000 tors   25   37   42   31
        1.0000000000000 tors   37   42   31   17
       -0.5000000000000 tors   42   31   17   12
       -0.5000000000000 tors   31   17   12   25
        1.0000000000000 tors   17   12   25   37
 157 k  0.8660254037844 tors   12   25   37   42 val=  -0.78791
       -0.8660254037844 tors   25   37   42   31
        0.8660254037844 tors   42   31   17   12
       -0.8660254037844 tors   31   17   12   25
 158 k -1.0000000000000 tors   12   25   37   42 val=  -0.22370
        1.0000000000000 tors   25   37   42   31
       -1.0000000000000 tors   37   42   31   17
        1.0000000000000 tors   42   31   17   12
       -1.0000000000000 tors   31   17   12   25
        1.0000000000000 tors   17   12   25   37
 159 k  1.0000000000000 tors   19   17   12   31 val= 182.84320
        1.0000000000000 tors   11   17   12   25
 160 k  1.0000000000000 stre   75   74           val=   2.70742
 161 k  1.0000000000000 stre   74   77           val=   2.71402
 162 k  1.0000000000000 stre   77   78           val=   2.57064
 163 k  1.0000000000000 stre   78   73           val=   2.71388
 164 k  1.0000000000000 stre   73   76           val=   2.70735
 165 k -0.5000000000000 bend   76   74   75      val=   0.62117
       -0.5000000000000 bend   75   77   74
        1.0000000000000 bend   74   78   77
       -0.5000000000000 bend   77   73   78
       -0.5000000000000 bend   78   76   73
        1.0000000000000 bend   73   75   76
 166 k  0.8660254037844 bend   76   74   75      val=   1.25075
       -0.8660254037844 bend   75   77   74
        0.8660254037844 bend   77   73   78
       -0.8660254037844 bend   78   76   73
 167 k -1.0000000000000 bend   76   74   75      val=   0.00095
        1.0000000000000 bend   75   77   74
       -1.0000000000000 bend   74   78   77
        1.0000000000000 bend   77   73   78
       -1.0000000000000 bend   78   76   73
        1.0000000000000 bend   73   75   76
 168 k -0.5000000000000 tors   75   74   77   78 val=  -0.82844
       -0.5000000000000 tors   74   77   78   73
        1.0000000000000 tors   77   78   73   76
       -0.5000000000000 tors   78   73   76   75
       -0.5000000000000 tors   73   76   75   74
        1.0000000000000 tors   76   75   74   77
 169 k  0.8660254037844 tors   75   74   77   78 val=  -1.45104
       -0.8660254037844 tors   74   77   78   73
        0.8660254037844 tors   78   73   76   75
       -0.8660254037844 tors   73   76   75   74
 170 k -1.0000000000000 tors   75   74   77   78 val=   0.20862
        1.0000000000000 tors   74   77   78   73
       -1.0000000000000 tors   77   78   73   76
        1.0000000000000 tors   78   73   76   75
       -1.0000000000000 tors   73   76   75   74
        1.0000000000000 tors   76   75   74   77
 171 k  1.0000000000000 tors   92   76   75   73 val= 179.83668
        1.0000000000000 tors   89   76   75   74
 172 k  1.0000000000000 stre    8    9           val=   2.66856
 173 k  1.0000000000000 stre    9   14           val=   2.73140
 174 k  1.0000000000000 stre   14   20           val=   2.64230
 175 k  1.0000000000000 stre   20   16           val=   2.63834
 176 k  1.0000000000000 stre   16   10           val=   2.73155
 177 k  1.0000000000000 stre   10    8           val=   2.67280
 178 k -0.5000000000000 bend    8   14    9      val=   0.81571
       -0.5000000000000 bend    9   20   14
        1.0000000000000 bend   14   16   20
       -0.5000000000000 bend   20   10   16
       -0.5000000000000 bend   16    8   10
        1.0000000000000 bend   10    9    8
 179 k  0.8660254037844 bend    8   14    9      val=  -0.04401
       -0.8660254037844 bend    9   20   14
        0.8660254037844 bend   20   10   16
       -0.8660254037844 bend   16    8   10
 180 k -1.0000000000000 bend    8   14    9      val=  -0.17627
        1.0000000000000 bend    9   20   14
       -1.0000000000000 bend   14   16   20
        1.0000000000000 bend   20   10   16
       -1.0000000000000 bend   16    8   10
        1.0000000000000 bend   10    9    8
 181 k -0.5000000000000 tors    9   14   20   16 val=   0.18690
       -0.5000000000000 tors   14   20   16   10
        1.0000000000000 tors   20   16   10    8
       -0.5000000000000 tors   16   10    8    9
       -0.5000000000000 tors   10    8    9   14
        1.0000000000000 tors    8    9   14   20
 182 k  0.8660254037844 tors    9   14   20   16 val=  -1.62105
       -0.8660254037844 tors   14   20   16   10
        0.8660254037844 tors   16   10    8    9
       -0.8660254037844 tors   10    8    9   14
 183 k -1.0000000000000 tors    9   14   20   16 val=  -0.32367
        1.0000000000000 tors   14   20   16   10
       -1.0000000000000 tors   20   16   10    8
        1.0000000000000 tors   16   10    8    9
       -1.0000000000000 tors   10    8    9   14
        1.0000000000000 tors    8    9   14   20
 184 k  1.0000000000000 tors    9    8    3   22 val=  25.30896
        1.0000000000000 tors    9    8    3   44
        1.0000000000000 tors   10    8    3   22
        1.0000000000000 tors   10    8    3   44
 185 k  0.7071300574355 bend    3    9    8      val=  -0.45190
       -0.7070835041713 bend    3   10    8
 186 k  1.0000000000000 outp   10    9    3    8 val=   1.48112
 187 k  1.0000000000000 stre   11   13           val=   2.66870
 188 k  1.0000000000000 stre   13   15           val=   2.73135
 189 k  1.0000000000000 stre   15   19           val=   2.64232
 190 k  1.0000000000000 stre   19   17           val=   2.63828
 191 k  1.0000000000000 stre   17   12           val=   2.73146
 192 k  1.0000000000000 stre   12   11           val=   2.67274
 193 k -0.5000000000000 bend   11   15   13      val=   0.81316
       -0.5000000000000 bend   13   19   15
        1.0000000000000 bend   15   17   19
       -0.5000000000000 bend   19   12   17
       -0.5000000000000 bend   17   11   12
        1.0000000000000 bend   12   13   11
 194 k  0.8660254037844 bend   11   15   13      val=  -0.04727
       -0.8660254037844 bend   13   19   15
        0.8660254037844 bend   19   12   17
       -0.8660254037844 bend   17   11   12
 195 k -1.0000000000000 bend   11   15   13      val=  -0.17464
        1.0000000000000 bend   13   19   15
       -1.0000000000000 bend   15   17   19
        1.0000000000000 bend   19   12   17
       -1.0000000000000 bend   17   11   12
        1.0000000000000 bend   12   13   11
 196 k -0.5000000000000 tors   13   15   19   17 val=   0.18879
       -0.5000000000000 tors   15   19   17   12
        1.0000000000000 tors   19   17   12   11
       -0.5000000000000 tors   17   12   11   13
       -0.5000000000000 tors   12   11   13   15
        1.0000000000000 tors   11   13   15   19
 197 k  0.8660254037844 tors   13   15   19   17 val=  -1.66703
       -0.8660254037844 tors   15   19   17   12
        0.8660254037844 tors   17   12   11   13
       -0.8660254037844 tors   12   11   13   15
 198 k -1.0000000000000 tors   13   15   19   17 val=  -0.32925
        1.0000000000000 tors   15   19   17   12
       -1.0000000000000 tors   19   17   12   11
        1.0000000000000 tors   17   12   11   13
       -1.0000000000000 tors   12   11   13   15
        1.0000000000000 tors   11   13   15   19
 199 k  1.0000000000000 tors   13   11    6   21 val=  25.40624
        1.0000000000000 tors   13   11    6   43
        1.0000000000000 tors   12   11    6   21
        1.0000000000000 tors   12   11    6   43
 200 k  0.7071276834401 bend    6   13   11      val=  -0.43485
       -0.7070858783151 bend    6   12   11
 201 k  1.0000000000000 outp   12   13    6   11 val=   1.34955
 202 k  1.0000000000000 stre   48   89           val=   3.26778
 203 k  1.0000000000000 stre   89   75           val=   2.04853
 204 k  1.0000000000000 stre   75   76           val=   2.56740
 205 k  1.0000000000000 stre   76   92           val=   2.04841
 206 k  1.0000000000000 stre   92   48           val=   3.26807
 207 k -0.8090169943749 bend   48   75   89      val=  -1.36265
        0.3090169943749 bend   89   76   75
        0.3090169943749 bend   75   92   76
       -0.8090169943749 bend   76   48   92
        1.0000000000000 bend   92   89   48
 208 k  0.5877852522925 bend   48   75   89      val=  -0.00900
       -0.9510565162952 bend   89   76   75
        0.9510565162952 bend   75   92   76
       -0.5877852522925 bend   76   48   92
 209 k -0.8090169943749 tors   75   76   92   48 val=  -0.09657
        0.3090169943749 tors   76   92   48   89
        0.3090169943749 tors   92   48   89   75
       -0.8090169943749 tors   48   89   75   76
        1.0000000000000 tors   89   75   76   92
 210 k  0.5877852522925 tors   75   76   92   48 val=   1.16660
       -0.9510565162952 tors   76   92   48   89
        0.9510565162952 tors   92   48   89   75
       -0.5877852522925 tors   48   89   75   76
 211 k  1.0000000000000 tors   89   48   18    1 val=  20.34763
        1.0000000000000 tors   89   48   18    2
        1.0000000000000 tors   92   48   18    1
        1.0000000000000 tors   92   48   18    2
 212 k  0.7071279370947 bend   18   89   48      val=   0.37476
       -0.7070856246454 bend   18   92   48
 213 k  1.0000000000000 outp   89   18   92   48 val=   1.50328
 214 k  1.0000000000000 stre    3    8           val=   2.81641
 215 k -0.7070999042020 bend   44    8    3      val=   2.69892
        0.7071136581043 bend   22    8    3
 216 k  1.0000000000000 outp    8   22   44    3 val=   1.70751
 217 k  1.0000000000000 stre    6   11           val=   2.81637
 218 k -0.7071003525951 bend   43   11    6      val=   2.65016
        0.7071132097195 bend   21   11    6
 219 k  1.0000000000000 outp   11   21   43    6 val=   1.70746
 220 k  1.0000000000000 stre   18   48           val=   2.03744
 221 k -0.7071067811700 bend    1   48   18      val=   0.05804
        0.7071067812031 bend    2   48   18
 222 k  1.0000000000000 outp   48    2    1   18 val=   0.01083
 223 k  1.0000000000000 stre    4   44           val=   2.54343
 224 k  1.0000000000000 stre   44    3           val=   2.53350
 225 k  1.0000000000000 stre    3   22           val=   2.65052
 226 k  1.0000000000000 stre   22   33           val=   2.63298
 227 k  1.0000000000000 stre   33   27           val=   2.63132
 228 k  1.0000000000000 stre   27    4           val=   2.64166
 229 k -0.5000000000000 bend    4    3   44      val=   0.60855
       -0.5000000000000 bend   44   22    3
        1.0000000000000 bend    3   33   22
       -0.5000000000000 bend   22   27   33
       -0.5000000000000 bend   33    4   27
        1.0000000000000 bend   27   44    4
 230 k  0.8660254037844 bend    4    3   44      val=  -0.34564
       -0.8660254037844 bend   44   22    3
        0.8660254037844 bend   22   27   33
       -0.8660254037844 bend   33    4   27
 231 k -1.0000000000000 bend    4    3   44      val=   1.32819
        1.0000000000000 bend   44   22    3
       -1.0000000000000 bend    3   33   22
        1.0000000000000 bend   22   27   33
       -1.0000000000000 bend   33    4   27
        1.0000000000000 bend   27   44    4
 232 k -0.5000000000000 tors   44    3   22   33 val=  -0.89086
       -0.5000000000000 tors    3   22   33   27
        1.0000000000000 tors   22   33   27    4
       -0.5000000000000 tors   33   27    4   44
       -0.5000000000000 tors   27    4   44    3
        1.0000000000000 tors    4   44    3   22
 233 k  0.8660254037844 tors   44    3   22   33 val=   0.44301
       -0.8660254037844 tors    3   22   33   27
        0.8660254037844 tors   33   27    4   44
       -0.8660254037844 tors   27    4   44    3
 234 k -1.0000000000000 tors   44    3   22   33 val=  -0.15583
        1.0000000000000 tors    3   22   33   27
       -1.0000000000000 tors   22   33   27    4
        1.0000000000000 tors   33   27    4   44
       -1.0000000000000 tors   27    4   44    3
        1.0000000000000 tors    4   44    3   22
 235 k  1.0000000000000 tors   44    4    2   18 val=  76.83513
        1.0000000000000 tors   44    4    2   45
        1.0000000000000 tors   27    4    2   18
        1.0000000000000 tors   27    4    2   45
 236 k -0.7071052178411 bend    2   44    4      val=   3.61367
        0.7071083445285 bend    2   27    4
 237 k  1.0000000000000 outp   27   44    2    4 val=  -0.20452
 238 k  1.0000000000000 stre    5   43           val=   2.54349
 239 k  1.0000000000000 stre   43    6           val=   2.53332
 240 k  1.0000000000000 stre    6   21           val=   2.65066
 241 k  1.0000000000000 stre   21   34           val=   2.63291
 242 k  1.0000000000000 stre   34   28           val=   2.63135
 243 k  1.0000000000000 stre   28    5           val=   2.64166
 244 k -0.5000000000000 bend    5    6   43      val=   0.60985
       -0.5000000000000 bend   43   21    6
        1.0000000000000 bend    6   34   21
       -0.5000000000000 bend   21   28   34
       -0.5000000000000 bend   34    5   28
        1.0000000000000 bend   28   43    5
 245 k  0.8660254037844 bend    5    6   43      val=  -0.34205
       -0.8660254037844 bend   43   21    6
        0.8660254037844 bend   21   28   34
       -0.8660254037844 bend   34    5   28
 246 k -1.0000000000000 bend    5    6   43      val=   1.32762
        1.0000000000000 bend   43   21    6
       -1.0000000000000 bend    6   34   21
        1.0000000000000 bend   21   28   34
       -1.0000000000000 bend   34    5   28
        1.0000000000000 bend   28   43    5
 247 k -0.5000000000000 tors   43    6   21   34 val=  -0.86972
       -0.5000000000000 tors    6   21   34   28
        1.0000000000000 tors   21   34   28    5
       -0.5000000000000 tors   34   28    5   43
       -0.5000000000000 tors   28    5   43    6
        1.0000000000000 tors    5   43    6   21
 248 k  0.8660254037844 tors   43    6   21   34 val=   0.45230
       -0.8660254037844 tors    6   21   34   28
        0.8660254037844 tors   34   28    5   43
       -0.8660254037844 tors   28    5   43    6
 249 k -1.0000000000000 tors   43    6   21   34 val=  -0.14850
        1.0000000000000 tors    6   21   34   28
       -1.0000000000000 tors   21   34   28    5
        1.0000000000000 tors   34   28    5   43
       -1.0000000000000 tors   28    5   43    6
        1.0000000000000 tors    5   43    6   21
 250 k  1.0000000000000 tors   43    5    1   18 val=  77.26585
        1.0000000000000 tors   43    5    1   46
        1.0000000000000 tors   28    5    1   18
        1.0000000000000 tors   28    5    1   46
 251 k -0.7071059133634 bend    1   43    5      val=   3.60721
        0.7071076490087 bend    1   28    5
 252 k  1.0000000000000 outp   28   43    1    5 val=  -0.15173
 253 k  1.0000000000000 stre    2    4           val=   2.80118
 254 k  0.7071069544927 bend   45    4    2      val=  -0.36354
       -0.7071066078803 bend   18    4    2
 255 k  1.0000000000000 outp    4   18   45    2 val=  -0.25599
 256 k  1.0000000000000 stre    1    5           val=   2.80124
 257 k  0.7071068779587 bend   46    5    1      val=  -0.33876
       -0.7071066844143 bend   18    5    1
 258 k  1.0000000000000 outp    5   18   46    1 val=  -0.18878
 259 k  1.0000000000000 stre    1   46           val=   2.54859
 260 k  1.0000000000000 stre   46    7           val=   2.52946
 261 k  1.0000000000000 stre    7   45           val=   2.52949
 262 k  1.0000000000000 stre   45    2           val=   2.54861
 263 k  1.0000000000000 stre    2   18           val=   2.62975
 264 k  1.0000000000000 stre   18    1           val=   2.62974
 265 k -0.5000000000000 bend    1    7   46      val=  -1.06235
       -0.5000000000000 bend   46   45    7
        1.0000000000000 bend    7    2   45
       -0.5000000000000 bend   45   18    2
       -0.5000000000000 bend    2    1   18
        1.0000000000000 bend   18   46    1
 266 k  0.8660254037844 bend    1    7   46      val=  -2.12993
       -0.8660254037844 bend   46   45    7
        0.8660254037844 bend   45   18    2
       -0.8660254037844 bend    2    1   18
 267 k -1.0000000000000 bend    1    7   46      val=   3.52024
        1.0000000000000 bend   46   45    7
       -1.0000000000000 bend    7    2   45
        1.0000000000000 bend   45   18    2
       -1.0000000000000 bend    2    1   18
        1.0000000000000 bend   18   46    1
 268 k -0.5000000000000 tors   46    7   45    2 val=  -0.75195
       -0.5000000000000 tors    7   45    2   18
        1.0000000000000 tors   45    2   18    1
       -0.5000000000000 tors    2   18    1   46
       -0.5000000000000 tors   18    1   46    7
        1.0000000000000 tors    1   46    7   45
 269 k  0.8660254037844 tors   46    7   45    2 val=  -1.31026
       -0.8660254037844 tors    7   45    2   18
        0.8660254037844 tors    2   18    1   46
       -0.8660254037844 tors   18    1   46    7
 270 k -1.0000000000000 tors   46    7   45    2 val=   0.02012
        1.0000000000000 tors    7   45    2   18
       -1.0000000000000 tors   45    2   18    1
        1.0000000000000 tors    2   18    1   46
       -1.0000000000000 tors   18    1   46    7
        1.0000000000000 tors    1   46    7   45
       270 non zero eigenvalues  of BmBt
           1          12.074928258    1    0
         1
           2          12.074732024    2    0
         2
           3          11.037140133    3    0
         3
           4          10.713834037    4    0
         4
           5          10.457610092    5    0
         5
           6          10.414089029    6    0
         6
           7          10.409294897    7    0
         7
           8          10.170019304    8    0
         8
           9           7.546355481    9    0
         9
          10           7.546241279   10    0
        10
          11           6.759105635   11    0
        11
          12           6.241192436   12    0
        12
          13           6.240418318   13    0
        13
          14           5.823107990   14    0
        14
          15           5.550574928   15    0
        15
          16           5.349853673   16    0
        16
          17           5.249628678   17    0
        17
          18           5.215591134   18    0
        18
          19           5.188401724   19    0
        19
          20           4.893772470   20    0
        20
          21           4.870665062   21    0
        21
          22           4.835433630   22    0
        22
          23           4.790913722   23    0
        23
          24           4.692783904   24    0
        24
          25           4.685415772   25    0
        25
          26           4.476430260   26    0
        26
          27           4.448222926   27    0
        27
          28           4.405588877   28    0
        28
          29           4.405030701   29    0
        29
          30           4.344418837   30    0
        30
          31           4.315562881   31    0
        31
          32           4.279622118   32    0
        32
          33           4.243130209   33    0
        33
          34           4.234262159   34    0
        34
          35           4.201527986   35    0
        35
          36           4.184604484   36    0
        36
          37           4.149224494   37    0
        37
          38           4.129823549   38    0
        38
          39           4.129754355   39    0
        39
          40           4.049073044   40    0
        40
          41           3.939715472   41    0
        41
          42           3.936754539   42    0
        42
          43           3.857246854   43    0
        43
          44           3.824300976   44    0
        44
          45           3.795738318   45    0
        45
          46           3.795563541   46    0
        46
          47           3.792672264   47    0
        47
          48           3.755413425   48    0
        48
          49           3.684547837   49    0
        49
          50           3.684473974   50    0
        50
          51           3.663436633   51    0
        51
          52           3.617785749   52    0
        52
          53           3.575668206   53    0
        53
          54           3.529769110   54    0
        54
          55           3.505125734   55    0
        55
          56           3.497925903   56    0
        56
          57           3.476157264   57    0
        57
          58           3.463803380   58    0
        58
          59           3.395199310   59    0
        59
          60           3.335965635   60    0
        60
          61           3.315582063   61    0
        61
          62           3.305141926   62    0
        62
          63           3.239911436   63    0
        63
          64           3.225875232   64    0
        64
          65           3.208566337   65    0
        65
          66           3.186223877   66    0
        66
          67           3.167286153   67    0
        67
          68           3.162959899   68    0
        68
          69           3.156254455   69    0
        69
          70           3.155809457   70    0
        70
          71           3.147575559   71    0
        71
          72           3.108502175   72    0
        72
          73           3.099330433   73    0
        73
          74           3.056556132   74    0
        74
          75           2.998974259   75    0
        75
          76           2.977728399   76    0
        76
          77           2.892048226   77    0
        77
          78           2.890988883   78    0
        78
          79           2.853816119   79    0
        79
          80           2.749432025   80    0
        80
          81           2.726973194   81    0
        81
          82           2.725499582   82    0
        82
          83           2.703823677   83    0
        83
          84           2.649486126   84    0
        84
          85           2.643981394   85    0
        85
          86           2.528843715   86    0
        86
          87           2.464117030   87    0
        87
          88           2.463374145   88    0
        88
          89           2.377393452   89    0
        89
          90           2.344196464   90    0
        90
          91           2.257997990   91    0
        91
          92           2.256158755   92    0
        92
          93           2.194395892   93    0
        93
          94           2.192524231   94    0
        94
          95           2.171558688   95    0
        95
          96           2.161660843   96    0
        96
          97           2.138566211   97    0
        97
          98           2.138150002   98    0
        98
          99           2.092546665   99    0
        99
         100           2.081933038  100    0
       100
         101           2.078480641  101    0
       101
         102           1.944041796  102    0
       102
         103           1.867031293  103    0
       103
         104           1.863367377  104    0
       104
         105           1.863205201  105    0
       105
         106           1.847339828  106    0
       106
         107           1.820455722  107    0
       107
         108           1.779047383  108    0
       108
         109           1.763378654  109    0
       109
         110           1.761213819  110    0
       110
         111           1.756901203  111    0
       111
         112           1.756474272  112    0
       112
         113           1.723932100  113    0
       113
         114           1.723883726  114    0
       114
         115           1.718364285  115    0
       115
         116           1.718335597  116    0
       116
         117           1.689591141  117    0
       117
         118           1.689566491  118    0
       118
         119           1.595462475  119    0
       119
         120           1.482369378  120    0
       120
         121           1.470738461  121    0
       121
         122           1.409466860  122    0
       122
         123           1.359740728  123    0
       123
         124           1.351319662  124    0
       124
         125           1.298368851  125    0
       125
         126           1.271448400  126    0
       126
         127           1.251778833  127    0
       127
         128           1.205246941  128    0
       128
         129           1.203229747  129    0
       129
         130           1.184465282  130    0
       130
         131           1.167803281  131    0
       131
         132           1.164245994  132    0
       132
         133           1.145001145  133    0
       133
         134           1.143591454  134    0
       134
         135           1.125915019  135    0
       135
         136           1.123177823  136    0
       136
         137           1.076969838  137    0
       137
         138           1.046203590  138    0
       138
         139           1.032579272  139    0
       139
         140           1.020344076  140    0
       140
         141           1.016504249  141    0
       141
         142           1.004704275  142    0
       142
         143           0.961011388  143    0
       143
         144           0.947295171  144    0
       144
         145           0.901810228  145    0
       145
         146           0.865991962  146    0
       146
         147           0.854437188  147    0
       147
         148           0.854183089  148    0
       148
         149           0.838629683  149    0
       149
         150           0.833522892  150    0
       150
         151           0.820029865  151    0
       151
         152           0.778018843  152    0
       152
         153           0.751084618  153    0
       153
         154           0.742302024  154    0
       154
         155           0.739151103  155    0
       155
         156           0.699905862  156    0
       156
         157           0.683131340  157    0
       157
         158           0.664080296  158    0
       158
         159           0.622265377  159    0
       159
         160           0.614261064  160    0
       160
         161           0.604307842  161    0
       161
         162           0.597584541  162    0
       162
         163           0.597111537  163    0
       163
         164           0.575770514  164    0
       164
         165           0.558417388  165    0
       165
         166           0.553311877  166    0
       166
         167           0.501225877  167    0
       167
         168           0.483836805  168    0
       168
         169           0.441839385  169    0
       169
         170           0.429914489  170    0
       170
         171           0.429006509  171    0
       171
         172           0.427361357  172    0
       172
         173           0.425692926  173    0
       173
         174           0.414353809  174    0
       174
         175           0.412379998  175    0
       175
         176           0.382911862  176    0
       176
         177           0.382903705  177    0
       177
         178           0.382720122  178    0
       178
         179           0.382710509  179    0
       179
         180           0.369570271  180    0
       180
         181           0.368719649  181    0
       181
         182           0.357209755  182    0
       182
         183           0.355778703  183    0
       183
         184           0.351143607  184    0
       184
         185           0.340273553  185    0
       185
         186           0.333265038  186    0
       186
         187           0.333227345  187    0
       187
         188           0.330390700  188    0
       188
         189           0.328363594  189    0
       189
         190           0.328349247  190    0
       190
         191           0.321477686  191    0
       191
         192           0.318274817  192    0
       192
         193           0.317920935  193    0
       193
         194           0.312602824  194    0
       194
         195           0.310889309  195    0
       195
         196           0.310540574  196    0
       196
         197           0.307489974  197    0
       197
         198           0.305785470  198    0
       198
         199           0.291797557  199    0
       199
         200           0.291558430  200    0
       200
         201           0.275986669  201    0
       201
         202           0.275967503  202    0
       202
         203           0.268225989  203    0
       203
         204           0.263161478  204    0
       204
         205           0.263026647  205    0
       205
         206           0.248300125  206    0
       206
         207           0.240103250  207    0
       207
         208           0.237604097  208    0
       208
         209           0.213406391  209    0
       209
         210           0.205995385  210    0
       210
         211           0.201769123  211    0
       211
         212           0.185061087  212    0
       212
         213           0.185024867  213    0
       213
         214           0.182629521  214    0
       214
         215           0.177311579  215    0
       215
         216           0.172050355  216    0
       216
         217           0.155251306  217    0
       217
         218           0.145361086  218    0
       218
         219           0.137067162  219    0
       219
         220           0.135914599  220    0
       220
         221           0.135913802  221    0
       221
         222           0.135664548  222    0
       222
         223           0.127593346  223    0
       223
         224           0.118033067  224    0
       224
         225           0.113339889  225    0
       225
         226           0.107096630  226    0
       226
         227           0.106623967  227    0
       227
         228           0.097529296  228    0
       228
         229           0.091219953  229    0
       229
         230           0.090293104  230    0
       230
         231           0.084691363  231    0
       231
         232           0.083670389  232    0
       232
         233           0.082191462  233    0
       233
         234           0.073904962  234    0
       234
         235           0.073529928  235    0
       235
         236           0.070247282  236    0
       236
         237           0.065957010  237    0
       237
         238           0.060636173  238    0
       238
         239           0.060528957  239    0
       239
         240           0.058811518  240    0
       240
         241           0.056041378  241    0
       241
         242           0.053475823  242    0
       242
         243           0.045342248  243    0
       243
         244           0.044427693  244    0
       244
         245           0.044304911  245    0
       245
         246           0.042091861  246    0
       246
         247           0.040869167  247    0
       247
         248           0.038460368  248    0
       248
         249           0.029201966  249    0
       249
         250           0.025564130  250    0
       250
         251           0.024488756  251    0
       251
         252           0.021700188  252    0
       252
         253           0.016421560  253    0
       253
         254           0.014025512  254    0
       254
         255           0.012358206  255    0
       255
         256           0.010935319  256    0
       256
         257           0.009319815  257    0
       257
         258           0.007268102  258    0
       258
         259           0.006788435  259    0
       259
         260           0.005435215  260    0
       260
         261           0.004477579  261    0
       261
         262           0.003122254  262    0
       262
         263           0.002850192  263    0
       263
         264           0.001960239  264    0
       264
         265           0.001525291  265    0
       265
         266           0.000692063  266    0
       266
         267           0.000415758  267    0
       267
         268           0.000239027  268    0
       268
         269           0.000226422  269    0
       269
         270           0.000185921  270    0
       270
$frag
 atom   1 fragment 1 symmetry c1
 atom   2 fragment 1
 atom   3 fragment 1
 atom   4 fragment 1
 atom   5 fragment 1
 atom   6 fragment 1
 atom   7 fragment 1
 atom   8 fragment 1
 atom   9 fragment 1
 atom  10 fragment 1
 atom  11 fragment 1
 atom  12 fragment 1
 atom  13 fragment 1
 atom  14 fragment 1
 atom  15 fragment 1
 atom  16 fragment 1
 atom  17 fragment 1
 atom  18 fragment 1
 atom  19 fragment 1
 atom  20 fragment 1
 atom  21 fragment 1
 atom  22 fragment 1
 atom  23 fragment 1
 atom  24 fragment 1
 atom  25 fragment 1
 atom  26 fragment 1
 atom  27 fragment 1
 atom  28 fragment 1
 atom  29 fragment 1
 atom  30 fragment 1
 atom  31 fragment 1
 atom  32 fragment 1
 atom  33 fragment 1
 atom  34 fragment 1
 atom  35 fragment 1
 atom  36 fragment 1
 atom  37 fragment 1
 atom  38 fragment 1
 atom  39 fragment 1
 atom  40 fragment 1
 atom  41 fragment 1
 atom  42 fragment 1
 atom  43 fragment 1
 atom  44 fragment 1
 atom  45 fragment 1
 atom  46 fragment 1
 atom  47 fragment 1
 atom  48 fragment 1
 atom  49 fragment 1
 atom  50 fragment 1
 atom  51 fragment 1
 atom  52 fragment 1
 atom  53 fragment 1
 atom  54 fragment 1
 atom  55 fragment 1
 atom  56 fragment 1
 atom  57 fragment 1
 atom  58 fragment 1
 atom  59 fragment 1
 atom  60 fragment 1
 atom  61 fragment 1
 atom  62 fragment 1
 atom  63 fragment 1
 atom  64 fragment 1
 atom  65 fragment 1
 atom  66 fragment 1
 atom  67 fragment 1
 atom  68 fragment 1
 atom  69 fragment 1
 atom  70 fragment 1
 atom  71 fragment 1
 atom  72 fragment 1
   iteration   4
$end
