$coord
   -2.69796237129881      0.29092743507318     -0.73417533490716  c
   -4.74858669112127     -1.34628664784995     -0.70433870558585  c
   -4.42915766853077     -4.00048184283601     -0.72862954966579  c
   -2.02900832402256     -5.06420487220056     -0.77542417245016  c
    0.05013195711315     -3.42056380579960     -0.81095229453783  c
   -0.24391688193281     -0.75939453950465     -0.78400933230460  c
    2.61598334862878     -3.92922284840614     -0.86359419817978  n
    2.25287798186944      0.33769389385923     -0.86644225265567  c
    3.92085442816248     -1.66202394901296     -0.92779845538087  c
   -7.21757820443775     -0.50255268496030     -0.64682775265712  o
    3.40096145150415     -5.66050469657495     -1.03667586812860  h
    2.93013274348438      3.09960968825319     -0.85708887624904  c
    2.97946099741789      4.26755881522257      1.79697497440835  c
    0.43836912355639      4.18856134120146      2.94453164438183  n
   -2.96334707061453      2.33372888257247     -0.67465648502656  h
   -6.10959860996504     -5.18589282059720     -0.70106583314686  h
   -1.78793248305886     -7.10916659657925     -0.79113859601150  h
    5.96918846162857     -1.64566886415262     -1.02783819977818  h
   -7.17352793936539      1.33475653268953     -0.61746621476068  h
    4.80680489238858      3.34398447994455     -1.72181513518707  h
    1.57180941582771      4.16078809067105     -2.02186533453855  h
    3.54206630301946      6.26362923008471      1.64660343746435  h
    4.43128067459933      3.28566569835885      2.93492802273282  h
    0.51408232644574      5.03970724901920      4.67985400329428  h
   -0.02338786129830      2.33935283152396      3.28891050887046  h
$user-defined bonds
$redundant
     number_of_atoms            25
     degrees_of_freedom         69
     internal_coordinates       69
     frozen_coordinates          0
# definitions of redundant internals
   1 k  1.0000000000000 stre   7   11           val=   1.90879
   2 k -0.7071061557985 bend   9   11    7      val=   0.10243
        0.7071074065740 bend   5   11    7
   3 k  1.0000000000000 outp  11    5    9    7 val=   5.41886
   4 k  1.0000000000000 stre   1   15           val=   2.06083
   5 k  0.7071087057825 bend   2   15    1      val=   0.28761
       -0.7071048565853 bend   6   15    1
   6 k  1.0000000000000 outp  15    6    2    1 val=  -1.25303
   7 k  1.0000000000000 stre   3   16           val=   2.05666
   8 k  0.7071067921626 bend   4   16    3      val=   1.28993
       -0.7071067702105 bend   2   16    3
   9 k  1.0000000000000 outp  16    2    4    3 val=  -0.24168
  10 k  1.0000000000000 stre   4   17           val=   2.05918
  11 k -0.7071067802598 bend   3   17    4      val=   0.48233
        0.7071067821133 bend   5   17    4
  12 k  1.0000000000000 outp  17    5    3    4 val=  -0.20115
  13 k  1.0000000000000 stre   9   18           val=   2.05084
  14 k  0.7071093969753 bend   8   18    9      val=   4.49106
       -0.7071041653881 bend   7   18    9
  15 k  1.0000000000000 outp  18    7    8    9 val=   0.39740
  16 k  0.7071067811865 tors  19   10    2    1 val=  89.43947
        0.7071067811865 tors  19   10    2    3
  17 k  1.0000000000000 stre  10   19           val=   1.83807
  18 k  1.0000000000000 bend   2   19   10      val= 107.50798
  19 k  1.0000000000000 stre  12   20           val=   2.08071
  20 k  1.0000000000000 stre  12   21           val=   2.08035
  21 k  0.0367235029164 bend  21   20   12      val=   0.72818
       -0.5006341365835 bend   8   20   12
       -0.5057756041950 bend   8   21   12
        0.4949255599217 bend  13   20   12
        0.4972490059902 bend  13   21   12
  22 k  0.0081627138685 bend  21   20   12      val=   0.29019
        0.5234400373582 bend   8   20   12
       -0.5213252464847 bend   8   21   12
        0.4757098163059 bend  13   20   12
       -0.4773510819519 bend  13   21   12
  23 k  0.9068996395734 bend  21   20   12      val=   3.32218
       -0.1961979111586 bend   8   20   12
       -0.1872142316305 bend   8   21   12
       -0.2308176507732 bend  13   20   12
       -0.2251965074445 bend  13   21   12
  24 k -0.0008820169167 bend  21   20   12      val=   0.20478
       -0.4779005704567 bend   8   20   12
        0.4751718652794 bend   8   21   12
        0.5247450679265 bend  13   20   12
       -0.5200620914246 bend  13   21   12
  25 k  1.0000000000000 stre  13   22           val=   2.07929
  26 k  1.0000000000000 stre  13   23           val=   2.08970
  27 k  0.0636623807418 bend  23   22   13      val=   1.01539
       -0.4741546288853 bend  14   22   13
       -0.5361866455236 bend  14   23   13
        0.4981208494464 bend  12   22   13
        0.4852875330089 bend  12   23   13
  28 k  0.0262186895791 bend  23   22   13      val=   1.35762
        0.5606697410117 bend  14   22   13
       -0.5074488780209 bend  14   23   13
        0.4480177717821 bend  12   22   13
       -0.4761698585519 bend  12   23   13
  29 k  0.8981148713710 bend  23   22   13      val=   0.96016
       -0.2102218716202 bend  14   22   13
       -0.1619781957957 bend  14   23   13
       -0.2423233131916 bend  12   22   13
       -0.2534539770557 bend  12   23   13
  30 k -0.0196901716800 bend  23   22   13      val=   2.57187
       -0.4629178622690 bend  14   22   13
        0.4605002564501 bend  14   23   13
        0.5570944845143 bend  12   22   13
       -0.5127422345239 bend  12   23   13
  31 k  0.7071067811865 tors  24   14   13   12 val= 124.95068
        0.7071067811865 tors  25   14   13   12
  32 k  1.0000000000000 stre  14   24           val=   1.93430
  33 k  1.0000000000000 stre  14   25           val=   1.93685
  34 k  0.8558039798420 bend  25   24   14      val=   6.90944
       -0.3637933287437 bend  13   24   14
       -0.3677688976084 bend  13   25   14
  35 k  0.0916380500446 bend  25   24   14      val=  21.55155
       -0.5930797723235 bend  13   24   14
        0.7999117772884 bend  13   25   14
  36 k  0.5091188622223 bend  25   24   14      val= 107.74519
        0.7182693071698 bend  13   24   14
        0.4742227182529 bend  13   25   14
  37 k  1.0000000000000 stre   2   10           val=   2.60981
  38 k  0.7071071433810 bend   1   10    2      val=   3.40043
       -0.7071064189919 bend   3   10    2
  39 k  1.0000000000000 outp  10    3    1    2 val=   0.05664
  40 k  1.0000000000000 tors  14   13   12    8 val= -63.58499
  41 k  1.0000000000000 stre  13   14           val=   2.78931
  42 k  1.0000000000000 bend  12   14   13      val= 110.46329
  43 k  0.7071067811865 tors  13   12    8    6 val= 173.10286
        0.7071067811865 tors  13   12    8    9
  44 k  1.0000000000000 stre  12   13           val=   2.90010
  45 k  1.0000000000000 bend   8   13   12      val= 113.46557
  46 k  1.0000000000000 stre   8   12           val=   2.84375
  47 k  0.7071081073340 bend   9   12    8      val=  -0.54315
       -0.7071054550366 bend   6   12    8
  48 k  1.0000000000000 outp  12    6    9    8 val=   0.52442
  49 k  1.0000000000000 stre   5    4           val=   2.65059
  50 k  1.0000000000000 stre   4    3           val=   2.62572
  51 k  1.0000000000000 stre   3    2           val=   2.67346
  52 k  1.0000000000000 stre   2    1           val=   2.62420
  53 k  1.0000000000000 stre   1    6           val=   2.66983
  54 k -0.2886751345948 bend   6    4    5      val=   0.09396
       -0.2886751345948 bend   5    3    4
        0.5773502691896 bend   4    2    3
       -0.2886751345948 bend   3    1    2
       -0.2886751345948 bend   2    6    1
        0.5773502691896 bend   1    5    6
  55 k  0.5000000000000 bend   6    4    5      val=   1.93228
       -0.5000000000000 bend   5    3    4
        0.5000000000000 bend   3    1    2
       -0.5000000000000 bend   2    6    1
  56 k -0.4082482904639 bend   6    4    5      val=  -0.33658
        0.4082482904639 bend   5    3    4
       -0.4082482904639 bend   4    2    3
        0.4082482904639 bend   3    1    2
       -0.4082482904639 bend   2    6    1
        0.4082482904639 bend   1    5    6
  57 k -0.2886751345948 tors   5    4    3    2 val=   0.09733
       -0.2886751345948 tors   4    3    2    1
        0.5773502691896 tors   3    2    1    6
       -0.2886751345948 tors   2    1    6    5
       -0.2886751345948 tors   1    6    5    4
        0.5773502691896 tors   6    5    4    3
  58 k  0.5000000000000 tors   5    4    3    2 val=   0.01223
       -0.5000000000000 tors   4    3    2    1
        0.5000000000000 tors   2    1    6    5
       -0.5000000000000 tors   1    6    5    4
  59 k -0.4082482904639 tors   5    4    3    2 val=   0.28089
        0.4082482904639 tors   4    3    2    1
       -0.4082482904639 tors   3    2    1    6
        0.4082482904639 tors   2    1    6    5
       -0.4082482904639 tors   1    6    5    4
        0.4082482904639 tors   6    5    4    3
  60 k  1.0000000000000 stre   5    7           val=   2.61631
  61 k  1.0000000000000 stre   7    9           val=   2.61668
  62 k  1.0000000000000 stre   9    8           val=   2.60476
  63 k  1.0000000000000 stre   8    6           val=   2.72844
  64 k -0.5116672736017 bend   6    7    5      val=   0.67359
        0.1954395075848 bend   5    9    7
        0.1954395075849 bend   7    8    9
       -0.5116672736017 bend   9    6    8
        0.6324555320337 bend   8    5    6
  65 k  0.3717480344602 bend   6    7    5      val=   0.71844
       -0.6015009550075 bend   5    9    7
        0.6015009550075 bend   7    8    9
       -0.3717480344602 bend   9    6    8
  66 k -0.5116672736017 tors   7    9    8    6 val=   0.92434
        0.1954395075848 tors   9    8    6    5
        0.1954395075849 tors   8    6    5    7
       -0.5116672736017 tors   6    5    7    9
        0.6324555320337 tors   5    7    9    8
  67 k  0.3717480344602 tors   7    9    8    6 val=   0.51746
       -0.6015009550075 tors   9    8    6    5
        0.6015009550075 tors   8    6    5    7
       -0.3717480344602 tors   6    5    7    9
  68 k  0.7071067811865 tors   1    6    5    8 val= 179.57346
        0.7071067811865 tors   4    6    5    7
  69 k  1.0000000000000 stre   5    6           val=   2.67750
        69 non zero eigenvalues  of BmBt
           1          10.440979263    1    0
         1
           2           6.322905023    2    0
         2
           3           5.699554538    3    0
         3
           4           5.135185642    4    0
         4
           5           4.928383677    5    0
         5
           6           4.614184986    6    0
         6
           7           4.268348269    7    0
         7
           8           4.122327615    8    0
         8
           9           3.887661706    9    0
         9
          10           3.872466447   10    0
        10
          11           3.785473083   11    0
        11
          12           3.548235020   12    0
        12
          13           3.519885511   13    0
        13
          14           3.232374450   14    0
        14
          15           3.182820274   15    0
        15
          16           3.109299177   16    0
        16
          17           2.941435013   17    0
        17
          18           2.792964445   18    0
        18
          19           2.574449556   19    0
        19
          20           2.384574625   20    0
        20
          21           2.300252772   21    0
        21
          22           2.242867240   22    0
        22
          23           2.108888509   23    0
        23
          24           2.047553613   24    0
        24
          25           1.990377323   25    0
        25
          26           1.950270269   26    0
        26
          27           1.867385571   27    0
        27
          28           1.754907452   28    0
        28
          29           1.448554977   29    0
        29
          30           1.429598717   30    0
        30
          31           1.335504148   31    0
        31
          32           1.287118247   32    0
        32
          33           1.032818087   33    0
        33
          34           1.006465757   34    0
        34
          35           0.864590624   35    0
        35
          36           0.794446760   36    0
        36
          37           0.783565545   37    0
        37
          38           0.747368159   38    0
        38
          39           0.737111492   39    0
        39
          40           0.656279438   40    0
        40
          41           0.588722023   41    0
        41
          42           0.524193344   42    0
        42
          43           0.503770597   43    0
        43
          44           0.416563057   44    0
        44
          45           0.399176074   45    0
        45
          46           0.381930496   46    0
        46
          47           0.365761252   47    0
        47
          48           0.360782559   48    0
        48
          49           0.348146920   49    0
        49
          50           0.329596649   50    0
        50
          51           0.274637395   51    0
        51
          52           0.268858938   52    0
        52
          53           0.255212589   53    0
        53
          54           0.244616304   54    0
        54
          55           0.208767851   55    0
        55
          56           0.198096328   56    0
        56
          57           0.179295691   57    0
        57
          58           0.138826163   58    0
        58
          59           0.120902201   59    0
        59
          60           0.101708855   60    0
        60
          61           0.088991930   61    0
        61
          62           0.086574219   62    0
        62
          63           0.084042644   63    0
        63
          64           0.053315888   64    0
        64
          65           0.047588027   65    0
        65
          66           0.031745781   66    0
        66
          67           0.015944997   67    0
        67
          68           0.010959605   68    0
        68
          69           0.006411646   69    0
        69
$end
