$dipgrad
   1.09743447909850       8.634982929725001E-002  1.101533000369415E-005
 -9.219498820524999E-002 -1.705378679450000E-002  7.106552324942506E-005
 -1.317772499999970E-006  8.434753450000003E-005  0.827860646233253     
  6.525119258550000E-002  1.360593321500000E-003 -4.989606437150185E-002
  2.766947974250000E-003  6.193730818250000E-002  2.018552138625118E-002
  6.151535721500001E-003  1.820927139025000E-002  5.034973844125212E-002
  5.853617899100000E-002  1.196659390400000E-002  1.300240032749977E-002
  6.893635653425001E-002  5.390734830975000E-002 -3.673169445624902E-002
  1.060828394225000E-002  1.824137296275000E-002  8.121933733150066E-002
 -0.211104560708750      -4.133575084900000E-002 -0.156769025292253     
 -5.140230603299999E-002  0.103195636420500      -8.082342219074556E-002
 -0.109111418613500      -2.717491344200000E-002  6.648317627533373E-004
  5.852076212325000E-002  1.197372770200000E-002 -1.301305627949834E-002
  6.893825502325000E-002  5.391421319999999E-002  3.671948296774530E-002
 -1.060870070875000E-002 -1.825206585850000E-002  8.122367644224915E-002
  6.524167321575000E-002  1.365341555250000E-003  4.989880332375018E-002
  2.770006056750000E-003  6.193198022100000E-002 -2.018585285500363E-002
 -6.140771127249999E-003 -1.821422737950000E-002  5.036169453774830E-002
 -0.211139052258000      -4.130323483600000E-002  0.156774087892497     
 -5.138760285575000E-002  0.103195701396000       8.080037896150416E-002
  0.109100270618000       2.715078753175000E-002  6.794803362464297E-004
  2.374363239525000E-002 -6.901846015574999E-002  3.017069542249340E-003
 -2.563663598800000E-002 -0.121057565785000       4.277984836050241E-002
 -1.193660308875000E-002  3.944619753650000E-002  4.517190673674620E-002
 -0.124268833696250       3.657443613250000E-002  6.818492155475364E-002
  1.421075870200000E-002  5.352580418725000E-002  1.415606935599723E-002
  9.777417806799998E-002 -4.084818467999999E-003 -3.154153242002078E-003
  5.159924388825000E-002  8.739670059500000E-003 -1.277367288199938E-002
 -1.757645165925000E-002  9.770691693750000E-003 -7.380719807949521E-002
 -6.153299262000000E-002 -3.430050269800000E-002 -4.157025576875251E-002
 -0.100736136512000      -3.193591550175000E-002  0.102910549655000     
 -7.279922756000000E-003  3.334408200600000E-002  2.118107584497819E-003
  9.342687777899999E-002  1.048235758825000E-002  5.210174674752377E-003
 -3.495338923600000E-002  8.376105986474999E-002 -7.967901739075467E-002
  6.058866336125000E-002 -3.117969703875000E-002  4.462025349449839E-002
 -6.855266015675000E-002  5.718674155125000E-002  1.378917390050249E-002
  4.709591471774999E-002 -2.398837881725000E-002 -8.029376005497246E-003
 -2.769445697250000E-002  8.053508411249998E-003 -1.919613437150192E-002
 -4.270878616200000E-002 -7.918797322075000E-002 -6.995496193999973E-002
 -3.244093195250000E-003 -2.467522735125000E-002  5.784171045850051E-002
 -3.527513921750000E-003 -2.675060255275000E-002  5.997130686825058E-002
  6.978250360025000E-002  4.635267767975000E-002 -8.740253200474890E-002
  4.710055321875000E-002 -2.398581897725000E-002  8.027364841250995E-003
 -2.769306349775000E-002  8.043922533750001E-003  1.920200342150347E-002
  4.270056343175000E-002  7.919581000824999E-002 -6.996020201549547E-002
 -0.100731882211750      -3.194683593100000E-002 -0.102907610758496     
 -7.286115821250000E-003  3.334385397350000E-002 -2.125635146249527E-003
 -9.342440025349999E-002 -1.049025274700000E-002  5.210273483502448E-003
 -3.496333657600000E-002  8.375998741599999E-002  7.968369535575337E-002
  6.059294517525000E-002 -3.116528336900000E-002 -4.461000906199608E-002
  6.856416759900000E-002 -5.717730924300000E-002  1.378883153249633E-002
  5.159635067875000E-002  8.742864514750001E-003  1.276812400600180E-002
 -1.756978989350000E-002  9.763286397749999E-003  7.381165921849786E-002
  6.153130323725000E-002  3.431094373374999E-002 -4.157384248100193E-002
  2.375450940500000E-002 -6.900315988800000E-002 -3.012309317002027E-003
 -2.562046068150000E-002 -0.121059647866750      -4.277838062349826E-002
  1.194422102650000E-002 -3.944716997974999E-002  4.517125168824743E-002
 -0.124273157295500       3.655928806800000E-002 -6.818230756650001E-002
  1.419472571450000E-002  5.353030330800000E-002 -1.416180925424837E-002
 -9.777586429375001E-002  4.077034140000000E-003 -3.157007005499812E-003
 -3.240253314250000E-003 -2.467190465375000E-002 -5.784891414650217E-002
 -3.529424798250000E-003 -2.675527522550000E-002 -5.996511170074936E-002
 -6.978591043400000E-002 -4.634980695574999E-002 -8.740850320900218E-002
 -0.641347106304750       1.088969749300000E-002 -8.212715502109447E-006
  6.538785871550000E-002 -0.272269618535500      -5.031790799581159E-005
 -2.536723499999963E-006 -5.929249524999991E-005 -0.816534881099748     
$end
