$coord
    4.78707556538532     -1.79529519710678      0.08034716973788      n
    7.05810839992889     -2.91623583168272      0.08427749773810      c
    7.04823675029016     -4.96273828005076      0.12564202675538      h
    9.33699762158156     -1.60295448335760      0.03892146272679      c
   11.10660959805945     -2.62252820883531      0.04476829049974      h
    9.27592619319161      1.02434018170268     -0.01351222026181      c
   11.00573413302906      2.11140712574732     -0.04976002097702      h
    6.93326987527658      2.21540835464877     -0.01819327220394      c
    6.78252126081423      4.25169895921046     -0.05804488269977      h
    4.75268924506649      0.74140378994284      0.02941586059890      c
    2.90092695430007      1.61759908798947      0.02627353894746      h
$redundant
     number_of_atoms            11
     degrees_of_freedom         27
     internal_coordinates       27
     frozen_coordinates          0
# definitions of redundant internals
   1 k  1.0000000000000 stre    2    3           val=   2.04694
   2 k -0.7071067811731 bend    1    3    2      val=   2.12587
        0.7071067812000 bend    4    3    2
   3 k  1.0000000000000 outp    3    4    1    2 val=  -0.00276
   4 k  1.0000000000000 stre    4    5           val=   2.04232
   5 k  0.7071067811874 bend    6    5    4      val=   0.59405
       -0.7071067811857 bend    2    5    4
   6 k  1.0000000000000 outp    5    2    6    4 val=   0.00074
   7 k  1.0000000000000 stre    6    7           val=   2.04335
   8 k  0.7071067811871 bend    8    7    6      val=   0.03474
       -0.7071067811860 bend    4    7    6
   9 k  1.0000000000000 outp    7    4    8    6 val=   0.00225
  10 k  1.0000000000000 stre    8    9           val=   2.04225
  11 k  0.7071067812065 bend    6    9    8      val=   0.67219
       -0.7071067811665 bend   10    9    8
  12 k  1.0000000000000 outp    9   10    6    8 val=  -0.00337
  13 k  1.0000000000000 stre   10   11           val=   2.04860
  14 k -0.7071067805457 bend    1   11   10      val=   2.25907
        0.7071067818274 bend    8   11   10
  15 k  1.0000000000000 outp   11    8    1   10 val=   0.01711
  16 k  1.0000000000000 stre    1    2           val=   2.53261
  17 k  1.0000000000000 stre    2    4           val=   2.63061
  18 k  1.0000000000000 stre    4    6           val=   2.62853
  19 k  1.0000000000000 stre    6    8           val=   2.62806
  20 k  1.0000000000000 stre    8   10           val=   2.63247
  21 k  1.0000000000000 stre   10    1           val=   2.53744
  22 k -0.5000000000000 bend    1    4    2      val=  -1.75480
       -0.5000000000000 bend    2    6    4
        1.0000000000000 bend    4    8    6
       -0.5000000000000 bend    6   10    8
       -0.5000000000000 bend    8    1   10
        1.0000000000000 bend   10    2    1
  23 k  0.8660254037844 bend    1    4    2      val=   0.20686
       -0.8660254037844 bend    2    6    4
        0.8660254037844 bend    6   10    8
       -0.8660254037844 bend    8    1   10
  24 k -1.0000000000000 bend    1    4    2      val=  -1.77932
        1.0000000000000 bend    2    6    4
       -1.0000000000000 bend    4    8    6
        1.0000000000000 bend    6   10    8
       -1.0000000000000 bend    8    1   10
        1.0000000000000 bend   10    2    1
  25 k -0.5000000000000 tors    2    4    6    8 val=   0.00347
       -0.5000000000000 tors    4    6    8   10
        1.0000000000000 tors    6    8   10    1
       -0.5000000000000 tors    8   10    1    2
       -0.5000000000000 tors   10    1    2    4
        1.0000000000000 tors    1    2    4    6
  26 k  0.8660254037844 tors    2    4    6    8 val=  -0.00038
       -0.8660254037844 tors    4    6    8   10
        0.8660254037844 tors    8   10    1    2
       -0.8660254037844 tors   10    1    2    4
  27 k -1.0000000000000 tors    2    4    6    8 val=  -0.00000
        1.0000000000000 tors    4    6    8   10
       -1.0000000000000 tors    6    8   10    1
        1.0000000000000 tors    8   10    1    2
       -1.0000000000000 tors   10    1    2    4
        1.0000000000000 tors    1    2    4    6
        27 non zero eigenvalues  of BmBt
           1          10.736195817    1    0
         1
           2           5.362062300    2    0
         2
           3           4.315944607    3    0
         3
           4           4.256076721    4    0
         4
           5           4.215557724    5    0
         5
           6           3.559327077    6    0
         6
           7           3.411458413    7    0
         7
           8           3.066543927    8    0
         8
           9           3.043239985    9    0
         9
          10           2.404013515   10    0
        10
          11           1.922883497   11    0
        11
          12           1.754657695   12    0
        12
          13           1.732571892   13    0
        13
          14           1.169967897   14    0
        14
          15           1.013293560   15    0
        15
          16           0.792405132   16    0
        16
          17           0.696665578   17    0
        17
          18           0.437135487   18    0
        18
          19           0.387279118   19    0
        19
          20           0.360028859   20    0
        20
          21           0.326479314   21    0
        21
          22           0.301156353   22    0
        22
          23           0.286054426   23    0
        23
          24           0.279864349   24    0
        24
          25           0.268921697   25    0
        25
          26           0.129650932   26    0
        26
          27           0.110004409   27    0
        27
$user-defined bonds
$frag
 atom   1 fragment  1 symmetry  c1
 atom   2 fragment  1
 atom   3 fragment  1
 atom   4 fragment  1
 atom   5 fragment  1
 atom   6 fragment  1
 atom   7 fragment  1
 atom   8 fragment  1
 atom   9 fragment  1
 atom  10 fragment  1
 atom  11 fragment  1
   iteration     5
$end
