$coord
    1.71035247875697     -0.09469272906577      0.00000000000000      c
    2.66705262681292     -2.27810920538539      0.00000000000000      o
   -1.25432395137516      0.03299317424619      0.00000000000000      c
    2.79757682112630      2.02816025239980      0.00000000000000      o
   -1.90628922698908      1.08352505534732     -1.66814008021384      h
   -1.90628922698908      1.08352505534732      1.66814008021384      h
   -2.10807952134287     -1.85540160288949      0.00000000000000      h
$redundant
     number_of_atoms             7
     degrees_of_freedom         15
     internal_coordinates       15
     frozen_coordinates          0
# definitions of redundant internals
   1 k  1.0000000000000 stre    1    2           val=   2.38382
   2 k  1.0000000000000 stre    1    4           val=   2.38507
   3 k  0.8164230033691 bend    4    2    1      val=   6.90583
       -0.4177041134084 bend    3    2    1
       -0.3987188899607 bend    3    4    1
   4 k -0.0109611238682 bend    4    2    1      val=  -0.83788
       -0.7015624992175 bend    3    2    1
        0.7125236230857 bend    3    4    1
   5 k  1.0000000000000 outp    2    3    4    1 val=   0.00000
   6 k  1.0000000000000 tors    7    3    1    2 val=  90.00000
        1.0000000000000 tors    7    3    1    4
        1.0000000000000 tors    5    3    1    2
        1.0000000000000 tors    5    3    1    4
        1.0000000000000 tors    6    3    1    2
        1.0000000000000 tors    6    3    1    4
   7 k  1.0000000000000 stre    3    7           val=   2.07242
   8 k  1.0000000000000 stre    3    5           val=   2.07638
   9 k  1.0000000000000 stre    3    6           val=   2.07638
  10 k  0.4464405421064 bend    5    7    3      val=   0.82087
        0.4464405421064 bend    6    7    3
        0.3453441640920 bend    6    5    3
       -0.3789430345378 bend    1    7    3
       -0.4114129735621 bend    1    5    3
       -0.4114129735621 bend    1    6    3
  11 k -0.3000739118769 bend    5    7    3      val=   1.32743
       -0.3000739118769 bend    6    7    3
        0.7287472574428 bend    6    5    3
       -0.4626969292816 bend    1    7    3
        0.1933265129576 bend    1    5    3
        0.1933265129576 bend    1    6    3
  12 k -0.6158788983525 bend    5    7    3      val=  -0.00000
        0.6158788983525 bend    6    7    3
       -0.3474092436366 bend    1    5    3
        0.3474092436366 bend    1    6    3
  13 k  0.2116487803433 bend    5    7    3      val=   0.33409
        0.2116487803433 bend    6    7    3
       -0.4448527603012 bend    6    5    3
       -0.6782427281912 bend    1    7    3
        0.3553184563646 bend    1    5    3
        0.3553184563646 bend    1    6    3
  14 k -0.3474092436366 bend    5    7    3      val=  -0.00000
        0.3474092436366 bend    6    7    3
        0.6158788983525 bend    1    5    3
       -0.6158788983525 bend    1    6    3
  15 k  1.0000000000000 stre    1    3           val=   2.96742
        15 non zero eigenvalues  of BmBt
           1           3.758387096    1    0
         1
           2           3.708866689    2    0
         2
           3           3.249869092    3    0
         3
           4           2.753559064    4    0
         4
           5           2.076989157    5    0
         5
           6           1.646609919    6    0
         6
           7           1.173713362    7    0
         7
           8           0.906163803    8    0
         8
           9           0.831094719    9    0
         9
          10           0.694848486   10    0
        10
          11           0.690437141   11    0
        11
          12           0.500254540   12    0
        12
          13           0.319686867   13    0
        13
          14           0.302561918   14    0
        14
          15           0.219758892   15    0
        15
$user-defined bonds
$end
