$energy      SCF               SCFKIN            SCFPOT            RIRPA
     1 -645.0815150049      0.00000000      0.00000000     -4.571198206526
     2 -645.0854983777      0.00000000      0.00000000     -4.567850733118
     3 -645.0900589290      0.00000000      0.00000000     -4.561934072580
     4 -645.0891796042      0.00000000      0.00000000     -4.563551314417
     5 -645.0876356944      0.00000000      0.00000000     -4.565944959816
     6 -645.0872078101      0.00000000      0.00000000     -4.566423305097
     7 -645.0872210436      0.00000000      0.00000000     -4.566414149784
     8 -645.0872639424      0.00000000      0.00000000     -4.566376126311
     9 -645.0872525022      0.00000000      0.00000000     -4.566390917380
    10 -645.0872087141      0.00000000      0.00000000     -4.566437642999
    11 -645.0872922895      0.00000000      0.00000000     -4.566359540119
    12 -645.0872618176      0.00000000      0.00000000     -4.566395022000
    13 -645.0872153321      0.00000000      0.00000000     -4.566442326549
    14 -645.0872089125      0.00000000      0.00000000     -4.566448726414
    15 -645.0872054677      0.00000000      0.00000000     -4.566452234615
$end
