$coord
    1.59295954090549     -1.47733162215239     -0.92597436340184  o
   -0.22471596297182      0.35765423123463     -0.00348033201066  c
    1.38938763224440      2.66046999153162      0.54727715169763  c
    3.83741593324020      2.10856032846224      0.29295349108045  c
    4.14119738821850     -0.61401029506863     -0.49689581959820  c
   -2.20190621243006      0.81172761970755     -2.14292256317644  c
    5.71216228962857     -1.01108304496641     -2.88291481717257  c
   -0.92439487049612      2.09771329467836     -4.41656349199023  c
   -4.36332728205427      2.51811248235625     -1.20317036632024  c
   -3.31712972621226     -1.71622089119773     -3.05810033086306  c
   -1.44780575035919     -0.62065512803165      2.46263125283354  c
    0.44431010270153     -1.69933534164522      4.37330683413824  c
   -0.86561226464813     -2.47263924631111      6.84087496455311  c
    0.60249590276073      4.46538299566391      1.13880184812910  h
    5.42905347350711      3.36839383229939      0.62374030132156  h
    4.97850890344069     -1.72907663066506      1.06211902132368  h
    4.99865258417743      0.16779084716667     -4.43213637890852  h
    7.69720375775070     -0.51164572806173     -2.52382074804155  h
    5.63148047000387     -3.00117290096704     -3.46360882509211  h
   -0.22189518664859      3.99261258037417     -3.93952731068652  h
    0.66967902249128      0.96449636599066     -5.10393041216485  h
   -2.29187448905293      2.29698882174415     -5.96904422015784  h
   -3.65291788532683      4.31293385782260     -0.43110231157418  h
   -5.62601500329080      2.97652678569542     -2.78900678755000  h
   -5.50603587516251      1.58912573846228      0.25892230568683  h
   -1.82031354927861     -2.97710220452207     -3.74110670833985  h
   -4.36906894812777     -2.70076385313532     -1.56510788361094  h
   -4.64174136375323     -1.36163197548540     -4.62062263920014  h
   -2.84602780139760     -2.09098263084331      2.01515894418462  h
   -2.48835867967933      0.95168058112986      3.34789458712324  h
    1.38686913304388     -3.34861218615076      3.53456476398563  h
    1.91953634285518     -0.29172591753953      4.78219744970838  h
   -2.33502020036653     -3.89888350501730      6.48727594422732  h
    0.48788335507043     -3.27849892322386      8.19346987421908  h
   -1.77463478078300     -0.83879832933512      7.74784757564706  h
$user-defined bonds
$redundant
     number_of_atoms            35
     degrees_of_freedom         99
     internal_coordinates       99
     frozen_coordinates          0
# definitions of redundant internals
   1 k  1.0000000000000 stre   3   14           val=   2.05592
   2 k  0.7071543737244 bend   4   14    3      val=   1.65902
       -0.7070591854452 bend   2   14    3
   3 k  1.0000000000000 outp  14    2    4    3 val=   1.91746
   4 k  1.0000000000000 stre   4   15           val=   2.05667
   5 k  0.7071123212171 bend   3   15    4      val=   1.88362
       -0.7071012411126 bend   5   15    4
   6 k  1.0000000000000 outp  15    5    3    4 val=  -0.90145
   7 k  1.0000000000000 stre   5   16           val=   2.09165
   8 k  0.2829050721203 bend   1   16    5      val=   4.98640
        0.5623713322585 bend   4   16    5
       -0.7769834006093 bend   7   16    5
   9 k  0.7956707086202 bend   1   16    5      val=   4.34938
       -0.5899635675864 bend   4   16    5
       -0.1372993531106 bend   7   16    5
  10 k  0.4082482904639 tors  17    7    5    1 val=  66.16924
        0.4082482904639 tors  17    7    5    4
        0.4082482904639 tors  19    7    5    1
        0.4082482904639 tors  19    7    5    4
        0.4082482904639 tors  18    7    5    1
        0.4082482904639 tors  18    7    5    4
  11 k  1.0000000000000 stre   7   17           val=   2.07339
  12 k  1.0000000000000 stre   7   19           val=   2.07465
  13 k  1.0000000000000 stre   7   18           val=   2.07817
  14 k  0.4223608606624 bend  19   17    7      val=   0.93355
        0.4208313252973 bend  18   17    7
        0.4005680715465 bend  18   19    7
       -0.3984258253269 bend   5   17    7
       -0.4036071165008 bend   5   19    7
       -0.4030082831767 bend   5   18    7
  15 k -0.3336264306087 bend  19   17    7      val=   0.38992
       -0.3392153423939 bend  18   17    7
        0.6995125025777 bend  18   19    7
       -0.4399329732215 bend   5   17    7
        0.2161919215983 bend   5   19    7
        0.2098300434386 bend   5   18    7
  16 k  0.6312906485863 bend  19   17    7      val=   0.04862
       -0.6291968284919 bend  18   17    7
       -0.0028714029262 bend  18   19    7
        0.0047902042430 bend   5   17    7
        0.3188418678483 bend   5   19    7
       -0.3223230372137 bend   5   18    7
  17 k  0.2259606198931 bend  19   17    7      val=  -0.02558
        0.2048614936000 bend  18   17    7
       -0.4372405679169 bend  18   19    7
       -0.6879168830050 bend   5   17    7
        0.3314978933477 bend   5   19    7
        0.3642440956940 bend   5   18    7
  18 k  0.3135361242907 bend  19   17    7      val=   0.09762
       -0.3273166599769 bend  18   17    7
        0.0133160886158 bend  18   19    7
        0.0183592892641 bend   5   17    7
       -0.6386216420737 bend   5   19    7
        0.6214554846673 bend   5   18    7
  19 k  0.3333333333333 tors  21    8    6    2 val=  56.51184
        0.3333333333333 tors  21    8    6    9
        0.3333333333333 tors  21    8    6   10
        0.3333333333333 tors  20    8    6    2
        0.3333333333333 tors  20    8    6    9
        0.3333333333333 tors  20    8    6   10
        0.3333333333333 tors  22    8    6    2
        0.3333333333333 tors  22    8    6    9
        0.3333333333333 tors  22    8    6   10
  20 k  1.0000000000000 stre   8   21           val=   2.07310
  21 k  1.0000000000000 stre   8   20           val=   2.07647
  22 k  1.0000000000000 stre   8   22           val=   2.07844
  23 k  0.4339966722641 bend  20   21    8      val=   1.25466
        0.4052169755950 bend  22   21    8
        0.4139993509131 bend  22   20    8
       -0.3985645050354 bend   6   21    8
       -0.3966286682656 bend   6   20    8
       -0.3998533023906 bend   6   22    8
  24 k -0.1892344363734 bend  20   21    8      val=   0.51850
        0.6741235549560 bend  22   21    8
       -0.4641092831746 bend  22   20    8
        0.3044709065627 bend   6   21    8
       -0.4320664652597 bend   6   20    8
        0.1223371189374 bend   6   22    8
  25 k -0.6595036971598 bend  20   21    8      val=   0.55838
        0.1731479792700 bend  22   21    8
        0.5147310204523 bend  22   20    8
       -0.3124355297003 bend   6   21    8
       -0.0999280557878 bend   6   20    8
        0.4031439578348 bend   6   22    8
  26 k  0.2912903319306 bend  20   21    8      val=  -0.02237
        0.1251853528628 bend  22   21    8
       -0.4215215241353 bend  22   20    8
       -0.6695150814643 bend   6   21    8
        0.1870229137941 bend   6   20    8
        0.4884364442287 bend   6   22    8
  27 k -0.3039610972127 bend  20   21    8      val=   0.62643
        0.4259341599087 bend  22   21    8
       -0.1114273866971 bend  22   20    8
       -0.1650646136633 bend   6   21    8
        0.6587605318712 bend   6   20    8
       -0.5025533954348 bend   6   22    8
  28 k  0.3333333333333 tors  25    9    6    2 val=  54.49991
        0.3333333333333 tors  25    9    6    8
        0.3333333333333 tors  25    9    6   10
        0.3333333333333 tors  23    9    6    2
        0.3333333333333 tors  23    9    6    8
        0.3333333333333 tors  23    9    6   10
        0.3333333333333 tors  24    9    6    2
        0.3333333333333 tors  24    9    6    8
        0.3333333333333 tors  24    9    6   10
  29 k  1.0000000000000 stre   9   25           val=   2.07521
  30 k  1.0000000000000 stre   9   23           val=   2.07898
  31 k  1.0000000000000 stre   9   24           val=   2.07832
  32 k  0.4513885934407 bend  23   25    9      val=   1.57285
        0.4063503100447 bend  24   25    9
        0.4016652532024 bend  24   23    9
       -0.3931081378366 bend   6   25    9
       -0.3923290181072 bend   6   23    9
       -0.4016674260203 bend   6   24    9
  33 k -0.0081346017717 bend  23   25    9      val=   0.16090
       -0.5807742551828 bend  24   25    9
        0.5945435165772 bend  24   23    9
       -0.3978795873004 bend   6   25    9
        0.3883056892503 bend   6   23    9
        0.0079765514073 bend   6   24    9
  34 k -0.6743955866112 bend  23   25    9      val=   1.27157
        0.3802375805079 bend  24   25    9
        0.3593802059425 bend  24   23    9
       -0.2157159038030 bend   6   25    9
       -0.2252832713148 bend   6   23    9
        0.4173367216263 bend   6   24    9
  35 k  0.1053148299592 bend  23   25    9      val=  -0.12998
        0.3250147958834 bend  24   25    9
       -0.4371605684027 bend  24   23    9
       -0.6528001036383 bend   6   25    9
        0.4851750654540 bend   6   23    9
        0.1749913913110 bend   6   24    9
  36 k  0.4065613370034 bend  23   25    9      val=  -0.45700
       -0.3070997870374 bend  24   25    9
       -0.1140772388281 bend  24   23    9
       -0.1845855512232 bend   6   25    9
       -0.4792579908197 bend   6   23    9
        0.6808993583137 bend   6   24    9
  37 k  0.3333333333333 tors  26   10    6    2 val=  62.01230
        0.3333333333333 tors  26   10    6    8
        0.3333333333333 tors  26   10    6    9
        0.3333333333333 tors  27   10    6    2
        0.3333333333333 tors  27   10    6    8
        0.3333333333333 tors  27   10    6    9
        0.3333333333333 tors  28   10    6    2
        0.3333333333333 tors  28   10    6    8
        0.3333333333333 tors  28   10    6    9
  38 k  1.0000000000000 stre  10   26           val=   2.07287
  39 k  1.0000000000000 stre  10   27           val=   2.07483
  40 k  1.0000000000000 stre  10   28           val=   2.07890
  41 k  0.4429845370344 bend  27   26   10      val=   1.31640
        0.4106693235610 bend  28   26   10
        0.4003857948838 bend  28   27   10
       -0.3918002272290 bend   6   26   10
       -0.4001043186976 bend   6   27   10
       -0.4015167966506 bend   6   28   10
  42 k -0.1763126044504 bend  27   26   10      val=   0.56481
        0.6622919087559 bend  28   26   10
       -0.4812929489175 bend  28   27   10
        0.3207539438057 bend   6   26   10
       -0.4270948719195 bend   6   27   10
        0.1155303784461 bend   6   28   10
  43 k -0.6581856069460 bend  27   26   10      val=   0.85692
        0.2001234117068 bend  28   26   10
        0.5088562111583 bend  28   27   10
       -0.3077151441538 bend   6   26   10
       -0.1142650856522 bend   6   27   10
        0.4000781967576 bend   6   28   10
  44 k  0.2541947960469 bend  27   26   10      val=   0.41898
        0.1741739026641 bend  28   26   10
       -0.4331479668419 bend  28   27   10
       -0.6805778895477 bend   6   26   10
        0.2591469925279 bend   6   27   10
        0.4325365517927 bend   6   28   10
  45 k -0.3316992081942 bend  27   26   10      val=   1.04406
        0.4115232071721 bend  28   26   10
       -0.0658907269776 bend  28   27   10
       -0.0884300048499 bend   6   26   10
        0.6327814096167 bend   6   27   10
       -0.5550229898178 bend   6   28   10
  46 k  1.0000000000000 stre  11   29           val=   2.07777
  47 k  1.0000000000000 stre  11   30           val=   2.08295
  48 k -0.0021329683400 bend  30   29   11      val=  -0.07878
        0.4987193537483 bend  12   29   11
        0.5025780181850 bend  12   30   11
       -0.5020807528596 bend   2   29   11
       -0.4965931029405 bend   2   30   11
  49 k -0.0061985039384 bend  30   29   11      val=   0.22578
        0.5086370017012 bend  12   29   11
       -0.5006105643854 bend  12   30   11
        0.4946626151193 bend   2   29   11
       -0.4959313854542 bend   2   30   11
  50 k  0.9100495940382 bend  30   29   11      val=   3.99821
       -0.2048896183646 bend  12   29   11
       -0.2069899458111 bend  12   30   11
       -0.2024354155029 bend   2   29   11
       -0.2144878680967 bend   2   30   11
  51 k -0.0040461320976 bend  30   29   11      val=   0.60795
       -0.4932629040228 bend  12   29   11
        0.4973931532400 bend  12   30   11
        0.5058351144221 bend   2   29   11
       -0.5033947004663 bend   2   30   11
  52 k  1.0000000000000 stre  12   31           val=   2.07654
  53 k  1.0000000000000 stre  12   32           val=   2.07963
  54 k  0.0030225239998 bend  32   31   12      val=   0.05417
        0.4949179133113 bend  11   31   12
        0.5046203175647 bend  11   32   12
       -0.5011337790492 bend  13   31   12
       -0.4992698609258 bend  13   32   12
  55 k  0.0068543262747 bend  32   31   12      val=   0.32812
        0.5022678526715 bend  11   31   12
       -0.4952213956355 bend  11   32   12
        0.4989814352445 bend  13   31   12
       -0.5034414752186 bend  13   32   12
  56 k  0.9028580872053 bend  32   31   12      val=   1.46604
       -0.2217282354249 bend  11   31   12
       -0.2111014493675 bend  11   32   12
       -0.2137623995957 bend  13   31   12
       -0.2131330067762 bend  13   32   12
  57 k -0.0039020301081 bend  32   31   12      val=   0.45397
       -0.5014131246520 bend  11   31   12
        0.5009846449245 bend  11   32   12
        0.5024825148337 bend  13   31   12
       -0.4950710660340 bend  13   32   12
  58 k  0.5773502691896 tors  34   13   12   11 val=  58.95255
        0.5773502691896 tors  33   13   12   11
        0.5773502691896 tors  35   13   12   11
  59 k  1.0000000000000 stre  13   34           val=   2.07626
  60 k  1.0000000000000 stre  13   33           val=   2.07807
  61 k  1.0000000000000 stre  13   35           val=   2.07807
  62 k  0.4223965423601 bend  33   34   13      val=   1.70587
        0.4234483266352 bend  35   34   13
        0.4160424165750 bend  35   33   13
       -0.3949308971740 bend  12   34   13
       -0.3958517376860 bend  12   33   13
       -0.3956164449448 bend  12   35   13
  63 k -0.3362239387377 bend  33   34   13      val=   0.14491
       -0.3418444673776 bend  35   34   13
        0.6866161915201 bend  35   33   13
       -0.4474397160795 bend  12   34   13
        0.2238133688660 bend  12   33   13
        0.2199074920893 bend  12   35   13
  64 k  0.6418090693663 bend  33   34   13      val=   0.02613
       -0.6372665299642 bend  35   34   13
       -0.0032002273116 bend  35   33   13
        0.0014188054465 bend  12   34   13
        0.3007253241580 bend  12   33   13
       -0.3025301856227 bend  12   35   13
  65 k  0.2185738045609 bend  33   34   13      val=  -0.04156
        0.2257572642131 bend  35   34   13
       -0.4471072625854 bend  35   33   13
       -0.6826089034856 bend  12   34   13
        0.3492201936857 bend  12   33   13
        0.3368153597485 bend  12   35   13
  66 k -0.3036365655754 bend  33   34   13      val=  -0.02263
        0.2995890197345 bend  35   34   13
        0.0039141538656 bend  35   33   13
        0.0073397383048 bend  12   34   13
        0.6359571458275 bend  12   33   13
       -0.6430712025990 bend  12   35   13
  67 k  1.0000000000000 stre   5    7           val=   2.88421
  68 k  0.7142512285595 bend   1    7    5      val=  -1.43425
       -0.6998894073361 bend   4    7    5
  69 k  0.6998894073361 bend   1    7    5      val= 112.20431
        0.7142512285595 bend   4    7    5
  70 k  0.3333333333333 tors   8    6    2    1 val=  50.92413
        0.3333333333333 tors   8    6    2    3
        0.3333333333333 tors   8    6    2   11
        0.3333333333333 tors   9    6    2    1
        0.3333333333333 tors   9    6    2    3
        0.3333333333333 tors   9    6    2   11
        0.3333333333333 tors  10    6    2    1
        0.3333333333333 tors  10    6    2    3
        0.3333333333333 tors  10    6    2   11
  71 k  1.0000000000000 stre   6    8           val=   2.90779
  72 k  1.0000000000000 stre   6    9           val=   2.90975
  73 k  1.0000000000000 stre   6   10           val=   2.91064
  74 k  0.4172564868691 bend   9    8    6      val=   0.66771
        0.3394257015110 bend  10    8    6
        0.4753834802929 bend  10    9    6
       -0.4535533137641 bend   2    8    6
       -0.3371570747888 bend   2    9    6
       -0.4065861070886 bend   2   10    6
  75 k -0.3891043427424 bend   9    8    6      val=   0.43222
        0.5758060100990 bend  10    8    6
       -0.0660173215801 bend  10    9    6
        0.0767688481968 bend   2    8    6
       -0.5858848359846 bend   2    9    6
        0.4043914753728 bend   2   10    6
  76 k  0.4198453330420 bend   9    8    6      val=   0.46063
        0.2215542757495 bend  10    8    6
       -0.5256757965597 bend  10    9    6
        0.5310174350175 bend   2    8    6
       -0.2164327033343 bend   2    9    6
       -0.4116866827651 bend   2   10    6
  77 k  0.2964415583813 bend   9    8    6      val=   0.16182
       -0.5878352102477 bend  10    8    6
        0.2803116057342 bend  10    9    6
        0.2848288032548 bend   2    8    6
       -0.5664666747602 bend   2    9    6
        0.2932330659572 bend   2   10    6
  78 k -0.4989192018140 bend   9    8    6      val=  -0.02127
       -0.0073780838401 bend  10    8    6
        0.5000549438518 bend  10    9    6
        0.5071077235579 bend   2    8    6
       -0.0065863625672 bend   2    9    6
       -0.4937293019515 bend   2   10    6
  79 k  1.0000000000000 tors  13   12   11    2 val= 176.22820
  80 k  1.0000000000000 stre  12   13           val=   2.89876
  81 k  1.0000000000000 bend  11   13   12      val= 111.44328
  82 k  1.0000000000000 stre   2    6           val=   2.94833
  83 k  0.3093268040272 bend   1    6    2      val=   4.27444
        0.5434551949409 bend   3    6    2
       -0.7803674643411 bend  11    6    2
  84 k  0.7830869405532 bend   1    6    2      val=   1.44496
       -0.6111486574440 bend   3    6    2
       -0.1152048698599 bend  11    6    2
  85 k  0.7071067811865 tors  12   11    2    1 val= -10.52837
        0.7071067811865 tors  12   11    2    3
  86 k  1.0000000000000 stre  11   12           val=   2.89730
  87 k  1.0000000000000 bend   2   12   11      val= 114.07616
  88 k  1.0000000000000 stre   2   11           val=   2.92143
  89 k  0.8498641567888 bend   1   11    2      val=  25.60272
       -0.5270018168902 bend   3   11    2
  90 k  0.5270018168902 bend   1   11    2      val= 109.91605
        0.8498641567888 bend   3   11    2
  91 k  1.0000000000000 stre   1    5           val=   2.72451
  92 k  1.0000000000000 stre   5    4           val=   2.85106
  93 k  1.0000000000000 stre   4    3           val=   2.52233
  94 k  1.0000000000000 stre   3    2           val=   2.86559
  95 k  1.0000000000000 stre   2    1           val=   2.74265
  96 k -0.5116672736017 bend   1    4    5      val=   3.40998
        0.1954395075848 bend   5    3    4
        0.1954395075849 bend   4    2    3
       -0.5116672736017 bend   3    1    2
        0.6324555320337 bend   2    5    1
  97 k  0.3717480344602 bend   1    4    5      val=   0.40862
       -0.6015009550075 bend   5    3    4
        0.6015009550075 bend   4    2    3
       -0.3717480344602 bend   3    1    2
  98 k -0.5116672736017 tors   4    3    2    1 val=   0.64903
        0.1954395075848 tors   3    2    1    5
        0.1954395075849 tors   2    1    5    4
       -0.5116672736017 tors   1    5    4    3
        0.6324555320337 tors   5    4    3    2
  99 k  0.3717480344602 tors   4    3    2    1 val=  -9.26411
       -0.6015009550075 tors   3    2    1    5
        0.6015009550075 tors   2    1    5    4
       -0.3717480344602 tors   1    5    4    3
        99 non zero eigenvalues  of BmBt
           1           6.083804436    1    0
         1
           2           5.974164368    2    0
         2
           3           5.028427047    3    0
         3
           4           4.379496408    4    0
         4
           5           4.292890659    5    0
         5
           6           4.192343331    6    0
         6
           7           4.122592992    7    0
         7
           8           4.028566398    8    0
         8
           9           3.956339553    9    0
         9
          10           3.930422321   10    0
        10
          11           3.766551138   11    0
        11
          12           3.667565049   12    0
        12
          13           3.512879317   13    0
        13
          14           3.439870005   14    0
        14
          15           3.414869427   15    0
        15
          16           3.361078923   16    0
        16
          17           3.287979215   17    0
        17
          18           3.253887100   18    0
        18
          19           3.236678782   19    0
        19
          20           3.178145597   20    0
        20
          21           3.136336992   21    0
        21
          22           3.070848190   22    0
        22
          23           3.002329012   23    0
        23
          24           2.793036422   24    0
        24
          25           2.619858204   25    0
        25
          26           2.548722784   26    0
        26
          27           2.334369292   27    0
        27
          28           2.205592356   28    0
        28
          29           2.153373017   29    0
        29
          30           1.954380214   30    0
        30
          31           1.794649954   31    0
        31
          32           1.750856086   32    0
        32
          33           1.664513584   33    0
        33
          34           1.466012840   34    0
        34
          35           1.422169287   35    0
        35
          36           1.066798788   36    0
        36
          37           0.948939494   37    0
        37
          38           0.903075319   38    0
        38
          39           0.890722013   39    0
        39
          40           0.881327022   40    0
        40
          41           0.866362963   41    0
        41
          42           0.863886359   42    0
        42
          43           0.858876358   43    0
        43
          44           0.838337173   44    0
        44
          45           0.811809351   45    0
        45
          46           0.787913453   46    0
        46
          47           0.772234128   47    0
        47
          48           0.766867921   48    0
        48
          49           0.735404145   49    0
        49
          50           0.701043362   50    0
        50
          51           0.699995670   51    0
        51
          52           0.698475746   52    0
        52
          53           0.697263690   53    0
        53
          54           0.696194141   54    0
        54
          55           0.691872519   55    0
        55
          56           0.689959021   56    0
        56
          57           0.685589451   57    0
        57
          58           0.673987100   58    0
        58
          59           0.651761903   59    0
        59
          60           0.594704610   60    0
        60
          61           0.504734268   61    0
        61
          62           0.449919443   62    0
        62
          63           0.441949329   63    0
        63
          64           0.427820955   64    0
        64
          65           0.405165500   65    0
        65
          66           0.375986249   66    0
        66
          67           0.372904847   67    0
        67
          68           0.369767546   68    0
        68
          69           0.363845832   69    0
        69
          70           0.348180141   70    0
        70
          71           0.326715151   71    0
        71
          72           0.317026261   72    0
        72
          73           0.312762254   73    0
        73
          74           0.310787116   74    0
        74
          75           0.303429033   75    0
        75
          76           0.286538454   76    0
        76
          77           0.264164700   77    0
        77
          78           0.259106258   78    0
        78
          79           0.255449364   79    0
        79
          80           0.219435451   80    0
        80
          81           0.172984162   81    0
        81
          82           0.155052546   82    0
        82
          83           0.134902676   83    0
        83
          84           0.108414098   84    0
        84
          85           0.103407911   85    0
        85
          86           0.083654902   86    0
        86
          87           0.076851803   87    0
        87
          88           0.065429283   88    0
        88
          89           0.052020998   89    0
        89
          90           0.046843718   90    0
        90
          91           0.039817680   91    0
        91
          92           0.036101343   92    0
        92
          93           0.030759371   93    0
        93
          94           0.029167910   94    0
        94
          95           0.022932588   95    0
        95
          96           0.014184570   96    0
        96
          97           0.009538474   97    0
        97
          98           0.006237096   98    0
        98
          99           0.003157854   99    0
        99
$end
