$coord
    1.87749107394385      0.47145813495950     -0.21308800666784  c
    0.01804093139700     -1.17227151650259      0.67736898104873  c
    0.43083965189785     -3.75314098845395      0.76479389442516  c
    2.72257968656267     -4.74527135857001     -0.03947880242059  c
    4.59692648003304     -3.14078829369801     -0.94403183891546  c
    4.16485613858047     -0.55803352429753     -1.02117578346316  c
    1.48237357967515      3.23000724065557     -0.26828682067871  c
   -2.25163635348198     -0.29612380789285      1.63011947350707  o
   -0.41803979531618      4.34775753749973      0.34672926395260  o
    3.55510605347944      4.48699383716671     -1.10282772946719  o
   -3.90598959977244      0.64014166891567     -0.13912634844172  c
    3.05786118622597      6.24758801750545     -1.06910269188562  h
   -3.59591599238912      0.39354168695504     -2.37463069500934  o
   -6.05432252583860      1.93979727981405      1.14765883809478  c
   -1.05103487017301     -4.95221125462886      1.46316423393630  h
    3.03434375462435     -6.75211555061541      0.03000992342377  h
    6.37511694879972     -3.88923928563568     -1.57837548609822  h
    5.60604387022011      0.69018539155217     -1.71106803663271  h
   -6.75436760899676      0.79514751413514      2.69990826324301  h
   -7.54299252768649      2.30511278509016     -0.20835956232760  h
   -5.34728008178516      3.71146448604570      1.90979893037656  h
$user-defined bonds
$redundant
     number_of_atoms            21
     degrees_of_freedom         57
     internal_coordinates       57
     frozen_coordinates          0
# definitions of redundant internals
   1 k  1.0000000000000 stre   7    9           val=   2.28893
   2 k  0.7071068756495 bend  10    9    7      val=  -2.63802
       -0.7071066867236 bend   1    9    7
   3 k  1.0000000000000 outp   9    1   10    7 val=   0.28473
   4 k  1.0000000000000 tors  12   10    7    1 val= 179.42076
   5 k  1.0000000000000 stre  10   12           val=   1.82978
   6 k  1.0000000000000 bend   7   12   10      val= 104.24403
   7 k  1.0000000000000 stre  11   13           val=   2.27034
   8 k  0.7071069210858 bend   8   13   11      val=  -2.04518
       -0.7071066412872 bend  14   13   11
   9 k  1.0000000000000 outp  13   14    8   11 val=  -0.24067
  10 k  1.0000000000000 stre   3   15           val=   2.03013
  11 k -0.7071067811372 bend   2   15    3      val=   1.34067
        0.7071067812359 bend   4   15    3
  12 k  1.0000000000000 outp  15    4    2    3 val=   0.00852
  13 k  1.0000000000000 stre   4   16           val=   2.03210
  14 k -0.7071067263628 bend   3   16    4      val=   0.27573
        0.7071068360103 bend   5   16    4
  15 k  1.0000000000000 outp  16    5    3    4 val=  -0.32091
  16 k  1.0000000000000 stre   5   17           val=   2.03089
  17 k -0.7071067769199 bend   6   17    5      val=   0.28089
        0.7071067854532 bend   4   17    5
  18 k  1.0000000000000 outp  17    4    6    5 val=  -0.10767
  19 k  1.0000000000000 stre   6   18           val=   2.02757
  20 k  0.7071067835809 bend   5   18    6      val=   0.62209
       -0.7071067787922 bend   1   18    6
  21 k  1.0000000000000 outp  18    1    5    6 val=   0.04606
  22 k  0.5773502691896 tors  20   14   11    8 val=  73.24081
        0.5773502691896 tors  19   14   11    8
        0.5773502691896 tors  21   14   11    8
  23 k  1.0000000000000 stre  14   20           val=   2.04655
  24 k  1.0000000000000 stre  14   19           val=   2.05177
  25 k  1.0000000000000 stre  14   21           val=   2.05416
  26 k -0.4583575116301 bend  19   20   14      val=   0.34120
       -0.4015505249092 bend  21   20   14
       -0.3537316953543 bend  21   19   14
        0.3907388977435 bend  11   20   14
        0.4158811285993 bend  11   19   14
        0.4217884017423 bend  11   21   14
  27 k -0.0962707027185 bend  19   20   14      val=   0.07519
       -0.5103348369627 bend  21   20   14
        0.6707730293520 bend  21   19   14
       -0.4249397217368 bend  11   20   14
        0.3101413847288 bend  11   19   14
        0.0599366619278 bend  11   21   14
  28 k -0.7056336600141 bend  19   20   14      val=   1.05765
        0.5136539221744 bend  21   20   14
        0.2815731234788 bend  21   19   14
       -0.1331104535142 bend  11   20   14
       -0.2235688676421 bend  11   19   14
        0.3020859659282 bend  11   21   14
  29 k  0.1171538275769 bend  19   20   14      val=   0.82570
        0.2976800419442 bend  21   20   14
       -0.4202588180502 bend  21   19   14
       -0.6717113966108 bend  11   20   14
        0.4734948368406 bend  11   19   14
        0.2136598659358 bend  11   21   14
  30 k  0.3043337401453 bend  19   20   14      val=  -0.25448
       -0.2487007757588 bend  21   20   14
       -0.0659463919870 bend  21   19   14
       -0.1656335817553 bend  11   20   14
       -0.5388872793847 bend  11   19   14
        0.7234265607803 bend  11   21   14
  31 k  0.7071067811865 tors  10    7    1    2 val=  88.03610
        0.7071067811865 tors  10    7    1    6
  32 k  1.0000000000000 stre   7   10           val=   2.56373
  33 k  1.0000000000000 bend   1   10    7      val= 112.15323
  34 k  1.0000000000000 tors  14   11    8    2 val= 190.22191
  35 k  1.0000000000000 stre  11   14           val=   2.82139
  36 k  1.0000000000000 bend   8   14   11      val= 109.90333
  37 k  1.0000000000000 stre   1    7           val=   2.78725
  38 k -0.7071053005745 bend   6    7    1      val=   0.67136
        0.7071082617955 bend   2    7    1
  39 k  1.0000000000000 outp   7    2    6    1 val=   0.91748
  40 k  0.7071067811865 tors  11    8    2    1 val= 160.94087
        0.7071067811865 tors  11    8    2    3
  41 k  1.0000000000000 stre   8   11           val=   2.59687
  42 k  1.0000000000000 bend   2   11    8      val= 115.20502
  43 k  1.0000000000000 stre   2    8           val=   2.61282
  44 k -0.7070588579493 bend   3    8    2      val=   2.33927
        0.7071547011761 bend   1    8    2
  45 k  1.0000000000000 outp   8    1    3    2 val=  -2.94486
  46 k  1.0000000000000 stre   1    6           val=   2.63532
  47 k  1.0000000000000 stre   6    5           val=   2.61978
  48 k  1.0000000000000 stre   5    4           val=   2.62788
  49 k  1.0000000000000 stre   4    3           val=   2.62359
  50 k  1.0000000000000 stre   3    2           val=   2.61514
  51 k  1.0000000000000 stre   2    1           val=   2.63672
  52 k -0.2886751345948 bend   1    5    6      val=  -0.74309
       -0.2886751345948 bend   6    4    5
        0.5773502691896 bend   5    3    4
       -0.2886751345948 bend   4    2    3
       -0.2886751345948 bend   3    1    2
        0.5773502691896 bend   2    6    1
  53 k  0.5000000000000 bend   1    5    6      val=   0.17351
       -0.5000000000000 bend   6    4    5
        0.5000000000000 bend   4    2    3
       -0.5000000000000 bend   3    1    2
  54 k -0.4082482904639 bend   1    5    6      val=  -0.71312
        0.4082482904639 bend   6    4    5
       -0.4082482904639 bend   5    3    4
        0.4082482904639 bend   4    2    3
       -0.4082482904639 bend   3    1    2
        0.4082482904639 bend   2    6    1
  55 k -0.2886751345948 tors   6    5    4    3 val=  -0.04971
       -0.2886751345948 tors   5    4    3    2
        0.5773502691896 tors   4    3    2    1
       -0.2886751345948 tors   3    2    1    6
       -0.2886751345948 tors   2    1    6    5
        0.5773502691896 tors   1    6    5    4
  56 k  0.5000000000000 tors   6    5    4    3 val=   0.24451
       -0.5000000000000 tors   5    4    3    2
        0.5000000000000 tors   3    2    1    6
       -0.5000000000000 tors   2    1    6    5
  57 k -0.4082482904639 tors   6    5    4    3 val=  -0.09344
        0.4082482904639 tors   5    4    3    2
       -0.4082482904639 tors   4    3    2    1
        0.4082482904639 tors   3    2    1    6
       -0.4082482904639 tors   2    1    6    5
        0.4082482904639 tors   1    6    5    4
        57 non zero eigenvalues  of BmBt
           1          11.045563939    1    0
         1
           2           5.475756142    2    0
         2
           3           5.154497864    3    0
         3
           4           4.518186024    4    0
         4
           5           4.416943596    5    0
         5
           6           4.314593693    6    0
         6
           7           3.816092603    7    0
         7
           8           3.705696308    8    0
         8
           9           3.696683463    9    0
         9
          10           3.663450474   10    0
        10
          11           3.567398304   11    0
        11
          12           3.341064566   12    0
        12
          13           3.034937483   13    0
        13
          14           2.971830053   14    0
        14
          15           2.809517993   15    0
        15
          16           2.728533067   16    0
        16
          17           2.563558234   17    0
        17
          18           2.453436840   18    0
        18
          19           2.196052774   19    0
        19
          20           2.023795846   20    0
        20
          21           1.852156181   21    0
        21
          22           1.823357912   22    0
        22
          23           1.692994640   23    0
        23
          24           1.495097537   24    0
        24
          25           1.287450386   25    0
        25
          26           1.211420857   26    0
        26
          27           1.072432896   27    0
        27
          28           1.002219434   28    0
        28
          29           0.889779519   29    0
        29
          30           0.778739013   30    0
        30
          31           0.722010485   31    0
        31
          32           0.715414330   32    0
        32
          33           0.703841162   33    0
        33
          34           0.624276132   34    0
        34
          35           0.573828258   35    0
        35
          36           0.447663379   36    0
        36
          37           0.389530032   37    0
        37
          38           0.372815585   38    0
        38
          39           0.338058582   39    0
        39
          40           0.328860641   40    0
        40
          41           0.290285305   41    0
        41
          42           0.288084436   42    0
        42
          43           0.277926610   43    0
        43
          44           0.268042369   44    0
        44
          45           0.262701991   45    0
        45
          46           0.232175902   46    0
        46
          47           0.203192605   47    0
        47
          48           0.136450608   48    0
        48
          49           0.122598619   49    0
        49
          50           0.105265065   50    0
        50
          51           0.088560879   51    0
        51
          52           0.054906853   52    0
        52
          53           0.049508410   53    0
        53
          54           0.034672025   54    0
        54
          55           0.026452048   55    0
        55
          56           0.010089673   56    0
        56
          57           0.008153252   57    0
        57
$end
