$hessapprox internal
  0.104440343296D+01 -0.164994062243D-01  0.451809165543D+00 -0.605008498380D-02
 -0.107205988243D-01  0.197260612317D+00 -0.606844648983D-04  0.467443561881D-03
 -0.251281418030D-02  0.241211903390D-01 -0.757970204103D-02 -0.209181627705D-02
 -0.252713444134D-03  0.154962168165D-03  0.601719385921D+00 -0.151099425712D-01
 -0.163830563777D-01 -0.277101702016D-02 -0.590504378347D-03 -0.280769090938D-03
  0.371312621645D+00 -0.288003526791D-01 -0.134327687208D-01 -0.504687829825D-02
  0.263967502755D-03 -0.748865110313D-02 -0.112197093137D-01  0.108884508698D+01
 -0.762234094901D-03 -0.167711613426D-02  0.441956034986D-02 -0.747033408455D-03
 -0.199325765264D-03 -0.520077566625D-03 -0.673985148879D-03  0.461777414551D+00
  0.487911405974D-02  0.796119704928D-02 -0.165117562443D-01  0.160679234521D-02
  0.450776316854D-03  0.683176856301D-03  0.408499891119D-02 -0.564342019370D-02
  0.214953020709D+00 -0.129783720565D-01 -0.500114807833D-02 -0.555307585233D-03
 -0.270036751632D-04 -0.409820471399D-02 -0.312964630434D-02 -0.124282774921D-01
 -0.160030980287D-03  0.238413924113D-03  0.450226628431D+00 -0.578631830413D-02
 -0.721851367066D-02 -0.107175932689D-02 -0.702869034336D-03 -0.150442091463D-03
 -0.736837313972D-02 -0.451382489301D-02 -0.616566291886D-03  0.538298664171D-03
 -0.144899484193D-02  0.370214683271D+00  0.240108189762D-02  0.570137243877D-02
 -0.547053202449D-02  0.110896688193D-02 -0.524204141400D-03  0.123627445023D-03
  0.102999658467D-02 -0.271776592606D-02  0.206526410836D-02 -0.717700839406D-03
  0.369596557531D-04  0.921491689631D-01 -0.108848685010D-01 -0.309879741585D-02
 -0.540647765062D-03 -0.488584325558D-05 -0.398291068736D-02 -0.151538924614D-02
 -0.108844880421D-01 -0.346483067477D-03  0.637287497500D-03 -0.592954415551D-02
 -0.694308905117D-03 -0.318247681668D-03  0.449060224799D+00 -0.771677199314D-03
 -0.627037161236D-03  0.170265099661D-03 -0.134779942732D-03 -0.235100633921D-03
 -0.539571868008D-03 -0.743808339381D-03 -0.811237362199D-04 -0.198591426481D-03
 -0.424538039392D-03 -0.394630691579D-03 -0.404968166552D-03 -0.401653399055D-03
  0.372746495794D+00 -0.451611682238D-02 -0.762631403201D-03 -0.494315541487D-02
  0.212514441352D-02 -0.519460578488D-03 -0.123004115823D-02 -0.326027407122D-02
 -0.144898157642D-02  0.287721085553D-02 -0.113957991860D-02 -0.135883787081D-02
 -0.217215357870D-01 -0.121683381465D-02 -0.626366112821D-04  0.930775952740D-01
 -0.107204431955D-01 -0.298287478275D-02 -0.441230652691D-03  0.289529035190D-04
 -0.392330038023D-02 -0.130661781476D-02 -0.106945040539D-01 -0.284761912597D-03
  0.515936296648D-03 -0.581839618233D-02 -0.604853920028D-03 -0.536056178052D-03
 -0.560217613487D-02 -0.380936258869D-03 -0.102963434080D-02  0.450308284397D+00
 -0.210137354535D-02 -0.214679297878D-02 -0.358145042360D-03 -0.182379352093D-03
 -0.194140252988D-03 -0.217148185417D-02 -0.171269332210D-02 -0.156533442422D-03
  0.184720232844D-03 -0.613385690780D-03 -0.106279283567D-02 -0.170160216100D-04
 -0.389274264270D-03 -0.114247333762D-03 -0.412203860336D-03 -0.361467946376D-03
  0.372923254107D+00  0.354691764272D-03  0.156652668384D-02  0.235597422392D-03
 -0.744612500051D-03 -0.114472945811D-02 -0.502815799673D-03 -0.170277205558D-02
 -0.186020114526D-02  0.347599042421D-02 -0.152480185257D-02  0.246004419462D-03
 -0.604418254325D-02 -0.124706872575D-02 -0.210211129163D-03  0.260656982284D-01
 -0.134181360008D-02 -0.991157184728D-05  0.890388322883D-01 -0.133058739138D-01
 -0.466426005146D-02 -0.590010780252D-03 -0.777378294133D-04 -0.441147114386D-02
 -0.293073158732D-02 -0.129651823321D-01 -0.123346941269D-03  0.601076183009D-03
 -0.660340547939D-02 -0.108069732239D-02 -0.569758763579D-03 -0.617800327786D-02
 -0.373119340671D-03 -0.171724261117D-02 -0.609113326584D-02 -0.522387497587D-03
 -0.113181223565D-02  0.451980084392D+00 -0.178722808704D-02 -0.189737769127D-02
 -0.142245104246D-03 -0.194036786459D-03 -0.140429772630D-03 -0.194032903491D-02
 -0.144391579184D-02 -0.298539890898D-04 -0.167866778244D-04 -0.453966851880D-03
 -0.891672426081D-03 -0.721197740531D-04 -0.254682391645D-03 -0.761813247809D-04
 -0.498011152449D-03 -0.234365945631D-03 -0.258677724629D-03  0.598613252987D-04
 -0.366538240201D-03  0.372983541014D+00  0.135704445335D-02 -0.862249354623D-03
  0.889977837131D-02 -0.373910165298D-02 -0.774838088490D-03 -0.673296775655D-03
 -0.859281272571D-03  0.172818992219D-02 -0.184791051787D-03 -0.626192512283D-03
  0.117041847329D-02  0.397329344499D-03 -0.321714324106D-03  0.910496531225D-04
 -0.450774633443D-02 -0.519240655865D-03  0.252374344985D-03  0.259369000052D-01
  0.987953613013D-04  0.475600408498D-03  0.981978691066D-01  0.314205981528D-03
  0.293502640261D-03  0.700081004851D-04 -0.136492522193D-04 -0.146627918299D-04
  0.326852262158D-03  0.197583366623D-03 -0.659564359538D-04  0.718637210157D-04
  0.260153584801D-04  0.156536941891D-03 -0.412443599596D-04 -0.327540183572D-05
  0.194352346054D-05  0.728268742070D-04 -0.818828751951D-05  0.452290040444D-04
  0.140671821907D-03  0.376142079906D-04  0.418967726725D-04  0.656670055418D-04
  0.931533593684D-02 -0.104695326504D-01 -0.239784110285D-02 -0.159769402780D-03
 -0.728428206961D-05 -0.415559610016D-02 -0.365037287386D-03 -0.106536850562D-01
 -0.473823051271D-03  0.666523740248D-03 -0.606847711954D-02 -0.331307386491D-03
 -0.120388095902D-02 -0.597962540708D-02 -0.429494612323D-03 -0.855541345148D-03
 -0.588647230694D-02 -0.284833070185D-03 -0.170285144241D-02 -0.634437309154D-02
 -0.150901295804D-03 -0.655367038479D-03 -0.303010624583D-04  0.435611149338D+00
 -0.131132747037D-01 -0.439093102561D-02 -0.531501269168D-03 -0.766330029726D-04
 -0.452875296241D-02 -0.244400266790D-02 -0.128622415457D-01 -0.442004634798D-03
  0.684353609003D-03 -0.679761633173D-02 -0.116070849497D-02 -0.915821275063D-03
 -0.647609211828D-02 -0.470985164473D-03 -0.100198514854D-02 -0.636577680367D-02
 -0.537761109083D-03 -0.132279457045D-02 -0.703921399490D-02 -0.365082194458D-03
 -0.453605448476D-03  0.191230500515D-04 -0.671056900189D-02  0.430271771424D+00
 -0.144141313242D-01 -0.522352841151D-02 -0.743773181775D-03  0.404511624602D-04
 -0.457976847087D-02 -0.386548581971D-02 -0.137556421265D-01  0.620014578449D-04
 -0.367172242732D-03 -0.697668558899D-02 -0.185864558240D-02 -0.548155773663D-04
 -0.655007899460D-02 -0.492238909049D-03 -0.127983226597D-02 -0.642083682930D-02
 -0.737864919892D-03 -0.201742144135D-02 -0.727866293343D-02 -0.538260134213D-03
 -0.103990389676D-02  0.801621644307D-05 -0.676005606385D-02 -0.755100487398D-02
  0.428121039731D+00 -0.160810903137D-01 -0.169215676332D-01 -0.282443844550D-02
 -0.595124506131D-03 -0.381122650388D-03 -0.164472705447D-01 -0.120184281330D-01
 -0.575416986934D-04 -0.171122250172D-04 -0.317356661462D-02 -0.763699186151D-02
  0.104056855018D-02 -0.141590819429D-02 -0.470361191298D-03 -0.173523250080D-02
 -0.122261289651D-02 -0.224781566440D-02 -0.128148577687D-03 -0.294999261938D-02
 -0.200013860958D-02 -0.275590983178D-03  0.348405927607D-03 -0.214875887886D-03
 -0.238595235668D-02 -0.372809215156D-02  0.315129703769D+00  0.416597618930D-02
  0.527693520273D-02  0.243487923960D-02  0.671430186623D-04 -0.428467943282D-03
  0.572727696307D-02  0.273090103262D-02  0.515558673541D-03 -0.201944994891D-02
  0.424454017133D-03  0.262915211522D-02 -0.691331251602D-03 -0.241402082005D-03
  0.136394036840D-03  0.381929532677D-03 -0.289499386716D-03  0.757064052437D-03
 -0.406034953052D-03  0.302910465736D-03  0.711066009255D-03  0.374533170378D-04
 -0.138074220499D-03 -0.734091042989D-03  0.321937760750D-04  0.646090015273D-03
  0.629938347019D-02  0.324024787079D+00  0.603629426829D-02  0.665253074395D-02
  0.914067158101D-03  0.162209455021D-03 -0.956924499864D-04  0.645631733599D-02
  0.429250170496D-02 -0.248638109573D-03  0.501177186858D-03  0.866620913773D-03
  0.293973593986D-02 -0.520905890348D-03  0.184263483373D-03  0.117123720006D-03
  0.626583119705D-03  0.112001880943D-03  0.859018678678D-03  0.162115031371D-03
  0.827648651173D-03  0.778421154022D-03  0.298868272312D-03 -0.133922401923D-03
 -0.342999889951D-03  0.520617726013D-03  0.984182274704D-03  0.696113902953D-02
 -0.259194712670D-02  0.320068307749D+00 -0.248505658852D-02 -0.125561210743D-02
  0.409090896385D-03 -0.213682488236D-03 -0.789766536110D-03 -0.135930195115D-02
 -0.236214705827D-02  0.168704407789D-03 -0.907404949382D-03 -0.117464186004D-02
 -0.786309787560D-03 -0.339972961694D-03 -0.110764365427D-02 -0.153349430526D-03
 -0.445616666428D-03 -0.106834581434D-02 -0.236238433365D-03 -0.562345534650D-03
 -0.111324970121D-02 -0.148699180617D-03  0.269524343270D-03 -0.319159164792D-05
 -0.117783245623D-02 -0.128540930043D-02 -0.119859825549D-02 -0.113944190569D-02
  0.398548912305D-03  0.294692319628D-03  0.338961866107D+00  0.204443160171D-02
  0.347516282698D-02  0.610357120874D-03  0.193484688501D-03 -0.453084555236D-03
  0.306173230304D-02  0.120397063575D-02  0.232049256973D-03 -0.763490620194D-03
 -0.420441535396D-04  0.135811110151D-02  0.402141483263D-03 -0.404306300719D-03
  0.340221407004D-04  0.368791109430D-03 -0.430071955141D-03  0.387374990746D-03
 -0.292333325932D-03 -0.130789562235D-03  0.369262947883D-03 -0.338481103141D-03
 -0.952428322381D-04 -0.757986779504D-03 -0.339223505089D-03  0.169340586178D-03
  0.349244834064D-02 -0.123473928665D-02 -0.148487476357D-02  0.198372272544D-03
  0.341742610564D+00 -0.406921785372D-02 -0.655141060870D-02  0.723632686262D-02
 -0.138157573107D-02 -0.499978256491D-03 -0.288607681532D-02 -0.374669166877D-02
  0.148303477607D-02 -0.880421279475D-02 -0.109266884275D-02 -0.156999816738D-02
 -0.110360842817D-02 -0.946914175305D-03 -0.180059335792D-03 -0.193006236836D-02
 -0.871035663014D-03 -0.474244541963D-03  0.239113631664D-03 -0.914308687780D-03
 -0.293172040635D-03  0.247180200418D-02  0.673927222132D-04 -0.904768188281D-03
 -0.114104819340D-02 -0.133415950677D-02 -0.266636597956D-02  0.161354751903D-02
  0.819281120544D-03 -0.243642986361D-03  0.478455546794D-03  0.139424526638D-01
  0.787136250839D-02  0.191742206487D-01  0.359336617852D-02  0.984419583850D-03
 -0.467382939089D-02  0.208165169169D-01  0.242809412674D-02 -0.307696869083D-03
 -0.850676869022D-03 -0.360137184863D-02  0.898145980592D-02 -0.134826800162D-02
 -0.584569408405D-02 -0.679371233492D-04  0.183048743732D-02 -0.594708921212D-02
  0.241300088945D-02 -0.276560993137D-02 -0.434375447488D-02  0.228054452935D-02
 -0.206987447309D-02 -0.551000276374D-03 -0.804202329923D-02 -0.571483386698D-02
 -0.354164329681D-02  0.227645585193D-01 -0.905736474443D-02 -0.972233205484D-02
 -0.102046393148D-03 -0.529266321359D-02  0.218102668510D-02  0.589368802420D+00
  0.491139962695D-02 -0.469353031512D-03 -0.741023184768D-02  0.172803214568D-02
  0.391197344781D-02 -0.287023149549D-02  0.703444196941D-02 -0.200384989183D-02
  0.501076804022D-02  0.381495172180D-02 -0.291989662336D-02  0.464247226165D-02
  0.404598469342D-02 -0.210176709928D-03  0.605566563357D-02  0.413580873225D-02
 -0.714648913972D-03 -0.632261833457D-03  0.354416157281D-02 -0.888710300432D-03
 -0.798583405945D-02 -0.688331230148D-05  0.456687045321D-02  0.399623410429D-02
  0.415152329691D-02 -0.375809959240D-02  0.121894726804D-02  0.154083408621D-02
 -0.357019683384D-03  0.132776550045D-02 -0.418153946123D-02  0.120617958881D-01
  0.413935602824D+00 -0.881438610231D-02 -0.653447638055D-02  0.144993220521D-01
 -0.703127245384D-03 -0.186551946023D-02 -0.213678478634D-02 -0.750512826189D-02
  0.687072298686D-02 -0.242851288053D-01 -0.191667330537D-02 -0.136120375728D-02
  0.140190238032D-02 -0.231489638716D-02  0.114012619245D-03 -0.232896983197D-02
 -0.215064665562D-02 -0.445321865681D-03 -0.547392310533D-02 -0.261883092861D-02
 -0.178785948089D-03 -0.255076275203D-02 -0.199517028280D-03 -0.262722391755D-02
 -0.282059362104D-02 -0.506246810403D-03 -0.796051143836D-03  0.244529962341D-02
 -0.511892185808D-03  0.119788383778D-02  0.161053965068D-02  0.761719002334D-02
  0.101095511810D-02 -0.169151080812D-02  0.511917529084D-01 -0.575453031686D-02
  0.374435260266D-02  0.631368547313D-03  0.217122759620D-03 -0.469214657866D-02
  0.580437294471D-02 -0.767905389241D-02 -0.782693960474D-03  0.835064374286D-03
 -0.605268395309D-02  0.226847627928D-02 -0.976138497564D-03 -0.660793362325D-02
 -0.440701046587D-03 -0.353639337354D-03 -0.656610896136D-02  0.442462906890D-03
 -0.182544424788D-02 -0.644858062091D-02  0.515254754150D-03 -0.622810103349D-03
 -0.185392769101D-03 -0.761630849140D-02 -0.724690054218D-02 -0.668150408255D-02
  0.650620109517D-02 -0.335224950468D-02 -0.314779076713D-02 -0.115234628607D-02
 -0.223282144089D-02 -0.354824877107D-03 -0.183530705238D-01  0.745087369752D-02
 -0.257466775315D-02  0.413400108191D+00  0.421258250865D-02 -0.168827566060D-02
 -0.300685932849D-02  0.122975545390D-03  0.254156587878D-02 -0.103216211520D-02
  0.450538379714D-02 -0.213430047825D-02  0.501391267205D-02  0.246747871533D-02
 -0.425861653835D-03  0.226443905051D-02  0.289310643025D-02  0.394446038082D-04
  0.583555848081D-03  0.283168831265D-02 -0.103728926633D-03  0.274336766621D-02
  0.263705172025D-02 -0.271044452070D-03 -0.293029799169D-03  0.160500294854D-03
  0.333887174127D-02  0.303256460398D-02  0.188913741542D-02 -0.209211084621D-02
  0.419409714775D-03  0.127844899572D-02 -0.440854901459D-03  0.968459709629D-04
 -0.900956083038D-03  0.649122785235D-02 -0.399843237158D-03 -0.786338817756D-02
  0.518591989407D-02  0.402810059977D+00 -0.848095796695D-02 -0.713710579844D-02
  0.245696414911D-02 -0.180365047318D-03 -0.130878886087D-02 -0.277921519280D-02
 -0.706414929709D-02  0.499018751655D-03 -0.352976646938D-02 -0.303079613971D-02
 -0.194224776091D-02 -0.195818630513D-02 -0.278718461388D-02 -0.302189964994D-03
 -0.507969207992D-03 -0.263567868907D-02 -0.682274875702D-03 -0.292599006964D-02
 -0.343665827926D-02 -0.606192264132D-03 -0.215083490785D-02  0.231069922766D-04
 -0.256170755697D-02 -0.337838448590D-02 -0.360117079522D-02 -0.334406337340D-02
  0.104820960095D-02  0.101057212311D-02 -0.941450350268D-03  0.250081193237D-03
  0.395403090263D-03  0.158291695608D-02  0.283255828251D-02  0.208059984417D-02
 -0.161417972363D-02  0.166070217890D-02  0.456386534588D+00 -0.271659955891D-02
 -0.127832350421D-01  0.157063735882D-01 -0.336208272261D-02  0.102450891515D-02
 -0.152057182183D-02 -0.226580525515D-02  0.241858843850D-02 -0.123884803420D-01
  0.845099825908D-03 -0.110179662629D-04 -0.107625453811D-01  0.100387136973D-02
  0.298003600827D-03 -0.631405909299D-02  0.104444882617D-02 -0.427859308843D-04
 -0.149956604812D-03  0.125171070978D-02  0.726687737337D-04  0.778482680187D-02
  0.271675746131D-03  0.182162402289D-02  0.155025492704D-02 -0.501834021770D-03
 -0.252607397269D-02  0.194570324438D-02  0.129768236315D-02 -0.703710615911D-04
 -0.470451183391D-03  0.806068900752D-02  0.348039829846D-02 -0.113318186377D-01
  0.380299805686D-02  0.248732598674D-02  0.123000074150D-02  0.343851507894D-02
  0.436055319745D+00 -0.663953531357D-02 -0.142064644523D-01  0.227191977067D-01
 -0.353511967586D-02 -0.253171628784D-02 -0.547604317005D-03 -0.923758388864D-02
  0.266948770967D-02 -0.279017236864D-01 -0.301830850193D-02  0.123353198821D-02
 -0.453290427224D-02 -0.281616995300D-02  0.492938241062D-04 -0.414937550397D-02
 -0.285487864059D-02  0.199251604875D-03 -0.417300276277D-02 -0.217247632823D-02
  0.467732599539D-03 -0.143686882051D-01  0.395984040274D-03 -0.317432359241D-02
 -0.268119284908D-02 -0.444029509707D-02  0.287737813158D-03  0.194076168457D-02
 -0.128554770947D-03 -0.387290998895D-03 -0.933747709470D-03  0.158402067473D-01
 -0.609596695170D-02 -0.152843378169D-01  0.173280649637D-01 -0.470053169112D-02
  0.360413626489D-02  0.133711690853D-02  0.382253889616D-01  0.151343808261D+00
 -0.141868345383D-02 -0.564126792051D-02  0.173181227538D-01 -0.138623395220D-02
 -0.482000711367D-04  0.409492780944D-02 -0.167166098159D-02  0.476657672365D-02
 -0.209367786482D-01  0.862231560964D-03  0.264691998061D-02 -0.319550727805D-02
  0.283558796295D-03  0.631632288591D-03 -0.718151766102D-03  0.279800538096D-03
  0.683765659085D-03 -0.554026061930D-03  0.415827177110D-03  0.673027081787D-03
 -0.148180776918D-02  0.179682023325D-04  0.368670617748D-03  0.810272300284D-03
  0.976640803414D-03  0.420089624406D-02  0.380025003388D-03 -0.167935048606D-02
  0.114383843726D-02 -0.572266695805D-03  0.111445185554D-01 -0.396156077716D-02
 -0.494816888053D-02  0.185295359736D-01 -0.991568177203D-03 -0.151643320215D-02
  0.498017357839D-02  0.190587048525D-01  0.413506020582D-01  0.404842570453D-01
  0.829720882464D-02  0.104634318150D-01  0.827909454661D-02 -0.568596351260D-03
 -0.214403524976D-02  0.158779127382D-01  0.392197346485D-02 -0.769837549423D-04
 -0.450068964047D-02 -0.120918723211D-02  0.697963891096D-02 -0.352586126329D-02
 -0.283967129796D-02  0.286027550545D-04 -0.592216503933D-03 -0.293687479555D-02
  0.188478337002D-02 -0.656435154042D-03 -0.149200544761D-02  0.177968113960D-02
  0.165369983870D-02 -0.293754382279D-03 -0.424879234610D-02 -0.247811487778D-02
 -0.177857925574D-02  0.168916159993D-01 -0.637571400408D-02 -0.702018703373D-02
 -0.225254165140D-03 -0.433942141297D-02  0.474952338541D-02 -0.281459310056D-01
  0.457187687662D-02  0.850666699140D-03 -0.116941787213D-01  0.644826507780D-02
  0.330656245033D-02  0.131067077309D-01  0.124286767388D-01  0.453135285161D-02
  0.574987892699D+00 -0.238815741183D-01 -0.361679552021D-01 -0.217799799806D-02
 -0.229705917297D-02  0.303661513679D-02 -0.323889702544D-01 -0.159457607441D-01
 -0.226228064034D-03 -0.928331272298D-03 -0.168148592414D-02 -0.146851687391D-01
  0.411535453550D-03  0.199978100151D-02 -0.625160399004D-03 -0.622859735792D-02
  0.228803519428D-02 -0.426097074254D-02  0.187427652696D-02 -0.900150465780D-03
 -0.390905709803D-02  0.394067656551D-02  0.838575071585D-03  0.487374870680D-02
  0.517583467598D-03 -0.320901222018D-02 -0.356305212151D-01  0.131446467056D-01
  0.146112386031D-01 -0.201767064496D-02  0.693421150476D-02 -0.293649344139D-02
  0.521319966930D-01 -0.127283269986D-01 -0.393273394918D-02  0.197946114160D-01
 -0.299735013070D-02 -0.300672711207D-02  0.292393241503D-02  0.137544296648D-01
  0.121085784299D-01  0.421848609640D-01  0.348070727009D+00  0.203703199156D-01
  0.270902128888D-01  0.701535983771D-02  0.349947225503D-03 -0.327554086054D-02
  0.296993908032D-01  0.120887519209D-01 -0.123092549328D-02 -0.110864954053D-02
 -0.651419504597D-03  0.127158704545D-01 -0.244729734476D-02 -0.382437812961D-02
 -0.220437973906D-05  0.975072479535D-03 -0.404026637490D-02  0.356071582656D-02
 -0.208251279271D-02 -0.107569199615D-02  0.333238924659D-02  0.299048475582D-03
 -0.678630164993D-03 -0.671170899592D-02 -0.307303995324D-02 -0.754664181519D-03
  0.322529096452D-01 -0.124424286576D-01 -0.134291852679D-01  0.851774011036D-04
 -0.750502443112D-02  0.418421899448D-02 -0.513881437720D-01  0.109432437451D-01
 -0.417575640501D-03 -0.206982131856D-01  0.912840226609D-02  0.421657492699D-02
  0.100145736852D-01  0.168336736150D-02 -0.261490695915D-02 -0.347345473368D-01
  0.733974809070D-01  0.503452937350D+00 -0.135788486740D-02 -0.162543354934D-01
  0.162426674511D-01 -0.486882731058D-02  0.152621604046D-02 -0.564031527612D-02
 -0.125943379097D-02  0.711218523386D-03 -0.122589992723D-01  0.289154873835D-03
 -0.380212737809D-02 -0.128350912498D-01  0.588689798257D-03 -0.635255324390D-03
 -0.792612980421D-02  0.770729098636D-03 -0.103719730885D-02 -0.139456177369D-02
  0.150327223416D-02 -0.625901297768D-03  0.105493989920D-01  0.270669466768D-03
  0.104985040279D-02  0.622183618790D-03 -0.159710443457D-02 -0.598582812811D-02
  0.293467716576D-02  0.213994456383D-02 -0.148864985709D-02 -0.148415360943D-03
  0.553019579093D-02  0.559990030074D-02 -0.147590987630D-01  0.355214064451D-02
  0.199784587241D-02  0.179088406260D-02  0.237285800897D-02  0.277007466021D-01
  0.366551644767D-01  0.236673469258D-01  0.146377105663D-01 -0.218537628038D-02
  0.111511022833D-01  0.443704963870D+00 -0.458192026655D-02 -0.334011013228D-02
  0.415306157947D-02  0.917856261944D-03 -0.157234791753D-02 -0.126395761747D-02
 -0.563195723634D-02 -0.172236587543D-02 -0.129216573118D-01 -0.241103859673D-02
 -0.560869496322D-03  0.321086797757D-01 -0.195324040931D-02 -0.357876097885D-03
 -0.168417780633D-02 -0.205874265543D-02 -0.280858877823D-03  0.528565839541D-02
 -0.246152681619D-02 -0.293007137119D-03 -0.103231850811D-01  0.187214983884D-03
 -0.261906876762D-02 -0.233528895147D-02 -0.233133584352D-02 -0.466880791647D-03
  0.101722055380D-02 -0.108661690579D-05 -0.647145606515D-03  0.534125145647D-03
  0.654302298646D-02 -0.817807380878D-03  0.193540258852D-02  0.123584516503D-01
 -0.223653619009D-02  0.377650885762D-02 -0.254668010094D-03  0.384564803773D-02
  0.426911250025D-01  0.188288323733D-01  0.396904823964D-02  0.131294662453D-02
  0.167120037246D-02  0.493977933979D-03  0.129418740397D+00 -0.126351927340D-01
 -0.432642912639D-02 -0.103295247127D-03 -0.281904081922D-05 -0.448431426298D-02
 -0.112801177406D-02 -0.125577812280D-01 -0.721305945793D-03  0.553781340781D-03
 -0.699481557138D-02 -0.834519996853D-03 -0.105162233674D-02 -0.677090046858D-02
 -0.541329284812D-03 -0.747201022083D-03 -0.664939430504D-02 -0.478353344079D-03
 -0.169398547922D-02 -0.737223787504D-02 -0.342088756077D-03 -0.111171608296D-02
 -0.810671327668D-05 -0.709779812720D-02 -0.772654375416D-02 -0.794454298073D-02
 -0.121400243985D-02 -0.535822282925D-03 -0.888772626984D-07 -0.157762887653D-02
 -0.747583410893D-03 -0.993445706748D-03 -0.757593534839D-02  0.578485108327D-02
 -0.331091714394D-02 -0.798415910530D-02  0.456461675787D-02 -0.237616527578D-02
  0.268214172805D-02 -0.254428716466D-02  0.134751650621D-02 -0.304512526020D-02
  0.443856370300D-02 -0.518373609609D-02  0.171434646446D-02 -0.178141581020D-02
  0.604065767278D+00 -0.156647803535D-01 -0.287262526285D-02 -0.166375997670D-02
  0.383633042622D-03 -0.605843429635D-02 -0.147067702066D-02 -0.157229483743D-01
 -0.411151305045D-03  0.103279131389D-02 -0.880911152082D-02 -0.833787673092D-03
  0.463194456006D-03 -0.858043448332D-02 -0.605998317355D-03 -0.959039531276D-03
 -0.845443435879D-02 -0.512826450651D-03 -0.236875706432D-02 -0.928780862470D-02
 -0.322812997691D-03 -0.174446728479D-02 -0.646295054051D-04 -0.915306174008D-02
 -0.978165279490D-02 -0.948043992539D-02 -0.111436057509D-02 -0.708133069552D-03
 -0.203950994764D-03 -0.152641908950D-02 -0.612750596556D-03 -0.185526000058D-02
 -0.991249015103D-02  0.744656148895D-02 -0.215361063770D-02 -0.104602264938D-01
  0.375579984905D-02 -0.416488561140D-02 -0.117856213815D-02 -0.803709889540D-02
 -0.919603372476D-03 -0.638372076789D-02  0.382343386786D-02 -0.822439241404D-02
 -0.194734795317D-02 -0.302380856479D-02 -0.104135227487D-01  0.617842011028D+00
 -0.217912578700D-01 -0.659826414163D-02 -0.404718739638D-02  0.460501198813D-03
 -0.707485342705D-02 -0.593689806237D-02 -0.209259818089D-01 -0.638768517287D-03
  0.305334150176D-02 -0.106986910896D-01 -0.244795697166D-02  0.107793050136D-02
 -0.989715146316D-02 -0.675402637360D-03 -0.123556598195D-02 -0.974893808292D-02
 -0.102729001818D-02 -0.155312981732D-02 -0.111464210448D-01 -0.781302153791D-03
 -0.159559247820D-02  0.463182758553D-04 -0.101786835311D-01 -0.114095432700D-01
 -0.115433007931D-01 -0.588746977327D-02  0.771550067717D-03  0.174807675554D-02
 -0.181029611795D-02  0.247582220083D-03 -0.309431431595D-02 -0.506212548786D-02
  0.712633768108D-02 -0.467154932649D-02 -0.980127744251D-02  0.358130945638D-02
 -0.632162833397D-02 -0.310012450776D-02 -0.978421146135D-02 -0.221470266050D-02
 -0.300597459466D-02 -0.563616716717D-02 -0.262086578363D-03 -0.337324859529D-02
 -0.415539908293D-02 -0.120469450755D-01 -0.142776851112D-01  0.603323383122D+00
 -0.122149298493D-01  0.573630507559D-03 -0.138258706417D-02  0.413252464048D-03
 -0.596428049494D-02  0.167549359664D-02 -0.132712808798D-01 -0.504567654649D-03
  0.175037373943D-02 -0.810531341646D-02  0.931559810098D-03  0.519048010437D-03
 -0.813183207355D-02 -0.455326759718D-03 -0.132021812338D-02 -0.807712138233D-02
 -0.326223508284D-05 -0.177683879277D-02 -0.855879195234D-02  0.123149525224D-03
 -0.959611574041D-03 -0.103581004881D-03 -0.892708817788D-02 -0.912978500526D-02
 -0.872139710102D-02  0.221024985312D-02 -0.193742435444D-02 -0.141826336210D-02
 -0.125447949133D-02 -0.131385322240D-02 -0.121231572369D-02 -0.141132904351D-01
  0.754006806780D-02 -0.322713304667D-02 -0.114064075060D-01  0.445366369683D-02
 -0.377593780546D-02 -0.187631443590D-03 -0.649685006895D-02 -0.221705985671D-02
 -0.912187428065D-02  0.108838536623D-01 -0.136804746687D-01  0.535697005033D-03
 -0.273328347927D-02 -0.998441575274D-02 -0.122811150214D-01 -0.130015316947D-01
  0.613245231100D+00 -0.185947528862D-01 -0.109893468571D-01 -0.869548859762D-03
 -0.687389472411D-03 -0.481923071347D-02 -0.792205633209D-02 -0.173855226843D-01
 -0.841317244971D-03  0.109633983394D-02 -0.838599727256D-02 -0.368750273387D-02
 -0.115293447370D-02 -0.737945468276D-02 -0.730781540794D-03 -0.299979224276D-02
 -0.721559422954D-02 -0.131986164735D-02 -0.106335496978D-02 -0.845643167010D-02
 -0.105244779631D-02  0.103630674645D-02  0.161985107272D-03 -0.729643856017D-02
 -0.872328828415D-02 -0.967178335234D-02 -0.835474762095D-02  0.197052022697D-02
  0.288273353028D-02 -0.204082880949D-02  0.553000660194D-03 -0.188646021512D-02
  0.102360130844D-02  0.248575160980D-02 -0.495512101770D-02 -0.559021564753D-02
  0.393374073162D-02 -0.442763672190D-02  0.322597843603D-02  0.192770336887D-04
  0.311659042061D-02  0.398135403106D-02 -0.921906210569D-02  0.772879519038D-02
  0.924918868521D-03 -0.284844666645D-02 -0.841315162879D-02 -0.112260355980D-01
 -0.145590465323D-01 -0.916455472659D-02  0.625118431197D+00 -0.197079637252D-01
 -0.184368977818D-01  0.712412310437D-02 -0.168825889320D-02 -0.298683931530D-02
 -0.835881814187D-02 -0.169816646474D-01  0.114856626085D-02 -0.609529611005D-02
 -0.631383336482D-02 -0.351788685766D-02 -0.693017334824D-02 -0.527882784978D-02
 -0.266915241314D-03 -0.443508129592D-02 -0.507314270412D-02 -0.127977630108D-02
 -0.215612741548D-02 -0.661888757230D-02 -0.109058531677D-02  0.224877983074D-02
  0.297081089133D-03 -0.430719037648D-02 -0.608989828072D-02 -0.805162554785D-02
 -0.998750101665D-02  0.335912495177D-02  0.384754837237D-02 -0.161151791789D-02
  0.658521597888D-03  0.272838174812D-02  0.673948538883D-02 -0.152823770416D-02
 -0.145049909796D-02 -0.135453929051D-02  0.360229473737D-02 -0.474703589325D-03
  0.153018182073D-01  0.169034873446D-01  0.120304561079D-01  0.129934721826D-01
 -0.103556348118D-01  0.171002602228D-01  0.165064125791D-01 -0.919044259097D-03
 -0.445054160296D-02 -0.908700963505D-02 -0.140861393213D-01 -0.709988792116D-02
 -0.811174746179D-02  0.611258081690D+00 -0.278249782248D-02  0.188911677017D-02
 -0.291083333450D-02  0.488293071305D-03 -0.160860661608D-02  0.105870440271D-03
 -0.305620761533D-02 -0.467320937880D-03  0.303409937859D-02 -0.190234618781D-02
  0.353344412086D-03  0.105449265281D-02 -0.185258141995D-02 -0.474773262083D-04
  0.395001651450D-03 -0.186708775493D-02  0.571903494108D-04  0.130520957982D-03
 -0.196432132130D-02  0.723221139642D-04 -0.731418109141D-03 -0.208023827762D-04
 -0.203374855260D-02 -0.201384153754D-02 -0.186150995461D-02  0.327919781230D-03
 -0.514650850345D-03 -0.179929533289D-03 -0.102769652012D-03 -0.155079182513D-03
 -0.140530064198D-02 -0.303951358931D-02  0.199658574530D-02 -0.262099872950D-02
 -0.257080417096D-02  0.429385654168D-03 -0.204699718489D-02 -0.336477980466D-02
 -0.577096607613D-02 -0.391697783398D-02 -0.337738324459D-02  0.579591807611D-03
 -0.324130165361D-02 -0.266532525102D-02 -0.192104028878D-02 -0.265430616002D-02
 -0.251494073713D-02 -0.237531017134D-02 -0.253256235699D-02 -0.244024014369D-02
 -0.424480361040D-02  0.434219717344D+00 -0.864038614215D-02 -0.155610148951D-01
  0.915688352881D-03 -0.129371667595D-02  0.172308557251D-02 -0.125532139449D-01
 -0.560743506863D-02  0.306123345499D-04 -0.118475133544D-02  0.126782095177D-03
 -0.516527919854D-02 -0.996937317602D-03  0.166532289919D-02 -0.443771109439D-04
 -0.289848041335D-02  0.173500448625D-02 -0.150429857056D-02  0.203008962526D-02
  0.528731997827D-03 -0.141022469707D-02  0.255910728518D-02  0.416685919173D-03
  0.301624281364D-02  0.132922137099D-02 -0.705817137244D-03 -0.141583047556D-01
  0.538218441910D-02  0.604533504513D-02 -0.618344868705D-03  0.259726071245D-02
  0.408884017352D-03  0.216491014312D-01 -0.729235282655D-02 -0.273324972308D-02
  0.915928216774D-02 -0.617490906337D-03 -0.592348521854D-03  0.562832098119D-02
  0.141518762807D-01  0.691476356295D-02  0.194729782667D-01 -0.269092735937D-01
  0.316311994222D-01  0.535554357715D-02  0.281470838237D-02  0.312597499964D-02
  0.221891746331D-02 -0.166320749947D-02  0.515844629816D-02 -0.181286597415D-02
 -0.113686062075D-02 -0.113563673602D-03  0.425877840154D+00 -0.402364802820D-02
 -0.324505643775D-02 -0.209114726486D-02 -0.574347796174D-04 -0.454057956211D-03
 -0.381341581402D-02 -0.340638481383D-02 -0.537283838038D-03  0.216558422405D-02
 -0.114792101914D-02 -0.135999903289D-02  0.113427180413D-02 -0.608595842452D-03
 -0.687457488417D-04 -0.653410275258D-03 -0.608538480327D-03 -0.426128502200D-03
  0.119468550827D-02 -0.102615892938D-02 -0.392624560101D-03  0.520284871139D-03
  0.119945970060D-03 -0.351440450837D-03 -0.846487707519D-03 -0.139236045257D-02
 -0.414392542522D-02  0.126778873160D-02  0.175796699130D-02 -0.309476141844D-03
  0.693108876983D-03 -0.978122284408D-03  0.472611586567D-02 -0.869179710224D-03
 -0.312426935642D-02  0.123766504223D-02  0.360694102359D-03 -0.162852958759D-02
 -0.861282979024D-03  0.491493075875D-03 -0.785585577536D-03  0.377983286035D-02
 -0.783648892611D-02  0.767660066663D-02 -0.634900711449D-03  0.273990364473D-03
 -0.677633065222D-03 -0.836719055147D-03 -0.184962555320D-02  0.120799780407D-03
 -0.201666103419D-02 -0.327374895851D-02  0.190957847912D-03 -0.295096343421D-02
  0.434050502678D+00  0.435737975354D-03 -0.400320531556D-04 -0.637918963657D-02
  0.150595901990D-02  0.159478937929D-02  0.490355115141D-03  0.317727448927D-02
  0.977605476689D-03  0.588283784099D-02  0.199179808197D-02 -0.723008948233D-03
 -0.258845600705D-01  0.148134712410D-02  0.255677514627D-03  0.102853098856D-02
  0.173248754548D-02 -0.673711598172D-04 -0.272838592951D-01  0.153218485548D-02
 -0.174341070380D-03 -0.289949337827D-01 -0.147826081334D-03  0.237832703638D-02
  0.187672460493D-02  0.210391628223D-02 -0.475226321188D-03 -0.875306614451D-04
  0.175363447526D-03  0.346047424848D-03 -0.196438755688D-04 -0.492702475982D-02
  0.322982381965D-02  0.210267921432D-02 -0.451162052471D-02  0.230113844112D-02
 -0.311470453164D-02  0.223691914588D-02 -0.373429920613D-02 -0.114418800692D-01
 -0.817515548642D-02 -0.156097986533D-02 -0.471772043416D-02  0.102717789264D-02
 -0.302098832505D-02 -0.349563411364D-01  0.204273988371D-02  0.287683082697D-02
  0.293922032462D-02  0.231643973451D-02  0.108949378811D-02  0.102106721080D-02
  0.122422200011D-02 -0.358376994010D-02 -0.108575381787D-02  0.699043635091D-01
 -0.750256616841D-02 -0.823505554837D-02  0.679838986539D-02  0.568734101076D-03
 -0.155223905270D-02 -0.118032650815D-02 -0.745185392584D-02 -0.231377101371D-03
 -0.129366834969D-01 -0.239467271598D-02 -0.731007250705D-03 -0.185296809713D-01
 -0.238809637972D-02 -0.592956527807D-04  0.346271389249D-01 -0.222436358934D-02
 -0.302629565275D-03  0.172301084666D-01 -0.258343327395D-02 -0.279359308307D-03
 -0.179668624951D-01  0.269321082704D-03 -0.222908171432D-02 -0.211195572315D-02
 -0.320145597167D-02 -0.125213282003D-02  0.138219542694D-02  0.402982198261D-03
 -0.668152308536D-03 -0.103413799668D-03  0.672076958184D-02 -0.113161245970D-02
 -0.132626176444D-02  0.822132173281D-02 -0.253144332046D-02  0.274131957415D-02
  0.872434193094D-03  0.137267942257D-01  0.527906161174D-01  0.223800599471D-01
  0.620196895606D-02  0.147644134394D-02  0.195638045548D-02  0.109120267303D-01
  0.263403839905D-01 -0.158050601417D-02 -0.465668083369D-02 -0.591560687735D-02
 -0.431859518551D-02 -0.260441277298D-02  0.507974575402D-02 -0.272191565770D-02
  0.471001302678D-02 -0.385414194152D-03 -0.403147388288D-02  0.804269318413D-01
 -0.131553221615D-02 -0.272114803597D-02  0.393651479449D-02  0.662395341881D-03
 -0.430625925511D-03  0.599449103589D-03 -0.166561823164D-02 -0.185293749782D-03
 -0.129725365016D-01 -0.563265317895D-03  0.199670431816D-03  0.320354239595D-01
 -0.449623470515D-03 -0.161027597260D-03 -0.307463448173D-01 -0.522651853793D-03
  0.363937969245D-04 -0.332352808426D-01 -0.543730711471D-03  0.101650941923D-05
 -0.315150680965D-01  0.432466386854D-04 -0.888475767322D-03 -0.713132804631D-03
 -0.305017108519D-03  0.125848662653D-02  0.521769124961D-03 -0.688862740418D-03
 -0.145875230222D-03  0.115799795164D-03  0.559125244379D-02 -0.142740450805D-02
 -0.581979120601D-03  0.127389649688D-01 -0.130711846490D-02  0.183418467722D-02
  0.177731797455D-02  0.704348358941D-02  0.460991241227D-01  0.166881433437D-01
  0.298602010561D-02  0.464203216494D-02  0.699585360870D-04  0.495831758525D-02
  0.428641100921D-01 -0.242152266265D-03 -0.104561221432D-02 -0.188051653837D-02
 -0.986527829399D-03 -0.131600348212D-03  0.350362130055D-02 -0.172351913809D-02
  0.374343292986D-02  0.211506257944D-03 -0.283767459653D-02  0.456153773284D-02
  0.896481908799D-01
$end
