$coord
   -6.38346704844596      1.60073575254159     -2.08713539603716      c
   -4.55388706465721      2.33490501346255     -0.01646602145260      c
   -4.66193158204730      4.24534421428350      1.24445964748155      o
   -2.73318507970627      0.54776106026570      0.25641648203309      o
   -0.87963798561530      1.10269388005706      2.20741404266555      c
    1.05071804005069     -1.02823480215194      2.18927277662216      c
    2.39209036736140     -1.44923467911655     -0.35418767601568      c
    3.68523367380342      0.96083392526244     -1.32021157507402      c
    4.32218567739068     -3.59767356074689     -0.08813523564469      c
   -7.85320970147997      3.04375998813896     -2.24730102679194      h
   -7.23450658605459     -0.23844073139199     -1.65199117450321      h
   -5.36760559161662      1.42079776707832     -3.88545504465058      h
   -0.02630818468933      2.94862724197032      1.81204160501437      h
   -1.85455717722512      1.22652274068147      4.03482084726305      h
    0.10923894017206     -2.79145070045460      2.76758217982397      h
    2.47059818528187     -0.59086665249979      3.65209988476961      h
    0.95910307486116     -2.02648329661027     -1.74808469960657      h
    5.00944635999941      1.70654016265764      0.10163103301678      h
    4.76718725567905      0.56641169187961     -3.04851567512764      h
    2.31509650537741      2.45334505927036     -1.76862293150518      h
    5.82022437284594     -3.07475243337754      1.25704559741560      h
    3.42305103640249     -5.33818178542789      0.60298673812936      h
    5.22412251231203     -4.02295985577206     -1.90966437782576      h
$user-defined bonds
$redundant
     number_of_atoms            23
     degrees_of_freedom         63
     internal_coordinates       63
     frozen_coordinates          0
# definitions of redundant internals
   1 k  1.0000000000000 stre    2    3           val=   2.29159
   2 k  0.7071068222540 bend    4    3    2      val=  -0.93410
       -0.7071067401191 bend    1    3    2
   3 k  1.0000000000000 outp    3    1    4    2 val=  -0.06865
   4 k  1.0000000000000 tors   10    1    2    4 val=  58.74884
        1.0000000000000 tors   11    1    2    4
        1.0000000000000 tors   12    1    2    4
   5 k  1.0000000000000 stre    1   10           val=   2.06594
   6 k  1.0000000000000 stre    1   11           val=   2.07273
   7 k  1.0000000000000 stre    1   12           val=   2.07324
   8 k  0.4352236035740 bend   11   10    1      val=   0.16389
        0.4306738298830 bend   12   10    1
        0.3593328622390 bend   12   11    1
       -0.3863033835187 bend    2   10    1
       -0.4161201111242 bend    2   11    1
       -0.4166462651472 bend    2   12    1
   9 k -0.2999034898090 bend   11   10    1      val=   0.23896
       -0.3340725085854 bend   12   10    1
        0.7210656212832 bend   12   11    1
       -0.4526347953568 bend    2   10    1
        0.2019886058223 bend    2   11    1
        0.1812185717901 bend    2   12    1
  10 k -0.6526342714630 bend   11   10    1      val=   0.05936
        0.6366552303476 bend   12   10    1
        0.0232020903673 bend   12   11    1
       -0.0111342667203 bend    2   10    1
       -0.2867120980351 bend    2   11    1
        0.2930400814403 bend    2   12    1
  11 k  0.2042985579505 bend   11   10    1      val=   1.17840
        0.2212731304235 bend   12   10    1
       -0.4321448076904 bend   12   11    1
       -0.6872113426931 bend    2   10    1
        0.3663008494731 bend    2   11    1
        0.3407571339054 bend    2   12    1
  12 k  0.2930984972530 bend   11   10    1      val=   0.06347
       -0.2867769464704 bend   12   10    1
       -0.0069509772736 bend   12   11    1
       -0.0157671179706 bend    2   10    1
       -0.6359705204377 bend    2   11    1
        0.6535264592358 bend    2   12    1
  13 k  1.0000000000000 stre    5   13           val=   2.07170
  14 k  1.0000000000000 stre    5   14           val=   2.07490
  15 k  0.0700570816188 bend   14   13    5      val=   1.52060
        0.4952061035285 bend    4   13    5
        0.4967652901641 bend    4   14    5
       -0.5100732952798 bend    6   13    5
       -0.4928614412528 bend    6   14    5
  16 k  0.0133006678921 bend   14   13    5      val=   0.24075
       -0.4967639124382 bend    4   13    5
        0.4845322493441 bend    4   14    5
       -0.5046590283221 bend    6   13    5
        0.5134164703350 bend    6   14    5
  17 k -0.8873324231970 bend   14   13    5      val=   2.61176
        0.2563039881283 bend    4   13    5
        0.2647227973696 bend    4   14    5
        0.1868637660216 bend    6   13    5
        0.2048248273868 bend    6   14    5
  18 k -0.0028104985614 bend   14   13    5      val=   0.43795
       -0.5035420637995 bend    4   13    5
        0.5147633802553 bend    4   14    5
        0.4883597171682 bend    6   13    5
       -0.4929106816430 bend    6   14    5
  19 k  1.0000000000000 stre    6   15           val=   2.08081
  20 k  1.0000000000000 stre    6   16           val=   2.08500
  21 k  0.0242658225445 bend   16   15    6      val=   0.47472
        0.5072524844955 bend    5   15    6
        0.4903066003454 bend    5   16    6
       -0.5020034911962 bend    7   15    6
       -0.4996979280664 bend    7   16    6
  22 k  0.0284657804841 bend   16   15    6      val=   0.64575
       -0.4918305291724 bend    5   15    6
        0.4937015363453 bend    5   16    6
       -0.5122486550798 bend    7   15    6
        0.5011512130034 bend    7   16    6
  23 k  0.9092211092289 bend   16   15    6      val=   4.11216
       -0.2013322576573 bend    5   15    6
       -0.2365443264355 bend    5   16    6
       -0.1855761503529 bend    7   15    6
       -0.2058897049649 bend    7   16    6
  24 k -0.0065349650902 bend   16   15    6      val=   0.60285
        0.5045088776275 bend    5   15    6
       -0.5089850947397 bend    5   16    6
       -0.4857592250699 bend    7   15    6
        0.5004000751584 bend    7   16    6
  25 k  1.0000000000000 stre    7   17           val=   2.08077
  26 k  0.1976974239408 bend    9   17    7      val=   0.80775
       -0.7790328019838 bend    8   17    7
        0.5949988420161 bend    6   17    7
  27 k  0.7992452743624 bend    9   17    7      val=   1.34833
       -0.2233314483165 bend    8   17    7
       -0.5579695830439 bend    6   17    7
  28 k  1.0000000000000 tors   20    8    7    6 val=  53.91842
        1.0000000000000 tors   20    8    7    9
        1.0000000000000 tors   19    8    7    6
        1.0000000000000 tors   19    8    7    9
        1.0000000000000 tors   18    8    7    6
        1.0000000000000 tors   18    8    7    9
  29 k  1.0000000000000 stre    8   20           val=   2.07508
  30 k  1.0000000000000 stre    8   19           val=   2.07683
  31 k  1.0000000000000 stre    8   18           val=   2.08117
  32 k  0.4165418848040 bend   19   20    8      val=   1.45146
        0.4325340870045 bend   18   20    8
        0.4098729533829 bend   18   19    8
       -0.3971876237548 bend    7   20    8
       -0.3997313193899 bend    7   19    8
       -0.3922603060508 bend    7   18    8
  33 k -0.6774936147162 bend   19   20    8      val=   0.21732
        0.2403619843525 bend   18   20    8
        0.4353836440590 bend   18   19    8
       -0.2796121796805 bend    7   20    8
       -0.1520394143371 bend    7   19    8
        0.4386007825405 bend    7   18    8
  34 k  0.1288195126769 bend   19   20    8      val=   0.59020
       -0.6585654710272 bend   18   20    8
        0.5576699639085 bend   18   19    8
       -0.3133472095453 bend    7   20    8
        0.3690845400853 bend    7   19    8
       -0.0655087278071 bend    7   18    8
  35 k -0.4381413595657 bend   19   20    8      val=   0.44395
        0.1861574269841 bend   18   20    8
        0.2572053517475 bend   18   19    8
        0.3834538415893 bend    7   20    8
        0.3003282190928 bend    7   19    8
       -0.6855574962292 bend    7   18    8
  36 k -0.0281389433123 bend   19   20    8      val=  -0.30322
        0.3559906541846 bend   18   20    8
       -0.3347355992774 bend   18   19    8
       -0.5834716846445 bend    7   20    8
        0.6457816188861 bend    7   19    8
       -0.0543859035591 bend    7   18    8
  37 k  1.0000000000000 tors   23    9    7    6 val=  58.13851
        1.0000000000000 tors   23    9    7    8
        1.0000000000000 tors   22    9    7    6
        1.0000000000000 tors   22    9    7    8
        1.0000000000000 tors   21    9    7    6
        1.0000000000000 tors   21    9    7    8
  38 k  1.0000000000000 stre    9   23           val=   2.07661
  39 k  1.0000000000000 stre    9   22           val=   2.07737
  40 k  1.0000000000000 stre    9   21           val=   2.08016
  41 k  0.4251360010314 bend   22   23    9      val=   1.37634
        0.4141276656450 bend   21   23    9
        0.4178878225479 bend   21   22    9
       -0.3976448062157 bend    7   23    9
       -0.3965156929765 bend    7   22    9
       -0.3972169913959 bend    7   21    9
  42 k -0.6847584915021 bend   22   23    9      val=   0.25594
        0.3647583940917 bend   21   23    9
        0.3319811851445 bend   21   22    9
       -0.2099402755969 bend    7   23    9
       -0.2303085491642 bend    7   22    9
        0.4367249338308 bend    7   21    9
  43 k  0.0204066245714 bend   22   23    9      val=   0.07890
        0.6063472813804 bend   21   23    9
       -0.6224855874063 bend   21   22    9
        0.3546625952560 bend    7   23    9
       -0.3442407149652 bend    7   22    9
       -0.0122886612070 bend    7   21    9
  44 k -0.4363747138258 bend   22   23    9      val=   0.15878
        0.2163637336202 bend   21   23    9
        0.2248867855775 bend   21   22    9
        0.3510098914828 bend    7   23    9
        0.3348638116573 bend    7   22    9
       -0.6905418606454 bend    7   21    9
  45 k  0.0061518113656 bend   22   23    9      val=  -0.02564
       -0.3529914219137 bend   21   23    9
        0.3461561846735 bend   21   22    9
        0.6106996887539 bend    7   23    9
       -0.6184693615364 bend    7   22    9
        0.0087547747631 bend    7   21    9
  46 k  1.0000000000000 tors    1    2    4    5 val= 179.80484
  47 k  1.0000000000000 stre    2    1           val=   2.85903
  48 k  1.0000000000000 bend    4    1    2      val= 110.62592
  49 k  1.0000000000000 tors    9    7    6    5 val= 117.13844
        1.0000000000000 tors    8    7    6    5
  50 k  1.0000000000000 stre    7    9           val=   2.90032
  51 k  1.0000000000000 stre    7    8           val=   2.90066
  52 k -0.5373538514932 bend    8    9    7      val=   1.21682
       -0.2613354946918 bend    6    9    7
        0.8018444970813 bend    6    8    7
  53 k  0.6416764389484 bend    8    9    7      val=   6.65303
       -0.7436675453837 bend    6    9    7
        0.1876430911105 bend    6    8    7
  54 k  0.5472679288831 bend    8    9    7      val= 110.67381
        0.6153554591918 bend    6    9    7
        0.5673054493471 bend    6    8    7
  55 k  1.0000000000000 tors    2    4    5    6 val= 181.98369
  56 k  1.0000000000000 stre    4    2           val=   2.56580
  57 k  1.0000000000000 bend    5    2    4      val= 114.42660
  58 k  1.0000000000000 tors    7    6    5    4 val=  57.42761
  59 k  1.0000000000000 stre    6    7           val=   2.90615
  60 k  1.0000000000000 bend    5    7    6      val= 115.00865
  61 k  1.0000000000000 stre    5    4           val=   2.74772
  62 k  1.0000000000000 stre    5    6           val=   2.87532
  63 k  1.0000000000000 bend    6    4    5      val= 107.38096
        63 non zero eigenvalues  of BmBt
           1           5.583621612    1    0
         1
           2           4.528072236    2    0
         2
           3           4.372836904    3    0
         3
           4           4.237192202    4    0
         4
           5           3.829618613    5    0
         5
           6           3.764119954    6    0
         6
           7           3.630471498    7    0
         7
           8           3.583345034    8    0
         8
           9           3.532189521    9    0
         9
          10           3.313250037   10    0
        10
          11           3.211971900   11    0
        11
          12           3.109385051   12    0
        12
          13           3.048765555   13    0
        13
          14           2.896552473   14    0
        14
          15           2.771479543   15    0
        15
          16           2.572195945   16    0
        16
          17           2.315245479   17    0
        17
          18           2.282305438   18    0
        18
          19           2.054394630   19    0
        19
          20           1.857844566   20    0
        20
          21           1.577199485   21    0
        21
          22           1.177661915   22    0
        22
          23           0.922094038   23    0
        23
          24           0.885220657   24    0
        24
          25           0.881666731   25    0
        25
          26           0.868573025   26    0
        26
          27           0.839942766   27    0
        27
          28           0.763524151   28    0
        28
          29           0.736122153   29    0
        29
          30           0.700860799   30    0
        30
          31           0.698007741   31    0
        31
          32           0.696896073   32    0
        32
          33           0.692565336   33    0
        33
          34           0.686189866   34    0
        34
          35           0.681331589   35    0
        35
          36           0.626263166   36    0
        36
          37           0.561685833   37    0
        37
          38           0.518688778   38    0
        38
          39           0.487800418   39    0
        39
          40           0.459134655   40    0
        40
          41           0.406600014   41    0
        41
          42           0.388427434   42    0
        42
          43           0.362571794   43    0
        43
          44           0.342170855   44    0
        44
          45           0.331726355   45    0
        45
          46           0.310526605   46    0
        46
          47           0.282909348   47    0
        47
          48           0.270133241   48    0
        48
          49           0.269030141   49    0
        49
          50           0.246933102   50    0
        50
          51           0.240645071   51    0
        51
          52           0.227001783   52    0
        52
          53           0.150421723   53    0
        53
          54           0.119286849   54    0
        54
          55           0.084080073   55    0
        55
          56           0.066797393   56    0
        56
          57           0.061317588   57    0
        57
          58           0.048046447   58    0
        58
          59           0.040544394   59    0
        59
          60           0.036024692   60    0
        60
          61           0.015549369   61    0
        61
          62           0.009758578   62    0
        62
          63           0.005111891   63    0
        63
$end
