$coord
   -1.29912037941271     -0.21116617493362     -0.03708676730862      o
   -1.97688321987148      1.46631070916206      0.02401245706303      h
    0.51786530967611      0.04885065641598     -0.00660886739495      h
    4.22160314680305      0.19498685378936      0.01106185395928      n
    4.77976103078865     -0.84934756959314     -1.49087521003056      h
    4.80757036150267     -0.77013613848921      1.55470258477709      h
    5.46756625008335      2.66743642977574     -0.06498382099945      c
    4.88072611986035      3.76673728883959      1.56871356045716      h
    7.52984193445723      2.59317969429633     -0.08190758274622      h
    4.85016953175051      3.68017367601497     -1.74272767993400      h
$redundant
     number_of_atoms            10
     degrees_of_freedom         24
     internal_coordinates       24
     frozen_coordinates          0
# definitions of redundant internals
   1 k  1.0000000000000 stre    1    3           val=   1.83575
   2 k  1.0000000000000 stre    3    4           val=   3.70666
   3 k  1.0000000000000 linc    4    1    3    2 val=  -5.90358
   4 k  1.0000000000000 linp    4    1    3    2 val=   0.48002
   5 k  1.0000000000000 tors    2    1    4    7 val=  -4.32379
   6 k  1.0000000000000 stre    1    2           val=   1.81026
   7 k  1.0000000000000 bend    3    2    1      val= 103.81354
   8 k  1.0000000000000 stre    4    6           val=   1.91250
   9 k  1.0000000000000 stre    4    5           val=   1.91259
  10 k  0.2769959444541 bend    5    6    4      val=   3.26353
       -0.5229003066131 bend    7    6    4
       -0.5213596623124 bend    7    5    4
        0.4413668077015 bend    3    6    4
        0.4280513516774 bend    3    5    4
  11 k  0.8771180402238 bend    5    6    4      val=   8.30574
       -0.1171744231990 bend    7    6    4
        0.0359043083932 bend    7    5    4
       -0.3358976632185 bend    3    6    4
       -0.3206520521455 bend    3    5    4
  12 k -0.0918360996424 bend    5    6    4      val=   0.52541
       -0.6873757539083 bend    7    6    4
        0.7062131785483 bend    7    5    4
       -0.0515065926267 bend    3    6    4
        0.1330064701513 bend    3    5    4
  13 k  0.0076871042313 bend    5    6    4      val=   0.22880
        0.0899437724061 bend    7    6    4
       -0.0952102877611 bend    7    5    4
       -0.6956865481305 bend    3    6    4
        0.7062621709314 bend    3    5    4
  14 k  1.0000000000000 tors   10    7    4    3 val=  60.98104
        1.0000000000000 tors    8    7    4    3
        1.0000000000000 tors    9    7    4    3
  15 k  1.0000000000000 stre    7   10           val=   2.05466
  16 k  1.0000000000000 stre    7    8           val=   2.05470
  17 k  1.0000000000000 stre    7    9           val=   2.06368
  18 k  0.3602003951463 bend    8   10    7      val=   1.28473
        0.4457927932200 bend    9   10    7
        0.4459429944937 bend    9    8    7
       -0.4049731390468 bend    4   10    7
       -0.4046901906343 bend    4    8    7
       -0.3806335675770 bend    4    9    7
  19 k  0.6963718238942 bend    8   10    7      val=   2.15234
       -0.2776319307762 bend    9   10    7
       -0.2989245042978 bend    9    8    7
        0.2334283527864 bend    4   10    7
        0.2180599505650 bend    4    8    7
       -0.4965803023732 bend    4    9    7
  20 k  0.0147808037425 bend    8   10    7      val=   0.05796
       -0.6760397211446 bend    9   10    7
        0.6633764911709 bend    9    8    7
       -0.2241587496535 bend    4   10    7
        0.2289241334160 bend    4    8    7
       -0.0054818182033 bend    4    9    7
  21 k  0.4932659899490 bend    8   10    7      val=   1.84377
       -0.2205308482210 bend    9   10    7
       -0.2374216977544 bend    9    8    7
       -0.3521837137948 bend    4   10    7
       -0.3243900450041 bend    4    8    7
        0.6499411327327 bend    4    9    7
  22 k -0.0073113285435 bend    8   10    7      val=  -0.03245
        0.2300123402478 bend    9   10    7
       -0.2230058856394 bend    9    8    7
       -0.6607448081020 bend    4   10    7
        0.6785487160139 bend    4    8    7
       -0.0172389483727 bend    4    9    7
  23 k  1.0000000000000 stre    4    7           val=   2.76970
  24 k  1.0000000000000 bend    3    7    4      val= 118.98391
        24 non zero eigenvalues  of BmBt
           1           4.818403213    1    0
         1
           2           4.211293540    2    0
         2
           3           3.672717629    3    0
         3
           4           3.104384425    4    0
         4
           5           2.829072792    5    0
         5
           6           2.804245860    6    0
         6
           7           2.348304897    7    0
         7
           8           2.063481190    8    0
         8
           9           1.461617342    9    0
         9
          10           1.238117197   10    0
        10
          11           0.915400260   11    0
        11
          12           0.886068757   12    0
        12
          13           0.807996005   13    0
        13
          14           0.695641036   14    0
        14
          15           0.691900549   15    0
        15
          16           0.526119805   16    0
        16
          17           0.462262828   17    0
        17
          18           0.381614978   18    0
        18
          19           0.320929712   19    0
        19
          20           0.284438785   20    0
        20
          21           0.226381205   21    0
        21
          22           0.213493240   22    0
        22
          23           0.153440870   23    0
        23
          24           0.041781130   24    0
        24
$user-defined bonds
$end
