$hessapprox internal
  0.106678053887D+01  0.153676662412D-02  0.459163335754D+00  0.346714376183D-02
  0.187453806822D-02  0.205493565670D+00  0.451363319249D-03  0.254044100655D-03
  0.318935806683D-03  0.880632146479D-02 -0.656769869063D-02  0.688433856465D-03
 -0.285399245231D-03 -0.241597453510D-04  0.438561874577D+00 -0.741230874725D-02
  0.105811458595D-02 -0.950535699732D-03 -0.553517928833D-04 -0.381806690980D-02
  0.431974326211D+00 -0.756916273561D-02  0.102186013454D-02  0.340100735757D-03
 -0.215100401109D-05 -0.383433390804D-02 -0.411291350096D-02  0.431763776888D+00
  0.316587892600D-02 -0.447417561753D-02  0.236671908230D-02  0.508934694948D-03
  0.615214210436D-03  0.176106421474D-02  0.161000272370D-02  0.319029981233D+00
  0.589296869851D-03 -0.152798442550D-02  0.732594385449D-03  0.179184003893D-03
 -0.179835605337D-04  0.383015486913D-03  0.321134022325D-03 -0.435877358081D-02
  0.323986366429D+00  0.651935060852D-03  0.252865414156D-03 -0.244744863940D-02
 -0.141102520005D-03  0.894457288842D-06  0.509062395180D-04 -0.223453543533D-04
  0.651241674121D-03  0.247406330300D-03  0.322785192142D+00 -0.150606056351D-02
  0.723258545469D-03 -0.282453216704D-03 -0.580509851674D-04 -0.462553659780D-03
 -0.638002930474D-03 -0.627519666242D-03  0.205827489182D-02  0.705353151701D-03
 -0.592552760124D-04  0.337699071746D+00  0.129192948425D-03  0.306426789952D-03
 -0.706316345639D-03 -0.706781957941D-04 -0.498311363688D-04 -0.877237241418D-04
 -0.879674097286D-04  0.797799397568D-03  0.282418425932D-03 -0.495871859262D-04
 -0.109456679682D-03  0.340645182314D+00 -0.113783210679D-01  0.205769116984D-02
 -0.972204729407D-03  0.687737422868D-04 -0.375319153862D-02 -0.443933400516D-02
 -0.460988712488D-02  0.547386809568D-02  0.166392395746D-02  0.432515497897D-03
 -0.135279722134D-02 -0.796297859497D-04  0.430495082533D+00 -0.910179334607D-02
  0.233847101937D-02  0.151153591098D-02 -0.707986368962D-04 -0.409093947584D-02
 -0.478805396699D-02 -0.466652416751D-02  0.534737642187D-02  0.158938071743D-02
 -0.304728944413D-03 -0.126265503722D-02 -0.328918677666D-03 -0.680440296777D-02
  0.431102702333D+00 -0.373143789419D-02  0.653374950525D-02 -0.473177103278D-02
 -0.860273417879D-03 -0.130252737189D-02 -0.277755814493D-02 -0.255688645437D-02
  0.180311439560D-01  0.624193136931D-02 -0.104693774422D-02 -0.280255065418D-02
 -0.120522953189D-02 -0.705040773853D-02 -0.782064094420D-02  0.320210865862D+00
 -0.933147029426D-03  0.189531067149D-03 -0.705025461957D-03  0.349739281507D-04
  0.275021625834D-03  0.227697308720D-03  0.216847550227D-03  0.767568265626D-03
  0.348202266601D-03  0.181867323315D-03 -0.113405430106D-03  0.126553679824D-03
  0.106037439783D-02 -0.443758074238D-03 -0.695103332332D-03  0.356566427859D+00
 -0.552482173032D-02  0.798796686321D-02 -0.385143950190D-02 -0.945423343728D-03
 -0.973110258617D-03 -0.308098656242D-02 -0.275275117114D-02  0.228402177783D-01
  0.787186917888D-02 -0.131273509400D-02 -0.367951870109D-02 -0.147925104217D-02
 -0.997993860764D-02 -0.936255227411D-02 -0.326475328030D-01 -0.199645865137D-02
  0.283207446620D+00 -0.264509682963D-02 -0.315884352714D-04 -0.467976957561D-02
 -0.507656686178D-04 -0.416543564011D-03 -0.376432243127D-03 -0.673567487592D-03
  0.589935602333D-03  0.220951264407D-03  0.611317440954D-03 -0.140022252410D-03
  0.158062254592D-03 -0.696218311794D-03 -0.140807273873D-02 -0.288127813773D-03
  0.235984997263D-02 -0.127540533510D-02  0.347714333018D+00 -0.867965143730D-02
  0.103000602705D-02  0.885758201920D-03  0.768721836639D-04 -0.358620291615D-02
 -0.400008674590D-02 -0.402148160262D-02  0.216149159104D-02  0.506902515347D-03
  0.967917324637D-04 -0.760908082070D-03 -0.526399279856D-04 -0.553743932911D-02
 -0.481733223243D-02 -0.301190111114D-02 -0.324341885208D-03 -0.360332680868D-02
 -0.105159667147D-02  0.427069779855D+00 -0.633652354088D-02  0.103955404467D-02
  0.123311352219D-02  0.720818654948D-04 -0.293272799691D-02 -0.324269136464D-02
 -0.323668016195D-02  0.185080277327D-02  0.440218349256D-03  0.309047343223D-04
 -0.644715999459D-03 -0.696522125878D-04 -0.413915507613D-02 -0.389702254461D-02
 -0.266769102041D-02 -0.226844103209D-03 -0.341331816269D-02 -0.922591670905D-03
 -0.342545716282D-02  0.425078821938D+00  0.110724656251D-02  0.161549861958D-02
 -0.190325381259D-03 -0.238850618925D-03  0.307037004685D-03 -0.547299095497D-04
  0.111158661755D-03  0.428642788339D-02  0.151360598646D-02 -0.487570057346D-03
 -0.628291818518D-03 -0.345296651789D-03 -0.494798985741D-03 -0.100964694151D-02
 -0.643981824429D-02  0.158473721654D-02 -0.784729984685D-02  0.216862263154D-03
  0.118037801132D-03  0.129394819589D-04  0.339101837394D+00  0.719220665629D-02
 -0.886885829053D-04  0.252335790293D-03 -0.123545998242D-03  0.107112862068D-02
  0.157101729620D-02  0.175146547248D-02 -0.209781111945D-02 -0.583521308134D-03
 -0.392811478244D-03  0.560085479129D-03 -0.145330065956D-04  0.609753219695D-02
  0.243442886141D-02  0.216060370455D-02  0.911933564175D-02  0.234198739173D-02
  0.263545259932D-02  0.218853510803D-02  0.247846804146D-02  0.125002261753D-02
  0.346409592902D+00  0.439904933110D-02 -0.310899228705D-02 -0.510168703016D-03
  0.184407214349D-03  0.426046699685D-03  0.143656107413D-02  0.130131248183D-02
 -0.928496825582D-02 -0.317034340374D-02  0.366778937625D-03  0.161359130947D-02
  0.491289618678D-03  0.527863819983D-02  0.410725977323D-02  0.128123397746D-01
 -0.118402545920D-03  0.165799553821D-01  0.970987261296D-03  0.211852332967D-02
  0.177307127031D-02  0.249250169175D-02 -0.342223981459D-02  0.313054692139D+00
 -0.204065389943D-02  0.100098416452D-02 -0.350937273261D-02 -0.211151742219D-03
 -0.144734549602D-02 -0.140929769102D-02 -0.149816887945D-02  0.220463418705D-02
  0.789463141437D-03  0.662722870759D-04 -0.263160405899D-03 -0.947592132534D-04
 -0.494633004017D-03 -0.242805762206D-02 -0.310713520699D-02  0.411280573453D-02
 -0.446207372337D-02  0.158862116877D-02 -0.148296034560D-02 -0.116838138195D-02
 -0.382547899357D-03  0.344488816038D-02  0.121808383475D-02  0.341864827735D+00
 -0.869874816754D-02  0.872759929089D-03  0.962014571968D-03  0.335339247434D-03
 -0.265612819963D-02 -0.299123870480D-02 -0.324446688043D-02  0.196772115226D-02
  0.475853862678D-03  0.746708513918D-03 -0.775520139827D-03  0.162799332512D-03
 -0.550890500358D-02 -0.442080283085D-02 -0.175711442968D-02 -0.217684964684D-02
 -0.412993809606D-02 -0.147906612962D-02 -0.435202811340D-02 -0.237528269477D-02
  0.155352964874D-03  0.498325614863D-02  0.350488987483D-02 -0.284823666308D-03
  0.432181155287D+00 -0.192172108731D-02 -0.618134007151D-03 -0.673943386805D-03
  0.651076073280D-04 -0.488898705742D-03 -0.422400454976D-03 -0.513877077017D-03
 -0.131343008534D-02 -0.484146351405D-03  0.236892312034D-03  0.154830997793D-03
  0.140772841160D-03 -0.627620973870D-03 -0.234917732024D-03  0.205048551324D-02
 -0.132290380811D-03  0.268813287405D-02  0.625358358267D-04 -0.514608782552D-03
 -0.701813087028D-03  0.603543492954D-03 -0.533243224164D-03 -0.723071437847D-03
  0.104552142882D-03 -0.157747765806D-02  0.339793855257D+00 -0.619961301045D-03
  0.485448270614D-03 -0.144405584834D-02 -0.960810458901D-04 -0.155851034961D-03
 -0.252634598871D-03 -0.295056705527D-03  0.150759829693D-02  0.526460752765D-03
  0.169866510719D-04 -0.225502603766D-03 -0.790305703121D-04 -0.696486810596D-03
 -0.806664765410D-03 -0.209435383839D-02 -0.406550469141D-03 -0.269278605262D-02
  0.122337197842D-03 -0.338620096665D-03 -0.359955227050D-03 -0.637636261883D-03
 -0.226534741450D-03  0.120070036673D-02 -0.247069782890D-03 -0.260971988428D-03
  0.255396451085D-03  0.339738175982D+00 -0.200151577440D-03  0.441797106996D-03
  0.557708602144D-03 -0.264246672806D-05 -0.459773146061D-04 -0.134111338373D-03
 -0.930277586550D-04  0.107246845146D-02  0.379189462002D-03 -0.729057617258D-04
 -0.164697644678D-03 -0.569089278080D-04 -0.267950402349D-03 -0.423015641091D-03
 -0.146515325304D-02  0.998630238134D-03 -0.211669662423D-02  0.380740889946D-04
 -0.233295961797D-03 -0.300480447899D-04 -0.149553196187D-03  0.153587356963D-02
  0.733176258975D-03  0.304499901724D-03  0.331546133672D-05 -0.811623392941D-04
 -0.209166268149D-03  0.767888160418D-02 -0.671568423214D-02  0.956407946322D-03
  0.286468322833D-03 -0.524069843563D-05 -0.360862211611D-02 -0.382102406621D-02
 -0.381022786415D-02  0.130394955197D-02  0.238455702525D-03 -0.280629748371D-04
 -0.545529935107D-03 -0.730020350101D-04 -0.386490956724D-02 -0.429427024526D-02
 -0.215198664997D-02  0.120391197960D-02 -0.237365367247D-02 -0.357343660848D-03
 -0.371445390730D-02 -0.289509365269D-02  0.273969988278D-03  0.247325692837D-02
  0.930326961139D-03 -0.100513372528D-02 -0.266764052053D-02 -0.583149410444D-03
 -0.299385478814D-03  0.815426484885D-04  0.431051679655D+00 -0.728391965140D-02
  0.832403412132D-03 -0.239898758389D-03 -0.339426830334D-04 -0.383785183491D-02
 -0.406485580827D-02 -0.407124017133D-02  0.111645234032D-02  0.150135773472D-03
 -0.227564209466D-04 -0.543728192203D-03 -0.738492563968D-04 -0.428207799333D-02
 -0.447141631248D-02 -0.197101449227D-02  0.325297824707D-03 -0.177047386023D-02
 -0.480432941163D-03 -0.384946017774D-02 -0.324551179452D-02  0.209967533058D-03
  0.112177505058D-02  0.799965846407D-03 -0.154580889291D-02 -0.327794016418D-02
 -0.391595900534D-03 -0.207004166528D-03 -0.117206735143D-03 -0.383909967287D-02
  0.428956363919D+00 -0.750466792295D-02  0.121039675509D-02 -0.662533357074D-03
  0.452976105007D-05 -0.342681194409D-02 -0.373468548200D-02 -0.381964335110D-02
  0.238819261576D-02  0.616533372257D-03  0.170384777316D-03 -0.744414458074D-03
 -0.679559124634D-04 -0.469194454568D-02 -0.478048078568D-02 -0.336929189997D-02
 -0.642814806461D-04 -0.439483004361D-02 -0.553713314007D-03 -0.401394037294D-02
 -0.299685136031D-02 -0.191937000110D-03  0.259594488888D-02  0.228290495895D-02
 -0.109966814111D-02 -0.280397724175D-02 -0.598070085699D-03 -0.330439106169D-03
 -0.119756860341D-03 -0.343474732180D-02 -0.377105223726D-02  0.425094581065D+00
  0.369083664839D-02 -0.463412714666D-02  0.192706715640D-02  0.500118977651D-03
  0.668331253487D-03  0.191588567410D-02  0.174742361664D-02 -0.132007229840D-01
 -0.452681103628D-02  0.687071396386D-03  0.218459318175D-02  0.832568591796D-03
  0.616071253241D-02  0.560970812815D-02  0.187916558039D-01  0.170814911447D-02
  0.236963600651D-01  0.988711429029D-03  0.234683739733D-02  0.203391587684D-02
  0.450523626508D-02 -0.161301060816D-02 -0.981672492940D-02  0.271262569673D-02
  0.238608445537D-02 -0.136207651765D-02  0.156500617152D-02  0.123231307772D-02
  0.150455322729D-02  0.119608092837D-02  0.264692020111D-02  0.313847587584D+00
  0.138028787523D-02 -0.145175673399D-02 -0.506417553740D-03  0.131910477375D-03
  0.354000541633D-04  0.528929416909D-03  0.404645894726D-03 -0.437537643983D-02
 -0.150018544061D-02  0.330458446445D-03  0.731077923045D-03  0.281401889409D-03
  0.221684982755D-02  0.160246637481D-02  0.623084092492D-02 -0.452268625154D-05
  0.762921624237D-02  0.486540305232D-03  0.619834185513D-03  0.740250682821D-03
  0.126340612421D-02 -0.676665094742D-03 -0.310307915789D-02  0.890447650709D-03
  0.173321325761D-02 -0.585986140673D-03  0.575232464592D-03  0.423488539161D-03
  0.337937729629D-03  0.131850531168D-03  0.998021078291D-03 -0.453520963226D-02
  0.321939639283D+00 -0.439374500143D-03  0.963851047548D-03  0.620609206301D-04
 -0.102242610608D-03 -0.240154704492D-03 -0.439755886925D-03 -0.361106689138D-03
  0.248809421410D-02  0.870069608100D-03 -0.217781020453D-03 -0.369677594340D-03
 -0.172179596326D-03 -0.751769571614D-03 -0.106469443795D-02 -0.359847422925D-02
  0.123597342550D-02 -0.460075559421D-02  0.120049722137D-03 -0.437594575563D-03
 -0.336587613278D-03 -0.658162075008D-03  0.144373984185D-02  0.156566162204D-02
  0.224187643327D-06 -0.299760461641D-03  0.199569128586D-03 -0.374550414190D-03
 -0.150859898890D-04 -0.177424007529D-03 -0.322115663547D-03 -0.483719936109D-03
  0.269160474661D-02  0.794856312860D-03  0.321667727165D+00 -0.182660394888D-03
  0.116730525624D-02  0.397013940648D-03 -0.189408796923D-03  0.242463191270D-03
 -0.227630873426D-03 -0.625333343939D-04  0.367184302246D-02  0.124542484672D-02
 -0.473090328969D-03 -0.620602905148D-03 -0.313622168966D-03 -0.172568458670D-02
 -0.885283130940D-03 -0.557039573254D-02 -0.130680928114D-02 -0.603637813750D-02
 -0.680459401856D-03  0.370776479999D-04 -0.515685323891D-03 -0.137110363112D-02
 -0.184468703982D-02  0.232661509587D-02 -0.175480375460D-02 -0.155345407262D-02
  0.904911715129D-03 -0.445333277051D-03 -0.644398325539D-03 -0.283888400097D-03
  0.259431594426D-03 -0.753846368193D-03  0.356383971308D-02  0.741948209481D-03
 -0.945569372554D-03  0.333159691194D+00 -0.120011590990D-03  0.203241608422D-03
 -0.682471803297D-03 -0.706981498711D-04 -0.281997047014D-03 -0.272586158876D-03
 -0.258862095010D-03  0.405884069757D-03  0.149943785450D-03 -0.649629937287D-04
 -0.348766794408D-04 -0.383877786312D-04  0.144206073512D-03 -0.393230717270D-03
 -0.688853165882D-03  0.151947314939D-02 -0.784653090481D-03  0.488344026845D-03
 -0.165516746312D-03 -0.234048765821D-03 -0.245324303240D-05  0.754339133835D-03
 -0.161089955200D-04  0.346683348877D-03 -0.175664658341D-03  0.126761886986D-03
 -0.733791798578D-04  0.995815135848D-04 -0.150923267493D-03 -0.256857282583D-03
 -0.225479989273D-03  0.514868722554D-03  0.284510017954D-04  0.590147147147D-04
 -0.242503481473D-03  0.334387259090D+00  0.585514260748D-03  0.240164165636D-03
  0.194874616633D-03 -0.360904457207D-04  0.659733509839D-04  0.432485946185D-04
  0.835109874107D-04  0.485374193873D-03  0.175491316801D-03 -0.109586719711D-03
 -0.552431382335D-04 -0.599886169216D-04  0.179500424672D-03 -0.528480138894D-05
 -0.796596102152D-03  0.125816929068D-03 -0.957883403615D-03  0.323063891388D-05
  0.127504460057D-03  0.160221777207D-03 -0.222566201651D-03  0.829795011521D-04
  0.207059952616D-03 -0.923708317703D-04  0.472412694687D-03  0.310097822060D-04
 -0.930274470511D-04  0.220357144974D-04  0.101477738159D-03  0.433906710827D-04
  0.113176980096D-03  0.496153706832D-03  0.171796675819D-03 -0.798570122735D-04
 -0.276624509947D-03 -0.508932545066D-04  0.755955203907D-02 -0.682143026883D-02
  0.879443128477D-03 -0.270188076761D-03 -0.659814356616D-04 -0.375512149299D-02
 -0.398851352503D-02 -0.397107936731D-02  0.120836406965D-02  0.184367172106D-03
 -0.967562660629D-04 -0.547320778200D-03 -0.105964757155D-03 -0.410229753572D-02
 -0.434684505127D-02 -0.221543941510D-02  0.248525948307D-03 -0.189762289181D-02
 -0.470672556698D-03 -0.366503312793D-02 -0.315588163707D-02  0.101860381317D-03
  0.700086166203D-03  0.733024088775D-03 -0.171887715590D-02 -0.311178940283D-02
 -0.290784162670D-03 -0.222088889579D-03 -0.151298989444D-03 -0.378343212933D-02
 -0.391315505724D-02 -0.368981896888D-02  0.124794787416D-02  0.974206774011D-04
 -0.379961809657D-03  0.323452943066D-03 -0.301149251148D-03  0.575576517069D-05
  0.429267189523D+00 -0.718324772357D-02  0.812855203642D-03 -0.439744382431D-03
 -0.358700349033D-04 -0.372926241932D-02 -0.395590036066D-02 -0.397624221558D-02
  0.114223314891D-02  0.164077965731D-03  0.425430017440D-05 -0.544251979384D-03
 -0.681861441619D-04 -0.424045411536D-02 -0.440162954341D-02 -0.197658154983D-02
  0.193967052456D-03 -0.181696475700D-02 -0.462837329078D-03 -0.377665920394D-02
 -0.318826789414D-02  0.171307136003D-03  0.103550113768D-02  0.868292682291D-03
 -0.152541981169D-02 -0.323758173003D-02 -0.368672315319D-03 -0.192834959267D-03
 -0.141636269944D-03 -0.375686989479D-02 -0.390814784793D-02 -0.368584412241D-02
  0.121950506689D-02  0.165381681058D-03 -0.343505681487D-03  0.248974558508D-03
 -0.257096014511D-03  0.388800786648D-04 -0.380384868219D-02  0.428553508801D+00
 -0.725300179771D-02  0.125070116916D-02  0.119667249051D-04  0.238224650174D-04
 -0.339082248826D-02 -0.370207449716D-02 -0.375221472375D-02  0.236690865374D-02
  0.609960074841D-03  0.113295751632D-03 -0.737453320569D-03 -0.789419774210D-04
 -0.457512388618D-02 -0.466628088159D-02 -0.336456432883D-02  0.952622715023D-04
 -0.441552411002D-02 -0.648373565651D-03 -0.395370370235D-02 -0.286694708974D-02
 -0.144091384603D-03  0.289238289368D-02  0.221119984216D-02 -0.106844510450D-02
 -0.258590597037D-02 -0.684224093327D-03 -0.375663843175D-03 -0.489536195830D-04
 -0.333693341505D-02 -0.374678227785D-02 -0.339695719572D-02  0.263425995458D-02
  0.996458440716D-03 -0.430699441437D-03 -0.840336327353D-03 -0.225114243944D-03
  0.137995877388D-03 -0.367670921430D-02 -0.367088380695D-02  0.425852398502D+00
  0.370461774112D-02 -0.446143875949D-02  0.215009306231D-02  0.485636232747D-03
  0.715617279298D-03  0.189587529291D-02  0.174578597896D-02 -0.126817663095D-01
 -0.435617605481D-02  0.628301019812D-03  0.209325002924D-02  0.783987441239D-03
  0.579062253897D-02  0.550918323487D-02  0.180245418253D-01  0.625962098914D-03
  0.228427565639D-01  0.658544257091D-03  0.234897005923D-02  0.202364939494D-02
  0.417643112566D-02 -0.238606258852D-02 -0.935884798858D-02  0.219141819885D-02
  0.242802012807D-02 -0.128553869019D-02  0.152275176455D-02  0.107767184431D-02
  0.141456140222D-02  0.121906075185D-02  0.258556240616D-02 -0.132489412843D-01
 -0.434969989919D-02  0.246208120907D-02  0.357767289422D-02  0.359523863766D-03
  0.466985604057D-03  0.128469980028D-02  0.124816338647D-02  0.256164604949D-02
  0.314802578538D+00  0.159977972822D-02 -0.119422364932D-02 -0.483250803449D-03
  0.932075969136D-04 -0.420045475027D-04  0.432437286865D-03  0.341609991936D-03
 -0.384475666193D-02 -0.130778491438D-02  0.240436730928D-03  0.670500477742D-03
  0.230577436553D-03  0.232346845918D-02  0.140451057382D-02  0.539955281060D-02
  0.761908365178D-03  0.657451997696D-02  0.654865280508D-03  0.584832019217D-03
  0.743493274305D-03  0.114133158584D-02 -0.817067354635D-04 -0.290378184521D-02
  0.103121962561D-02  0.193106944332D-02 -0.556181305724D-03  0.468841877535D-03
  0.498327655190D-03  0.354331440490D-03  0.390420425330D-04  0.962650974187D-03
 -0.393323187139D-02 -0.108012916100D-02  0.785037275783D-03  0.404196869727D-03
  0.674884976282D-04  0.150376813883D-03 -0.362658864613D-04  0.654292049917D-04
  0.989341964430D-03 -0.384190569684D-02  0.322058486635D+00 -0.192501239374D-03
  0.172767531177D-03 -0.279385028470D-03 -0.323639588887D-04 -0.381889414665D-05
 -0.655322252685D-04 -0.644195147515D-04  0.580699181061D-03  0.197923633845D-03
 -0.263893454829D-04 -0.972264231783D-04 -0.380520729229D-04 -0.328000601955D-03
 -0.229742466855D-03 -0.837238574122D-03 -0.308576984373D-03 -0.972149267637D-03
 -0.591687288810D-04 -0.682695799827D-04 -0.130256156490D-03 -0.240922480837D-03
 -0.299487862173D-03  0.439031033317D-03 -0.234775637641D-03 -0.239249146402D-03
  0.133955233866D-03 -0.460235295075D-04 -0.114892651839D-03 -0.967154450918D-04
 -0.106555176412D-04 -0.140528379253D-03  0.572976408139D-03  0.164936814381D-03
 -0.164695287834D-03 -0.291289825766D-04 -0.423273024379D-04 -0.422622133024D-04
 -0.149429653251D-05 -0.746215179377D-05 -0.162552286110D-03  0.578318654696D-03
  0.108467057733D-03  0.322056853661D+00  0.713148262757D-03 -0.403465363388D-03
 -0.293349389548D-03  0.778785959092D-04 -0.190873745625D-03  0.110016350170D-03
  0.273901983676D-04 -0.171718894381D-02 -0.568606358115D-03  0.218564870907D-03
  0.327530322126D-03  0.134089858588D-03  0.129478021732D-02  0.394194352527D-03
  0.258170856568D-02  0.799880335666D-03  0.251428427981D-02  0.464577377541D-03
 -0.115061569330D-04  0.518566112441D-03  0.536056642280D-03  0.143078344931D-02
 -0.110758435122D-02  0.106326223302D-02  0.188971122464D-02 -0.638581225918D-03
  0.182533537699D-03  0.464199302107D-03  0.218610693010D-03 -0.269955532724D-03
  0.623187490206D-03 -0.161395203617D-02 -0.124924688783D-03  0.487064751644D-03
 -0.657808846043D-03  0.507577289525D-04  0.165260418371D-03 -0.376084516334D-03
 -0.261608693684D-03  0.721307427231D-03 -0.165244407864D-02  0.673757691638D-04
 -0.535808729011D-04  0.333992273791D+00  0.503927157611D-03  0.207555003070D-03
 -0.528170167492D-03 -0.789413744262D-04  0.316218896789D-04  0.385364767018D-05
  0.251034644677D-04  0.526488743467D-03  0.185887133234D-03 -0.104230442919D-03
 -0.636122247672D-04 -0.698568282183D-04  0.940458895304D-04 -0.747857820320D-04
 -0.918738101904D-03 -0.186960587332D-03 -0.897328889964D-03  0.785733089050D-04
  0.152838681929D-03  0.154154129326D-04 -0.334606635531D-03 -0.684381901963D-03
  0.198688932975D-03 -0.321757865125D-03  0.218149234233D-03  0.213386539361D-03
 -0.449143052686D-04 -0.998770316758D-04 -0.381000377868D-04  0.447592714154D-04
  0.118302957482D-04  0.484034281321D-03  0.103402490720D-03 -0.186145276057D-03
 -0.437889314234D-04 -0.912720497116D-04 -0.827429648661D-04  0.210737796513D-04
  0.543426643136D-04 -0.171492562293D-04  0.491205377051D-03  0.124900117020D-04
  0.316829545492D-06 -0.951970959015D-04  0.334016187538D+00 -0.313195657608D-02
 -0.173431121810D-02 -0.210943029421D-01 -0.340683612391D-03  0.373262901450D-03
  0.102221776589D-02 -0.261620152227D-03 -0.201932094189D-02 -0.607812342896D-03
  0.241163271974D-02  0.240895255575D-03  0.671764612194D-03  0.985202628183D-03
 -0.151258799417D-02  0.421080663250D-02  0.220360956725D-03  0.319189309286D-02
  0.459161604500D-02 -0.798768898142D-03 -0.111817390516D-02 -0.539332342291D-04
 -0.568893928257D-03  0.781286059236D-03  0.331719369821D-02 -0.597652763296D-03
  0.703600177910D-03  0.141286552212D-02 -0.609277761129D-03 -0.238852498175D-03
  0.302381668546D-03  0.765693549801D-03 -0.160286518801D-02  0.680000151238D-03
 -0.187865438707D-03 -0.560060736178D-03  0.591299665778D-03 -0.214310596868D-03
  0.316313182575D-03  0.504893233761D-03  0.932987730256D-04 -0.179766505446D-02
  0.609368736814D-03  0.264081189992D-03  0.405146784397D-03  0.496284039248D-03
  0.463280875348D-01 -0.507898518758D-02 -0.128077504203D-02  0.737900835782D-03
  0.212923157345D-03 -0.336102543255D-02 -0.307477986884D-02 -0.316807769956D-02
 -0.509696257316D-02 -0.202759755519D-02  0.319267841955D-03  0.342540922335D-03
  0.312689515268D-03 -0.139514167508D-02 -0.177458787667D-02  0.668831841697D-02
  0.637054360545D-03  0.925612677578D-02 -0.236963147846D-03 -0.269842559612D-02
 -0.205781486369D-02  0.233649532709D-02  0.517548416947D-03 -0.372906275780D-02
 -0.694410508120D-03 -0.170052090085D-02 -0.120959774625D-02  0.471808487205D-03
  0.439744263844D-03 -0.304481164525D-02 -0.338743327479D-02 -0.237055929425D-02
 -0.530276222167D-02 -0.191721711436D-02  0.844936906139D-03  0.195169336886D-02
 -0.144157452471D-03  0.313514227170D-03 -0.324127137139D-02 -0.326141143102D-02
 -0.232764411486D-02 -0.500874599626D-02 -0.175953712285D-02  0.253230922117D-03
 -0.973122102208D-03  0.287508125824D-03 -0.479349082466D-03  0.407788635112D+00
  0.197084698150D-02  0.366991460402D-03  0.102092588185D-02 -0.478056652776D-04
  0.117415230815D-02  0.866334596766D-03  0.981948291456D-03  0.129276038755D-02
  0.416366912700D-03 -0.263852638519D-03 -0.353124481657D-03 -0.134726252415D-03
  0.688940042475D-04  0.755927747060D-03 -0.222818954827D-02 -0.581478782304D-03
 -0.214701574789D-02 -0.517099761003D-03  0.962968422564D-03  0.671988154407D-03
 -0.410411038075D-03 -0.618412827140D-03  0.724627732944D-03 -0.988559037739D-03
 -0.686069786461D-04  0.337067112407D-03 -0.273653194929D-03 -0.269733462290D-03
  0.851333459883D-03  0.114892247192D-02  0.530200835842D-03  0.116159470816D-02
  0.162677955465D-03 -0.380366537762D-03  0.366576215927D-03 -0.109011083881D-03
 -0.912844073360D-04  0.121351203403D-02  0.111694761574D-02  0.518821228641D-03
  0.119863624233D-02  0.247188515963D-04  0.556786861793D-06 -0.486638063982D-03
  0.205172223880D-04 -0.110737736525D-02  0.221811143716D-02  0.405293208687D+00
 -0.310055543466D-02 -0.467994557622D-03 -0.251739393041D-02 -0.412472680193D-05
 -0.481079402388D-03 -0.554345325112D-03 -0.749216449513D-03 -0.218842518669D-03
 -0.129198261429D-03  0.375690795708D-03 -0.635027602905D-04  0.104053160075D-03
 -0.200376181125D-02 -0.854960180700D-03  0.623289266152D-03 -0.316965504850D-02
  0.111803131294D-02 -0.379806493491D-03 -0.792116976822D-03 -0.122417461056D-02
 -0.194801978274D-03 -0.312155352375D-02  0.580699037682D-03 -0.105842508124D-02
 -0.248356674752D-02  0.437533957721D-03  0.348436547335D-03 -0.676854447897D-03
 -0.111121446524D-02 -0.400389529527D-03 -0.103345626475D-02 -0.443943362141D-03
 -0.181563917687D-03 -0.456635237831D-03  0.129379674369D-02 -0.180216277797D-03
 -0.947630191029D-04 -0.209177901723D-03 -0.335223213947D-03 -0.127169346238D-02
 -0.134349902762D-03 -0.435165693478D-03  0.230409060165D-03 -0.106865719794D-02
  0.373635773975D-03  0.261528809950D-02 -0.749583188506D-03  0.451442916555D-03
  0.935620080240D-02 -0.866036757206D-02 -0.851746934748D-03  0.994548033537D-03
  0.208563507699D-03 -0.439257953888D-02 -0.441453653580D-02 -0.448650484754D-02
 -0.361786744800D-02 -0.160764394109D-02  0.286465439702D-03 -0.730899362185D-04
  0.257033756833D-03 -0.396482393415D-02 -0.355069718491D-02  0.458947951301D-02
  0.723843466070D-03  0.707208532437D-02 -0.678462991388D-03 -0.410707172086D-02
 -0.358523560288D-02  0.229854959795D-02  0.837528428313D-03 -0.255402607562D-02
 -0.149948065818D-02 -0.473748321235D-02 -0.978998804823D-03  0.283426649494D-03
  0.126912865676D-03 -0.433514050430D-02 -0.442692735811D-02 -0.410667648196D-02
 -0.377708664759D-02 -0.178428767953D-02  0.539974913838D-03  0.250236057616D-02
 -0.871471844150D-04  0.268114929109D-03 -0.413658062248D-02 -0.428883464393D-02
 -0.411527867206D-02 -0.351585627084D-02 -0.169501373262D-02  0.275722614881D-03
 -0.160449029507D-02  0.435667604930D-03 -0.805963965528D-03 -0.580689538917D-02
  0.287786500289D-02 -0.452126313945D-03  0.372858481697D+00 -0.868203369463D-02
 -0.652176425195D-03  0.127547047966D-02  0.186834485942D-03 -0.437252476730D-02
 -0.447384416788D-02 -0.451865282123D-02 -0.301679123866D-02 -0.141090895955D-02
  0.202174190123D-03 -0.175419140637D-03  0.195515269431D-03 -0.442387196169D-02
 -0.368324897357D-02  0.368344318007D-02 -0.562285717321D-03  0.611582521582D-02
 -0.107245360395D-02 -0.411165542349D-02 -0.363603466771D-02  0.190831009016D-02
 -0.193559150612D-03 -0.205170111153D-02 -0.215605929446D-02 -0.475623610790D-02
 -0.861640365306D-03  0.236942261704D-03 -0.664395925194D-04 -0.448363013143D-02
 -0.442457757016D-02 -0.422153624074D-02 -0.327109208430D-02 -0.159859065823D-02
  0.263986252724D-03  0.257181145934D-02 -0.274529080659D-03  0.225452172469D-03
 -0.411612595898D-02 -0.427845211708D-02 -0.424862014753D-02 -0.290452535069D-02
 -0.162845095087D-02  0.288886288082D-03 -0.170509981699D-02  0.445832484329D-03
 -0.105752701042D-02 -0.551442866593D-02  0.293930811047D-02 -0.272596409682D-04
 -0.588347663443D-02  0.373048421784D+00  0.157143961546D-02 -0.100727602501D-02
 -0.384490700666D-02 -0.228229221635D-03  0.282775941715D-03  0.413415895622D-03
  0.290218930568D-03 -0.200480988749D-02 -0.752153459940D-03 -0.352959034693D-05
  0.292005643529D-03 -0.264353863395D-04  0.168823796787D-03  0.114804677527D-02
  0.214568832991D-02 -0.757184011166D-02  0.480239981297D-02 -0.718008757977D-03
  0.119606590969D-02 -0.900389218685D-04 -0.991211597015D-03 -0.103533785530D-01
 -0.140555185764D-02 -0.343601243946D-02  0.202143603310D-03  0.112236387904D-02
  0.727235358295D-03 -0.119172267507D-02 -0.850992003648D-03  0.562923549365D-03
  0.202754755391D-03 -0.297481872704D-02 -0.110395626808D-02 -0.101269842214D-02
  0.282148125350D-02 -0.102544626200D-02 -0.384488563861D-03  0.710307754583D-03
  0.716321325675D-03 -0.237096460811D-03 -0.207174512358D-02 -0.190368066034D-02
  0.532059712110D-03 -0.244276522513D-02  0.363210065751D-03  0.405921263400D-02
 -0.553199276763D-03  0.138531188505D-02  0.479654298460D-02  0.109580947265D-02
  0.223001452310D-02  0.373383429889D+00 -0.149491914200D-02 -0.199621018543D-03
  0.160880779963D-03  0.492697916011D-04 -0.274542113399D-03 -0.332051801396D-03
 -0.365371317461D-03 -0.201109213597D-03 -0.103166188274D-03  0.928326090607D-04
 -0.221112101116D-04  0.404616751061D-04 -0.104771181607D-02 -0.311419021434D-03
  0.427189325940D-03 -0.151048183482D-02  0.690432538810D-03 -0.477343163390D-03
 -0.410865169711D-03 -0.515854848528D-03  0.313808817222D-04 -0.116843017912D-02
  0.172218686856D-03 -0.573394234150D-03 -0.115992553934D-02  0.615512236807D-04
  0.105339354120D-03 -0.245637903694D-03 -0.510953690265D-03 -0.247055648628D-03
 -0.530656933551D-03 -0.315041825768D-03 -0.142232294973D-03 -0.140065732816D-03
  0.630457536245D-03 -0.963920054877D-04  0.417229577983D-05 -0.149899088372D-03
 -0.229652852367D-03 -0.591967331229D-03 -0.154559487724D-03 -0.224495378282D-03
  0.918129374756D-04 -0.455988680853D-03  0.168604172239D-03 -0.982059752138D-04
 -0.447519335707D-03  0.264561751679D-03  0.592137494909D-03 -0.384617498737D-03
 -0.168857963866D-03  0.190138971641D-02  0.364951608039D+00 -0.106807181850D-02
 -0.133534612348D-02  0.132939316136D-02 -0.586511691571D-03  0.887248129907D-03
 -0.337054849983D-03  0.344308603095D-03  0.152440159577D-03 -0.230277749286D-03
 -0.178949608009D-02 -0.500577537297D-03 -0.518512715463D-03 -0.378789943886D-02
  0.186554648961D-02 -0.311598446532D-02 -0.351078474475D-02  0.536877296381D-02
 -0.189006116845D-02  0.271852963784D-02 -0.341271109989D-02 -0.124231307348D-04
 -0.184770522413D-01 -0.326596755785D-02 -0.829778179258D-02 -0.144273068657D-01
  0.520997334813D-02  0.162603237238D-03 -0.299875792343D-02 -0.195093765289D-02
  0.245229649597D-02 -0.376112456139D-02 -0.168305783419D-02 -0.514444926277D-02
 -0.168381552767D-02  0.113187006858D-01 -0.214153021217D-03 -0.136124253704D-02
  0.337853972230D-02  0.252350175466D-02 -0.486648058951D-02 -0.797157067561D-03
 -0.659605475153D-02  0.132907568739D-02 -0.112696618379D-01  0.119247292661D-02
 -0.219445837854D-02  0.123630628245D-02  0.732633887448D-02  0.112159827846D-01
  0.101738655322D-01  0.116905980033D-01  0.194602117613D-01  0.458649747177D-02
  0.477565698635D+00 -0.107449907460D-02 -0.470147489439D-03 -0.613548311246D-02
 -0.107947700772D-03  0.110244931699D-04  0.179593254299D-03 -0.193813134209D-03
 -0.490443040499D-03 -0.156834557707D-03  0.683461023606D-03  0.420141768372D-04
  0.176072587365D-03 -0.511457776750D-05 -0.551168663465D-03  0.104999247409D-02
 -0.907191949126D-03  0.840995172295D-03  0.109741041547D-02 -0.306884730327D-03
 -0.417099330684D-03 -0.196445949863D-03 -0.999921626709D-03  0.370484933525D-03
  0.518529276681D-03 -0.172547234426D-03  0.244071674467D-03  0.431625832126D-03
 -0.299846909531D-03 -0.276867648157D-03 -0.178023644084D-04  0.104027516482D-03
 -0.450881751752D-03  0.235004593596D-03 -0.207660435961D-03 -0.289608482743D-04
  0.306286962641D-04 -0.817203553230D-04  0.162900862575D-05  0.548971235984D-04
 -0.111929339350D-03 -0.411588425249D-03  0.133489868794D-03  0.104554291842D-03
  0.123356607409D-04  0.168539233696D-03  0.619529956853D-02 -0.196541091357D-03
 -0.235038844615D-03  0.109064694952D-02 -0.305800831388D-03 -0.262524282868D-03
  0.202182964025D-02  0.120329617394D-03  0.264434174230D-03  0.142132256654D-01
  0.440584753582D-02 -0.443092190117D-03 -0.555068512685D-02 -0.425493637908D-03
 -0.182413349755D-02 -0.117761262660D-02 -0.122818820663D-02 -0.399281192196D-02
 -0.149855360964D-02 -0.256225452784D-03  0.496417662182D-03 -0.644894695075D-04
  0.405024251347D-02  0.827772995014D-04  0.362765124481D-02  0.168180916487D-02
  0.652950874950D-02  0.200797880489D-02  0.388270806152D-03  0.373441024505D-03
  0.374514602635D-03 -0.305626150794D-02 -0.469449186281D-02 -0.101975934881D-02
  0.504701783718D-02 -0.165126427225D-03  0.432769580532D-03  0.485318736579D-03
 -0.136549708150D-02 -0.179463221132D-02  0.442079231131D-03 -0.440724820354D-02
 -0.146315367831D-02  0.223022236068D-03  0.413493729821D-03 -0.689413464578D-03
 -0.206086888387D-03 -0.210766921494D-02 -0.160134408406D-02  0.369176331377D-03
 -0.422823171677D-02 -0.173743627299D-02  0.170352023241D-03 -0.432695706615D-03
 -0.431329333631D-03  0.561079694557D-02 -0.293387770746D-02  0.162202490424D-02
  0.855887899524D-03 -0.235896622895D-02 -0.228779877594D-02 -0.245123342194D-02
  0.302284569741D-03 -0.700072251639D-02  0.153729989637D-02  0.641883396028D+00
 -0.421126334235D-02  0.359716292283D-02  0.566717985467D-02  0.226805836849D-03
  0.265931176186D-02  0.875058900407D-03  0.103962801270D-02  0.123080784060D-01
  0.418135825542D-02 -0.979205261060D-04 -0.247129781471D-02 -0.443136662388D-03
 -0.744251510031D-02 -0.285488748567D-02 -0.161086769909D-01 -0.259102309490D-02
 -0.221554249200D-01 -0.328757111207D-02 -0.131870190513D-02 -0.290170990066D-03
 -0.270855784883D-02  0.703730036350D-02  0.111517064370D-01 -0.147806580583D-02
 -0.490319108267D-02  0.158814601130D-03 -0.179230885448D-02 -0.108321189106D-02
  0.157323181504D-02  0.189702899445D-02 -0.105947130687D-02  0.130095167858D-01
  0.462662795100D-02 -0.197269543994D-02 -0.283422629675D-02  0.196073922296D-03
  0.122460056237D-03  0.225754178020D-02  0.166535321005D-02 -0.800765184401D-03
  0.125734909179D-01  0.460204487546D-02 -0.634609515450D-03  0.189404856905D-02
  0.165882207880D-03 -0.585124890818D-02  0.892346200199D-02 -0.238830352010D-03
 -0.211007174321D-02  0.716304719448D-02  0.671953865373D-02  0.363974101375D-02
 -0.709883294357D-03  0.541931155350D-02 -0.164841430828D-02  0.146789018533D-01
  0.389370031994D+00 -0.241085558077D-03 -0.135145248657D-04  0.272022428032D-04
  0.593427107070D-04  0.215515097499D-03  0.292546729947D-03  0.376210582878D-03
 -0.307285603729D-03  0.166439004044D-04  0.871792143395D-04  0.758925436793D-04
  0.210829081285D-03  0.291918150825D-02 -0.636715167607D-04  0.661234862002D-03
  0.179896295102D-01 -0.510593169796D-03  0.400473898364D-02 -0.157535635084D-03
 -0.610606697280D-04  0.313171078368D-02  0.147071009122D-01 -0.192272328431D-02
  0.674316795716D-02 -0.271355527941D-02 -0.372901798237D-03 -0.603884883814D-03
  0.191824464199D-02  0.198454587127D-02  0.381917003964D-03  0.116453758815D-03
  0.113113566234D-02 -0.743102939134D-03  0.238355386933D-02 -0.172295709002D-02
  0.246772555908D-02  0.227939379282D-03  0.205799237735D-03  0.172566025040D-03
  0.425739008627D-03 -0.618363648931D-03  0.564233848586D-03 -0.461009675690D-03
  0.103373154569D-02 -0.387007822905D-03 -0.828737868510D-03  0.169961007332D-03
 -0.554778309500D-03 -0.541533581730D-02  0.648717123079D-03 -0.144803930261D-02
 -0.137774416767D-01 -0.248769810893D-02 -0.630578897109D-02 -0.190207978423D-02
  0.653155110175D-03 -0.436536207721D-03  0.390782558992D-01 -0.870620370904D-02
  0.452160579072D-03 -0.373784826033D-02 -0.297160067805D-03 -0.464891066197D-02
 -0.505679959257D-02 -0.510239224987D-02  0.665376174167D-03 -0.151692691918D-03
 -0.159610929645D-03 -0.726653255285D-03 -0.161025602931D-03 -0.571722427764D-02
 -0.519739898794D-02 -0.227385427118D-02 -0.247133894080D-02  0.335589574428D-03
 -0.631534629479D-03 -0.406433280850D-02 -0.476366579811D-02 -0.126501618688D-03
 -0.520672305052D-02 -0.386823345748D-04 -0.443020693687D-02 -0.619408289969D-02
  0.820453407574D-03  0.938433383738D-04 -0.109723689612D-02 -0.556354217002D-02
 -0.455502975634D-02 -0.525339147207D-02  0.148648383649D-03 -0.100153369098D-02
 -0.111127074144D-02  0.309255990952D-02 -0.719852504596D-03 -0.346960004209D-03
 -0.423754589007D-02 -0.432471764362D-02 -0.561530169283D-02  0.605590705474D-03
 -0.167376677030D-02  0.405962035473D-03 -0.303591924266D-02  0.378962275147D-03
  0.373791650625D-02 -0.417515123885D-02  0.334796435561D-02  0.323334640765D-02
 -0.341613827068D-02 -0.282255299609D-02  0.714769303419D-02  0.108926917645D-02
  0.283641276658D-01  0.137228687868D-02 -0.389065435456D-02  0.508893238004D-02
 -0.497303294431D-02  0.376753733199D+00 -0.941450416259D-03 -0.610786973448D-03
 -0.266016001697D-02  0.537346334109D-05  0.271135942256D-02  0.199980928536D-02
  0.178840205215D-02  0.169142096854D-02  0.498145736110D-03  0.431854134742D-03
 -0.673426277945D-03  0.554873226075D-04 -0.286249608828D-02  0.112781078180D-02
 -0.207654530951D-02 -0.683127149508D-02 -0.140166352356D-02 -0.159077548817D-02
  0.128598591359D-02 -0.171235083974D-03 -0.901357945492D-03 -0.620049591614D-02
  0.262374170464D-02 -0.288105242943D-02 -0.476117755055D-02  0.146031919821D-02
  0.214991395708D-03 -0.174157196427D-02  0.885783320531D-03  0.284366424416D-02
  0.139190446579D-03  0.111004098158D-02  0.952217952126D-05 -0.135316273640D-02
  0.307555773761D-02 -0.251632827831D-03 -0.283193107343D-03  0.336227817650D-02
  0.285023347272D-02 -0.334702485689D-03  0.169153718872D-02 -0.587043512625D-03
  0.427449853201D-03 -0.277692883832D-02  0.851145943293D-03  0.266153927862D-02
  0.404219181370D-02  0.209091582112D-02  0.421177395933D-02  0.603975525228D-02
  0.689164200752D-02  0.115612292866D-01  0.147321950688D-02  0.349478016373D-01
  0.155533733862D-02  0.686900545356D-02 -0.687289594443D-02 -0.105021720344D-01
  0.143417133486D-01  0.377566942379D+00  0.920329586632D-02 -0.894560230654D-02
  0.129845837763D-02  0.570702529673D-03 -0.130915836729D-02  0.136918666950D-02
  0.119336017154D-02 -0.282141881628D-01 -0.991045613936D-02  0.672976526245D-03
  0.434270915846D-02  0.138969477479D-02  0.134773830706D-01  0.990984509535D-02
  0.378073824965D-01  0.333273873291D-02  0.507249312088D-01  0.252471323747D-02
  0.408466400495D-02  0.319641241247D-02  0.886980051538D-02 -0.772525068265D-02
 -0.228976494055D-01  0.227779670814D-02  0.707783496802D-02 -0.252780515228D-02
  0.319166540221D-02  0.243928021484D-02  0.384361240502D-03 -0.217989968743D-03
  0.400942781652D-02 -0.298023561528D-01 -0.103884533982D-01  0.497531729472D-02
  0.843370170848D-02  0.586351906388D-04  0.691333812778D-03 -0.261752731321D-03
  0.224648938540D-04  0.389671993530D-02 -0.285678844820D-01 -0.969835116812D-02
  0.135556389286D-02 -0.462522667481D-02  0.648688584283D-03 -0.631564189285D-03
 -0.133676741381D-01  0.493348639459D-02  0.721425502711D-03 -0.947093003468D-02
 -0.814333642252D-02 -0.553368299184D-02  0.117786380100D-03  0.185263035569D-02
 -0.855123735623D-04 -0.159500140643D-01  0.396087783405D-01  0.435770245043D-03
 -0.189967604970D-02  0.124598320880D-01  0.387286149797D+00  0.105200373410D-02
  0.410652364629D-03 -0.374346387472D-02 -0.580907282279D-03 -0.351421325945D-02
 -0.328237471538D-02 -0.303661469217D-02 -0.185553115225D-02 -0.855683465576D-03
 -0.916871115385D-03  0.285057124323D-04 -0.306528471550D-03  0.184162974072D-02
 -0.204294377566D-02 -0.117914161489D-03  0.631235494362D-02  0.350261076942D-02
  0.223439800989D-02 -0.992169857744D-03 -0.177646503835D-02  0.724827269934D-03
 -0.161076477827D-02 -0.454149250524D-02 -0.164299988041D-02  0.422104034128D-03
  0.632699400368D-03 -0.868291303969D-04  0.423809279909D-03 -0.299655915729D-02
 -0.325255654986D-02 -0.215953609884D-02 -0.211214329224D-02 -0.205460242133D-02
  0.211769476213D-03  0.146868061400D-02 -0.244875394707D-03 -0.426856026542D-03
 -0.346488813079D-02 -0.308069596037D-02 -0.226222791818D-02 -0.232509799899D-02
 -0.231226573974D-02  0.163289541672D-03 -0.196628953927D-02 -0.483308392023D-03
  0.339435305960D-02 -0.379054087567D-02  0.281174468259D-02  0.952672766717D-03
 -0.214432824839D-02 -0.246819955881D-02 -0.322737905558D-02  0.374979638291D-03
  0.107556744366D-01  0.504562228544D-03 -0.977816589284D-02  0.153658526626D-01
  0.863076090124D-02 -0.338814092507D-02  0.102886195651D-01 -0.131433269474D-01
  0.390378097573D+00  0.619397814715D-02  0.231782865088D-02 -0.102644102715D-03
 -0.321033643820D-03  0.358213272743D-02  0.277986547387D-02  0.305580269031D-02
  0.706779193162D-02  0.255493133798D-02 -0.680924106645D-03 -0.119732999600D-02
 -0.474582552407D-03  0.164353641014D-02  0.100312822459D-02 -0.106017653736D-01
  0.650016443152D-02 -0.132944186569D-01  0.113823662827D-02  0.253918440501D-02
  0.210621242485D-02 -0.149007193710D-02  0.586306007876D-02  0.397791483445D-02
  0.110058390049D-02  0.615753031360D-03  0.107223849124D-02 -0.128884286675D-02
  0.605432253650D-04  0.360230120092D-02  0.341518005042D-02  0.198670394140D-02
  0.768823910982D-02  0.198100634186D-02 -0.577834264592D-03 -0.233038362383D-02
  0.732055697784D-03 -0.299169697061D-03  0.328236544837D-02  0.322484803902D-02
  0.212039730674D-02  0.673326701936D-02  0.210932111831D-02 -0.490642554467D-03
  0.888103637528D-03 -0.499344851997D-03 -0.553722374619D-03  0.771228185740D-02
 -0.165650697177D-04 -0.146961957323D-02  0.867099418386D-02  0.754592388565D-02
 -0.378171266667D-02 -0.494603674556D-03  0.395213978311D-02 -0.755359981673D-03
  0.529656777824D-02 -0.584950596516D-02  0.124759765324D-01  0.431029024150D-02
 -0.346445098070D-02  0.202622121613D-01  0.956002384441D-02  0.378745622267D+00
$end
