$coord
    2.23406696405325     -0.68468595382580      2.37452796828593  c
   -0.47112504939196      0.31515643250791      2.38009444445379  c
   -1.89383209937960     -0.52914387693397      0.00000016620230  c
   -0.47112484953659      0.31515540745286     -2.38009439120027  c
    2.23406611272758     -0.68469009313974     -2.37452744476088  c
    3.64545580428636      0.15098048952021     -0.00000080537340  c
   -4.48596057620233      0.43701877693449     -0.00000026179243  c
   -6.63460438037309      1.21472319820087     -0.00000037474005  c
    2.19104913164030     -2.75058374344511      2.43766478306531  h
    3.22436868125795     -0.04704571149310      4.06371211456847  h
   -1.48298919981176     -0.31704869169772      4.05733973062446  h
   -0.44660035523928      2.37990624100825      2.41878283042904  h
   -1.98552092409702     -2.59392979021683      0.00000062262437  h
   -1.48298990572052     -0.31704887817454     -4.05734014251633  h
   -0.44659794581921      2.37990526364885     -2.41878260601370  h
    3.22436781279655     -0.04705438994756     -4.06371330835178  h
    2.19104608966809     -2.75058792687291     -2.43765960558993  h
    3.80283220590372      2.21136462464700     -0.00000267687273  h
    5.56002403077324     -0.60703310794445     -0.00000055393206  h
   -8.50347210375119      1.92402755248663     -0.00000048911016  h
$user-defined bonds
$redundant
     number_of_atoms            20
     degrees_of_freedom         54
     internal_coordinates       54
     frozen_coordinates          0
# definitions of redundant internals
   1 k  1.0000000000000 stre  20    8           val=   1.99894
   2 k  1.0000000000000 stre   8    7           val=   2.28506
   3 k  0.7071067811865 linc  20    3    8   13 val=  -0.02186
        0.7071067811865 linc   8    3    7   13
   4 k  0.7071067811865 linc  20    3    8   13 val=  -0.56598
       -0.7071067811865 linc   8    3    7   13
   5 k  0.7071067811865 linp  20    3    8   13 val=  -0.00000
        0.7071067811865 linp   8    3    7   13
   6 k  0.7071067811865 linp  20    3    8   13 val=   0.00000
       -0.7071067811865 linp   8    3    7   13
   7 k  1.0000000000000 stre   3    7           val=   2.76633
   8 k  1.0000000000000 stre   3   13           val=   2.06682
   9 k  0.0000002980662 bend  13    7    3      val=   0.00001
       -0.3954039584508 bend   4    7    3
       -0.5862215874674 bend   4   13    3
        0.3954038258432 bend   2    7    3
        0.5862216087258 bend   2   13    3
  10 k -0.3366380192785 bend  13    7    3      val=   1.07181
       -0.3673423588173 bend   4    7    3
        0.5553352511823 bend   4   13    3
       -0.3673420009272 bend   2    7    3
        0.5553350777178 bend   2   13    3
  11 k  0.8334885943288 bend  13    7    3      val=   1.20663
       -0.3906594958139 bend   4    7    3
       -0.0057868497734 bend   4   13    3
       -0.3906596232828 bend   2    7    3
       -0.0057872757463 bend   2   13    3
  12 k  0.0000000029702 bend  13    7    3      val=   0.00000
        0.5862214787745 bend   4    7    3
       -0.3954037195241 bend   4   13    3
       -0.5862217174188 bend   2    7    3
        0.3954040647700 bend   2   13    3
  13 k  1.0000000000000 stre   1   10           val=   2.05928
  14 k  1.0000000000000 stre   1    9           val=   2.06731
  15 k  0.0066860805261 bend   9   10    1      val=   0.16999
        0.5037768210195 bend   2   10    1
        0.4952517542332 bend   2    9    1
       -0.5077235894236 bend   6   10    1
       -0.4930584829433 bend   6    9    1
  16 k  0.0293135101841 bend   9   10    1      val=   0.35774
       -0.5018164322401 bend   2   10    1
        0.4931266737366 bend   2    9    1
       -0.5030901743404 bend   6   10    1
        0.5010462519430 bend   6    9    1
  17 k  0.9004035445593 bend   9   10    1      val=   0.74550
       -0.2070845362380 bend   2   10    1
       -0.2332504687923 bend   2    9    1
       -0.1982215866260 bend   6   10    1
       -0.2295471045338 bend   6    9    1
  18 k -0.0018010168479 bend   9   10    1      val=   0.24312
       -0.4956476811305 bend   2   10    1
        0.5089699892157 bend   2    9    1
        0.4926765742493 bend   6   10    1
       -0.5025430088978 bend   6    9    1
  19 k  1.0000000000000 stre   2   11           val=   2.05833
  20 k  1.0000000000000 stre   2   12           val=   2.06526
  21 k  0.0330429802619 bend  12   11    2      val=   0.55698
       -0.5093671626973 bend   1   11    2
       -0.4953281907320 bend   1   12    2
        0.5036267392369 bend   3   11    2
        0.4903706210743 bend   3   12    2
  22 k  0.0333767820005 bend  12   11    2      val=   0.48167
       -0.5149627747611 bend   1   11    2
        0.5114159188182 bend   1   12    2
       -0.4895338697035 bend   3   11    2
        0.4821925750424 bend   3   12    2
  23 k  0.8987666906765 bend  12   11    2      val=   0.53337
       -0.1852380522238 bend   1   11    2
       -0.2187888430848 bend   1   12    2
       -0.2183794208220 bend   3   11    2
       -0.2496941537998 bend   3   12    2
  24 k  0.0002966190479 bend  12   11    2      val=  -0.07338
        0.4793424706898 bend   1   11    2
       -0.4928343108081 bend   1   12    2
       -0.5065599893710 bend   3   11    2
        0.5203287682504 bend   3   12    2
  25 k  1.0000000000000 stre   4   14           val=   2.05833
  26 k  1.0000000000000 stre   4   15           val=   2.06526
  27 k  0.0330431069180 bend  15   14    4      val=   0.55698
       -0.5093672992208 bend   5   14    4
       -0.4953280555047 bend   5   15    4
        0.5036266823608 bend   3   14    4
        0.4903706657356 bend   3   15    4
  28 k  0.0333769892522 bend  15   14    4      val=   0.48167
       -0.5149626853874 bend   5   14    4
        0.5114159475885 bend   5   15    4
       -0.4895340344103 bend   3   14    4
        0.4821924584159 bend   3   15    4
  29 k  0.8987665939998 bend  15   14    4      val=   0.53334
       -0.1852379009530 bend   5   14    4
       -0.2187890623541 bend   5   15    4
       -0.2183795239958 bend   3   14    4
       -0.2496943316420 bend   3   15    4
  30 k  0.0002965130171 bend  15   14    4      val=  -0.07337
        0.4793425025888 bend   5   14    4
       -0.4928343263408 bend   5   15    4
       -0.5065598735205 bend   3   14    4
        0.5203288369975 bend   3   15    4
  31 k  1.0000000000000 stre   5   16           val=   2.05928
  32 k  1.0000000000000 stre   5   17           val=   2.06731
  33 k  0.0066854377033 bend  17   16    5      val=   0.16997
        0.5037771045493 bend   4   16    5
        0.4952515704847 bend   4   17    5
       -0.5077234499859 bend   6   16    5
       -0.4930585301174 bend   6   17    5
  34 k  0.0293139582666 bend  17   16    5      val=   0.35775
       -0.5018165808188 bend   4   16    5
        0.4931270166616 bend   4   17    5
       -0.5030901691904 bend   6   16    5
        0.5010457445867 bend   6   17    5
  35 k  0.9004035290833 bend  17   16    5      val=   0.74550
       -0.2070838659212 bend   4   16    5
       -0.2332505407391 bend   4   17    5
       -0.1982217997252 bend   6   16    5
       -0.2295475128334 bend   6   17    5
  36 k -0.0018008230907 bend  17   16    5      val=   0.24311
       -0.4956474484405 bend   4   16    5
        0.5089697120319 bend   4   17    5
        0.4926766677473 bend   6   16    5
       -0.5025434281554 bend   6   17    5
  37 k  1.0000000000000 stre   6   19           val=   2.05916
  38 k  1.0000000000000 stre   6   18           val=   2.06639
  39 k  0.0000004035230 bend  18   19    6      val=   0.00001
       -0.5070851571761 bend   1   19    6
       -0.4928130513942 bend   1   18    6
        0.5070850863026 bend   5   19    6
        0.4928130020572 bend   5   18    6
  40 k  0.0340868876535 bend  18   19    6      val=   0.58370
       -0.5022586526661 bend   1   19    6
        0.4971474630061 bend   1   18    6
       -0.5022583695105 bend   5   19    6
        0.4971471212784 bend   5   18    6
  41 k  0.8995513492317 bend  18   19    6      val=   0.53163
       -0.2013322234198 bend   1   19    6
       -0.2342410129839 bend   1   18    6
       -0.2013326293611 bend   5   19    6
       -0.2342413842581 bend   5   18    6
  42 k  0.0000000005980 bend  18   19    6      val=   0.00000
        0.4928128725387 bend   1   19    6
       -0.5070849629092 bend   1   18    6
       -0.4928131809127 bend   5   19    6
        0.5070852805695 bend   5   18    6
  43 k  1.0000000000000 stre   1    2           val=   2.88406
  44 k  1.0000000000000 stre   2    3           val=   2.89858
  45 k  1.0000000000000 stre   3    4           val=   2.89858
  46 k  1.0000000000000 stre   4    5           val=   2.88406
  47 k  1.0000000000000 stre   5    6           val=   2.88596
  48 k  1.0000000000000 stre   6    1           val=   2.88596
  49 k -0.2886751345948 bend   1    3    2      val=   0.11723
       -0.2886751345948 bend   2    4    3
        0.5773502691896 bend   3    5    4
       -0.2886751345948 bend   4    6    5
       -0.2886751345948 bend   5    1    6
        0.5773502691896 bend   6    2    1
  50 k  0.5000000000000 bend   1    3    2      val=   0.23445
       -0.5000000000000 bend   2    4    3
        0.5000000000000 bend   4    6    5
       -0.5000000000000 bend   5    1    6
  51 k -0.4082482904639 bend   1    3    2      val=  -0.01275
        0.4082482904639 bend   2    4    3
       -0.4082482904639 bend   3    5    4
        0.4082482904639 bend   4    6    5
       -0.4082482904639 bend   5    1    6
        0.4082482904639 bend   6    2    1
  52 k -0.2886751345948 tors   2    3    4    5 val=   0.00170
       -0.2886751345948 tors   3    4    5    6
        0.5773502691896 tors   4    5    6    1
       -0.2886751345948 tors   5    6    1    2
       -0.2886751345948 tors   6    1    2    3
        0.5773502691896 tors   1    2    3    4
  53 k  0.5000000000000 tors   2    3    4    5 val=  -0.00107
       -0.5000000000000 tors   3    4    5    6
        0.5000000000000 tors   5    6    1    2
       -0.5000000000000 tors   6    1    2    3
  54 k -0.4082482904639 tors   2    3    4    5 val= -56.38713
        0.4082482904639 tors   3    4    5    6
       -0.4082482904639 tors   4    5    6    1
        0.4082482904639 tors   5    6    1    2
       -0.4082482904639 tors   6    1    2    3
        0.4082482904639 tors   1    2    3    4
        54 non zero eigenvalues  of BmBt
           1           6.155869712    1    0
         1
           2           4.377953298    2    0
         2
           3           4.318053619    3    0
         3
           4           4.236246619    4    0
         4
           5           4.183560440    5    0
         5
           6           3.772837339    6    0
         6
           7           3.527164412    7    0
         7
           8           3.448406005    8    0
         8
           9           3.379598570    9    0
         9
          10           3.110278098   10    0
        10
          11           2.877549044   11    0
        11
          12           2.642308270   12    0
        12
          13           2.627371422   13    0
        13
          14           2.268134933   14    0
        14
          15           2.116911407   15    0
        15
          16           2.075308897   16    0
        16
          17           1.793959006   17    0
        17
          18           1.754298821   18    0
        18
          19           1.732431659   19    0
        19
          20           1.218628676   20    0
        20
          21           1.094594421   21    0
        21
          22           1.010868478   22    0
        22
          23           0.831857997   23    0
        23
          24           0.779187740   24    0
        24
          25           0.770763322   25    0
        25
          26           0.748963233   26    0
        26
          27           0.747238996   27    0
        27
          28           0.721806595   28    0
        28
          29           0.634186584   29    0
        29
          30           0.587590794   30    0
        30
          31           0.530184604   31    0
        31
          32           0.504741762   32    0
        32
          33           0.415112552   33    0
        33
          34           0.401268262   34    0
        34
          35           0.391758986   35    0
        35
          36           0.352786697   36    0
        36
          37           0.336816574   37    0
        37
          38           0.331037665   38    0
        38
          39           0.314622126   39    0
        39
          40           0.294546052   40    0
        40
          41           0.277922451   41    0
        41
          42           0.260242083   42    0
        42
          43           0.254763089   43    0
        43
          44           0.251320091   44    0
        44
          45           0.240004367   45    0
        45
          46           0.230672116   46    0
        46
          47           0.118867043   47    0
        47
          48           0.091572096   48    0
        48
          49           0.085194294   49    0
        49
          50           0.077422198   50    0
        50
          51           0.059522162   51    0
        51
          52           0.050725995   52    0
        52
          53           0.024912683   53    0
        53
          54           0.013675953   54    0
        54
$end
