$energy      SCF               SCFKIN            SCFPOT            RIRPA
     1 -309.9088695596      0.00000000      0.00000000     -2.414259616093
     2 -309.9099493285      0.00000000      0.00000000     -2.413746183081
     3 -309.9123012878      0.00000000      0.00000000     -2.411721247962
     4 -309.9116083588      0.00000000      0.00000000     -2.412654224853
     5 -309.9116138311      0.00000000      0.00000000     -2.412673549831
     6 -309.9115913821      0.00000000      0.00000000     -2.412700628704
     7 -309.9115511774      0.00000000      0.00000000     -2.412739976219
     8 -309.9115749397      0.00000000      0.00000000     -2.412717386041
     9 -309.9115791399      0.00000000      0.00000000     -2.412713309157
    10 -309.9115799577      0.00000000      0.00000000     -2.412712500971
    11 -309.9115804718      0.00000000      0.00000000     -2.412712019447
$end
