$coord
    0.85059421625383      0.00245860739820     12.81415679459809      n
    2.49591832104645     -0.00814803043292     10.88774534593378      c
    4.47608027245027     -0.00578866011286     11.40610250029967      h
    1.79032153808051     -0.02150416309561      8.35205777243582      c
    3.20281748625564     -0.02937301861774      6.87599335522244      h
   -0.77223885754426     -0.02417635678998      7.76167810201797      c
   -1.39533575901242     -0.03448571424424      5.81472832550511      h
   -2.50720258821266     -0.01337640942410      9.73676243489177      c
   -4.51872163839293     -0.01498152390411      9.38010348787686      h
   -1.60844165089404     -0.00030393599231     12.21033618060871      c
   -2.91647920762165      0.00835692264938     13.78483937438769      h
$redundant
     number_of_atoms            11
     degrees_of_freedom         27
     internal_coordinates       27
     frozen_coordinates          0
# definitions of redundant internals
   1 k  1.0000000000000 stre    2    3           val=   2.04689
   2 k -0.7071067811862 bend    1    3    2      val=   2.19463
        0.7071067811869 bend    4    3    2
   3 k  1.0000000000000 outp    3    4    1    2 val=   0.00045
   4 k  1.0000000000000 stre    4    5           val=   2.04303
   5 k  0.7071067811930 bend    6    5    4      val=   0.02687
       -0.7071067811801 bend    2    5    4
   6 k  1.0000000000000 outp    5    2    6    4 val=  -0.00669
   7 k  1.0000000000000 stre    6    7           val=   2.04425
   8 k  0.7071067811883 bend    8    7    6      val=   0.11842
       -0.7071067811848 bend    4    7    6
   9 k  1.0000000000000 outp    7    4    8    6 val=   0.00236
  10 k  1.0000000000000 stre    8    9           val=   2.04289
  11 k  0.7071067811866 bend    6    9    8      val=   0.60956
       -0.7071067811865 bend   10    9    8
  12 k  1.0000000000000 outp    9   10    6    8 val=   0.00006
  13 k  1.0000000000000 stre   10   11           val=   2.04697
  14 k -0.7071067811860 bend    1   11   10      val=   2.19598
        0.7071067811871 bend    8   11   10
  15 k  1.0000000000000 outp   11    8    1   10 val=   0.00056
  16 k  1.0000000000000 stre    1   10           val=   2.53209
  17 k  1.0000000000000 stre   10    8           val=   2.63183
  18 k  1.0000000000000 stre    8    6           val=   2.62891
  19 k  1.0000000000000 stre    6    4           val=   2.62969
  20 k  1.0000000000000 stre    4    2           val=   2.63206
  21 k  1.0000000000000 stre    2    1           val=   2.53343
  22 k -0.5000000000000 bend    1    8   10      val=  -1.86522
       -0.5000000000000 bend   10    6    8
        1.0000000000000 bend    8    4    6
       -0.5000000000000 bend    6    2    4
       -0.5000000000000 bend    4    1    2
        1.0000000000000 bend    2   10    1
  23 k  0.8660254037844 bend    1    8   10      val=  -0.09939
       -0.8660254037844 bend   10    6    8
        0.8660254037844 bend    6    2    4
       -0.8660254037844 bend    4    1    2
  24 k -1.0000000000000 bend    1    8   10      val=  -2.01240
        1.0000000000000 bend   10    6    8
       -1.0000000000000 bend    8    4    6
        1.0000000000000 bend    6    2    4
       -1.0000000000000 bend    4    1    2
        1.0000000000000 bend    2   10    1
  25 k -0.5000000000000 tors   10    8    6    4 val=  -0.00162
       -0.5000000000000 tors    8    6    4    2
        1.0000000000000 tors    6    4    2    1
       -0.5000000000000 tors    4    2    1   10
       -0.5000000000000 tors    2    1   10    8
        1.0000000000000 tors    1   10    8    6
  26 k  0.8660254037844 tors   10    8    6    4 val=   0.00102
       -0.8660254037844 tors    8    6    4    2
        0.8660254037844 tors    4    2    1   10
       -0.8660254037844 tors    2    1   10    8
  27 k -1.0000000000000 tors   10    8    6    4 val=  -0.00049
        1.0000000000000 tors    8    6    4    2
       -1.0000000000000 tors    6    4    2    1
        1.0000000000000 tors    4    2    1   10
       -1.0000000000000 tors    2    1   10    8
        1.0000000000000 tors    1   10    8    6
        27 non zero eigenvalues  of BmBt
           1          10.749922733    1    0
         1
           2           5.380496983    2    0
         2
           3           4.316701106    3    0
         3
           4           4.257332597    4    0
         4
           5           4.214012240    5    0
         5
           6           3.560616097    6    0
         6
           7           3.412259050    7    0
         7
           8           3.067081477    8    0
         8
           9           3.038649651    9    0
         9
          10           2.403831491   10    0
        10
          11           1.924890042   11    0
        11
          12           1.752749245   12    0
        12
          13           1.732607173   13    0
        13
          14           1.169236988   14    0
        14
          15           1.013095413   15    0
        15
          16           0.793345199   16    0
        16
          17           0.696618248   17    0
        17
          18           0.436929614   18    0
        18
          19           0.386932933   19    0
        19
          20           0.360371384   20    0
        20
          21           0.326225924   21    0
        21
          22           0.300649171   22    0
        22
          23           0.286348632   23    0
        23
          24           0.279743556   24    0
        24
          25           0.269093815   25    0
        25
          26           0.129499835   26    0
        26
          27           0.110078857   27    0
        27
$user-defined bonds
$frag
 atom   1 fragment  1 symmetry  c1
 atom   2 fragment  1
 atom   3 fragment  1
 atom   4 fragment  1
 atom   5 fragment  1
 atom   6 fragment  1
 atom   7 fragment  1
 atom   8 fragment  1
 atom   9 fragment  1
 atom  10 fragment  1
 atom  11 fragment  1
   iteration     5
$end
