$coord
    1.14665739406424      2.51413293392761      0.59797455911441      c
    2.35554070879453      4.16167648048933      0.62427539515587      h
    2.11287379511138      0.16487645458593      1.29468259569512      c
    4.06301989597938     -0.00734495540796      1.87793091400872      h
    0.55350510990532     -1.95792137526230      1.26442948815359      c
    1.30107050686198     -3.78126921099189      1.80540272047169      h
   -1.97066638372170     -1.73233296544005      0.54459948826573      c
   -3.17986022958850     -3.37975297871473      0.52789315840780      h
   -2.93585655954374      0.61859993530754     -0.15107069938445      c
   -4.89294494541640      0.79423125973219     -0.71308096583646      h
   -1.37579930726774      2.74169622661148     -0.12632505125857      c
   -2.12334124327446      4.56493327903625     -0.66870119925019      h
$redundant
     number_of_atoms            12
     degrees_of_freedom         30
     internal_coordinates       30
     frozen_coordinates          0
# definitions of redundant internals
   1 k  1.0000000000000 stre    1    2           val=   2.04365
   2 k -0.7071067791609 bend    3    2    1      val=   0.05600
        0.7071067832122 bend   11    2    1
   3 k  1.0000000000000 outp    2   11    3    1 val=   0.12681
   4 k  1.0000000000000 stre    3    4           val=   2.04277
   5 k  0.7071067951538 bend    1    4    3      val=   0.01428
       -0.7071067672193 bend    5    4    3
   6 k  1.0000000000000 outp    4    5    1    3 val=  -0.59718
   7 k  1.0000000000000 stre    5    6           val=   2.04355
   8 k  0.7071067818589 bend    3    6    5      val=   0.00681
       -0.7071067805142 bend    7    6    5
   9 k  1.0000000000000 outp    6    7    3    5 val=  -0.15944
  10 k  1.0000000000000 stre    7    8           val=   2.04363
  11 k -0.7071067811630 bend    5    8    7      val=   0.00782
        0.7071067812101 bend    9    8    7
  12 k  1.0000000000000 outp    8    9    5    7 val=  -0.05943
  13 k  1.0000000000000 stre    9   10           val=   2.04375
  14 k  0.7071067814451 bend   11   10    9      val=   0.00897
       -0.7071067809279 bend    7   10    9
  15 k  1.0000000000000 outp   10    7   11    9 val=  -0.10279
  16 k  1.0000000000000 stre   11   12           val=   2.04382
  17 k  0.7071067811967 bend    1   12   11      val=   0.01623
       -0.7071067811764 bend    9   12   11
  18 k  1.0000000000000 outp   12    9    1   11 val=   0.01355
  19 k  1.0000000000000 stre    1    3           val=   2.63400
  20 k  1.0000000000000 stre    3    5           val=   2.63416
  21 k  1.0000000000000 stre    5    7           val=   2.63448
  22 k  1.0000000000000 stre    7    9           val=   2.63485
  23 k  1.0000000000000 stre    9   11           val=   2.63475
  24 k  1.0000000000000 stre   11    1           val=   2.63423
  25 k -0.5000000000000 bend    1    5    3      val=   0.01385
       -0.5000000000000 bend    3    7    5
        1.0000000000000 bend    5    9    7
       -0.5000000000000 bend    7   11    9
       -0.5000000000000 bend    9    1   11
        1.0000000000000 bend   11    3    1
  26 k  0.8660254037844 bend    1    5    3      val=  -0.05157
       -0.8660254037844 bend    3    7    5
        0.8660254037844 bend    7   11    9
       -0.8660254037844 bend    9    1   11
  27 k -1.0000000000000 bend    1    5    3      val=   0.04317
        1.0000000000000 bend    3    7    5
       -1.0000000000000 bend    5    9    7
        1.0000000000000 bend    7   11    9
       -1.0000000000000 bend    9    1   11
        1.0000000000000 bend   11    3    1
  28 k -0.5000000000000 tors    3    5    7    9 val=  -0.10093
       -0.5000000000000 tors    5    7    9   11
        1.0000000000000 tors    7    9   11    1
       -0.5000000000000 tors    9   11    1    3
       -0.5000000000000 tors   11    1    3    5
        1.0000000000000 tors    1    3    5    7
  29 k  0.8660254037844 tors    3    5    7    9 val=   0.04178
       -0.8660254037844 tors    5    7    9   11
        0.8660254037844 tors    9   11    1    3
       -0.8660254037844 tors   11    1    3    5
  30 k -1.0000000000000 tors    3    5    7    9 val=  -0.02271
        1.0000000000000 tors    5    7    9   11
       -1.0000000000000 tors    7    9   11    1
        1.0000000000000 tors    9   11    1    3
       -1.0000000000000 tors   11    1    3    5
        1.0000000000000 tors    1    3    5    7
        30 non zero eigenvalues  of BmBt
           1          11.036608477    1    0
         1
           2           5.091962385    2    0
         2
           3           5.082430159    3    0
         3
           4           4.376241181    4    0
         4
           5           4.375536021    5    0
         5
           6           3.553526506    6    0
         6
           7           3.502594709    7    0
         7
           8           3.501823769    8    0
         8
           9           3.186415461    9    0
         9
          10           2.618018556   10    0
        10
          11           1.989018985   11    0
        11
          12           1.890902502   12    0
        12
          13           1.890559075   13    0
        13
          14           1.576981906   14    0
        14
          15           1.576835707   15    0
        15
          16           0.994647770   16    0
        16
          17           0.994409557   17    0
        17
          18           0.542645553   18    0
        18
          19           0.478934856   19    0
        19
          20           0.404322531   20    0
        20
          21           0.381957281   21    0
        21
          22           0.358703381   22    0
        22
          23           0.358682647   23    0
        23
          24           0.279077463   24    0
        24
          25           0.278987397   25    0
        25
          26           0.260271242   26    0
        26
          27           0.260044421   27    0
        27
          28           0.150063806   28    0
        28
          29           0.108544344   29    0
        29
          30           0.108499124   30    0
        30
$user-defined bonds
$frag
 atom   1 fragment  1 symmetry  c1
 atom   2 fragment  1
 atom   3 fragment  1
 atom   4 fragment  1
 atom   5 fragment  1
 atom   6 fragment  1
 atom   7 fragment  1
 atom   8 fragment  1
 atom   9 fragment  1
 atom  10 fragment  1
 atom  11 fragment  1
 atom  12 fragment  1
   iteration     4
$end
