$coord
   -2.32951643228290      2.28966581389329     -0.26763068911709      c
   -1.07955645807607      4.23679572099086      0.04840871183447      o
   -1.26721351395078      0.00734872919104     -0.59390591260989      n
    0.64977655767939     -0.17113379701537     -0.58265296009543      h
   -2.35122320803503     -1.52373096556532     -0.84410799019518      h
   -5.17453304970577      2.39382506169397     -0.29458292887436      c
   -5.81653043448585      3.11163269935113      1.52028768235050      h
   -6.05112046025580      0.57233282931249     -0.65424419340070      h
   -5.76364103270194      3.73313600988924     -1.73589745001984      h
$redundant
     number_of_atoms             9
     degrees_of_freedom         21
     internal_coordinates       21
     frozen_coordinates          0
# definitions of redundant internals
   1 k  1.0000000000000 stre    1    2           val=   2.33529
   2 k  0.7071070369778 bend    3    2    1      val=   1.25872
       -0.7071065253952 bend    6    2    1
   3 k  1.0000000000000 outp    2    6    3    1 val=   0.13148
   4 k  1.0000000000000 tors    5    3    1    6 val=  90.23540
        1.0000000000000 tors    4    3    1    6
   5 k  1.0000000000000 stre    3    5           val=   1.89259
   6 k  1.0000000000000 stre    3    4           val=   1.92531
   7 k  0.8159961855505 bend    4    5    3      val=  -0.20024
       -0.4327518936044 bend    1    5    3
       -0.3832440785568 bend    1    4    3
   8 k  0.0285849992943 bend    4    5    3      val=   0.16751
        0.6923833382528 bend    1    5    3
       -0.7209633906970 bend    1    4    3
   9 k  1.0000000000000 outp    5    1    4    3 val=  -0.14061
  10 k  1.0000000000000 tors    8    6    1    3 val= 117.73776
        1.0000000000000 tors    9    6    1    3
        1.0000000000000 tors    7    6    1    3
  11 k  1.0000000000000 stre    6    8           val=   2.05319
  12 k  1.0000000000000 stre    6    9           val=   2.05382
  13 k  1.0000000000000 stre    6    7           val=   2.05455
  14 k  0.4529710288755 bend    9    8    6      val=   0.52671
        0.4505150387252 bend    7    8    6
        0.3257727846948 bend    7    9    6
       -0.3751148204574 bend    1    8    6
       -0.4155674271044 bend    1    9    6
       -0.4151121831953 bend    1    7    6
  15 k -0.2651740694490 bend    9    8    6      val=   2.03457
       -0.2979324062538 bend    7    8    6
        0.7260078426943 bend    7    9    6
       -0.4852371790765 bend    1    8    6
        0.2086211916370 bend    1    9    6
        0.1866914164706 bend    1    7    6
  16 k -0.6672987362957 bend    9    8    6      val=   0.10364
        0.6510602794736 bend    7    8    6
        0.0233694618346 bend    7    9    6
       -0.0093909827085 bend    1    8    6
       -0.2523649179659 bend    1    9    6
        0.2578963646647 bend    1    7    6
  17 k  0.2015277043121 bend    9    8    6      val=  -0.98801
        0.2297099452945 bend    7    8    6
       -0.4675615744064 bend    7    9    6
       -0.6638077299076 bend    1    8    6
        0.3750070105346 bend    1    9    6
        0.3267034424840 bend    1    7    6
  18 k  0.2614066491177 bend    9    8    6      val=   0.02149
       -0.2485500858326 bend    7    8    6
       -0.0140096404014 bend    7    9    6
       -0.0284082016182 bend    1    8    6
       -0.6435011565772 bend    1    9    6
        0.6743829655100 bend    1    7    6
  19 k  1.0000000000000 stre    1    3           val=   2.53849
  20 k  1.0000000000000 stre    1    6           val=   2.84705
  21 k  1.0000000000000 bend    6    3    1      val= 116.73446
        21 non zero eigenvalues  of BmBt
           1           6.329620803    1    0
         1
           2           4.229857340    2    0
         2
           3           4.037910098    3    0
         3
           4           3.285160459    4    0
         4
           5           3.199552617    5    0
         5
           6           3.035492610    6    0
         6
           7           2.273389014    7    0
         7
           8           1.737482812    8    0
         8
           9           1.442985937    9    0
         9
          10           0.947676642   10    0
        10
          11           0.881958633   11    0
        11
          12           0.708169504   12    0
        12
          13           0.704031318   13    0
        13
          14           0.637638164   14    0
        14
          15           0.394565993   15    0
        15
          16           0.361169238   16    0
        16
          17           0.328506009   17    0
        17
          18           0.288788586   18    0
        18
          19           0.272042362   19    0
        19
          20           0.235389915   20    0
        20
          21           0.069531301   21    0
        21
$user-defined bonds
$frag
 atom   1 fragment  1 symmetry  c1
 atom   2 fragment  1
 atom   3 fragment  1
 atom   4 fragment  1
 atom   5 fragment  1
 atom   6 fragment  1
 atom   7 fragment  1
 atom   8 fragment  1
 atom   9 fragment  1
   iteration     4
$end
