$coord
   -6.34236253842575      1.59382350973742     -2.07654058466742  c
   -4.52691724821991      2.31550977835410     -0.01603662741283  c
   -4.64919824247719      4.20713941977419      1.26191609190040  o
   -2.70095022303483      0.55282015527653      0.23728244399037  o
   -0.86980989089131      1.10064871625770      2.18658033553514  c
    1.04072754360141     -1.02512306726463      2.17392664951487  c
    2.37291712005276     -1.44719495837502     -0.35481780497981  c
    3.65221952004304      0.95340008042226     -1.31453890361730  c
    4.30038927609178     -3.57527175389738     -0.08545667503702  c
   -7.79184752150951      3.03234094103630     -2.23938436644997  h
   -7.19539247873026     -0.22490296853846     -1.63935413408957  h
   -5.32880054021869      1.40618090327145     -3.85554163888722  h
   -0.00765366286857      2.92319508711252      1.79628700611112  h
   -1.83579710939593      1.22705629266886      3.99521894139614  h
    0.09942408326015     -2.76880697345123      2.74243025510286  h
    2.45855494749902     -0.59921868121954      3.61502584927074  h
    0.95556540934458     -2.02237902270974     -1.73114473429477  h
    4.97225062936835      1.67185774963030      0.10126803026792  h
    4.71677139317617      0.56598363801201     -3.03446112070107  h
    2.28830829641746      2.43552184498522     -1.73546678779525  h
    5.77500618759144     -3.02884195817170      1.25144008277748  h
    3.41502814478658     -5.30038111651245      0.61071129615258  h
    5.20156690453913     -3.99335761639876     -1.88934360408735  h
$user-defined bonds
$redundant
     number_of_atoms            23
     degrees_of_freedom         63
     internal_coordinates       63
     frozen_coordinates          0
# definitions of redundant internals
   1 k  1.0000000000000 stre   2    3           val=   2.28613
   2 k  0.7071068222540 bend   4    3    2      val=  -0.94528
       -0.7071067401191 bend   1    3    2
   3 k  1.0000000000000 outp   3    1    4    2 val=  -0.02621
   4 k  0.5773502691896 tors  10    1    2    4 val=  59.80168
        0.5773502691896 tors  11    1    2    4
        0.5773502691896 tors  12    1    2    4
   5 k  1.0000000000000 stre   1   10           val=   2.04862
   6 k  1.0000000000000 stre   1   11           val=   2.05586
   7 k  1.0000000000000 stre   1   12           val=   2.05606
   8 k  0.4352236035740 bend  11   10    1      val=   0.25006
        0.4306738298830 bend  12   10    1
        0.3593328622390 bend  12   11    1
       -0.3863033835187 bend   2   10    1
       -0.4161201111242 bend   2   11    1
       -0.4166462651472 bend   2   12    1
   9 k -0.2999034898090 bend  11   10    1      val=   0.22980
       -0.3340725085854 bend  12   10    1
        0.7210656212832 bend  12   11    1
       -0.4526347953568 bend   2   10    1
        0.2019886058223 bend   2   11    1
        0.1812185717901 bend   2   12    1
  10 k -0.6526342714630 bend  11   10    1      val=   0.10769
        0.6366552303476 bend  12   10    1
        0.0232020903673 bend  12   11    1
       -0.0111342667203 bend   2   10    1
       -0.2867120980351 bend   2   11    1
        0.2930400814403 bend   2   12    1
  11 k  0.2042985579505 bend  11   10    1      val=   1.14829
        0.2212731304235 bend  12   10    1
       -0.4321448076904 bend  12   11    1
       -0.6872113426931 bend   2   10    1
        0.3663008494731 bend   2   11    1
        0.3407571339054 bend   2   12    1
  12 k  0.2930984972530 bend  11   10    1      val=   0.08283
       -0.2867769464704 bend  12   10    1
       -0.0069509772736 bend  12   11    1
       -0.0157671179706 bend   2   10    1
       -0.6359705204377 bend   2   11    1
        0.6535264592358 bend   2   12    1
  13 k  1.0000000000000 stre   5   13           val=   2.05361
  14 k  1.0000000000000 stre   5   14           val=   2.05433
  15 k  0.0700570816188 bend  14   13    5      val=   1.70319
        0.4952061035285 bend   4   13    5
        0.4967652901641 bend   4   14    5
       -0.5100732952798 bend   6   13    5
       -0.4928614412528 bend   6   14    5
  16 k  0.0133006678921 bend  14   13    5      val=   0.33391
       -0.4967639124382 bend   4   13    5
        0.4845322493441 bend   4   14    5
       -0.5046590283221 bend   6   13    5
        0.5134164703350 bend   6   14    5
  17 k -0.8873324231969 bend  14   13    5      val=   2.58740
        0.2563039881283 bend   4   13    5
        0.2647227973696 bend   4   14    5
        0.1868637660216 bend   6   13    5
        0.2048248273868 bend   6   14    5
  18 k -0.0028104985614 bend  14   13    5      val=   0.45040
       -0.5035420637995 bend   4   13    5
        0.5147633802553 bend   4   14    5
        0.4883597171682 bend   6   13    5
       -0.4929106816430 bend   6   14    5
  19 k  1.0000000000000 stre   6   15           val=   2.06148
  20 k  1.0000000000000 stre   6   16           val=   2.06601
  21 k  0.0242658225445 bend  16   15    6      val=   0.65671
        0.5072524844955 bend   5   15    6
        0.4903066003454 bend   5   16    6
       -0.5020034911962 bend   7   15    6
       -0.4996979280664 bend   7   16    6
  22 k  0.0284657804841 bend  16   15    6      val=   0.64679
       -0.4918305291724 bend   5   15    6
        0.4937015363453 bend   5   16    6
       -0.5122486550798 bend   7   15    6
        0.5011512130034 bend   7   16    6
  23 k  0.9092211092289 bend  16   15    6      val=   4.25926
       -0.2013322576573 bend   5   15    6
       -0.2365443264355 bend   5   16    6
       -0.1855761503529 bend   7   15    6
       -0.2058897049649 bend   7   16    6
  24 k -0.0065349650902 bend  16   15    6      val=   0.45305
        0.5045088776275 bend   5   15    6
       -0.5089850947397 bend   5   16    6
       -0.4857592250699 bend   7   15    6
        0.5004000751584 bend   7   16    6
  25 k  1.0000000000000 stre   7   17           val=   2.05767
  26 k  0.1976974239408 bend   9   17    7      val=   0.79181
       -0.7790328019838 bend   8   17    7
        0.5949988420161 bend   6   17    7
  27 k  0.7992452743624 bend   9   17    7      val=   1.40870
       -0.2233314483165 bend   8   17    7
       -0.5579695830439 bend   6   17    7
  28 k  0.4082482904639 tors  20    8    7    6 val=  54.50597
        0.4082482904639 tors  20    8    7    9
        0.4082482904639 tors  19    8    7    6
        0.4082482904639 tors  19    8    7    9
        0.4082482904639 tors  18    8    7    6
        0.4082482904639 tors  18    8    7    9
  29 k  1.0000000000000 stre   8   20           val=   2.05770
  30 k  1.0000000000000 stre   8   19           val=   2.05949
  31 k  1.0000000000000 stre   8   18           val=   2.06475
  32 k  0.4165418848040 bend  19   20    8      val=   1.69365
        0.4325340870045 bend  18   20    8
        0.4098729533829 bend  18   19    8
       -0.3971876237548 bend   7   20    8
       -0.3997313193899 bend   7   19    8
       -0.3922603060508 bend   7   18    8
  33 k -0.6774936147162 bend  19   20    8      val=   0.05998
        0.2403619843525 bend  18   20    8
        0.4353836440590 bend  18   19    8
       -0.2796121796805 bend   7   20    8
       -0.1520394143371 bend   7   19    8
        0.4386007825405 bend   7   18    8
  34 k  0.1288195126769 bend  19   20    8      val=   0.61238
       -0.6585654710272 bend  18   20    8
        0.5576699639085 bend  18   19    8
       -0.3133472095453 bend   7   20    8
        0.3690845400853 bend   7   19    8
       -0.0655087278071 bend   7   18    8
  35 k -0.4381413595657 bend  19   20    8      val=   0.54034
        0.1861574269841 bend  18   20    8
        0.2572053517475 bend  18   19    8
        0.3834538415893 bend   7   20    8
        0.3003282190928 bend   7   19    8
       -0.6855574962292 bend   7   18    8
  36 k -0.0281389433123 bend  19   20    8      val=  -0.27396
        0.3559906541846 bend  18   20    8
       -0.3347355992774 bend  18   19    8
       -0.5834716846445 bend   7   20    8
        0.6457816188861 bend   7   19    8
       -0.0543859035591 bend   7   18    8
  37 k  0.4082482904639 tors  23    9    7    6 val=  58.11272
        0.4082482904639 tors  23    9    7    8
        0.4082482904639 tors  22    9    7    6
        0.4082482904639 tors  22    9    7    8
        0.4082482904639 tors  21    9    7    6
        0.4082482904639 tors  21    9    7    8
  38 k  1.0000000000000 stre   9   23           val=   2.05935
  39 k  1.0000000000000 stre   9   22           val=   2.06022
  40 k  1.0000000000000 stre   9   21           val=   2.06407
  41 k  0.4251360010314 bend  22   23    9      val=   1.59336
        0.4141276656450 bend  21   23    9
        0.4178878225479 bend  21   22    9
       -0.3976448062157 bend   7   23    9
       -0.3965156929765 bend   7   22    9
       -0.3972169913959 bend   7   21    9
  42 k -0.6847584915021 bend  22   23    9      val=   0.08717
        0.3647583940917 bend  21   23    9
        0.3319811851445 bend  21   22    9
       -0.2099402755969 bend   7   23    9
       -0.2303085491642 bend   7   22    9
        0.4367249338308 bend   7   21    9
  43 k  0.0204066245714 bend  22   23    9      val=   0.09458
        0.6063472813804 bend  21   23    9
       -0.6224855874063 bend  21   22    9
        0.3546625952560 bend   7   23    9
       -0.3442407149652 bend   7   22    9
       -0.0122886612070 bend   7   21    9
  44 k -0.4363747138258 bend  22   23    9      val=   0.29688
        0.2163637336202 bend  21   23    9
        0.2248867855775 bend  21   22    9
        0.3510098914828 bend   7   23    9
        0.3348638116573 bend   7   22    9
       -0.6905418606454 bend   7   21    9
  45 k  0.0061518113656 bend  22   23    9      val=  -0.00530
       -0.3529914219137 bend  21   23    9
        0.3461561846735 bend  21   22    9
        0.6106996887539 bend   7   23    9
       -0.6184693615364 bend   7   22    9
        0.0087547747631 bend   7   21    9
  46 k  1.0000000000000 tors   1    2    4    5 val= 180.04042
  47 k  1.0000000000000 stre   2    1           val=   2.83943
  48 k  1.0000000000000 bend   4    1    2      val= 110.74127
  49 k  0.7071067811865 tors   9    7    6    5 val= 116.75388
        0.7071067811865 tors   8    7    6    5
  50 k  1.0000000000000 stre   7    9           val=   2.88382
  51 k  1.0000000000000 stre   7    8           val=   2.88453
  52 k -0.5373538514932 bend   8    9    7      val=   1.14265
       -0.2613354946918 bend   6    9    7
        0.8018444970813 bend   6    8    7
  53 k  0.6416764389484 bend   8    9    7      val=   6.61724
       -0.7436675453837 bend   6    9    7
        0.1876430911105 bend   6    8    7
  54 k  0.5472679288831 bend   8    9    7      val= 110.60812
        0.6153554591918 bend   6    9    7
        0.5673054493471 bend   6    8    7
  55 k  1.0000000000000 tors   2    4    5    6 val= 181.00233
  56 k  1.0000000000000 stre   4    2           val=   2.55057
  57 k  1.0000000000000 bend   5    2    4      val= 114.35724
  58 k  1.0000000000000 tors   7    6    5    4 val=  57.19299
  59 k  1.0000000000000 stre   6    7           val=   2.88919
  60 k  1.0000000000000 bend   5    7    6      val= 114.88148
  61 k  1.0000000000000 stre   5    4           val=   2.73001
  62 k  1.0000000000000 stre   5    6           val=   2.85818
  63 k  1.0000000000000 bend   6    4    5      val= 107.21434
        63 non zero eigenvalues  of BmBt
           1           5.583621612    1    0
         1
           2           4.528072236    2    0
         2
           3           4.372836904    3    0
         3
           4           4.237192202    4    0
         4
           5           3.829618613    5    0
         5
           6           3.764119954    6    0
         6
           7           3.630471498    7    0
         7
           8           3.583345034    8    0
         8
           9           3.532189521    9    0
         9
          10           3.313250037   10    0
        10
          11           3.211971900   11    0
        11
          12           3.109385051   12    0
        12
          13           3.048765555   13    0
        13
          14           2.896552473   14    0
        14
          15           2.771479543   15    0
        15
          16           2.572195945   16    0
        16
          17           2.315245479   17    0
        17
          18           2.282305438   18    0
        18
          19           2.054394630   19    0
        19
          20           1.857844566   20    0
        20
          21           1.577199485   21    0
        21
          22           1.177661915   22    0
        22
          23           0.922094038   23    0
        23
          24           0.885220657   24    0
        24
          25           0.881666731   25    0
        25
          26           0.868573025   26    0
        26
          27           0.839942766   27    0
        27
          28           0.763524151   28    0
        28
          29           0.736122153   29    0
        29
          30           0.700860799   30    0
        30
          31           0.698007741   31    0
        31
          32           0.696896073   32    0
        32
          33           0.692565336   33    0
        33
          34           0.686189866   34    0
        34
          35           0.681331589   35    0
        35
          36           0.626263166   36    0
        36
          37           0.561685833   37    0
        37
          38           0.518688778   38    0
        38
          39           0.487800418   39    0
        39
          40           0.459134655   40    0
        40
          41           0.406600014   41    0
        41
          42           0.388427434   42    0
        42
          43           0.362571794   43    0
        43
          44           0.342170855   44    0
        44
          45           0.331726355   45    0
        45
          46           0.310526605   46    0
        46
          47           0.282909348   47    0
        47
          48           0.270133241   48    0
        48
          49           0.269030141   49    0
        49
          50           0.246933102   50    0
        50
          51           0.240645071   51    0
        51
          52           0.227001783   52    0
        52
          53           0.150421723   53    0
        53
          54           0.119286849   54    0
        54
          55           0.084080073   55    0
        55
          56           0.066797393   56    0
        56
          57           0.061317588   57    0
        57
          58           0.048046447   58    0
        58
          59           0.040544394   59    0
        59
          60           0.036024692   60    0
        60
          61           0.015549369   61    0
        61
          62           0.009758578   62    0
        62
          63           0.005111891   63    0
        63
$end
