$energy      SCF               SCFKIN            SCFPOT            RIRPA
     1 -519.1647617494      0.00000000      0.00000000     -4.303608036364
     2 -519.1667985042      0.00000000      0.00000000     -4.302013872956
     3 -519.1707993347      0.00000000      0.00000000     -4.298891173735
     4 -519.1705071269      0.00000000      0.00000000     -4.299506214810
     5 -519.1697145104      0.00000000      0.00000000     -4.300240529988
     6 -519.1700408688      0.00000000      0.00000000     -4.299996668431
     7 -519.1703463893      0.00000000      0.00000000     -4.299746781321
     8 -519.1703923654      0.00000000      0.00000000     -4.299661219732
     9 -519.1704443285      0.00000000      0.00000000     -4.299630837194
    10 -519.1704724915      0.00000000      0.00000000     -4.299625924170
    11 -519.1702951128      0.00000000      0.00000000     -4.299801653178
    12 -519.1705556620      0.00000000      0.00000000     -4.299527469953
    13 -519.1704512146      0.00000000      0.00000000     -4.299647342400
    14 -519.1704521462      0.00000000      0.00000000     -4.299648026229
    15 -519.1704479802      0.00000000      0.00000000     -4.299652315550
    16 -519.1704499437      0.00000000      0.00000000     -4.299650312059
    17 -519.1704462182      0.00000000      0.00000000     -4.299654024749
$end
