$energy      SCF               SCFKIN            SCFPOT            RIRPA
     1 -569.4909978414      0.00000000      0.00000000     -3.896914706840
     2 -569.4945125611      0.00000000      0.00000000     -3.894721008065
     3 -569.4983626796      0.00000000      0.00000000     -3.890838246743
     4 -569.4976533890      0.00000000      0.00000000     -3.891955441500
     5 -569.4971828899      0.00000000      0.00000000     -3.892641550281
     6 -569.4956491499      0.00000000      0.00000000     -3.894073515670
     7 -569.4962395753      0.00000000      0.00000000     -3.893553470591
     8 -569.4967023456      0.00000000      0.00000000     -3.893144436214
     9 -569.4971857491      0.00000000      0.00000000     -3.892628372208
    10 -569.4970315303      0.00000000      0.00000000     -3.892806666783
    11 -569.4968985914      0.00000000      0.00000000     -3.892959894906
    12 -569.4967845634      0.00000000      0.00000000     -3.893072114895
    13 -569.4968417017      0.00000000      0.00000000     -3.893017952073
    14 -569.4968562641      0.00000000      0.00000000     -3.893003627172
    15 -569.4968719248      0.00000000      0.00000000     -3.892988401732
    16 -569.4968596526      0.00000000      0.00000000     -3.893000628649
    17 -569.4968495425      0.00000000      0.00000000     -3.893010827274
    18 -569.4968553045      0.00000000      0.00000000     -3.893005277771
    19 -569.4968572495      0.00000000      0.00000000     -3.893003288314
    20 -569.4968580094      0.00000000      0.00000000     -3.893002530078
$end
