$hessapprox internal
  0.518883061710D+00  0.299791623523D-04  0.370092732665D+00  0.814574561936D-03
  0.174604435473D-04  0.235815772788D-01 -0.179486866533D-02 -0.471088873251D-04
 -0.527398827879D-04  0.428106778063D+00  0.163680432384D-03 -0.657658272194D-04
  0.349510320673D-02  0.178885296071D-03  0.366524709698D+00  0.380903892795D-04
  0.212267743831D-03 -0.290815470411D-03  0.867675057428D-03  0.137534889568D-03
  0.739438081233D-01 -0.188894801615D-02 -0.579371157736D-04 -0.426521631533D-04
 -0.420374998343D-02  0.854077290063D-04  0.449843958143D-03  0.430888673552D+00
  0.198805157472D-03  0.656538502893D-05  0.295238543443D-03  0.377863836036D-03
 -0.407370863800D-04 -0.166088627926D-04  0.383369202573D-03  0.367239469096D+00
  0.527301278878D-03 -0.945772151728D-04  0.929570126798D-03  0.725672900537D-03
 -0.144095575660D-02 -0.358036690201D-02  0.668514777800D-03 -0.249759910383D-03
  0.825742591591D-01 -0.168797457690D-02 -0.470124680660D-04  0.231412783598D-04
 -0.380823131712D-02  0.941914247528D-04  0.311616910476D-03 -0.398815539298D-02
  0.355232305398D-03  0.667150004155D-03  0.429455618588D+00 -0.410207381677D-03
  0.743123297866D-05 -0.104430424146D-02 -0.568155023670D-03  0.181269917007D-03
  0.125779963269D-03 -0.506646694063D-03  0.519463506266D-04  0.562026664490D-03
 -0.472192338716D-03  0.368242425401D+00 -0.248456990851D-03 -0.147272331914D-03
  0.130808205157D-02 -0.200184206642D-03 -0.118269822451D-02 -0.731367323963D-02
 -0.126733018027D-03 -0.266210575360D-03  0.203713987618D-01 -0.179298227512D-03
  0.671551835168D-03  0.777785101983D-01 -0.144053674457D-02 -0.490531283869D-04
  0.458035223408D-04 -0.331477588639D-02  0.765533822372D-04  0.312887375929D-03
 -0.348955348872D-02  0.317055110648D-03  0.567395720295D-03 -0.316682796383D-02
 -0.435174687645D-03 -0.190872057162D-03  0.437394791193D+00 -0.424215293185D-03
 -0.562503453139D-04 -0.221775284518D-02 -0.639748046538D-03  0.924796038274D-04
  0.385143919612D-03 -0.570304887121D-03  0.273685329132D-04 -0.185082771037D-03
 -0.529722523140D-03 -0.505331266548D-04  0.750574996091D-04 -0.508509893202D-03
  0.367978360983D+00 -0.407749786852D-03  0.243578054486D-04  0.722497752058D-02
 -0.781950527167D-03  0.650946998982D-03  0.364034714790D-02 -0.902864651354D-03
  0.106122320208D-03 -0.463059092700D-02 -0.784329663485D-03 -0.434478902428D-03
  0.352923346813D-03 -0.654560728092D-03 -0.265493922082D-03  0.681987409292D-01
  0.153352888651D-03  0.559491035748D-05 -0.217495527878D-02  0.872594070432D-04
  0.282355593234D-03  0.646329290148D-03  0.968585250703D-04  0.318620400343D-04
 -0.159093734757D-02  0.909795601859D-04 -0.945297922715D-04 -0.396829445902D-03
  0.908267169710D-04 -0.104773845023D-03  0.155850824672D-03  0.195844386533D-01
 -0.163056206081D-02 -0.318344669260D-04  0.149466247035D-03 -0.307221248998D-02
  0.380009381643D-04  0.208757135047D-03 -0.316883775958D-02  0.281444916006D-03
  0.482906763733D-03 -0.288518082619D-02 -0.450791368745D-03 -0.317866986447D-03
 -0.251883351518D-02 -0.601501252469D-03 -0.387677666963D-03  0.163332015262D-03
  0.593779501385D+00  0.159521977350D-03 -0.121944601261D-04 -0.397691072921D-03
 -0.376519816367D-03  0.119530202366D-03 -0.383268258599D-04 -0.553321108602D-03
  0.135453616609D-03  0.633871330942D-03 -0.466836735949D-03 -0.216963527432D-03
  0.294932407399D-03 -0.365490331887D-03 -0.220027038320D-03 -0.661764969042D-03
 -0.156293679045D-04 -0.682780174242D-04  0.379865643961D+00 -0.542471813260D-03
 -0.547974408021D-04 -0.577025323609D-03 -0.193732688548D-02  0.176279640309D-04
  0.474621377911D-03 -0.219111392944D-02  0.191993515940D-03  0.231840483213D-03
 -0.199114177977D-02 -0.161131571000D-03 -0.113993657725D-02 -0.169139316714D-02
 -0.377855454510D-03 -0.544667504505D-03  0.887375940396D-04 -0.132367298216D-02
 -0.331266930526D-04  0.414420113308D+00 -0.164917580316D-02 -0.466200872344D-04
  0.415737010862D-03 -0.343025113910D-02 -0.719181655306D-04  0.221843567861D-03
 -0.352335658936D-02  0.289731896001D-03  0.373626194048D-03 -0.321712837953D-02
 -0.335804031466D-03  0.351532782792D-03 -0.284232719452D-02 -0.321921761776D-03
 -0.145555804766D-02  0.873071345192D-04 -0.259234096358D-02 -0.587547644912D-03
 -0.176035781599D-02  0.412740300577D+00  0.142653945023D-03 -0.968019792301D-04
  0.301334567772D-02  0.118137061547D-03 -0.594129580860D-03 -0.322372454973D-03
  0.138601505792D-03 -0.333780631035D-04 -0.112005518119D-02  0.135562822442D-03
  0.178371811332D-03 -0.118101725487D-02  0.924887369017D-04  0.321034029807D-04
  0.186139375671D-02  0.203323729215D-03 -0.216508704076D-04 -0.104661468070D-05
  0.211307799400D-04 -0.479191998446D-04  0.338152804340D+00  0.967964824036D-03
  0.744272589379D-04 -0.107903158183D-02  0.118331531343D-02  0.611684290570D-03
 -0.342051007776D-03  0.164701990455D-02 -0.155330837001D-03 -0.273717217693D-03
  0.149611100843D-02  0.137504830653D-03 -0.596707931970D-03  0.133678046188D-02
  0.222513821597D-03  0.393075538773D-02 -0.336630668239D-03  0.123255287748D-02
  0.416162340231D-04 -0.154334405525D-04  0.146737314401D-02  0.140404960170D-02
  0.340738868737D+00  0.418338035849D-03 -0.356162235169D-04  0.193648046971D-02
  0.648212936342D-03 -0.371708848871D-03  0.178440280759D-04  0.502764811193D-03
 -0.988970368057D-05 -0.221728016275D-03  0.480544682277D-03  0.658862257664D-04
 -0.480542457418D-03  0.438192822216D-03  0.123653922256D-04 -0.134842026551D-03
  0.173959779943D-03  0.500116313714D-03  0.215250278704D-03  0.535973558732D-03
  0.195579288250D-03 -0.538288230838D-03 -0.241805768735D-03  0.317129826965D+00
 -0.156322358613D-02  0.770325118799D-04  0.201819929933D-02 -0.157658599577D-02
 -0.284916579410D-03  0.456710454035D-03 -0.148430116831D-02  0.810849103690D-04
  0.131634226117D-02 -0.141490397140D-02 -0.129454217209D-03  0.167191834098D-02
 -0.131180743701D-02  0.196600548642D-03 -0.341157411841D-02  0.253880085167D-03
 -0.141385731309D-02 -0.429098764526D-03  0.375423000868D-04 -0.112798502237D-02
 -0.525825880262D-03 -0.997519303965D-03  0.874997256226D-04  0.339024084415D+00
 -0.155762811122D-02 -0.703539404128D-04  0.377131181971D-03 -0.341628114406D-02
 -0.548708197971D-04  0.184390286518D-03 -0.360523598956D-02  0.321387716400D-03
  0.626283658187D-03 -0.327391813176D-02 -0.413339215797D-03  0.378888351933D-04
 -0.287460248629D-02 -0.471238204888D-03 -0.938673925247D-03  0.101179428934D-03
 -0.256825083365D-02 -0.498483390110D-03 -0.167229580413D-02 -0.295499305229D-02
 -0.677124341553D-04  0.142797842574D-02  0.315809581361D-03 -0.127227908652D-02
  0.413559038385D+00 -0.809728141462D-03 -0.902630118789D-04 -0.106591872157D-02
 -0.261168682519D-02  0.160796515635D-03  0.247613053773D-03 -0.288984766094D-02
  0.283317322587D-03  0.350648791123D-03 -0.261486130329D-02 -0.313395720006D-03
 -0.534697335226D-03 -0.224835335013D-02 -0.514621229761D-03  0.994136990764D-04
 -0.226804036744D-04 -0.182096377428D-02 -0.262474791677D-03 -0.183721159822D-02
 -0.231856497207D-02  0.189672651656D-03  0.814214283584D-03  0.500293044303D-03
 -0.673541179088D-03 -0.229304384240D-02  0.406102542668D+00 -0.124464674434D-02
 -0.532248347769D-04  0.129825872047D-02 -0.170994353533D-02 -0.191427729909D-03
  0.807395783350D-03 -0.152126639267D-02  0.698110452791D-04 -0.104294863422D-03
 -0.141303229961D-02 -0.105051622176D-03  0.438902844668D-03 -0.133079531391D-02
 -0.878721486847D-05 -0.887567609425D-04  0.777547317621D-04 -0.142540108513D-02
 -0.595732686456D-03 -0.551905523991D-03 -0.114524598067D-02 -0.840202822858D-04
  0.124872773756D-02 -0.257517413789D-03 -0.593810421099D-03 -0.139337678643D-02
 -0.853448260494D-03  0.336526539048D+00  0.137577274071D-02  0.176129695341D-04
 -0.405187303188D-02  0.122567145260D-02  0.991169162171D-03  0.104213406271D-03
  0.162086836409D-02 -0.923227516497D-04  0.596189442453D-03  0.151612692200D-02
 -0.504657717430D-04 -0.730506581444D-03  0.138254086075D-02 -0.962816998271D-04
  0.304451346186D-02 -0.559357487716D-03  0.156401405386D-02  0.113568479704D-03
 -0.399330081408D-04  0.140981788742D-02  0.180265463777D-02  0.148431000341D-02
  0.131853577333D-03 -0.858411327058D-03  0.144693796364D-02  0.628417983762D-03
  0.103039834642D-02  0.337867370354D+00  0.536716085959D-05  0.354606585504D-04
  0.114937862309D-03  0.167695882072D-03  0.527474240866D-04  0.327818793068D-03
  0.173463441969D-03 -0.232231874800D-04  0.235296820491D-03  0.153501307441D-03
 -0.109630967334D-04  0.212479517598D-03  0.141881323520D-03  0.557952020683D-04
 -0.663768459758D-03  0.275444231370D-04  0.184392308849D-03  0.629269166518D-04
  0.212898609687D-03  0.137694131966D-03  0.320087920629D-04 -0.620609379088D-03
  0.132362784192D-03  0.272993756291D-03  0.180266902527D-03  0.153463271892D-03
  0.553836186627D-05 -0.634602300005D-03  0.316752281440D+00 -0.140372027830D-02
 -0.369484774270D-04 -0.850958091049D-03 -0.167158507019D-02 -0.107576082482D-03
  0.448767103631D-03 -0.165250321482D-02  0.130812018258D-03  0.103969296241D-02
 -0.154300187292D-02 -0.205273934953D-03  0.119713923986D-02 -0.143747896616D-02
 -0.149195057921D-03 -0.157857017552D-02  0.106333998133D-04 -0.155512798431D-02
 -0.538222094363D-03 -0.277210919302D-03 -0.125603704004D-02 -0.413075110406D-03
 -0.116594161411D-03  0.290055178358D-04  0.219093221836D-03 -0.143626256406D-02
 -0.910506516624D-03 -0.615859032826D-03 -0.231847055576D-03  0.273738348704D-03
  0.336459079246D+00 -0.848419673226D-04  0.213724277293D-04  0.388310124735D-04
 -0.158830639862D-03 -0.189551753194D-03  0.177770794377D-02 -0.181291705140D-04
 -0.188206647400D-04  0.344130511269D-03 -0.503267703383D-04  0.674425274632D-04
 -0.780892581273D-03 -0.459305602990D-04  0.252235262008D-04 -0.424192725072D-03
  0.186157440421D-03  0.265818790123D-04  0.219559437465D-05  0.154731569667D-03
 -0.932841277867D-04 -0.224413095060D-03 -0.942863013391D-03  0.195952637206D-03
  0.119380514990D-02  0.295129263852D-04 -0.222293187562D-03  0.211078755285D-03
 -0.825228355403D-03  0.245257461754D-03  0.689757867534D-03  0.111181100664D-01
 -0.117796262495D-02 -0.164285222397D-04  0.987231900204D-03 -0.232574474415D-02
 -0.454165032103D-04 -0.408040727978D-05 -0.236611479464D-02  0.209049606790D-03
  0.207667191951D-03 -0.213697357522D-02 -0.352667493606D-03 -0.195336443597D-03
 -0.187704037168D-02 -0.401957301554D-03 -0.785147602883D-03  0.190519760665D-03
 -0.207786437932D-02 -0.771330199079D-04 -0.846051892222D-03 -0.195947513202D-02
 -0.973361115978D-04  0.134338485068D-02  0.214853397241D-03 -0.141917092969D-02
 -0.201474004063D-02 -0.120948158378D-02 -0.125141775293D-02  0.166647401126D-02
  0.746266230066D-04 -0.144807671217D-02 -0.211749556738D-04  0.493299516605D+00
 -0.701704050713D-03 -0.516060081696D-04  0.996700492056D-03 -0.183436344823D-02
 -0.293322696355D-04 -0.365513866550D-04 -0.210309643780D-02  0.239991354178D-03
  0.120246978726D-04 -0.184082203189D-02 -0.467069216147D-03 -0.413366044724D-03
 -0.157654860837D-02 -0.608497195344D-03 -0.792525376969D-03  0.184294639950D-03
 -0.168935681859D-02  0.214521417926D-03 -0.437347959080D-03 -0.194643704120D-02
 -0.224704869182D-03  0.133035510803D-02  0.314113948088D-03 -0.198740505783D-02
 -0.184060032714D-02 -0.761874038555D-03 -0.178043330198D-02  0.183944751828D-02
  0.721651512034D-04 -0.189669837329D-02 -0.406224736778D-03 -0.133073291753D-02
  0.491896300183D+00  0.725780992121D-03 -0.253675401905D-04 -0.130941296223D-02
  0.629322900489D-03  0.163563656100D-03 -0.449739930816D-03  0.536805688501D-03
 -0.179432824749D-04 -0.381616022733D-03  0.507451315155D-03  0.772708454752D-04
 -0.587001903373D-03  0.493993239437D-03 -0.784527085326D-04  0.125104638045D-02
 -0.144263260977D-03  0.619699454443D-03  0.206969697402D-03 -0.235708592386D-03
  0.444500277992D-03  0.259123202392D-03  0.258056969622D-04  0.821745102267D-04
  0.100072423534D-03  0.531573303097D-03  0.496107500269D-04  0.389031312682D-03
 -0.888802770350D-04 -0.704117068423D-04  0.164758993879D-03 -0.508103601893D-03
  0.695503097771D-03  0.101196741015D-02  0.330073734378D+00  0.744451869734D-03
  0.145660277241D-03 -0.308836956709D-02  0.630681832932D-03  0.102095755563D-02
 -0.134248573039D-02  0.723268261325D-03  0.320791949421D-05  0.103529590202D-02
  0.697746624237D-03 -0.218918689343D-03  0.717376853823D-03  0.698617337125D-03
 -0.427352884862D-04  0.114143360505D-02 -0.428448594638D-03  0.753655719766D-03
  0.236055554942D-03  0.134613134607D-04  0.652592086999D-03  0.142429097428D-02
  0.596690028360D-03  0.379667556222D-03 -0.126391964147D-02  0.776879163719D-03
  0.508744286457D-03  0.365210793060D-03  0.356706473108D-03 -0.518033753173D-03
 -0.489797768130D-03 -0.107829682812D-02  0.953060567915D-03  0.153432950011D-02
  0.238919983030D-03  0.343779563279D+00 -0.131075667515D-02  0.313979428077D-03
 -0.225113561146D-02 -0.134386748009D-02  0.125710901913D-02 -0.960159909549D-03
 -0.938500320263D-03  0.809851050849D-04  0.255659694004D-02 -0.902986257437D-03
 -0.483000003129D-03  0.289610425382D-02 -0.799688872627D-03  0.208616262708D-03
  0.262197233635D-03 -0.387471444879D-03 -0.113123746125D-02 -0.489321987301D-03
 -0.986917684385D-04 -0.495430719252D-03  0.168793842419D-02  0.958316238827D-03
  0.384987602916D-03 -0.196318072841D-02 -0.603428912710D-03 -0.433101937761D-04
  0.159375722879D-04  0.754056676309D-03 -0.577014361173D-03 -0.950852458636D-03
 -0.527600915732D-03 -0.777682667995D-03 -0.769800079762D-03  0.794163215081D-03
 -0.979100741859D-03  0.340601844373D+00 -0.440097440674D-03 -0.114681076172D-03
 -0.306178930265D-03 -0.154402716335D-02 -0.933454774061D-04 -0.163261116916D-03
 -0.174932900429D-02  0.206175167052D-03 -0.233124284293D-04 -0.155074287010D-02
 -0.278533785358D-03 -0.528310046339D-03 -0.133034244559D-02 -0.574152851355D-03
 -0.175854539679D-03  0.775411945018D-04 -0.138498054301D-02  0.132405783504D-03
 -0.780442321325D-03 -0.153312318259D-02 -0.233778508687D-03  0.834343103437D-03
  0.290721514731D-03 -0.815640103689D-03 -0.146621128808D-02 -0.108965280952D-02
 -0.108301580932D-02  0.999581032868D-03  0.190928185703D-03 -0.112522414611D-02
 -0.177951691597D-03 -0.931966785930D-03 -0.513824320753D-03  0.338118550599D-03
  0.104390414264D-02  0.179807791282D-03  0.575452758742D+00 -0.210143483226D-03
 -0.136401755997D-03 -0.482658685375D-03 -0.599008529414D-03 -0.310201885639D-03
  0.802016556112D-04 -0.692348509518D-03  0.709793273989D-04 -0.227254704731D-03
 -0.622582274039D-03  0.232119648390D-04 -0.171232886724D-03 -0.583009095879D-03
 -0.191634973565D-03 -0.363538780819D-03 -0.300962765793D-04 -0.568744864210D-03
 -0.190300651092D-03 -0.442661370596D-03 -0.534922506560D-03 -0.484967758917D-03
  0.449557453581D-03 -0.195659052320D-03  0.201612978567D-03 -0.657654416262D-03
 -0.627849277330D-03 -0.243331302781D-03  0.327182635510D-03  0.194071229951D-03
 -0.246031897479D-03 -0.104747951577D-03 -0.404492646757D-03 -0.547704458700D-03
 -0.664338781259D-04  0.626295780381D-03  0.116463777385D-02 -0.726172025584D-03
  0.422208671683D+00 -0.332656763965D-03  0.259545785438D-03  0.825012120095D-03
  0.347573431342D-03 -0.276356925885D-03  0.278611168195D-01 -0.208009331546D-03
 -0.810066403256D-04  0.208300506077D-01 -0.183698412313D-03  0.262250000181D-03
 -0.563422559025D-02 -0.186762721193D-03  0.362166116960D-03  0.413091085389D-03
 -0.150156969809D-02 -0.470001032236D-03 -0.333214408505D-03 -0.150558512774D-03
 -0.289020150621D-03 -0.234172197323D-03  0.245071586223D-02 -0.472307502097D-03
 -0.196264135773D-02 -0.336421376841D-03  0.171829986518D-03  0.523680954927D-03
  0.343498461938D-02 -0.102255597420D-03 -0.281421240664D-03  0.244729011037D-03
 -0.601269794103D-03 -0.498606311425D-03  0.367295752010D-03  0.769861396819D-03
  0.791927041851D-03 -0.640193569376D-03  0.301500013318D-03  0.140984974022D+00
 -0.538046255962D-03 -0.153217723939D-03 -0.326142008009D-03  0.768789702942D-03
 -0.287732860936D-03  0.463444271260D-02 -0.118681858642D-02  0.154998333186D-03
  0.116985379935D-02 -0.101003639606D-02 -0.914168422817D-04  0.348895843847D-03
 -0.841322027410D-03 -0.496617382260D-03 -0.153670653756D-02  0.536299638003D-03
 -0.118674170381D-03  0.510639238185D-03 -0.668776822969D-04 -0.123354854335D-02
 -0.182282454989D-02 -0.115024889775D-01  0.205546776982D-02  0.709896906525D-02
 -0.575471186237D-03 -0.154031132873D-02 -0.983937323919D-03 -0.133537785229D-01
  0.144999300190D-02  0.484745157617D-02  0.396684416289D-02 -0.759233273514D-03
 -0.311776858372D-03 -0.260483548588D-02 -0.623598920890D-02 -0.209834430622D-02
 -0.908453852862D-03 -0.134818048223D-03 -0.266001331930D-02  0.417925019317D-01
 -0.157757394531D-02 -0.316038830396D-04  0.252708368495D-02 -0.245554049553D-02
 -0.369358480839D-03 -0.341383858978D-04 -0.247879380432D-02  0.148951242879D-03
 -0.330358702762D-03 -0.225485817500D-02 -0.224547595609D-03 -0.205799279876D-03
 -0.203505478697D-02 -0.226599039833D-03 -0.157582499425D-02  0.328276495473D-03
 -0.237435876232D-02 -0.215756215805D-03 -0.789073762232D-03 -0.197684388187D-02
 -0.543759982506D-03  0.125381215991D-02 -0.597278352731D-04 -0.117483507492D-02
 -0.216796786153D-02 -0.118101536834D-02 -0.126188330660D-02  0.167577084844D-02
  0.125579151906D-03 -0.125823583605D-02  0.480282441585D-05 -0.186349251554D-02
 -0.194691749495D-02  0.731010782527D-03  0.101427731265D-02 -0.480218864873D-03
 -0.123634039792D-02 -0.372010040848D-03 -0.117446011043D-02  0.171213432703D-02
  0.404196678388D+00  0.806437663025D-03  0.360357497471D-03 -0.104913962039D-02
  0.217344710958D-02 -0.156047001040D-03  0.383345336494D-02  0.353746687783D-02
 -0.431029098888D-03 -0.660736797750D-03  0.292317131262D-02  0.100744346693D-02
 -0.185207669107D-02  0.250869205655D-02  0.147859267155D-02 -0.331260515956D-03
  0.558436258079D-03  0.275485505848D-02 -0.371102531299D-03  0.584400574167D-03
  0.342965397752D-02  0.471813707792D-03 -0.287610962761D-02 -0.319439623670D-03
  0.563509585091D-02  0.303495007431D-02  0.526324673696D-03  0.418154752231D-02
 -0.319337115677D-02  0.245706321279D-03  0.438110573156D-02  0.460820699475D-02
  0.241250559550D-02  0.127902158405D-03 -0.280032299547D-02 -0.493418048671D-02
 -0.578950842208D-03  0.864953821431D-03  0.130873602654D-02 -0.926007040975D-03
 -0.133701351583D-02  0.337924663603D-02  0.377281281430D+00  0.470708356941D-03
  0.259627225763D-03  0.320509678886D-03 -0.120153924008D-02 -0.612594898457D-03
  0.551913775980D-02  0.112098136784D-02 -0.227052260874D-03 -0.363723067732D-04
  0.871841197559D-03  0.363681468110D-03 -0.144203143227D-03  0.708656304878D-03
  0.464039061158D-03  0.170403744816D-04  0.600132053182D-03  0.533143654002D-03
 -0.303962633341D-03  0.111588732827D-02  0.762707609423D-03  0.181108269828D-03
  0.136052382462D-02 -0.223519326590D-03  0.261238038882D-02  0.956672730711D-03
 -0.360852488792D-04  0.194859074480D-02  0.228350952903D-02  0.217958356212D-03
  0.115908739938D-02  0.459989078826D-02  0.132485550323D-02 -0.179254128908D-02
 -0.147260391103D-02 -0.263753962844D-02 -0.160397196258D-02 -0.361902943852D-03
 -0.559197922218D-03 -0.813166143424D-04  0.261296225991D-02  0.402368076940D-03
  0.312527990880D-01  0.310110677675D-01 -0.304340443615D-02  0.207414185527D-03
 -0.302440860190D-03 -0.427235704562D-02  0.497161576062D-03  0.101551102261D-02
 -0.343954377186D-02  0.152019068521D-03  0.159109494657D-02 -0.331270236160D-02
 -0.219958393939D-03  0.130501024712D-02 -0.304153602958D-02  0.382335562453D-03
  0.501929760989D-03  0.400885813617D-04 -0.320576389157D-02 -0.148289733668D-02
 -0.200908924285D-02 -0.224170972179D-02  0.121417417449D-02  0.206793331434D-02
  0.112572112303D-05 -0.569705038751D-03 -0.278668538371D-02 -0.254532375560D-02
  0.499246050775D-03  0.151974540397D-02 -0.190315352325D-03 -0.432296597171D-03
  0.130683811649D-02 -0.235726182649D-02 -0.363305368076D-02  0.744842964414D-04
 -0.139667837003D-02 -0.223170606337D-02 -0.198638179593D-02  0.495665848055D-03
  0.541085237137D-03 -0.424592693152D-02 -0.177200872880D-02  0.958343174629D-02
  0.123828790491D-01  0.366925653360D+00  0.223544506181D-02  0.313969116563D-03
  0.602125191063D-02  0.439623298278D-02 -0.674464394012D-03  0.205969979226D-02
  0.539098883284D-02 -0.522373464559D-03 -0.111935235151D-02  0.471747275633D-02
  0.104226406430D-02 -0.395525693129D-02  0.417351427378D-02  0.140990149943D-02
  0.595791275570D-02  0.848557387808D-03  0.440051856370D-02  0.347029507077D-03
  0.215604426762D-02  0.409125337410D-02  0.924756938303D-04 -0.116911813162D-02
 -0.764166371869D-03  0.322069632536D-02  0.434437533767D-02  0.276719656375D-02
  0.345771068130D-02 -0.170182780837D-03  0.204196232377D-04  0.324385360673D-02
  0.386137793197D-02  0.312391184904D-02  0.174303643747D-02 -0.161795313124D-02
 -0.234775379547D-02  0.584118817754D-03  0.236026196395D-02  0.103383254961D-02
 -0.433051686953D-03 -0.115423291623D-02  0.265530535953D-02  0.557434697873D-02
  0.268354825461D-01  0.839608172423D-02  0.368948300552D+00 -0.218769778810D-02
  0.316468321260D-04  0.314560437303D-03 -0.395783948367D-02  0.136701257703D-03
  0.419447586326D-03 -0.368311435872D-02  0.273909811916D-03  0.717030177220D-03
 -0.340907850639D-02 -0.390835573037D-03  0.828192504189D-03 -0.306099575818D-02
 -0.158807875951D-03 -0.375595928974D-03  0.108632191257D-03 -0.285932065806D-02
 -0.989690722618D-03 -0.173948278757D-02 -0.281187559338D-02  0.403670472444D-03
  0.219263044027D-02  0.699388543666D-04 -0.135057267683D-02 -0.315193088001D-02
 -0.237426763799D-02 -0.845727344236D-03  0.195396623970D-02  0.340190165805D-05
 -0.138926019986D-02  0.601520113383D-03 -0.223602978331D-02 -0.276631835083D-02
  0.572083407872D-03  0.228822113072D-03 -0.122453982789D-02 -0.168604439148D-02
 -0.265258422977D-03 -0.239215499418D-04 -0.300206614722D-02 -0.223890306580D-02
  0.657967283335D-02  0.730710739606D-02 -0.110834843884D-02  0.659927508588D-02
  0.406074532525D+00 -0.382676996642D-02 -0.295344083101D-03 -0.351940503649D-02
 -0.588173427201D-02  0.203789464139D-03  0.131856638942D-03 -0.630153476430D-02
  0.621332513797D-03  0.243739449166D-02 -0.564928071665D-02 -0.121707694931D-02
  0.436668823153D-02 -0.514251212870D-02 -0.126033065155D-02 -0.451339453551D-02
 -0.442868429833D-03 -0.553348904256D-02 -0.131229429177D-02 -0.132184936758D-02
 -0.507239857901D-02 -0.603875514153D-03  0.292644181548D-02  0.129356806514D-03
 -0.356208998385D-02 -0.553440119253D-02 -0.279213502599D-02 -0.384663405688D-02
  0.242824538693D-02  0.261143105433D-03 -0.414916290290D-02 -0.144436481354D-02
 -0.473672585067D-02 -0.471270622154D-02  0.225801261959D-02  0.223858121289D-02
 -0.178808612660D-02 -0.332677089227D-02 -0.139300127854D-02  0.588192920512D-03
  0.462237360711D-02 -0.481189499788D-02  0.521086704277D-02 -0.137249337957D-01
 -0.586900140211D-02  0.648737639141D-02 -0.689673057657D-02  0.383271727897D+00
  0.398317537332D-02 -0.176115735788D-03  0.890983219600D-02  0.541242982711D-02
  0.576381480824D-03 -0.401918924608D-02  0.394740906974D-02 -0.530145376121D-04
  0.128824645026D-03  0.408766850884D-02 -0.505742628284D-03 -0.367765710863D-02
  0.377763494211D-02 -0.846175844985D-03  0.222064437395D-01 -0.156337912503D-03
  0.422530453862D-02  0.100878640894D-02  0.284357077239D-02  0.936462909264D-03
  0.166301087346D-02  0.101826845606D-02  0.157402185916D-03 -0.413226840346D-02
  0.294944775124D-02  0.427450812028D-02 -0.135680309988D-02  0.165788817313D-03
 -0.100695852025D-02 -0.102236236739D-02 -0.773482152239D-03  0.269330727849D-02
  0.424903549600D-02  0.156956394931D-02  0.327901860441D-02  0.306124870260D-02
  0.276197591904D-02 -0.915721642750D-03  0.269135641470D-02  0.813805851165D-02
  0.174839325891D-02 -0.151140463641D-01 -0.739508139350D-02 -0.882361494966D-03
 -0.158847712150D-02  0.974286358520D-03  0.138193372396D-02  0.926258991049D-01
 -0.159253038421D-02 -0.659179397867D-04 -0.268757719769D-03 -0.342076757913D-02
 -0.203021645524D-04  0.418293565531D-03 -0.353479550410D-02  0.334871453329D-03
  0.182926779266D-03 -0.319885933175D-02 -0.512784975816D-03 -0.437588668018D-03
 -0.279285836438D-02 -0.725315623963D-03 -0.834684704943D-03  0.160146622817D-03
 -0.298813858996D-02 -0.104571239293D-03 -0.145797009710D-02 -0.293305534005D-02
 -0.107860617071D-03  0.170995607467D-02  0.459668331974D-03 -0.165915440700D-02
 -0.294819186885D-02 -0.205143914605D-02 -0.169432065258D-02  0.203834953931D-02
  0.215688815424D-03 -0.193344609892D-02 -0.640709075218D-04 -0.217440752331D-02
 -0.179983727841D-02  0.743971052175D-03  0.116374701407D-02 -0.881682531441D-03
 -0.150431004334D-02 -0.803652377917D-03 -0.654481501681D-03 -0.125338440206D-02
 -0.259418580845D-02  0.358084921010D-02  0.546181478007D-03 -0.329620743251D-02
  0.526732703484D-02 -0.315025109037D-02 -0.675755310402D-02  0.316141307115D-02
  0.592074795989D+00 -0.131130295273D-02 -0.639775059119D-04  0.415273887130D-03
 -0.255725070125D-02 -0.193902783039D-04  0.142886785284D-03 -0.282679091348D-02
  0.281970384383D-03  0.448993059020D-03 -0.254194980611D-02 -0.481272110157D-03
 -0.518316114979D-03 -0.219365694171D-02 -0.715820405225D-03 -0.279551533934D-03
  0.153134879212D-03 -0.256546836880D-02  0.174424473545D-03 -0.976445186941D-03
 -0.244906628492D-02 -0.209489807748D-03  0.104675046522D-02  0.544176247181D-03
 -0.163588073113D-02 -0.229270522081D-02 -0.142002712718D-02 -0.170237274595D-02
  0.156416297475D-02  0.216793057323D-03 -0.170894084629D-02 -0.247869885657D-03
 -0.193318013601D-02 -0.124473134827D-02  0.768334235837D-03  0.109207909867D-02
 -0.100554774912D-02 -0.113694759591D-02 -0.673666547778D-03 -0.243409129125D-03
  0.888189900535D-03 -0.240205680389D-02  0.100083676325D-02 -0.231622842441D-02
 -0.390581498929D-02  0.316746777457D-02 -0.305079349506D-02 -0.510829349344D-02
  0.544103532107D-02 -0.271970396176D-02  0.622749190399D+00 -0.168746324981D-02
 -0.513987809717D-04 -0.611161395639D-03 -0.320394175712D-02  0.182714619242D-03
  0.747433916924D-04 -0.336149144497D-02  0.301031630178D-03  0.389334662140D-03
 -0.304051181784D-02 -0.537789082356D-03 -0.227430299741D-03 -0.265360832379D-02
 -0.722301967967D-03 -0.301463008972D-03  0.715898443071D-04 -0.301546159984D-02
 -0.602150549166D-04 -0.140512429138D-02 -0.274891314611D-02  0.131829006143D-03
  0.144045306758D-02  0.572930000063D-03 -0.179806501617D-02 -0.271065092041D-02
 -0.186338109944D-02 -0.161720645233D-02  0.165901614749D-02  0.118142693249D-03
 -0.184024504750D-02 -0.339325382458D-03 -0.218957684027D-02 -0.165246267054D-02
  0.783020299100D-03  0.979049905187D-03 -0.115743058813D-02 -0.143400343480D-02
 -0.596230577790D-03 -0.387024751190D-03 -0.962115400578D-03 -0.248031184382D-02
  0.175299205717D-02 -0.151851932009D-02 -0.379320101374D-02  0.409214924261D-02
 -0.322706344072D-02 -0.573056747216D-02  0.495381167647D-02 -0.319339907858D-02
 -0.261650058681D-02  0.566275211607D+00 -0.259701448993D-02 -0.367797161098D-04
  0.883971843588D-03 -0.418112321207D-02 -0.691229662188D-04  0.264407562804D-03
 -0.425984006973D-02  0.334961255020D-03  0.636538655456D-03 -0.393324643164D-02
 -0.443976927308D-03 -0.306182842765D-03 -0.347233553077D-02 -0.580349533992D-03
  0.256778025386D-03  0.227691696411D-03 -0.409390427996D-02 -0.339558263080D-03
 -0.200186824224D-02 -0.333675451904D-02 -0.163618860165D-03  0.136504893009D-02
  0.500526171354D-03 -0.133401558538D-02 -0.338406124127D-02 -0.262738372489D-02
 -0.140363312391D-02  0.176038283978D-02  0.305155579991D-03 -0.153866233434D-02
  0.154383437116D-03 -0.299976946297D-02 -0.272061265871D-02  0.537140607379D-03
  0.582509683262D-03 -0.127125747773D-02 -0.225013922502D-02 -0.674280647571D-03
 -0.908621240935D-04  0.161805323253D-02 -0.311007613501D-02  0.399080443978D-02
  0.650319819408D-03 -0.339176288001D-02  0.549886464372D-02 -0.338713692849D-02
 -0.641168759469D-02  0.636309063024D-02 -0.434719455247D-02 -0.387589777065D-02
 -0.429459669300D-02  0.621015233379D+00 -0.201375019723D-02 -0.258017159466D-04
  0.431921229668D-03 -0.388166427155D-02 -0.158694131068D-03  0.140956489058D-02
 -0.390834248657D-02  0.335625863947D-03  0.371772942960D-03 -0.361298197685D-02
 -0.371452518068D-03 -0.794343878398D-03 -0.317158949445D-02 -0.517958811990D-03
 -0.630687635238D-03  0.358282311085D-03 -0.329013188407D-02 -0.333274387031D-03
 -0.187871934722D-02 -0.309633372027D-02 -0.283365654675D-03  0.775602401338D-03
  0.529082199757D-03 -0.382281384192D-03 -0.317218974490D-02 -0.270250290312D-02
 -0.117082220097D-02  0.106789474379D-02  0.426578532609D-03 -0.106053708868D-02
  0.988010332379D-03 -0.238703831525D-02 -0.236997077698D-02  0.123315887648D-03
  0.434439051007D-04 -0.121543337232D-02 -0.189213731177D-02 -0.713834418474D-03
 -0.605347777624D-03  0.214209714348D-02 -0.247398467920D-02  0.622957214144D-02
  0.578534215972D-02 -0.238118476084D-02  0.672861987079D-02 -0.281836890875D-02
 -0.641771707490D-02  0.314001649150D-02 -0.350614282905D-02 -0.322102264661D-02
 -0.368527757638D-02 -0.460657268473D-02  0.569920149803D+00  0.508790033952D-03
 -0.149058992971D-03  0.301810587164D-03 -0.718739020559D-04 -0.168296992932D-03
  0.138513321235D-03 -0.696635434655D-03  0.151059171169D-03 -0.492835166370D-03
 -0.497780207317D-03 -0.305309858241D-03 -0.737119437552D-03 -0.366184846160D-03
 -0.615269728515D-03 -0.708884311431D-03 -0.317476364144D-04 -0.150257456393D-03
  0.486593004841D-03  0.191435740807D-03 -0.986020362901D-03 -0.538110920400D-03
  0.509186789188D-03  0.198139487470D-03 -0.152255314206D-02 -0.690441660152D-03
  0.116014719915D-03 -0.161463473631D-02  0.928270583668D-03  0.843144731425D-04
 -0.138899973594D-02 -0.120773137215D-02 -0.285629980522D-03  0.680949568647D-03
  0.813362081824D-03  0.180447235009D-02  0.480497072039D-03  0.188507419202D-03
 -0.690440522526D-03  0.359125264346D-03  0.133839543774D-02 -0.911568506573D-03
 -0.399210548174D-02 -0.978476694110D-02 -0.331338390119D-02 -0.181699738375D-02
 -0.208894781743D-02 -0.157538426717D-02  0.371369437341D-02 -0.407505888213D-03
  0.541481674612D-03  0.165074207886D-03 -0.636667749393D-03 -0.121480203453D-02
  0.427351529347D+00 -0.149217486957D-02 -0.155779633546D-03 -0.320950429846D-03
 -0.261761839053D-02 -0.393249768538D-03  0.486400241994D-03 -0.255641956152D-02
  0.152268155648D-03 -0.465691342269D-03 -0.239940660799D-02  0.884098729245D-04
 -0.385677066164D-03 -0.219881609337D-02 -0.762936076377D-04  0.394526189307D-03
 -0.123071047359D-04 -0.219972676626D-02 -0.883369881126D-03 -0.198210423898D-02
 -0.178173980745D-02 -0.304765088487D-03  0.133517357158D-02 -0.297385507943D-03
  0.336712614237D-03 -0.212463725429D-02 -0.231449057109D-02  0.111631292695D-03
  0.885388766497D-03  0.249942186952D-03 -0.148134303294D-03  0.759853852852D-04
 -0.152726893544D-02 -0.208679285030D-02 -0.357427741906D-03  0.426776336649D-03
  0.162220118721D-02 -0.208984745232D-02 -0.787968478329D-03  0.918244767744D-03
 -0.236538464810D-02 -0.110612675242D-02  0.424669576199D-02  0.232459942056D-02
  0.130771193122D-02  0.397052901233D-02 -0.701493926162D-03 -0.270934904749D-02
 -0.579528093926D-03 -0.264767242328D-02 -0.253268037704D-02 -0.234866795498D-02
 -0.244072660117D-02 -0.245844727016D-02 -0.209754991845D-02  0.427091959559D+00
  0.764978943155D-03 -0.149178845939D-03  0.195062839919D-03 -0.820898800177D-04
 -0.292625051423D-03  0.118325785395D-02 -0.679634934632D-03  0.142615623102D-03
 -0.103558058446D-02 -0.511201763834D-03 -0.159278264739D-03 -0.154473303393D-02
 -0.358837062542D-03 -0.517352782133D-03 -0.427523446828D-03  0.837894807795D-04
  0.228895411331D-03  0.412458833683D-03 -0.158155245442D-03 -0.967417842364D-03
 -0.586627756009D-03  0.146866719386D-03  0.230601476729D-03 -0.655485032013D-03
 -0.660652551724D-03 -0.300230468826D-03 -0.115904944832D-02  0.503737816725D-03
  0.209834218071D-03 -0.788922268748D-03 -0.605189756706D-03  0.109911953685D-04
  0.822205794175D-03  0.301767645087D-03  0.130007479608D-02  0.868122122201D-03
  0.203770544310D-03 -0.772206973801D-03  0.382950038333D-03  0.102475692950D-02
 -0.547003729018D-03 -0.265530138486D-02 -0.588127459515D-02 -0.234057357882D-02
 -0.816523390673D-03 -0.156954264471D-02 -0.793087323799D-03  0.237122498090D-02
 -0.322632757133D-04  0.828422487490D-03  0.441381881308D-03 -0.141903895168D-03
 -0.658486644833D-03  0.119270396898D-02 -0.221680197448D-02  0.427535183505D+00
  0.867647640050D-03 -0.318927120148D-03 -0.772607269140D-03  0.121198250340D-03
 -0.758302496240D-03 -0.288886989637D-01  0.111045676408D-02 -0.223108950561D-03
  0.717214361527D-02  0.998477106165D-03  0.393805003994D-03  0.275353252698D-01
  0.843296998413D-03 -0.370444902020D-03 -0.157717044894D-02  0.156504732943D-03
  0.800298647078D-03  0.563197487145D-03 -0.394864638063D-03  0.148001150354D-02
 -0.782031395252D-03 -0.215634304663D-02 -0.137485442600D-03  0.284067405762D-02
  0.128294705976D-02 -0.454313997116D-04  0.235980146570D-03 -0.296925473499D-02
  0.112487971504D-03  0.128789108253D-02 -0.657723634176D-03  0.120762878404D-02
  0.629167851370D-03 -0.914232796828D-03  0.309966130010D-03  0.202334258228D-02
  0.386090254281D-03 -0.414294642307D-03 -0.415585350729D-01  0.574422410334D-03
  0.128751913674D-02  0.143015871003D-02  0.259430647888D-02  0.264027088509D-02
 -0.265272062829D-03  0.299642679585D-02  0.129863273566D-02 -0.229339218942D-02
  0.903555946231D-03  0.197454875218D-03  0.500366978349D-03  0.549735158737D-03
  0.570030536902D-03 -0.180634771775D-02 -0.480650099463D-03 -0.225437152379D-02
  0.659188596841D-01  0.762217908735D-03  0.208839097688D-03 -0.398653191906D-02
  0.111357524567D-02  0.154433817520D-02  0.137084110002D-01  0.132498649679D-02
  0.139544040782D-03 -0.386962674724D-01  0.111889870467D-02 -0.400872941186D-03
 -0.212951534007D-01  0.105903816587D-02  0.354282734905D-03  0.502088431397D-02
  0.214865795424D-02  0.107846155384D-02 -0.202630563387D-03  0.119016405454D-02
  0.103184679167D-02  0.917583575687D-03 -0.822195392067D-03  0.328947043191D-03
  0.213240139831D-03  0.943285782478D-03  0.774946884222D-03  0.967295190534D-03
 -0.135883725200D-02  0.261233890087D-04 -0.302003534385D-03  0.144047119388D-02
  0.125345491263D-02  0.106218276668D-02 -0.397984348052D-03 -0.234507969330D-02
 -0.311420237073D-02  0.763022005343D-03  0.125955931166D-03 -0.189924151003D-01
  0.299982406212D-02  0.176404978898D-02  0.639024194076D-02  0.728182122675D-02
  0.143374577511D-02  0.508085428305D-02  0.162671091367D-02 -0.291501071485D-02
 -0.482101251794D-02  0.163431308587D-02  0.542152409231D-03  0.815276786786D-03
  0.110742914009D-02  0.300645319385D-02 -0.466943376155D-03  0.108608778887D-02
  0.120036525361D-02 -0.117786033324D-01  0.656062001651D-01  0.539980101887D-03
  0.950952614703D-04 -0.137280571160D-02  0.872081016606D-03 -0.885553902050D-03
  0.159702789219D-01  0.897238365803D-03 -0.263851491635D-03  0.209623780708D-01
  0.749142696999D-03  0.649818170360D-03  0.164254255100D-01  0.664996658631D-03
  0.249742352780D-03  0.589382675932D-03 -0.498324102986D-03  0.519332483393D-03
  0.277894467180D-03  0.979104355002D-05  0.777120363347D-03 -0.103606912670D-02
  0.616872942012D-04 -0.382926731418D-03  0.136417625402D-02  0.706541087212D-03
  0.199876030118D-03  0.108799083355D-02  0.719034223543D-03  0.339358209646D-03
  0.114143618508D-02  0.126030115515D-02  0.488556961141D-03  0.178540541224D-04
 -0.860412379333D-03 -0.148676940453D-03  0.175639502229D-02 -0.278202820155D-03
 -0.232334556699D-03  0.312150318222D-01  0.241112191100D-02  0.505318604514D-04
  0.457185511869D-02  0.653275982140D-02  0.362318541050D-02  0.236106633969D-02
  0.231321999344D-02  0.130463396813D-02 -0.353497490577D-02  0.479174612605D-03
  0.557244173033D-04  0.208212891960D-03  0.704417433282D-03  0.148295958178D-02
 -0.150813817738D-02  0.356265073617D-03 -0.100791453004D-02 -0.627474286001D-02
 -0.156244582687D-01  0.480507321429D-01 -0.318649341195D-03 -0.111240897778D-03
  0.212368051671D-02 -0.183076134534D-02 -0.170617307931D-03  0.457275206516D-03
 -0.227037431742D-02  0.290313620168D-03 -0.228801039134D-03 -0.196528147684D-02
 -0.471171140208D-03 -0.149280286147D-02 -0.162846354453D-02 -0.796760306834D-03
 -0.151481857140D-03  0.229102394432D-03 -0.170299097590D-02  0.546058681829D-03
 -0.716884155463D-03 -0.220776350929D-02 -0.337465692365D-03  0.133835762325D-02
  0.493810443572D-03 -0.207511915052D-02 -0.192330518786D-02 -0.101125061126D-02
 -0.201240837354D-02  0.202386719979D-02  0.150971798955D-03 -0.198359737326D-02
 -0.665456712466D-03 -0.119286726723D-02 -0.164762326753D-03  0.922491413889D-03
  0.197509565811D-02 -0.219126477431D-03 -0.514218989539D-03 -0.882881235942D-03
  0.416814147375D-04 -0.900694742475D-03 -0.200306473491D-02 -0.729705294919D-03
 -0.386159814305D-02 -0.423597698197D-02  0.200507809975D-02 -0.289824528252D-02
 -0.443240860193D-02  0.567991786742D-02 -0.175346877170D-02 -0.108492281379D-02
 -0.161317443525D-02 -0.316241368671D-02 -0.268412971668D-02  0.124788498192D-02
 -0.324030321832D-02  0.120825405381D-02 -0.901670739553D-03  0.123509215051D-02
 -0.513604074734D-03  0.570095261721D+00 -0.113516367777D-02 -0.698711456275D-04
  0.177616101558D-02 -0.225061411032D-02 -0.188551036807D-03  0.204052865796D-03
 -0.257180706251D-02  0.226584695244D-03 -0.145597395485D-04 -0.228783055292D-02
 -0.408254391575D-03 -0.556153404638D-03 -0.197603716029D-02 -0.598393328273D-03
 -0.989153922863D-03  0.214176403176D-03 -0.223644405555D-02  0.227221106415D-03
 -0.786415379587D-03 -0.229237972516D-02 -0.371150603403D-03  0.105039650666D-02
  0.399682302481D-03 -0.174786565397D-02 -0.214021948503D-02 -0.113497284464D-02
 -0.178882445898D-02  0.162930337377D-02  0.155593117419D-03 -0.163577051671D-02
 -0.450466795359D-03 -0.177087287189D-02 -0.110295547076D-02  0.885408328596D-03
  0.131119588870D-02 -0.708725900142D-03 -0.926322971707D-03 -0.598278940153D-03
 -0.535066440558D-03  0.890075594245D-03 -0.232513221130D-02  0.528432319424D-03
 -0.373602887638D-02 -0.376194265632D-02  0.225881398265D-02 -0.299044375200D-02
 -0.456941407504D-02  0.419122712989D-02 -0.243288488713D-02 -0.177743572855D-02
 -0.222873670404D-02 -0.332779239236D-02 -0.285664311289D-02  0.519795236093D-03
 -0.230114413339D-02  0.693519320903D-03  0.472104753619D-03  0.824059808850D-03
 -0.234444620250D-03 -0.919089127986D-03  0.567656945520D+00 -0.283882693583D-02
  0.967689775993D-04 -0.145412358767D-03 -0.382324386330D-02  0.380777985136D-03
 -0.759657056576D-03 -0.362363790136D-02  0.220162326033D-03  0.322018649053D-03
 -0.336776763035D-02 -0.467839070932D-03  0.228472058569D-03 -0.299670356845D-02
 -0.425781826730D-03  0.106878431492D-02  0.104126213874D-03 -0.420838407850D-02
 -0.243672800908D-03 -0.172208408529D-02 -0.265478417838D-02  0.547045975033D-03
  0.200893120342D-02  0.455638680304D-03 -0.220663473139D-02 -0.278809303193D-02
 -0.190403805992D-02 -0.102867841639D-02  0.238922151029D-02 -0.690743300213D-04
 -0.179548905740D-02 -0.445634896661D-03 -0.291499602570D-02 -0.264330233117D-02
  0.893364357317D-03  0.605055401231D-03 -0.198982791277D-02 -0.194488369469D-02
 -0.564965306034D-04 -0.419027877068D-03 -0.169567608390D-02 -0.296912692066D-02
  0.234868850268D-02 -0.283211588745D-03 -0.338969842254D-02  0.412867178858D-02
 -0.286890542437D-02 -0.543143785037D-02  0.716645294080D-02 -0.417791038577D-02
 -0.407369269675D-02 -0.432127506842D-02 -0.572950962987D-02 -0.471313988189D-02
 -0.185891755514D-03 -0.121530339671D-02  0.421639833250D-03  0.141583200896D-02
  0.491752055121D-03  0.298014930461D-03 -0.291737776809D-02 -0.340697554884D-02
  0.644332760641D+00 -0.137786986152D-02 -0.523202211205D-04  0.258068131683D-03
 -0.389256738011D-02 -0.263969484658D-03  0.167017517205D-02 -0.362792008044D-02
  0.365598446270D-03  0.986382131951D-03 -0.335895818858D-02 -0.268584371806D-03
 -0.501446547972D-03 -0.296660117087D-02 -0.276900849490D-03 -0.192282821184D-02
  0.283141795755D-03 -0.229709653837D-02 -0.808904726300D-03 -0.199125815896D-02
 -0.286417927759D-02 -0.914146386942D-04  0.154015104355D-02  0.157766077747D-03
  0.114824734648D-03 -0.315972530647D-02 -0.300016495452D-02 -0.692560724565D-03
  0.135651652827D-02  0.378438121874D-03 -0.835768848004D-03  0.166261855034D-02
 -0.160049170142D-02 -0.227269352408D-02 -0.194556699107D-03  0.185409719194D-05
 -0.275317504659D-03 -0.171394269724D-02 -0.876050616720D-03 -0.259702781055D-03
 -0.326766781487D-02 -0.162663504543D-02  0.100631326055D-01  0.135144408335D-01
  0.234564062320D-03  0.936237911592D-02 -0.169532687005D-02 -0.740353520961D-02
 -0.340391744232D-02 -0.254460681349D-02 -0.267558027664D-02 -0.292890747878D-02
 -0.313263169456D-02 -0.188146669195D-02 -0.282553899158D-02 -0.204080550575D-02
 -0.225479799270D-02  0.211749588317D-02  0.341188216354D-02  0.299452094349D-02
 -0.269129319314D-02 -0.267356925763D-02 -0.234281599299D-02  0.511428694741D+00
  0.998085413539D-03 -0.269920844243D-04 -0.179320760815D-02  0.572726147697D-03
  0.111506089570D-03  0.908999436027D-03  0.130524481160D-03  0.737948833289D-04
 -0.433708553073D-03  0.247025533234D-03 -0.309622100152D-03 -0.403357763730D-03
  0.312707884366D-03 -0.465655063291D-03 -0.195505027224D-02 -0.377048016318D-04
  0.102809549056D-02  0.514979302440D-03  0.779171867065D-03 -0.383644576347D-03
 -0.141822898048D-03 -0.198882669919D-03  0.396434163359D-03 -0.974994663110D-03
 -0.372041613700D-04  0.640793596430D-03 -0.125177042436D-02  0.131881277589D-03
  0.221252411461D-04 -0.902216909531D-03 -0.400228146433D-03  0.389236887939D-03
  0.114557088923D-02  0.627524098846D-03  0.658451629346D-03 -0.665070275833D-03
  0.106376613837D-02 -0.211806125366D-03 -0.408408355452D-03  0.890497287117D-03
 -0.316157148803D-03 -0.260737440225D-02 -0.516686845158D-02 -0.276201697527D-02
 -0.990574117389D-03 -0.153035962033D-02 -0.117478958322D-02 -0.375897026805D-03
  0.863971184335D-03  0.167024686736D-02  0.112673708954D-02  0.109449244339D-02
  0.616237314901D-03  0.141599569307D-02 -0.107843165697D-02  0.121151920352D-02
 -0.110247213988D-03  0.443832546995D-03 -0.355146330065D-03  0.225265909895D-02
  0.126801455425D-02  0.890996571160D-03 -0.100358228962D-02  0.417949386441D+00
  0.223178723363D-03 -0.204711954214D-04  0.283251843407D-02  0.674778304390D-03
 -0.336405182056D-03 -0.275873777907D-03  0.792777754759D-03 -0.959724386679D-04
 -0.144644158416D-03  0.673937694313D-03  0.335708012980D-03 -0.628974738771D-03
  0.572200895241D-03  0.338745704985D-03  0.173989621473D-02  0.141100378392D-03
  0.359228970089D-03 -0.322791705875D-04 -0.141586433680D-03  0.738746576496D-03
 -0.174428008167D-03 -0.192438148656D-03 -0.331548135416D-03  0.906912438420D-03
  0.697723774086D-03  0.971352312060D-04  0.882824860001D-03 -0.224778899825D-03
  0.321583034071D-04  0.918236103606D-03  0.436856934697D-03  0.467683574529D-03
  0.144458492168D-03 -0.549020260972D-03 -0.162920388385D-03  0.125167591183D-02
 -0.133610047754D-03  0.384798332728D-05  0.393634349810D-03 -0.113971101021D-02
  0.693784526786D-03  0.416059853346D-03  0.466914614065D-02  0.223449489570D-02
 -0.406631754524D-03  0.160043136017D-02  0.227963181984D-02  0.332693768602D-03
  0.487837020985D-03  0.106640772225D-04  0.382410944037D-03  0.484243346570D-03
  0.619025280222D-03 -0.515752140459D-03  0.456614401778D-03 -0.611825473281D-03
 -0.554426164606D-04  0.376512815731D-03  0.146754611311D-03 -0.487575149171D-03
  0.214677230514D-04  0.710240321163D-03  0.106652641306D-02 -0.633037725177D-04
  0.421104794255D+00  0.104920590853D-02  0.464727068713D-05  0.308536780320D-01
  0.817131580266D-03 -0.140857498590D-03  0.409112374158D-02  0.764921607707D-03
  0.954020016193D-04 -0.384944860633D-02  0.868457577251D-03 -0.489719895467D-03
  0.342336822531D-02  0.881237420638D-03 -0.176583664900D-04  0.412980574183D-01
  0.510468088907D-03  0.124406719087D-02 -0.429348737143D-03  0.735043644978D-03
 -0.109353136352D-02  0.240075266800D-02  0.586070554831D-02 -0.761628861291D-03
 -0.537077296819D-02  0.194021594114D-03  0.197929360077D-02 -0.452422357257D-03
  0.420268174178D-02 -0.127274325425D-02 -0.147830297916D-02  0.200087346571D-03
  0.456558392194D-03 -0.186677811655D-03  0.214084534758D-02  0.221897125383D-02
  0.163750487325D-02  0.723609925512D-03 -0.791640679001D-03  0.399055714852D-02
  0.127507368147D-02 -0.139953362829D-02  0.453718178985D-02  0.478973543593D-02
  0.442716293895D-02  0.143227089300D-01  0.278515510032D-02 -0.932640215309D-02
  0.390734697385D-01  0.675942492086D-03  0.659429744411D-03  0.941152444897D-03
  0.269510013142D-02  0.269186407419D-02 -0.314377740677D-02  0.634629138207D-03
 -0.186986702863D-02  0.166464045382D-03  0.371266639131D-02  0.297943867647D-02
  0.746422896827D-04 -0.151240735602D-02  0.401638944291D-02  0.793749408703D-03
 -0.393019963132D-02  0.317525968096D-02  0.106308346784D+00  0.185538091250D-03
 -0.154092196282D-03  0.564924474431D-02  0.114676251763D-02 -0.319467926542D-03
 -0.367271876694D-02  0.579501459193D-03  0.183421174179D-03  0.407484771600D-02
  0.470312749930D-03  0.792411116752D-04  0.325071644001D-02  0.385924611026D-03
  0.332491031435D-03 -0.143347214958D-01 -0.726198267358D-03  0.102734343296D-03
  0.446306006309D-03  0.220422621744D-03  0.220987774282D-02 -0.218250794571D-02
 -0.483918749088D-02 -0.195700134326D-03  0.322894527623D-02  0.766345836522D-03
 -0.260565785704D-03 -0.639638589745D-03 -0.575889894980D-02  0.453491349742D-03
  0.122809603487D-02 -0.225375890996D-02  0.103731379702D-02  0.143504971228D-02
 -0.515720377885D-03 -0.112081813185D-02 -0.103225778484D-02  0.392884142762D-03
  0.135531952991D-02  0.388955958747D-02 -0.170828557713D-02  0.274941323538D-02
 -0.917354974751D-02 -0.772446444228D-02 -0.507077696871D-02 -0.186795017086D-01
 -0.149970179142D-02  0.881705641307D-02 -0.390457176716D-01  0.146921627029D-02
  0.380792685727D-03  0.665761590492D-03 -0.986421288907D-03 -0.676901932790D-03
  0.355117201591D-02 -0.703884984931D-03  0.208286847326D-02 -0.276007827880D-02
 -0.741619559418D-02 -0.304264908111D-02  0.126618256910D-02  0.228021362559D-02
 -0.101871700022D-02 -0.159749289695D-02  0.345496321218D-02 -0.264215979473D-02
 -0.127247492733D-01  0.878622146217D-01 -0.272863261017D-03  0.438002588860D-04
 -0.269460674726D-03  0.145357139162D-02  0.592142226558D-03  0.798802840123D-02
 -0.210770734761D-03  0.214936688961D-03 -0.456661672636D-02 -0.567132750299D-04
 -0.489209920028D-03 -0.177764584580D-01 -0.105991083289D-04 -0.224576146388D-05
 -0.527138215911D-02  0.329979756547D-03 -0.158789578236D-03  0.468784861859D-03
  0.136775829669D-02 -0.902326476892D-03  0.555790796195D-03 -0.224947255145D-03
  0.353156394893D-03 -0.120596347832D-02 -0.572341120009D-03  0.977849449096D-03
 -0.148903008394D-02  0.738376990550D-03 -0.112727946621D-03 -0.139921195262D-02
 -0.989688391917D-03 -0.677750286275D-03  0.696582364781D-03  0.122412813696D-02
  0.103978480053D-02 -0.112754174482D-02  0.781530078544D-03  0.742365109702D-03
 -0.862054343664D-02 -0.509923446117D-03  0.316738564787D-03 -0.143275273756D-01
 -0.145061094401D-01 -0.696247805297D-02 -0.137768658443D-01 -0.645569156455D-02
  0.682170422091D-02 -0.466786989479D-02 -0.856035215351D-05  0.117718480507D-02
  0.123693490796D-02 -0.466285577839D-03 -0.161757809560D-02  0.610384910576D-02
 -0.807830973723D-03  0.444819921678D-02 -0.242021133885D-01  0.904722374635D-02
 -0.138317993776D-01  0.324389301454D-02  0.177506489923D-02 -0.107267581293D-02
 -0.599886364145D-02  0.153110151960D-02 -0.204965492310D-02 -0.176660534365D-01
  0.129283994439D-01  0.997923309121D-01 -0.248773939042D-02  0.145126827098D-03
 -0.238849599865D-04 -0.409558711528D-02  0.420634365116D-03  0.504262452595D-03
 -0.381799414228D-02  0.290689293269D-03  0.119608053860D-02 -0.353285944414D-02
 -0.570978506687D-03  0.597235738348D-03 -0.311667647660D-02 -0.341495096261D-03
 -0.988572148651D-03  0.180089446119D-03 -0.349956558063D-02 -0.439240266111D-03
 -0.155438918798D-02 -0.292230697023D-02  0.643621133540D-03  0.161868435039D-02
  0.582150384267D-03 -0.176646355571D-02 -0.308099951286D-02 -0.215048412235D-02
 -0.120388510573D-02  0.182023486899D-02 -0.177307986105D-04 -0.164501473514D-02
  0.529637872364D-03 -0.255368541783D-02 -0.258322229095D-02  0.774573726446D-03
 -0.114557400887D-03 -0.282733744303D-02 -0.149151649735D-02  0.346024726725D-04
 -0.509520887715D-03 -0.149208851290D-02 -0.266909427263D-02  0.563086449137D-02
  0.534463259434D-02 -0.315224777637D-02  0.650531009713D-02 -0.307440165507D-02
 -0.705647730161D-02  0.253825825117D-02 -0.350449422298D-02 -0.343554523997D-02
 -0.389686893633D-02 -0.471251158718D-02 -0.344682873943D-02 -0.958797258062D-03
 -0.114436571061D-02 -0.133331607250D-03  0.246271480170D-02  0.154149015194D-02
  0.212790489332D-02 -0.246256730979D-02 -0.312642283164D-02 -0.526702866769D-02
 -0.139089084255D-02 -0.246905039857D-04  0.126633426721D-02  0.197169844326D-02
 -0.382028902888D-04 -0.373001948645D-02  0.560214009346D+00
$end
