$coord
    1.56047745744809      2.33669329844106     -0.07606230265897      c
    2.87429833203278      3.89874159829602     -0.15584845050252      h
    2.45694618531341     -0.11894102387309      0.24047901333294      c
    4.46666539985348     -0.45780719023313      0.39244735719694      h
    0.76254817941837     -2.13265455065051      0.37462848698308      c
    1.46218197503569     -4.03915122061890      0.61250009588211      h
   -1.82889489246663     -1.69166486097398      0.19490624185198      c
   -3.14678896401637     -3.25029762068348      0.30316393713830      h
   -2.72783550683569      0.76436262264157     -0.11799696016080      c
   -4.73850952818111      1.10643677485672     -0.23460980742311      h
   -1.03132841728799      2.77557068626133     -0.25747028743553      c
   -1.72762902324527      4.68164947542077     -0.50617290323917      h
$redundant
     number_of_atoms            12
     degrees_of_freedom         30
     internal_coordinates       30
     frozen_coordinates          0
# definitions of redundant internals
   1 k  1.0000000000000 stre    1    2           val=   2.04267
   2 k -0.7071066663629 bend    3    2    1      val=   0.12382
        0.7071068960101 bend   11    2    1
   3 k  1.0000000000000 outp    2   11    3    1 val=   0.69174
   4 k  1.0000000000000 stre    3    4           val=   2.04375
   5 k -0.7071067616312 bend    1    4    3      val=   0.11471
        0.7071068007419 bend    5    4    3
   6 k  1.0000000000000 outp    4    5    1    3 val=  -0.30392
   7 k  1.0000000000000 stre    5    6           val=   2.04470
   8 k  0.7071067861556 bend    7    6    5      val=   0.06930
       -0.7071067762175 bend    3    6    5
   9 k  1.0000000000000 outp    6    3    7    5 val=  -0.16837
  10 k  1.0000000000000 stre    7    8           val=   2.04399
  11 k -0.7071067706923 bend    9    8    7      val=   0.18683
        0.7071067916808 bend    5    8    7
  12 k  1.0000000000000 outp    8    5    9    7 val=   0.15827
  13 k  1.0000000000000 stre    9   10           val=   2.04290
  14 k -0.7071067117190 bend    7   10    9      val=   0.13469
        0.7071068506541 bend   11   10    9
  15 k  1.0000000000000 outp   10   11    7    9 val=  -0.48635
  16 k  1.0000000000000 stre   11   12           val=   2.04446
  17 k  0.7071067811949 bend    9   12   11      val=   0.00421
       -0.7071067811782 bend    1   12   11
  18 k  1.0000000000000 outp   12    1    9   11 val=  -0.02561
  19 k  1.0000000000000 stre    1    3           val=   2.63325
  20 k  1.0000000000000 stre    3    5           val=   2.63515
  21 k  1.0000000000000 stre    5    7           val=   2.63483
  22 k  1.0000000000000 stre    7    9           val=   2.63402
  23 k  1.0000000000000 stre    9   11           val=   2.63487
  24 k  1.0000000000000 stre   11    1           val=   2.63495
  25 k -0.5000000000000 bend    1    5    3      val=  -0.04234
       -0.5000000000000 bend    3    7    5
        1.0000000000000 bend    5    9    7
       -0.5000000000000 bend    7   11    9
       -0.5000000000000 bend    9    1   11
        1.0000000000000 bend   11    3    1
  26 k  0.8660254037844 bend    1    5    3      val=  -0.09039
       -0.8660254037844 bend    3    7    5
        0.8660254037844 bend    7   11    9
       -0.8660254037844 bend    9    1   11
  27 k -1.0000000000000 bend    1    5    3      val=  -0.04888
        1.0000000000000 bend    3    7    5
       -1.0000000000000 bend    5    9    7
        1.0000000000000 bend    7   11    9
       -1.0000000000000 bend    9    1   11
        1.0000000000000 bend   11    3    1
  28 k -0.5000000000000 tors    3    5    7    9 val=  -0.10673
       -0.5000000000000 tors    5    7    9   11
        1.0000000000000 tors    7    9   11    1
       -0.5000000000000 tors    9   11    1    3
       -0.5000000000000 tors   11    1    3    5
        1.0000000000000 tors    1    3    5    7
  29 k  0.8660254037844 tors    3    5    7    9 val=  -0.02363
       -0.8660254037844 tors    5    7    9   11
        0.8660254037844 tors    9   11    1    3
       -0.8660254037844 tors   11    1    3    5
  30 k -1.0000000000000 tors    3    5    7    9 val=   0.07753
        1.0000000000000 tors    5    7    9   11
       -1.0000000000000 tors    7    9   11    1
        1.0000000000000 tors    9   11    1    3
       -1.0000000000000 tors   11    1    3    5
        1.0000000000000 tors    1    3    5    7
        30 non zero eigenvalues  of BmBt
           1          11.035638619    1    0
         1
           2           5.095568352    2    0
         2
           3           5.077882219    3    0
         3
           4           4.377021146    4    0
         4
           5           4.374259531    5    0
         5
           6           3.553433324    6    0
         6
           7           3.502174099    7    0
         7
           8           3.501769918    8    0
         8
           9           3.186282981    9    0
         9
          10           2.617992100   10    0
        10
          11           1.988651228   11    0
        11
          12           1.892228953   12    0
        12
          13           1.889121338   13    0
        13
          14           1.577571168   14    0
        14
          15           1.576064384   15    0
        15
          16           0.994874345   16    0
        16
          17           0.993858259   17    0
        17
          18           0.542632596   18    0
        18
          19           0.478852256   19    0
        19
          20           0.404248375   20    0
        20
          21           0.381943966   21    0
        21
          22           0.358649480   22    0
        22
          23           0.358615789   23    0
        23
          24           0.279130392   24    0
        24
          25           0.278899676   25    0
        25
          26           0.260210301   26    0
        26
          27           0.260056102   27    0
        27
          28           0.150034621   28    0
        28
          29           0.108511559   29    0
        29
          30           0.108491495   30    0
        30
$user-defined bonds
$frag
 atom   1 fragment  1 symmetry  c1
 atom   2 fragment  1
 atom   3 fragment  1
 atom   4 fragment  1
 atom   5 fragment  1
 atom   6 fragment  1
 atom   7 fragment  1
 atom   8 fragment  1
 atom   9 fragment  1
 atom  10 fragment  1
 atom  11 fragment  1
 atom  12 fragment  1
   iteration     4
$end
