$coord
   -1.18608995967983      0.16528918400144      0.00278032571342      o
    0.64931374296246      0.23111979695021     -0.00113467660786      h
   -1.84802220338573     -2.41612069689609      0.00234025007105      c
   -3.89924596242143     -2.53609434082751      0.00946560040510      h
   -1.16196177011925     -3.41355562499208     -1.67313319551142      h
   -1.15016352957024     -3.41707238075894      1.67084431764529      h
    4.29409395777772      0.03105254862314     -0.00307428017230      n
    5.61003950058650     -0.01512353493327     -2.16628083067760      c
    4.50553502172326      0.02876258605422     -3.88777492228315      h
    8.23607297376405     -0.10912392495864     -2.25828261988867      c
    9.19482996436054     -0.14180112971974     -4.06067075852633      h
    9.57848382681798     -0.15771372924842      0.00109856205173      c
   11.62002300398430     -0.22907876989450      0.00270349700776      h
    8.23253120369237     -0.11043068947680      2.25845173903921      c
    9.18835228931264     -0.14411378600980      4.06216829467705      h
    5.60665537146882     -0.01641740585001      2.16216247303743      c
    4.49926492364243      0.02643105140009      3.88203753799918      h
$redundant
     number_of_atoms            17
     degrees_of_freedom         45
     internal_coordinates       45
     frozen_coordinates          0
# definitions of redundant internals
   1 k  1.0000000000000 stre    1    2           val=   1.83659
   2 k  1.0000000000000 stre    2    7           val=   3.65027
   3 k  1.0000000000000 linc    7    1    2    3 val=   5.19605
   4 k  1.0000000000000 linp    7    1    2    3 val=   0.09150
   5 k  1.0000000000000 tors    4    3    1    2 val=  59.91932
        1.0000000000000 tors    5    3    1    2
        1.0000000000000 tors    6    3    1    2
   6 k  1.0000000000000 stre    3    4           val=   2.05474
   7 k  1.0000000000000 stre    3    5           val=   2.06707
   8 k  1.0000000000000 stre    3    6           val=   2.06708
   9 k  0.3978041895776 bend    5    4    3      val=   1.33836
        0.3977741906534 bend    6    4    3
        0.4593442124391 bend    6    5    3
       -0.4068916814155 bend    1    4    3
       -0.3917774105841 bend    1    5    3
       -0.3917652800519 bend    1    6    3
  10 k  0.3711419005341 bend    5    4    3      val=   2.04837
        0.3647250744879 bend    6    4    3
       -0.6441352403113 bend    6    5    3
        0.4491323230712 bend    1    4    3
       -0.2351452732827 bend    1    5    3
       -0.2393866302079 bend    1    6    3
  11 k -0.6057362229858 bend    5    4    3      val=   0.01476
        0.6098935837963 bend    6    4    3
       -0.0036198586930 bend    6    5    3
        0.0022392753458 bend    1    4    3
       -0.3625038591257 bend    1    5    3
        0.3601198120002 bend    1    6    3
  12 k  0.2381187294084 bend    5    4    3      val=   1.69091
        0.2360865042245 bend    6    4    3
       -0.4492928898030 bend    6    5    3
       -0.6823753810158 bend    1    4    3
        0.3304034148566 bend    1    5    3
        0.3330104431322 bend    1    6    3
  13 k  0.3608553971388 bend    5    4    3      val=  -0.00448
       -0.3617778889530 bend    6    4    3
        0.0008667175514 bend    6    5    3
        0.0017066741249 bend    1    4    3
       -0.6086452354839 bend    1    5    3
        0.6069987271876 bend    1    6    3
  14 k  1.0000000000000 stre    8    9           val=   2.04582
  15 k -0.7071067573936 bend    7    9    8      val=   2.36634
        0.7071068049795 bend   10    9    8
  16 k  1.0000000000000 outp    9   10    7    8 val=  -0.10013
  17 k  1.0000000000000 stre   10   11           val=   2.04178
  18 k  0.7071067829625 bend   12   11   10      val=   0.60691
       -0.7071067794106 bend    8   11   10
  19 k  1.0000000000000 outp   11    8   12   10 val=   0.03449
  20 k  1.0000000000000 stre   12   13           val=   2.04279
  21 k  0.7071067811929 bend   10   13   12      val=   0.00099
       -0.7071067811802 bend   14   13   12
  22 k  1.0000000000000 outp   13   14   10   12 val=  -0.04038
  23 k  1.0000000000000 stre   14   15           val=   2.04160
  24 k  0.7071067829634 bend   12   15   14      val=   0.60545
       -0.7071067794097 bend   16   15   14
  25 k  1.0000000000000 outp   15   16   12   14 val=  -0.03456
  26 k  1.0000000000000 stre   16   17           val=   2.04600
  27 k -0.7071067571130 bend    7   17   16      val=   2.36704
        0.7071068052601 bend   14   17   16
  28 k  1.0000000000000 outp   17   14    7   16 val=   0.10068
  29 k  1.0000000000000 tors    3    1    7    8 val=  -0.00603
        1.0000000000000 tors    3    1    7   16
  30 k  1.0000000000000 stre    1    3           val=   2.66493
  31 k  1.0000000000000 bend    2    3    1      val= 106.43616
  32 k  0.7071069530880 bend    8    2    7      val=   0.07428
       -0.7071066092851 bend   16    2    7
  33 k  1.0000000000000 outp    2   16    8    7 val=   1.10150
  34 k  1.0000000000000 stre    7    8           val=   2.53245
  35 k  1.0000000000000 stre    8   10           val=   2.62933
  36 k  1.0000000000000 stre   10   12           val=   2.62854
  37 k  1.0000000000000 stre   12   14           val=   2.62859
  38 k  1.0000000000000 stre   14   16           val=   2.62932
  39 k  1.0000000000000 stre   16    7           val=   2.53245
  40 k -0.5000000000000 bend    7   10    8      val=  -1.54654
       -0.5000000000000 bend    8   12   10
        1.0000000000000 bend   10   14   12
       -0.5000000000000 bend   12   16   14
       -0.5000000000000 bend   14    7   16
        1.0000000000000 bend   16    8    7
  41 k  0.8660254037844 bend    7   10    8      val=  -0.00265
       -0.8660254037844 bend    8   12   10
        0.8660254037844 bend   12   16   14
       -0.8660254037844 bend   14    7   16
  42 k -1.0000000000000 bend    7   10    8      val=  -1.70650
        1.0000000000000 bend    8   12   10
       -1.0000000000000 bend   10   14   12
        1.0000000000000 bend   12   16   14
       -1.0000000000000 bend   14    7   16
        1.0000000000000 bend   16    8    7
  43 k -0.5000000000000 tors    8   10   12   14 val=  -0.00082
       -0.5000000000000 tors   10   12   14   16
        1.0000000000000 tors   12   14   16    7
       -0.5000000000000 tors   14   16    7    8
       -0.5000000000000 tors   16    7    8   10
        1.0000000000000 tors    7    8   10   12
  44 k  0.8660254037844 tors    8   10   12   14 val=  -0.00142
       -0.8660254037844 tors   10   12   14   16
        0.8660254037844 tors   14   16    7    8
       -0.8660254037844 tors   16    7    8   10
  45 k -1.0000000000000 tors    8   10   12   14 val=  -0.01046
        1.0000000000000 tors   10   12   14   16
       -1.0000000000000 tors   12   14   16    7
        1.0000000000000 tors   14   16    7    8
       -1.0000000000000 tors   16    7    8   10
        1.0000000000000 tors    7    8   10   12
        45 non zero eigenvalues  of BmBt
           1          11.262156165    1    0
         1
           2           5.516812607    2    0
         2
           3           4.921032131    3    0
         3
           4           4.512429310    4    0
         4
           5           4.471894424    5    0
         5
           6           4.246975326    6    0
         6
           7           3.684315918    7    0
         7
           8           3.641564675    8    0
         8
           9           3.567915120    9    0
         9
          10           3.336031971   10    0
        10
          11           3.322716812   11    0
        11
          12           3.204619607   12    0
        12
          13           2.839920339   13    0
        13
          14           2.802371773   14    0
        14
          15           2.342254138   15    0
        15
          16           1.950843397   16    0
        16
          17           1.871136430   17    0
        17
          18           1.809883451   18    0
        18
          19           1.751627890   19    0
        19
          20           1.418471499   20    0
        20
          21           1.296146139   21    0
        21
          22           1.091505736   22    0
        22
          23           0.922499825   23    0
        23
          24           0.829956107   24    0
        24
          25           0.693632720   25    0
        25
          26           0.690463126   26    0
        26
          27           0.576451548   27    0
        27
          28           0.552425591   28    0
        28
          29           0.516422378   29    0
        29
          30           0.441628428   30    0
        30
          31           0.389566340   31    0
        31
          32           0.360832113   32    0
        32
          33           0.342759805   33    0
        33
          34           0.341776992   34    0
        34
          35           0.296747751   35    0
        35
          36           0.287240327   36    0
        36
          37           0.269936182   37    0
        37
          38           0.165639369   38    0
        38
          39           0.155898238   39    0
        39
          40           0.133416396   40    0
        40
          41           0.113555628   41    0
        41
          42           0.077657483   42    0
        42
          43           0.038595634   43    0
        43
          44           0.023904750   44    0
        44
          45           0.011247264   45    0
        45
$user-defined bonds
$end
