$energy      SCF               SCFKIN            SCFPOT            RIRPA
     1 -388.0271648607      0.00000000      0.00000000     -3.662571669563
     2 -388.0307714561      0.00000000      0.00000000     -3.660176309906
     3 -388.0286817355      0.00000000      0.00000000     -3.659921483348
     4 -388.0312097183      0.00000000      0.00000000     -3.659744249490
     5 -388.0313414932      0.00000000      0.00000000     -3.659734419919
     6 -388.0313261514      0.00000000      0.00000000     -3.659752930217
     7 -388.0312939245      0.00000000      0.00000000     -3.659787563193
     8 -388.0313035773      0.00000000      0.00000000     -3.659778568643
     9 -388.0313004736      0.00000000      0.00000000     -3.659782160386
    10 -388.0313032588      0.00000000      0.00000000     -3.659779044802
    11 -388.0313043554      0.00000000      0.00000000     -3.659778199057
    12 -388.0313041285      0.00000000      0.00000000     -3.659778223817
    13 -388.0313041190      0.00000000      0.00000000     -3.659778216161
    14 -388.0313042100      0.00000000      0.00000000     -3.659778115788
    15 -388.0313041869      0.00000000      0.00000000     -3.659778292410
    16 -388.0313041930      0.00000000      0.00000000     -3.659778197430
    17 -388.0313041570      0.00000000      0.00000000     -3.659778484910
$end
