$coord
    3.07971468639475      0.95055590610239      0.51043750300531      c
    3.10212411334569      2.75756002207306     -0.46880865799383      h
    4.37531917742489     -0.34686812096289     -0.41117860986448      h
    3.72227980537638      1.22711301707462      2.44526980186435      h
    0.49478275660746     -0.25107132326052      0.59443642298608      c
    0.18756033591178     -2.47481562081914      1.15620994643790      o
   -1.46170742134002      1.32755555529660      0.04171740513697      n
   -1.07527566713642      3.14933587264758     -0.31334368961546      h
   -4.06293412508966      0.50260791410249      0.17962466912222      c
   -4.05296671546888     -1.54845567741536      0.19069623816355      h
   -4.98990345225896      1.16373181233724      1.89653750144326      h
   -5.11689447513210      1.17304958135669     -1.45180207410489      h
$redundant
     number_of_atoms            12
     degrees_of_freedom         30
     internal_coordinates       30
     frozen_coordinates          0
# definitions of redundant internals
   1 k  1.0000000000000 tors    3    1    5    7 val= 103.82055
        1.0000000000000 tors    2    1    5    7
        1.0000000000000 tors    4    1    5    7
   2 k  1.0000000000000 stre    1    3           val=   2.05214
   3 k  1.0000000000000 stre    1    2           val=   2.05540
   4 k  1.0000000000000 stre    1    4           val=   2.05741
   5 k  0.4538977711797 bend    2    3    1      val=   0.45747
        0.3373190414700 bend    4    3    1
        0.4385055656107 bend    4    2    1
       -0.4150585380902 bend    5    3    1
       -0.3816777902472 bend    5    2    1
       -0.4122548009408 bend    5    4    1
   6 k -0.1720052627811 bend    2    3    1      val=   1.86544
        0.7091315017528 bend    4    3    1
       -0.4011034246547 bend    4    2    1
        0.2733904095281 bend    5    3    1
       -0.4662331970652 bend    5    2    1
        0.1206110917786 bend    5    4    1
   7 k -0.7037053362869 bend    2    3    1      val=   0.71543
        0.1619713102644 bend    4    3    1
        0.5858206109330 bend    4    2    1
       -0.2344697020606 bend    5    3    1
       -0.0640465569324 bend    5    2    1
        0.2762250957089 bend    5    4    1
   8 k -0.1076820803237 bend    2    3    1      val=   1.25961
        0.4456229189442 bend    4    3    1
       -0.3069138383860 bend    4    2    1
       -0.5060102514975 bend    5    3    1
        0.6420539335265 bend    5    2    1
       -0.1653754858450 bend    5    4    1
   9 k  0.2927129901588 bend    2    3    1      val=  -0.14479
       -0.0992339922275 bend    4    3    1
       -0.2019496645175 bend    4    2    1
       -0.5243881572382 bend    5    3    1
       -0.2011284310761 bend    5    2    1
        0.7404407254746 bend    5    4    1
  10 k  1.0000000000000 stre    5    6           val=   2.31409
  11 k  0.7071151060857 bend    7    6    5      val=   0.27911
       -0.7070984561893 bend    1    6    5
  12 k  1.0000000000000 outp    6    1    7    5 val=   0.87091
  13 k  1.0000000000000 stre    7    8           val=   1.89586
  14 k  0.7071869169075 bend    5    8    7      val=  -0.60843
       -0.7070266363829 bend    9    8    7
  15 k  1.0000000000000 outp    8    9    5    7 val=   5.00227
  16 k  1.0000000000000 tors   10    9    7    5 val= 102.81743
        1.0000000000000 tors   12    9    7    5
        1.0000000000000 tors   11    9    7    5
  17 k  1.0000000000000 stre    9   10           val=   2.05112
  18 k  1.0000000000000 stre    9   12           val=   2.05472
  19 k  1.0000000000000 stre    9   11           val=   2.06013
  20 k  0.3939387478741 bend   12   10    9      val=   0.39516
        0.3879973985046 bend   11   10    9
        0.4503796850843 bend   11   12    9
       -0.4148404568958 bend    7   10    9
       -0.3974608161931 bend    7   12    9
       -0.4016972938097 bend    7   11    9
  21 k  0.1022300690632 bend   12   10    9      val=   1.35275
        0.5825344580576 bend   11   10    9
       -0.6085793546132 bend   11   12    9
        0.3832597661680 bend    7   10    9
       -0.3597740648122 bend    7   12    9
       -0.0592314208740 bend    7   11    9
  22 k  0.7472475222812 bend   12   10    9      val=   1.10437
       -0.4306170367283 bend   11   10    9
       -0.2854799064187 bend   11   12    9
        0.1362738328060 bend    7   10    9
        0.1993320977848 bend    7   12    9
       -0.3411561056764 bend    7   11    9
  23 k  0.0889223213895 bend   12   10    9      val=   1.08320
        0.3306759285123 bend   11   10    9
       -0.4016995216607 bend   11   12    9
       -0.6665002675251 bend    7   10    9
        0.5065875696913 bend    7   12    9
        0.1432835405130 bend    7   11    9
  24 k  0.3343326923348 bend   12   10    9      val=   1.15579
       -0.2343817327794 bend   11   10    9
       -0.0943854263495 bend   11   12    9
       -0.2338791004426 bend    7   10    9
       -0.4934179637446 bend    7   12    9
        0.7254085227640 bend    7   11    9
  25 k  1.0000000000000 tors    1    5    7    9 val= 183.55036
  26 k  1.0000000000000 stre    5    1           val=   2.85181
  27 k  1.0000000000000 bend    7    1    5      val= 115.10168
  28 k  1.0000000000000 stre    7    9           val=   2.73239
  29 k  1.0000000000000 bend    5    9    7      val= 121.84426
  30 k  1.0000000000000 stre    5    7           val=   2.57399
        30 non zero eigenvalues  of BmBt
           1           7.145386886    1    0
         1
           2           4.329112080    2    0
         2
           3           3.938584196    3    0
         3
           4           3.849371622    4    0
         4
           5           3.525074043    5    0
         5
           6           3.431010635    6    0
         6
           7           2.841073634    7    0
         7
           8           2.830584758    8    0
         8
           9           2.442688587    9    0
         9
          10           2.150497743   10    0
        10
          11           1.437315804   11    0
        11
          12           1.328380335   12    0
        12
          13           0.888093677   13    0
        13
          14           0.876066559   14    0
        14
          15           0.708093783   15    0
        15
          16           0.707623035   16    0
        16
          17           0.703489435   17    0
        17
          18           0.703050024   18    0
        18
          19           0.624693562   19    0
        19
          20           0.455889577   20    0
        20
          21           0.357854064   21    0
        21
          22           0.335348434   22    0
        22
          23           0.308739532   23    0
        23
          24           0.301103993   24    0
        24
          25           0.268610552   25    0
        25
          26           0.257254085   26    0
        26
          27           0.232933366   27    0
        27
          28           0.085010340   28    0
        28
          29           0.055253607   29    0
        29
          30           0.037047412   30    0
        30
$user-defined bonds
$frag
 atom   1 fragment  1 symmetry  c1
 atom   2 fragment  1
 atom   3 fragment  1
 atom   4 fragment  1
 atom   5 fragment  1
 atom   6 fragment  1
 atom   7 fragment  1
 atom   8 fragment  1
 atom   9 fragment  1
 atom  10 fragment  1
 atom  11 fragment  1
 atom  12 fragment  1
   iteration     4
$end
