$coord
   -0.00005097976540      2.42053549826830     -0.44938207899896  c
   -2.33454691863543      1.26618135624827     -1.65338464367170  c
   -2.33444013356982     -1.26633978417371     -1.65353309837117  c
    0.00005100501527     -2.42053648894876     -0.44937725904097  c
    2.33444535840893      1.26633414802739     -1.65352427830055  c
    2.33454176830820     -1.26618701343322     -1.65339343637400  c
    0.00020254049523      1.46371998684040      2.35204229348581  c
   -0.00020255711891     -1.46371125757553      2.35204333516630  c
   -0.00011981315971      4.48769950332744     -0.52991183950293  h
   -3.87311474150238      2.43259569771750     -2.35798429659263  h
   -3.87270145182646     -2.43283983423744     -2.35866109461300  h
    0.00011976092219     -4.48770066236595     -0.52989929128403  h
    3.87272557820712      2.43283152868407     -2.35861636052357  h
    3.87309066622513     -2.43260401529008     -2.35802922052221  h
   -1.67538884178269      2.20311354330152      3.32499216480284  h
    1.67626539275656      2.20264566584272      3.32453826080756  h
   -1.67626501075417     -2.20263498374920      3.32454135687490  h
    1.67538837777634     -2.20310288848371      3.32499534568025  h
$user-defined bonds
$redundant
     number_of_atoms            18
     degrees_of_freedom         48
     internal_coordinates       60
     frozen_coordinates          0
# definitions of redundant internals
   1 k  1.0000000000000 stre   1    9           val=   2.06873
   2 k -0.7071547384499 bend   5    9    1      val=   0.00153
        0.7070588110563 bend   2    9    1
        0.0001165995634 bend   7    9    1
   3 k -0.3923662664276 bend   5    9    1      val=   2.44809
       -0.3925566751518 bend   2    9    1
        0.8318340999042 bend   7    9    1
   4 k  1.0000000000000 stre   2   10           val=   2.05528
   5 k  0.7071784174704 bend   3   10    2      val=   1.48014
       -0.7070351376446 bend   1   10    2
   6 k  1.0000000000000 outp  10    1    3    2 val=  -2.19954
   7 k  1.0000000000000 stre   3   11           val=   2.05528
   8 k  0.7071787735331 bend   2   11    3      val=   1.48023
       -0.7070347815095 bend   4   11    3
   9 k  1.0000000000000 outp  11    4    2    3 val=   2.19261
  10 k  1.0000000000000 stre   4   12           val=   2.06873
  11 k -0.7071546480054 bend   3   12    4      val=   0.00154
        0.7070589015456 bend   6   12    4
        0.0001164022217 bend   8   12    4
  12 k -0.3923465978438 bend   3   12    4      val=   2.45217
       -0.3925366743894 bend   6   12    4
        0.8318528153584 bend   8   12    4
  13 k  1.0000000000000 stre   5   13           val=   2.05528
  14 k  0.7071785017165 bend   6   13    5      val=   1.48018
       -0.7070350533813 bend   1   13    5
  15 k  1.0000000000000 outp  13    1    6    5 val=   2.19306
  16 k  1.0000000000000 stre   6   14           val=   2.05528
  17 k  0.7071786895050 bend   5   14    6      val=   1.48019
       -0.7070348655547 bend   4   14    6
  18 k  1.0000000000000 outp  14    4    5    6 val=  -2.19909
  19 k  1.0000000000000 stre   7   15           val=   2.07387
  20 k  1.0000000000000 stre   7   16           val=   2.07387
  21 k  0.0502752919899 bend  16   15    7      val=   0.77148
       -0.5042292475822 bend   8   15    7
       -0.5042299878766 bend   8   16    7
        0.4944565886556 bend   1   15    7
        0.4944593635062 bend   1   16    7
  22 k  0.0000033330361 bend  16   15    7      val=   0.00016
        0.5194442377993 bend   8   15    7
       -0.5194449651239 bend   8   16    7
        0.4797683880667 bend   1   15    7
       -0.4797675539522 bend   1   16    7
  23 k -0.8927340803954 bend  16   15    7      val=   1.24662
        0.1992774179758 bend   8   15    7
        0.1992750365759 bend   8   16    7
        0.2486016584511 bend   1   15    7
        0.2485981649140 bend   1   16    7
  24 k -0.0000005956355 bend  16   15    7      val=   0.00012
        0.4797691069019 bend   8   15    7
       -0.4797668351243 bend   8   16    7
       -0.5194452295310 bend   1   15    7
        0.5194439733931 bend   1   16    7
  25 k  1.0000000000000 stre   8   18           val=   2.07387
  26 k  1.0000000000000 stre   8   17           val=   2.07387
  27 k  0.0502801085302 bend  17   18    8      val=   0.77158
       -0.5042298071880 bend   7   18    8
       -0.5042305661471 bend   7   17    8
        0.4944557793095 bend   4   18    8
        0.4944585227294 bend   4   17    8
  28 k  0.0000033086024 bend  17   18    8      val=   0.00016
        0.5194444787224 bend   7   18    8
       -0.5194451745212 bend   7   17    8
        0.4797681365333 bend   4   18    8
       -0.4797673179238 bend   4   17    8
  29 k -0.8927300724528 bend  17   18    8      val=   1.24777
        0.1992787351329 bend   7   18    8
        0.1992763634176 bend   7   17    8
        0.2486077749672 bend   4   18    8
        0.2486043215056 bend   4   17    8
  30 k -0.0000005834212 bend  17   18    8      val=   0.00012
        0.4797688535613 bend   7   18    8
       -0.4797666009030 bend   7   17    8
       -0.5194454576037 bend   4   18    8
        0.5194441956409 bend   4   17    8
  31 k  1.0000000000000 stre   1    5           val=   2.86915
  32 k  1.0000000000000 stre   1    2           val=   2.86915
  33 k  1.0000000000000 stre   1    7           val=   2.96032
  34 k  1.0000000000000 stre   2    3           val=   2.53252
  35 k  1.0000000000000 stre   3    4           val=   2.86915
  36 k  1.0000000000000 stre   4    6           val=   2.86915
  37 k  1.0000000000000 stre   4    8           val=   2.96032
  38 k  1.0000000000000 stre   5    6           val=   2.53252
  39 k  1.0000000000000 stre   7    8           val=   2.92743
  40 k  0.9101118374738 bend   2    5    1      val=  24.93222
       -0.2929937004718 bend   7    5    1
       -0.2930036429363 bend   7    2    1
  41 k  0.0000359387585 bend   2    5    1      val=   0.01063
        0.7071745912216 bend   7    5    1
       -0.7070389637347 bend   7    2    1
  42 k  0.4143626937823 bend   2    5    1      val= 106.32425
        0.6434740002630 bend   7    5    1
        0.6436184964613 bend   7    2    1
  43 k  1.0000000000000 bend   1    3    2      val= 113.72350
  44 k  1.0000000000000 bend   4    2    3      val= 113.72131
  45 k  0.9101957124009 bend   6    3    4      val=  24.95937
       -0.2928633502048 bend   8    3    4
       -0.2928733911330 bend   8    6    4
  46 k  0.0000357964720 bend   6    3    4      val=   0.01061
        0.7071745243117 bend   8    3    4
       -0.7070390306646 bend   8    6    4
  47 k  0.4141784203041 bend   6    3    4      val= 106.32398
        0.6435334103769 bend   8    3    4
        0.6436777034224 bend   8    6    4
  48 k  1.0000000000000 bend   1    6    5      val= 113.72138
  49 k  1.0000000000000 bend   4    5    6      val= 113.72343
  50 k  1.0000000000000 bend   1    8    7      val= 108.85742
  51 k  1.0000000000000 bend   4    7    8      val= 108.85758
  52 k  0.7071067811865 tors   6    5    1    2 val=   4.36518
        0.7071067811865 tors   6    5    1    7
  53 k  0.7071067811865 tors   3    2    1    5 val=  -4.37026
        0.7071067811865 tors   3    2    1    7
  54 k  0.7071067811865 tors   8    7    1    2 val=  -0.01166
        0.7071067811865 tors   8    7    1    5
  55 k  1.0000000000000 tors   4    3    2    1 val=   0.00662
  56 k  0.7071067811865 tors   6    4    3    2 val=   4.36427
        0.7071067811865 tors   8    4    3    2
  57 k  0.7071067811865 tors   5    6    4    3 val=  -4.36936
        0.7071067811865 tors   5    6    4    8
  58 k  0.7071067811865 tors   7    8    4    3 val=  -0.01166
        0.7071067811865 tors   7    8    4    6
  59 k  1.0000000000000 tors   4    6    5    1 val=   0.00558
  60 k  1.0000000000000 tors   4    8    7    1 val=   0.01579
        48 non zero eigenvalues  of BmBt
           1           3.389952670    1    0
         1
           2           2.800276419    2    0
         2
           3           2.648220312    3    0
         3
           4           2.601608650    4    0
         4
           5           2.397160881    5    0
         5
           6           2.289773169    6    0
         6
           7           2.188269910    7    0
         7
           8           2.186804894    8    0
         8
           9           2.183168905    9    0
         9
          10           2.111849501   10    0
        10
          11           2.032862135   11    0
        11
          12           1.993809842   12    0
        12
          13           1.833670135   13    0
        13
          14           1.731453522   14    0
        14
          15           1.530827226   15    0
        15
          16           1.387065911   16    0
        16
          17           1.357258224   17    0
        17
          18           1.142890491   18    0
        18
          19           1.090088924   19    0
        19
          20           0.998473865   20    0
        20
          21           0.982807919   21    0
        21
          22           0.803035213   22    0
        22
          23           0.797370254   23    0
        23
          24           0.757035662   24    0
        24
          25           0.713268024   25    0
        25
          26           0.624073984   26    0
        26
          27           0.530348878   27    0
        27
          28           0.387778452   28    0
        28
          29           0.337124422   29    0
        29
          30           0.222661536   30    0
        30
          31           1.284069539   31    0
        31
          32           1.129884717   32    0
        32
          33           0.768611610   33    0
        33
          34           0.765005713   34    0
        34
          35           0.740926871   35    0
        35
          36           0.500530414   36    0
        36
          37           0.459078601   37    0
        37
          38           0.421505588   38    0
        38
          39           0.353272786   39    0
        39
          40           0.761310864    0    0
         0.000000000         0.000000000         0.000000000         0.000000000
         0.000000000         0.000000000         0.000000000         0.000000000
         0.000000000         0.000000000         0.000000000         0.000000000
         0.000000000         0.000000000         0.000000000         0.000000000
         0.000000000         0.000000000         0.000000000         0.000000000
         0.000000000         0.000000000         0.000000000         0.000000000
         0.000000000         0.000000000         0.000000000         0.000000000
         0.000000000         0.000000000         0.000000000         0.000000000
         0.000000000         0.000000000         0.000000000         0.000000000
         0.000000000         0.000000000         0.000000000         0.127560602
         0.000041225         0.337371300        -0.390319042         0.390324728
        -0.127690350        -0.000041154        -0.337338423        -0.390320077
         0.390323714        -0.255344356         0.255345660         0.000000000
         0.000000000         0.000000000         0.000000000         0.000000000
         0.000000000         0.000000000         0.000000000         0.000000000
          41           0.359150252    0    0
         0.000000000         0.000000000         0.000000000         0.000000000
         0.000000000         0.000000000         0.000000000         0.000000000
         0.000000000         0.000000000         0.000000000         0.000000000
         0.000000000         0.000000000         0.000000000         0.000000000
         0.000000000         0.000000000         0.000000000         0.000000000
         0.000000000         0.000000000         0.000000000         0.000000000
         0.000000000         0.000000000         0.000000000         0.000000000
         0.000000000         0.000000000         0.000000000         0.000000000
         0.000000000         0.000000000         0.000000000         0.000000000
         0.000000000         0.000000000         0.000000000         0.000031052
         0.246059386         0.000028418         0.468728486        -0.468787734
         0.000031092         0.246004331         0.000028455        -0.468789688
         0.468726507        -0.000033151        -0.000033146         0.000000000
         0.000000000         0.000000000         0.000000000         0.000000000
         0.000000000         0.000000000         0.000000000         0.000000000
          42           0.317600038    0    0
         0.000000000         0.000000000         0.000000000         0.000000000
         0.000000000         0.000000000         0.000000000         0.000000000
         0.000000000         0.000000000         0.000000000         0.000000000
         0.000000000         0.000000000         0.000000000         0.000000000
         0.000000000         0.000000000         0.000000000         0.000000000
         0.000000000         0.000000000         0.000000000         0.000000000
         0.000000000         0.000000000         0.000000000         0.000000000
         0.000000000         0.000000000         0.000000000         0.000000000
         0.000000000         0.000000000         0.000000000         0.000000000
         0.000000000         0.000000000         0.000000000         0.169628686
         0.000028253         0.495391222        -0.280121733        -0.280098680
         0.169910419         0.000028137         0.495270796        -0.280010490
        -0.280209922        -0.262634557        -0.262349179         0.000000000
         0.000000000         0.000000000         0.000000000         0.000000000
         0.000000000         0.000000000         0.000000000         0.000000000
          43           0.287434519    0    0
         0.000000000         0.000000000         0.000000000         0.000000000
         0.000000000         0.000000000         0.000000000         0.000000000
         0.000000000         0.000000000         0.000000000         0.000000000
         0.000000000         0.000000000         0.000000000         0.000000000
         0.000000000         0.000000000         0.000000000         0.000000000
         0.000000000         0.000000000         0.000000000         0.000000000
         0.000000000         0.000000000         0.000000000         0.000000000
         0.000000000         0.000000000         0.000000000         0.000000000
         0.000000000         0.000000000         0.000000000         0.000000000
         0.000000000         0.000000000         0.000000000        -0.290030670
         0.000048417         0.140711603         0.197924355        -0.197787930
         0.289953894        -0.000048440        -0.141046863         0.197928673
        -0.197783582        -0.563635555         0.563774523         0.000000000
         0.000000000         0.000000000         0.000000000         0.000000000
         0.000000000         0.000000000         0.000000000         0.000000000
          44           0.098033873    0    0
         0.000000000         0.000000000         0.000000000         0.000000000
         0.000000000         0.000000000         0.000000000         0.000000000
         0.000000000         0.000000000         0.000000000         0.000000000
         0.000000000         0.000000000         0.000000000         0.000000000
         0.000000000         0.000000000         0.000000000         0.000000000
         0.000000000         0.000000000         0.000000000         0.000000000
         0.000000000         0.000000000         0.000000000         0.000000000
         0.000000000         0.000000000         0.000000000         0.000000000
         0.000000000         0.000000000         0.000000000         0.000000000
         0.000000000         0.000000000         0.000000000         0.677307782
        -0.000027149        -0.200517868         0.019342051         0.019391410
         0.677209561        -0.000027182        -0.200686163         0.019356704
         0.019376757         0.018152793         0.018144415         0.000000000
         0.000000000         0.000000000         0.000000000         0.000000000
         0.000000000         0.000000000         0.000000000         0.000000000
          45           0.086081965    0    0
         0.000000000         0.000000000         0.000000000         0.000000000
         0.000000000         0.000000000         0.000000000         0.000000000
         0.000000000         0.000000000         0.000000000         0.000000000
         0.000000000         0.000000000         0.000000000         0.000000000
         0.000000000         0.000000000         0.000000000         0.000000000
         0.000000000         0.000000000         0.000000000         0.000000000
         0.000000000         0.000000000         0.000000000         0.000000000
         0.000000000         0.000000000         0.000000000         0.000000000
         0.000000000         0.000000000         0.000000000         0.000000000
         0.000000000         0.000000000         0.000000000         0.000021988
         0.707089553        -0.000085887        -0.000020581         0.000020583
        -0.000022037        -0.707123996         0.000085786         0.000011904
        -0.000011902         0.000024927        -0.000024925         0.000000000
         0.000000000         0.000000000         0.000000000         0.000000000
         0.000000000         0.000000000         0.000000000         0.000000000
          46           0.399826696    0    0
         0.000000000         0.000000000         0.000000000         0.000000000
         0.000000000         0.000000000         0.000000000         0.000000000
         0.000000000         0.000000000         0.000000000         0.000000000
         0.000000000         0.000000000         0.000000000         0.000000000
         0.000000000         0.000000000         0.000000000         0.000000000
         0.000000000         0.000000000         0.000000000         0.000000000
         0.000000000         0.000000000         0.000000000         0.000000000
         0.000000000         0.000000000         0.000000000         0.000000000
         0.000000000         0.000000000         0.000000000         0.000000000
         0.000000000         0.000000000         0.000000000         0.000000000
         0.000000000         0.000000000         0.000000000         0.000000000
         0.000000000         0.000000000         0.000000000         0.000000000
         0.000000000         0.000000000         0.000000000        -0.434763875
         0.434761765         0.000002896        -0.349196767         0.434791675
        -0.434789606        -0.000002875         0.349196788        -0.000000007
          47           0.319583041    0    0
         0.000000000         0.000000000         0.000000000         0.000000000
         0.000000000         0.000000000         0.000000000         0.000000000
         0.000000000         0.000000000         0.000000000         0.000000000
         0.000000000         0.000000000         0.000000000         0.000000000
         0.000000000         0.000000000         0.000000000         0.000000000
         0.000000000         0.000000000         0.000000000         0.000000000
         0.000000000         0.000000000         0.000000000         0.000000000
         0.000000000         0.000000000         0.000000000         0.000000000
         0.000000000         0.000000000         0.000000000         0.000000000
         0.000000000         0.000000000         0.000000000         0.000000000
         0.000000000         0.000000000         0.000000000         0.000000000
         0.000000000         0.000000000         0.000000000         0.000000000
         0.000000000         0.000000000         0.000000000        -0.364092138
        -0.364079040         0.301556530         0.351866946        -0.364078192
        -0.364065043         0.301528170         0.351866925        -0.200775553
          48           0.164838075    0    0
         0.000000000         0.000000000         0.000000000         0.000000000
         0.000000000         0.000000000         0.000000000         0.000000000
         0.000000000         0.000000000         0.000000000         0.000000000
         0.000000000         0.000000000         0.000000000         0.000000000
         0.000000000         0.000000000         0.000000000         0.000000000
         0.000000000         0.000000000         0.000000000         0.000000000
         0.000000000         0.000000000         0.000000000         0.000000000
         0.000000000         0.000000000         0.000000000         0.000000000
         0.000000000         0.000000000         0.000000000         0.000000000
         0.000000000         0.000000000         0.000000000         0.000000000
         0.000000000         0.000000000         0.000000000         0.000000000
         0.000000000         0.000000000         0.000000000         0.000000000
         0.000000000         0.000000000         0.000000000        -0.163408660
        -0.163421760        -0.510411219         0.243026676        -0.163411406
        -0.163424509        -0.510408883         0.243026678         0.504003283
$end
