$hessapprox internal
  0.417156543789D+00 -0.697217507111D-04  0.339853872765D+00  0.124243927696D-02
 -0.597100963835D-04  0.330794600620D+00 -0.665920734184D-02 -0.913758886821D-04
  0.185813471705D-02  0.427810159284D+00 -0.116678863721D-02  0.642021522976D-04
  0.271055683676D-02 -0.193277675005D-02  0.358092679846D+00 -0.600512372003D-03
 -0.410817516561D-04  0.177413727033D-02 -0.107375078347D-02 -0.214014608769D-02
  0.690007477989D-01 -0.677406595955D-02 -0.526550717103D-04  0.180234962514D-02
 -0.717735294696D-02 -0.188438756263D-02 -0.129594554222D-02  0.427547483601D+00
 -0.142541511466D-02  0.161423534860D-03  0.259536454443D-02 -0.232460384640D-02
 -0.337638839899D-02 -0.313730153423D-02 -0.210013991466D-02  0.358721133350D+00
 -0.427539151952D-03 -0.362627614988D-04  0.161343943578D-02 -0.868319473805D-03
 -0.195114608236D-02  0.217131005304D-01 -0.107963687510D-02 -0.292185814790D-02
  0.693145909930D-01 -0.642645987171D-02 -0.695953968334D-04  0.125556459646D-02
 -0.667037892708D-02 -0.118304687695D-02 -0.477634361601D-03 -0.678596156513D-02
 -0.144611396780D-02 -0.303337606160D-03  0.417143359735D+00 -0.682295703193D-04
  0.213439709041D-04 -0.595412915537D-04 -0.899924240260D-04  0.638684088307D-04
 -0.497505602467D-04 -0.511242341484D-04  0.161602644297D-03 -0.449711230348D-04
 -0.681536945318D-04  0.339854331238D+00  0.124765960173D-02 -0.698492861624D-04
 -0.207665489020D-02  0.186642082337D-02  0.266213200099D-02  0.242940369757D-02
  0.178877362270D-02  0.247991460370D-02  0.226992733948D-02  0.126442674688D-02
 -0.699479348706D-04  0.330907275687D+00 -0.675276452492D-02 -0.625085126739D-04
  0.179893613912D-02 -0.713966705412D-02 -0.187325695693D-02 -0.104082148027D-02
 -0.725456732975D-02 -0.213805264460D-02 -0.827442976823D-03 -0.676328162080D-02
 -0.610768524679D-04  0.179631922945D-02  0.427592222148D+00 -0.140788278052D-02
  0.135792842371D-03  0.268777591496D-02 -0.229369875910D-02 -0.347267469896D-02
 -0.158187683602D-02 -0.212343712335D-02 -0.309665743325D-02 -0.136487314604D-02
 -0.141993262920D-02  0.135342529510D-03  0.262771019974D-02 -0.213503875098D-02
  0.358331999615D+00 -0.703232291475D-03  0.443825037692D-03 -0.378035957036D-03
 -0.132166123378D-02  0.177018125949D-03 -0.924830642560D-02 -0.501692313389D-03
  0.236574303803D-02 -0.914576787614D-02 -0.751311290813D-03  0.447698101712D-03
 -0.814814271826D-03 -0.765066747869D-03  0.130995813521D-02  0.588778567551D-01
 -0.668199571635D-02 -0.817863614900D-04  0.185805445707D-02 -0.704891313255D-02
 -0.193919117922D-02 -0.131569781096D-02 -0.719757432294D-02 -0.228312219729D-02
 -0.110751823290D-02 -0.669446564319D-02 -0.803065671045D-04  0.185580264244D-02
 -0.716582120615D-02 -0.227755363701D-02 -0.106491618471D-02  0.427740521434D+00
 -0.118590586149D-02  0.897922356226D-04  0.261796239970D-02 -0.196520522470D-02
 -0.336737183146D-02 -0.368607368899D-02 -0.186271749180D-02 -0.311582526742D-02
 -0.349858196433D-02 -0.121075739835D-02  0.900848219705D-04  0.251443388862D-02
 -0.187780176700D-02 -0.334382509508D-02  0.122915340978D-02 -0.194637631152D-02
  0.358417204898D+00 -0.877174538634D-03  0.439042971654D-03 -0.218540150270D-03
 -0.152785871010D-02 -0.104286941881D-04 -0.940508367108D-02 -0.718689742426D-03
  0.215198421604D-02 -0.929336065098D-02 -0.926544990753D-03  0.442954564472D-03
 -0.656429598644D-03 -0.979129332373D-03  0.109488518443D-02  0.113259016671D-01
 -0.127386787326D-02  0.104296997906D-02  0.586631067360D-01 -0.626880723262D-02
 -0.138360968086D-03  0.116127518674D-02 -0.637063323107D-02 -0.102582218031D-02
 -0.681840993750D-03 -0.660141405385D-02 -0.156435199246D-02 -0.536764238245D-03
 -0.627710480040D-02 -0.136864946460D-03  0.118908218306D-02 -0.655639639319D-02
 -0.149019172118D-02 -0.186907224526D-02 -0.641703678184D-02 -0.110166763564D-02
 -0.201546756378D-02  0.413446010272D+00 -0.660449492999D-02 -0.374937346059D-04
  0.106937236483D-02 -0.685894086509D-02 -0.963041700979D-03 -0.213347337508D-03
 -0.691479206397D-02 -0.107968407634D-02 -0.330405038434D-04 -0.660862651149D-02
 -0.360160478279D-04  0.107083434005D-02 -0.690608655711D-02 -0.107443584635D-02
 -0.123382765068D-03 -0.686954980196D-02 -0.969800175662D-03 -0.304576729821D-03
 -0.657522416851D-02  0.412632834417D+00  0.553708295256D-03 -0.299564795657D-04
 -0.445331686084D-03  0.707047466327D-03  0.572509314598D-03  0.185765190462D-02
  0.656816972125D-03  0.424606700574D-03  0.181606399333D-02  0.564955097398D-03
 -0.305430274863D-04 -0.386192732739D-03  0.677632761713D-03  0.562173961259D-03
 -0.944799127251D-03  0.686353998162D-03  0.435561540461D-03 -0.903207708618D-03
  0.567000377698D-03  0.516735857907D-03  0.331054301030D+00  0.182890649923D-03
 -0.529651016297D-04  0.414672257684D-05  0.274092063225D-03  0.228390671148D-04
 -0.296229843085D-03  0.183705878815D-03 -0.192949844429D-03 -0.317405005367D-03
  0.180483085638D-03 -0.529160439784D-04  0.159215955417D-04  0.201362804420D-03
 -0.161957105393D-03 -0.870111867417D-03  0.256584690193D-03 -0.828705333802D-05
 -0.849201785880D-03  0.344603640168D-03  0.883341126175D-04  0.114633338949D-04
  0.331336654389D+00  0.492824996917D-02 -0.343867479329D-03 -0.100598208990D-01
  0.793300639483D-02  0.129412666387D-01  0.109760842572D-01  0.755649085412D-02
  0.120783258128D-01  0.102283834123D-01  0.500481809224D-02 -0.343801945588D-03
 -0.975387888050D-02  0.758398076270D-02  0.127384686860D-01 -0.360877915492D-02
  0.788972577597D-02  0.122810177972D-01 -0.286672479848D-02  0.465101742681D-02
  0.403671728171D-02 -0.188144795337D-02  0.997242828317D-04  0.269523125878D+00
 -0.633445684387D-03  0.189925681344D-03 -0.124971580892D-03 -0.933088385569D-03
  0.572238601208D-04  0.991458473379D-03 -0.605607058823D-03  0.843546531082D-03
  0.106075625444D-02 -0.625040988087D-03  0.189826431916D-03 -0.170754189903D-03
 -0.671904368449D-03  0.723167252295D-03  0.321647932065D-02 -0.867605113980D-03
  0.178001749411D-03  0.314804756096D-02 -0.122406478406D-02 -0.301016630498D-03
 -0.751644912366D-04 -0.482557852051D-03 -0.907033152774D-03  0.332662067611D+00
 -0.627367189372D-02 -0.137056610918D-03  0.116805381150D-02 -0.637962490573D-02
 -0.103503959505D-02 -0.633110549504D-03 -0.660857612827D-02 -0.157020233557D-02
 -0.487002897348D-03 -0.628167860755D-02 -0.135580522789D-03  0.119685513387D-02
 -0.656345289017D-02 -0.149373186492D-02 -0.186658612040D-02 -0.642610373527D-02
 -0.111317154260D-02 -0.201399319959D-02 -0.593278385791D-02 -0.657667750787D-02
  0.571119663967D-03  0.340740951156D-03  0.468694436963D-02 -0.121008869980D-02
  0.413428768570D+00 -0.660855763046D-02 -0.364179568184D-04  0.107660795386D-02
 -0.686683777633D-02 -0.972724529929D-03 -0.167218633613D-03 -0.692125561632D-02
 -0.108693344707D-02  0.140467776579D-04 -0.661241725651D-02 -0.349597332366D-04
  0.107908365006D-02 -0.691237124574D-02 -0.107931143002D-02 -0.124500710087D-03
 -0.687759415447D-02 -0.981833972817D-03 -0.306635212408D-03 -0.658245021779D-02
 -0.673776628042D-02  0.520936949911D-03  0.850989881205D-04  0.407511752209D-02
 -0.289278863026D-03 -0.658374244414D-02  0.412631028232D+00  0.531637268508D-03
  0.107010765865D-04 -0.622768606794D-03  0.672319830996D-03  0.763707748032D-03
 -0.811044190596D-03  0.709894525937D-03  0.885633827882D-03 -0.857504350051D-03
  0.528035577306D-03  0.112011884786D-04 -0.657671624390D-03  0.686422636383D-03
  0.798441794654D-03  0.819375748795D-03  0.694212373003D-03  0.850378416361D-03
  0.865390454617D-03  0.455329087003D-03  0.509125419507D-03 -0.237892735458D-03
 -0.347369932002D-04 -0.310138399917D-02  0.105146259540D-03  0.455348609612D-03
  0.509154689493D-03  0.330957967379D+00  0.183985687517D-03 -0.528504748500D-04
  0.523480890242D-05  0.274767638347D-03  0.213184830138D-04 -0.303833152501D-03
  0.184579333203D-03 -0.193878766564D-03 -0.324970753615D-03  0.181532948807D-03
 -0.527993585898D-04  0.167677293345D-04  0.202148468516D-03 -0.163451089372D-03
 -0.866350627169D-03  0.257347495342D-03 -0.924479539619D-05 -0.845478147583D-03
  0.345646818179D-03  0.895581751869D-04  0.111664381216D-04  0.133481963643D-03
  0.104326754917D-03 -0.482292455015D-03  0.341767114027D-03  0.863058214058D-04
 -0.340538544080D-04  0.331336630276D+00  0.491438102882D-02 -0.320541132511D-03
 -0.101559287656D-01  0.791021354671D-02  0.130439162277D-01  0.949929621963D-02
  0.758365478895D-02  0.123335756807D-01  0.874929993284D-02  0.498273915167D-02
 -0.319874714661D-03 -0.990230917524D-02  0.758636809106D-02  0.128686470461D-01
 -0.261900110925D-02  0.789076927822D-02  0.125081091450D-01 -0.187489483506D-02
  0.458539305474D-02  0.403237146642D-02 -0.201368842939D-02  0.722905565977D-04
 -0.481747362511D-01 -0.800368297514D-03  0.461909268015D-02  0.406849532540D-02
 -0.302124963027D-02  0.774350246326D-04  0.268308910516D+00 -0.633776556790D-03
  0.189990687915D-03 -0.125612088919D-03 -0.933386643075D-03  0.580152802537D-04
  0.993945177473D-03 -0.605786102435D-03  0.844601027837D-03  0.106324452282D-02
 -0.625355360587D-03  0.189890944582D-03 -0.171357912588D-03 -0.672099152382D-03
  0.724298715019D-03  0.321726855769D-02 -0.867888457208D-03  0.178716888113D-03
  0.314883551728D-02 -0.122470624456D-02 -0.301228063690D-03 -0.752097031888D-04
 -0.482801160902D-03 -0.910103696104D-03  0.174035759424D-02 -0.121071800326D-02
 -0.289479195991D-03  0.104950001874D-03 -0.482535703963D-03 -0.803518426328D-03
  0.332663798365D+00 -0.928220056732D-02 -0.137939602451D-03  0.289324759359D-02
 -0.983552806072D-02 -0.305271544752D-02 -0.860741299031D-03 -0.100961658039D-01
 -0.368753008102D-02 -0.565253394796D-03 -0.929484314293D-02 -0.136329358011D-03
  0.293043300285D-02 -0.100279094190D-01 -0.358146301651D-02 -0.241904344120D-02
 -0.990327845101D-02 -0.316057650939D-02 -0.271537272465D-02 -0.883701923199D-02
 -0.956024507287D-02  0.111440164668D-02  0.406313279148D-03  0.126093826856D-01
 -0.138101388334D-02 -0.884929316807D-02 -0.957097002118D-02  0.961556647810D-03
  0.406862257583D-03  0.125191188227D-01 -0.138133643866D-02  0.373697628810D+00
 -0.956745919613D-02 -0.547388556301D-04  0.269080889838D-02 -0.102116995600D-01
 -0.284170791172D-02 -0.130856763630D-02 -0.103203614071D-01 -0.309035014159D-02
 -0.993088111361D-03 -0.958134317247D-02 -0.527711070821D-04  0.268056128821D-02
 -0.102927095718D-01 -0.310254959716D-02 -0.604565979140D-03 -0.102399324228D-01
 -0.283156486398D-02 -0.920777941040D-03 -0.938221685720D-02 -0.972294995218D-02
  0.987872139290D-03  0.207023721084D-03  0.113871854938D-01 -0.663143002988D-03
 -0.939021850925D-02 -0.973025688034D-02  0.102566091420D-02  0.208076270923D-03
  0.114055338755D-01 -0.663231796248D-03 -0.143440566792D-01  0.372865069709D+00
 -0.963953284588D-02 -0.492621623107D-04  0.204685240433D-02 -0.101402416523D-01
 -0.197594018478D-02 -0.247214909808D-02 -0.102122022131D-01 -0.208926345571D-02
 -0.220646382730D-02 -0.965948832811D-02 -0.463269070496D-04  0.198946301401D-02
 -0.102139383876D-01 -0.221882380999D-02  0.444833579317D-03 -0.101415878239D-01
 -0.184944508992D-02  0.177627497776D-03 -0.955197866517D-02 -0.986125654073D-02
  0.751707673008D-03  0.182294453065D-03  0.796445074208D-02 -0.598559493855D-03
 -0.956052225686D-02 -0.986898920389D-02  0.982044442374D-03  0.184508861700D-03
  0.809081471889D-02 -0.598967907471D-03 -0.141639660213D-01 -0.143651769593D-01
  0.309647812102D+00 -0.100895819947D-01 -0.175820347280D-03  0.437294647364D-03
 -0.100002311278D-01  0.188795637683D-03  0.724194494234D-03 -0.102567723520D-01
 -0.387646356194D-03  0.887796754479D-03 -0.100895904054D-01 -0.173172340146D-03
  0.493925990300D-03 -0.102175172588D-01 -0.255732891125D-03 -0.173272123872D-02
 -0.100448326503D-01  0.540658913876D-04 -0.189897791464D-02 -0.988841465686D-02
 -0.105621102199D-01  0.625389655465D-03  0.327686372346D-03  0.427896251194D-03
 -0.122925870124D-02 -0.989083170851D-02 -0.105627392900D-01  0.397694849296D-03
  0.330415015357D-03  0.300622806626D-03 -0.123035433004D-02 -0.136567772986D-01
 -0.143441540087D-01 -0.149783559805D-01  0.730366298409D+00 -0.931164993669D-02
 -0.109528962977D-03  0.282376669567D-02 -0.988940957830D-02 -0.298684340632D-02
 -0.226893208859D-02 -0.100923989724D-01 -0.345229769566D-02 -0.197213700968D-02
 -0.933208030165D-02 -0.107352252509D-03  0.280905295772D-02 -0.100496336262D-01
 -0.347039949786D-02 -0.137874470301D-02 -0.993253988117D-02 -0.297112119486D-02
 -0.167657232104D-02 -0.893124309623D-02 -0.956889906864D-02  0.990577514978D-03
  0.366554413748D-03  0.120723680018D-01 -0.122883774755D-02 -0.894535047683D-02
 -0.958157288598D-02  0.104818209413D-02  0.367611886423D-03  0.120993377460D-01
 -0.122920448922D-02 -0.139023772667D-01 -0.143543286281D-01 -0.140593574988D-01
 -0.137890238314D-01  0.373542808673D+00 -0.960490082861D-02 -0.256354235080D-04
  0.261598542971D-02 -0.102736748205D-01 -0.276910242602D-02 -0.267620811812D-02
 -0.103235088395D-01 -0.284609134206D-02 -0.235915872891D-02 -0.962631639569D-02
 -0.231114752387D-04  0.255464389918D-02 -0.103213643094D-01 -0.298066091201D-02
  0.438903902837D-03 -0.102772727271D-01 -0.263716196406D-02  0.120936984269D-03
 -0.948790384432D-02 -0.973803690023D-02  0.864969848964D-03  0.164405519435D-03
  0.108255646135D-01 -0.501155830278D-03 -0.949757489137D-02 -0.974714193235D-02
  0.110991351274D-02  0.165962897885D-03  0.109593677090D-01 -0.501283635229D-03
 -0.144910301928D-01 -0.146126579019D-01 -0.142728827342D-01 -0.144945056084D-01
 -0.143854028962D-01  0.372945544242D+00 -0.963013158534D-02 -0.911200686250D-04
  0.225462418675D-02 -0.101255214358D-01 -0.220350848808D-02  0.593017677837D-03
 -0.102900823467D-01 -0.260668873541D-02  0.866432575936D-03 -0.963297701045D-02
 -0.894307177465D-04  0.230347369047D-02 -0.102427137730D-01 -0.248253022682D-02
 -0.149617492477D-02 -0.101740305360D-01 -0.232941750650D-02 -0.177057220981D-02
 -0.945332263461D-02 -0.985996685701D-02  0.102465202022D-02  0.224001144525D-03
  0.937582718517D-02 -0.764198030203D-03 -0.945688881389D-02 -0.986269298204D-02
  0.823571431003D-03  0.225096248030D-03  0.926232655911D-02 -0.764412010888D-03
 -0.140273267684D-01 -0.144290644848D-01 -0.143742114431D-01 -0.147423472579D-01
 -0.141594488457D-01 -0.145694851985D-01  0.309576401471D+00 -0.100978043531D-01
 -0.176046961206D-03  0.428211408050D-03 -0.100061379152D-01  0.200949227724D-03
  0.776838380027D-03 -0.102630287054D-01 -0.377052967585D-03  0.940279244139D-03
 -0.100974904334D-01 -0.173412050442D-03  0.486282131375D-03 -0.102234136946D-01
 -0.241828063133D-03 -0.174749385963D-02 -0.100511014092D-01  0.629230210783D-04
 -0.191358747175D-02 -0.989810341852D-02 -0.105703383463D-01  0.626689493439D-03
  0.326550367065D-03  0.387365207712D-03 -0.122598450011D-02 -0.990036581648D-02
 -0.105708175189D-01  0.393152961182D-03  0.329274043225D-03  0.256883173957D-03
 -0.122707865083D-02 -0.136625018590D-01 -0.143511613470D-01 -0.149931575820D-01
 -0.170809327278D-01 -0.137975880346D-01 -0.145043058211D-01 -0.147503549056D-01
  0.730323566539D+00 -0.990573801440D-02 -0.398315925493D-04  0.249477416382D-02
 -0.105373605162D-01 -0.254800996956D-02 -0.128281616555D-02 -0.106109491486D-01
 -0.270007783550D-02 -0.977195386513D-03 -0.991927449512D-02 -0.375323041841D-04
  0.247411119403D-02 -0.105957371522D-01 -0.274035164724D-02 -0.817735762126D-04
 -0.105541823199D-01 -0.251010260326D-02 -0.388358441439D-03 -0.981618964501D-02
 -0.100663121483D-01  0.944603051649D-03  0.154939644662D-03  0.102661396573D-01
 -0.487453657198D-03 -0.982232058230D-02 -0.100719130489D-01  0.102447871694D-02
  0.156449693680D-03  0.103089923205D-01 -0.487577376283D-03 -0.147348470118D-01
 -0.149238286285D-01 -0.146542148898D-01 -0.150635620352D-01 -0.147126930252D-01
 -0.149101805999D-01 -0.147614734372D-01 -0.150731836126D-01  0.330144647890D+00
 -0.127599640875D-04  0.179397757803D-04 -0.701930400563D-04 -0.205227890327D-04
  0.742803056926D-04 -0.114041233364D-02  0.178246628079D-04  0.191458260681D-03
 -0.114194193470D-02 -0.191076337826D-04  0.184022201621D-04 -0.110517552982D-03
 -0.120072979071D-05  0.950983837125D-04  0.760583222382D-03 -0.221489558280D-05
  0.170155358917D-03  0.761926813091D-03 -0.521061157955D-04 -0.535039036096D-05
 -0.100948456814D-03 -0.208257924714D-04 -0.494802308722D-03  0.812439362750D-04
 -0.538407780432D-04 -0.712221428775D-05  0.627228655438D-04 -0.204104879319D-04
 -0.403743993114D-03  0.811832430295D-04 -0.740744703669D-04  0.942943709802D-05
  0.936924672948D-04 -0.984795766647D-04  0.161932151218D-04  0.983304083902D-04
 -0.912008604761D-04 -0.100936661123D-03  0.285496650712D-04  0.390740090141D+00
 -0.827179792585D-03  0.243968246520D-03 -0.561374665766D-03 -0.110270738985D-02
  0.577490371486D-03 -0.106195707490D-02 -0.659281544487D-03  0.169868745690D-02
 -0.100092372452D-02 -0.829397244585D-03  0.244903667156D-03 -0.692765650131D-03
 -0.775220458460D-03  0.137025941320D-02  0.520973278710D-02 -0.989762807648D-03
  0.905272081919D-03  0.514909189012D-02 -0.158971725963D-02 -0.461447538777D-03
 -0.347245223299D-03 -0.588207545039D-03 -0.339552674836D-02  0.211858980274D-02
 -0.157664081828D-02 -0.450911806631D-03  0.180376289777D-03 -0.586836329843D-03
 -0.309442088036D-02  0.211931065316D-02 -0.169070541092D-02 -0.732480592211D-03
 -0.597223237911D-03 -0.196957417341D-02 -0.133597422350D-02 -0.370467157314D-03
 -0.114920371965D-02 -0.197259781325D-02 -0.549134203303D-03  0.231419443198D-03
  0.408685062087D+00  0.286955182405D-02  0.477378293233D-04 -0.290403878394D-03
  0.287354928456D-02  0.227887184378D-03  0.112847955674D-03  0.294989078234D-02
  0.405866152218D-03  0.367284075611D-04  0.287111648562D-02  0.472161976514D-04
 -0.302131983859D-03  0.293605649337D-02  0.376140591134D-03  0.593291780179D-03
  0.288807286851D-02  0.258190308565D-03  0.669911547755D-03  0.275608795388D-02
  0.296774215354D-02 -0.190670164893D-03 -0.109809632730D-03 -0.103012867707D-02
  0.394466374897D-03  0.275829099686D-02  0.296942321117D-02 -0.143485477673D-03
 -0.110233816715D-03 -0.100299087473D-02  0.394702328214D-03  0.405158386866D-02
  0.423926258483D-02  0.454003936744D-02  0.478290957414D-02  0.408529451785D-02
  0.427702057092D-02  0.449418010438D-02  0.478669041804D-02  0.457512334977D-02
  0.165514307369D-04  0.538197039665D-03  0.373792201936D+00  0.980456287314D-04
 -0.167212098118D-03  0.688485210684D-03  0.161506063430D-03 -0.734888327116D-03
  0.107146831349D-01 -0.197209915452D-03 -0.183269123659D-02  0.107315611499D-01
  0.157653193461D-03 -0.171566345144D-03  0.106721841262D-02 -0.184000253737D-04
 -0.927523869250D-03 -0.713884794386D-02 -0.105099722269D-04 -0.163548927321D-02
 -0.715395606503D-02  0.466706962155D-03  0.320090264062D-04  0.955885298461D-03
  0.193783648332D-03  0.478701093404D-02 -0.755184400632D-03  0.483008047680D-03
  0.486438099142D-04 -0.581422393019D-03  0.189862570456D-03  0.393172691010D-02
 -0.754601062165D-03  0.648841569045D-03 -0.131224111558D-03 -0.915334732411D-03
  0.911140643489D-03 -0.199143726288D-03 -0.966234763082D-03  0.821377653772D-03
  0.934395479167D-03 -0.307737566830D-03 -0.203897808799D-01 -0.216124933491D-02
 -0.196711748958D-03  0.368989412585D+00  0.320535078678D-02 -0.167524083039D-04
 -0.281804183646D-02  0.393382392865D-02  0.344731956420D-02  0.266409078943D-02
  0.395522044584D-02  0.350811099996D-02  0.244558935112D-02  0.322569467862D-02
 -0.171735839488D-04 -0.276677302073D-02  0.393747885297D-02  0.361038292391D-02
  0.174774553506D-03  0.394810449946D-02  0.334554117431D-02  0.392419203803D-03
  0.297348357080D-02  0.312695464698D-02 -0.669404177383D-03 -0.133412029654D-03
 -0.130771298039D-01  0.346170017655D-03  0.298566905101D-02  0.313901910681D-02
 -0.873114578893D-03 -0.132583686312D-03 -0.131858635901D-01  0.345709587821D-03
  0.580752028376D-02  0.577366173178D-02  0.500652632048D-02  0.325205449494D-02
  0.574245719585D-02  0.570715113872D-02  0.525684910684D-02  0.324555032832D-02
  0.564427394089D-02 -0.782521486140D-04 -0.597487521290D-04 -0.576612514280D-03
  0.782082324015D-03  0.361391001696D+00 -0.143547966190D-05 -0.370225819868D-07
 -0.139617531799D-05 -0.108197546877D-05  0.187916664766D-05  0.918197416305D-05
 -0.114396128075D-05  0.159935469673D-05  0.916440338434D-05 -0.137955456795D-05
 -0.393988474249D-07 -0.114336490824D-05 -0.107807123470D-05  0.218244566802D-05
 -0.265949429817D-05 -0.114779452451D-05  0.129878370304D-05 -0.264149557861D-05
 -0.167746707139D-05 -0.142278539704D-05  0.274628618853D-06 -0.194757259791D-06
 -0.614180908445D-05  0.567547467755D-06 -0.165089734723D-05 -0.139707629135D-05
 -0.751757782716D-06 -0.195789507832D-06 -0.670586343517D-05  0.567869240311D-06
 -0.108620360589D-05 -0.130449128858D-05 -0.260502591624D-05 -0.357373044421D-05
 -0.158832881567D-05 -0.179777250409D-05 -0.141235130048D-05 -0.356685903514D-05
 -0.173247167192D-05 -0.248974562879D-07 -0.227760380190D-05  0.647554812516D-06
  0.392662637516D-05 -0.920551299309D-06  0.356807079031D+00  0.242013989726D-03
 -0.409232170517D-03  0.169319199571D-02  0.395175797266D-03 -0.180907962251D-02
  0.262588014013D-01 -0.483162608625D-03 -0.449778752239D-02  0.263006313430D-01
  0.388093659365D-03 -0.419906873692D-03  0.262125107560D-02 -0.450186528653D-04
 -0.227971431795D-02 -0.174899388950D-01 -0.263043702995D-04 -0.401595739149D-02
 -0.175274241839D-01  0.114465922026D-02  0.815077100394D-04  0.234373296400D-02
  0.473902503993D-03  0.117605553003D-01 -0.184679282713D-02  0.118462155665D-02
  0.122281565354D-03 -0.142335556528D-02  0.464287495575D-03  0.966473287649D-02
 -0.184535904352D-02  0.158832020364D-02 -0.321400477915D-03 -0.224072387346D-02
  0.224077276783D-02 -0.489604474368D-03 -0.236748000037D-02  0.201505405183D-02
  0.229781608940D-02 -0.752539685562D-03 -0.161505192568D-02 -0.529080026918D-02
 -0.476630433623D-03  0.151700660655D-01  0.192509118203D-02  0.100284692856D-04
  0.502301128878D-01  0.250503462376D-02 -0.765189587134D-03 -0.660203171258D-03
  0.403450358667D-02  0.122851241382D-02 -0.116788330778D-01  0.278550553655D-02
 -0.158934582739D-02 -0.120412781724D-01  0.242810477572D-02 -0.761377081568D-03
 -0.712240693907D-03  0.295477446866D-02 -0.166942702041D-02 -0.952113288922D-02
  0.386248115869D-02  0.130326102600D-02 -0.916443631042D-02  0.489033985247D-02
  0.972707328382D-03 -0.481375468311D-03  0.205621738061D-02 -0.291239316819D-02
 -0.741095829940D-02  0.481752784739D-02  0.910010948734D-03 -0.243549919726D-03
  0.205838937362D-02 -0.280788333511D-02 -0.741543071959D-02  0.576691854185D-02
  0.298999634012D-02  0.294150856136D-02  0.379169585423D-02  0.566971328757D-02
  0.283625802312D-02  0.250267674166D-02  0.375573736624D-02  0.215803151733D-02
  0.861283317200D-04 -0.828206199665D-02 -0.149315818063D-02 -0.835572596351D-03
 -0.287634342179D-02 -0.620800422822D-05 -0.206179254234D-02  0.467622429017D-01
 -0.399716467526D-03  0.118883615860D-03 -0.963068709394D-03 -0.346164822136D-03
  0.114686097750D-02 -0.440440824009D-02 -0.917406046518D-04  0.187970638419D-02
 -0.442283674803D-02 -0.422411385386D-03  0.121110628191D-03 -0.114810884410D-02
 -0.199823366033D-03  0.142976594721D-02  0.434262893346D-02 -0.242816331211D-03
  0.159455631209D-02  0.436004179812D-02 -0.779247565214D-03 -0.324017133403D-03
 -0.593247140648D-03 -0.234788593212D-03 -0.547190815157D-02  0.841667897089D-03
 -0.780944655530D-03 -0.326395065233D-03  0.157419894209D-03 -0.232395435045D-03
 -0.505154802839D-02  0.841429815445D-03 -0.640306886043D-03 -0.112834244403D-03
  0.341727100012D-04 -0.158411192234D-02 -0.201604543117D-03  0.320528611062D-03
 -0.800272866120D-03 -0.159769343870D-02 -0.959498012781D-04  0.324682583583D-03
  0.150066331514D-02  0.310912630370D-03 -0.303958700498D-02 -0.899956727479D-03
 -0.232844170826D-05 -0.744506194484D-02  0.241745164201D-02  0.103834771127D-01
$end
