$coord
   -1.33588556068694      0.08660684219964      0.01206798761613      o
    0.50195588677705      0.13551253122007      0.00253089698169      h
   -2.03461269594132     -2.48294104823779      0.00305054710179      c
   -4.08733320500167     -2.57606667080817      0.01108404501325      h
   -1.36703911895133     -3.48588647820850     -1.67759208746991      h
   -1.35319466971755     -3.50132393822642      1.66877892824027      h
$redundant
     number_of_atoms             6
     degrees_of_freedom         12
     internal_coordinates       12
     frozen_coordinates          0
# definitions of redundant internals
   1 k  1.0000000000000 stre    1    2           val=   1.83852
   2 k  1.0000000000000 bend    3    2    1      val= 106.73531
   3 k  1.0000000000000 tors    4    3    1    2 val=  60.07090
        1.0000000000000 tors    6    3    1    2
        1.0000000000000 tors    5    3    1    2
   4 k  1.0000000000000 stre    3    4           val=   2.05485
   5 k  1.0000000000000 stre    3    6           val=   2.06787
   6 k  1.0000000000000 stre    3    5           val=   2.06788
   7 k  0.3967277817066 bend    6    4    3      val=   1.38592
        0.3967219071822 bend    5    4    3
        0.4624242039034 bend    5    6    3
       -0.4078069101498 bend    1    4    3
       -0.3905626017181 bend    1    6    3
       -0.3905598922079 bend    1    5    3
   8 k  0.3746508660611 bend    6    4    3      val=   2.10133
        0.3639395150465 bend    5    4    3
       -0.6410869150064 bend    5    6    3
        0.4493615977239 bend    1    4    3
       -0.2356296016466 bend    1    6    3
       -0.2423740305267 bend    1    5    3
   9 k -0.6009360987208 bend    6    4    3      val=   0.02202
        0.6076169848922 bend    5    4    3
       -0.0058048054057 bend    5    6    3
        0.0039176002753 bend    1    4    3
       -0.3692563941570 bend    1    6    3
        0.3650727008983 bend    1    5    3
  10 k  0.2383707539477 bend    6    4    3      val=   1.59687
        0.2373559664538 bend    5    4    3
       -0.4505704132741 bend    5    6    3
       -0.6818367570960 bend    1    4    3
        0.3302198847616 bend    1    6    3
        0.3314834775883 bend    1    5    3
  11 k  0.3669621054462 bend    6    4    3      val=  -0.00035
       -0.3673972624247 bend    5    4    3
        0.0004203201178 bend    5    6    3
        0.0008419446675 bend    1    4    3
       -0.6047068315155 bend    1    6    3
        0.6038930593309 bend    1    5    3
  12 k  1.0000000000000 stre    1    3           val=   2.66287
        12 non zero eigenvalues  of BmBt
           1           3.582001512    1    0
         1
           2           3.537777306    2    0
         2
           3           3.258417911    3    0
         3
           4           2.456060422    4    0
         4
           5           2.147326508    5    0
         5
           6           1.241196513    6    0
         6
           7           0.849649125    7    0
         7
           8           0.689153789    8    0
         8
           9           0.687721237    9    0
         9
          10           0.461351553   10    0
        10
          11           0.433602711   11    0
        11
          12           0.257439264   12    0
        12
$user-defined bonds
$frag
 atom   1 fragment  1 symmetry  c1
 atom   2 fragment  1
 atom   3 fragment  1
 atom   4 fragment  1
 atom   5 fragment  1
 atom   6 fragment  1
   iteration     4
$end
