$hessapprox internal
  0.413430284272D+00 -0.299502576660D-02  0.412125694142D+00  0.314930789778D-03
 -0.406416185391D-03  0.335989715402D+00 -0.226689375247D-02 -0.210897524330D-03
  0.620904838731D-03  0.329191531325D+00  0.134050367354D-02  0.547362458401D-03
 -0.562409379248D-03  0.336724505081D-02  0.315302753289D+00 -0.452859471084D-02
 -0.194311960287D-02  0.879647594696D-03  0.872197607136D-03  0.113933845224D-02
  0.325882824377D+00 -0.397857337747D-02 -0.333487899434D-02 -0.809989308873D-04
 -0.856788573004D-03  0.875691518800D-03 -0.281807607855D-02  0.413801071421D+00
 -0.341276470995D-02 -0.316117275137D-02 -0.116715993803D-03 -0.732385026795D-03
  0.783713543178D-03 -0.331626541423D-02 -0.354836570609D-02  0.409611271569D+00
  0.112308944337D-02  0.482925238233D-03 -0.180787394020D-03  0.378813124455D-03
 -0.614347443368D-03  0.361987866226D-02  0.918120263779D-03  0.891945641677D-03
  0.335365601533D+00  0.678599907724D-03  0.108666597622D-02 -0.785696544771D-03
  0.205068314068D-02 -0.927972056323D-03 -0.148442610071D-02  0.769979305284D-03
  0.747152943774D-03  0.346156967113D-04  0.337114479617D+00 -0.379936132938D-03
 -0.199676518154D-03  0.168463101799D-04  0.807374833367D-03 -0.259279233991D-03
  0.572854244177D-05 -0.157215504989D-03 -0.275501156035D-03  0.318945558116D-04
 -0.766642947162D-04  0.317321123687D+00 -0.901948854970D-03 -0.633430955236D-03
  0.311673141416D-03  0.171863684882D-02  0.275899683483D-03 -0.822302664501D-02
 -0.124774909121D-02 -0.133425115076D-02  0.210737544445D-02 -0.250314636963D-03
 -0.406448550115D-03  0.331482003939D+00 -0.369877438562D-02 -0.334909555113D-02
 -0.139834652164D-03 -0.599212792526D-03  0.723275045102D-03 -0.295932242461D-02
 -0.377859420968D-02 -0.352259683967D-02  0.864757895429D-03  0.611042668958D-03
 -0.212521615061D-03 -0.126322259317D-02  0.413258056298D+00 -0.373456020356D-02
 -0.322338155405D-02 -0.274432485999D-04 -0.961392793160D-03  0.866826057371D-03
 -0.276303320867D-02 -0.362181761703D-02 -0.334154269829D-02  0.789945366373D-03
  0.781729509239D-03 -0.228244905238D-03 -0.112225277697D-02 -0.360896920471D-02
  0.411906797415D+00 -0.429181566455D-03 -0.224518940425D-03  0.292742256804D-03
 -0.103128033270D-02  0.612120260953D-03 -0.139321328803D-02 -0.527494229757D-03
 -0.337110012615D-03  0.426363391186D-03 -0.127216252592D-03 -0.220912652689D-04
 -0.637390487570D-03 -0.310934278707D-03 -0.368868655923D-03  0.336906942147D+00
 -0.138566620577D-02 -0.619679499993D-03  0.711137401237D-03  0.338302600434D-03
  0.636317093592D-03 -0.301198236709D-02 -0.715848390717D-03 -0.114312736148D-02
  0.127829292226D-02 -0.713649197339D-03  0.140633254275D-03 -0.340458609281D-02
 -0.780936377533D-03 -0.814830923855D-03 -0.680121645690D-03  0.336285712288D+00
  0.819291990520D-03  0.535642588399D-03 -0.931199428421D-04  0.399577162088D-03
 -0.441531032648D-03  0.912827715282D-03  0.610913622626D-03  0.637270781787D-03
 -0.310457016859D-03 -0.376040536100D-03 -0.147437090391D-04  0.612809940485D-03
  0.574010966750D-03  0.644276834095D-03  0.123006449620D-03  0.432946530153D-03
  0.317404794759D+00  0.985208147440D-03  0.825049958305D-03 -0.139519950051D-03
  0.417616844464D-03 -0.694844903982D-03  0.546240129056D-02  0.139823244103D-02
  0.109351487631D-02 -0.146500456617D-02  0.156756839564D-04  0.296172780970D-03
  0.255429972266D-02  0.117808518840D-02  0.110860027963D-02  0.228061524507D-03
  0.249362648507D-02 -0.371074254951D-03  0.336090553013D+00 -0.387401593921D-02
 -0.323060806358D-02 -0.730176205733D-04  0.440959127064D-03  0.382627033674D-03
 -0.273807111820D-02 -0.350725981940D-02 -0.346431443345D-02  0.816488917714D-03
  0.646052918747D-03 -0.247540760919D-03 -0.171210187049D-02 -0.366387577309D-02
 -0.348001864240D-02 -0.489861945977D-03 -0.588412783235D-03  0.615811899836D-03
  0.163830169111D-02  0.414595149428D+00 -0.346294274341D-02 -0.308566302935D-02
 -0.228940524958D-03  0.411286885080D-04  0.622867061652D-03 -0.440965362953D-02
 -0.355017132452D-02 -0.337661559043D-02  0.117136265601D-02  0.444074724827D-03
 -0.229569610174D-03 -0.244693599789D-02 -0.353458905126D-02 -0.331480902778D-02
 -0.482317473865D-03 -0.132887123359D-02  0.636882672370D-03  0.190224982604D-02
 -0.341133282615D-02  0.395880472178D+00 -0.457226627044D-03  0.119440776008D-03
  0.537176811616D-05  0.226957347311D-02 -0.959649317979D-03 -0.201839911455D-02
 -0.255554431746D-03 -0.198039914768D-03  0.350208445157D-03 -0.753073006426D-03
 -0.274776692033D-03 -0.144941144671D-02 -0.215592232197D-03 -0.113322145094D-03
  0.719870303691D-04 -0.555307328392D-03 -0.204589450527D-03  0.508124856253D-03
 -0.651512288069D-03 -0.485715140907D-03  0.336267098925D+00 -0.194878574952D-02
 -0.416315626641D-03  0.542801973398D-03 -0.572508598759D-02  0.235512950612D-02
  0.308614047279D-02 -0.623928887363D-03 -0.325746489317D-03 -0.565338401027D-03
  0.190897982765D-02  0.374807467938D-03  0.291210418001D-02 -0.621395708172D-03
 -0.770444647617D-03 -0.570084219382D-03  0.882744764599D-03  0.383965644729D-03
 -0.100030724878D-02  0.125215852213D-03  0.483746253672D-03  0.186175752273D-02
  0.332539599087D+00  0.663362339280D-03  0.334997410273D-03  0.240471411246D-04
 -0.320303469978D-02  0.111610179319D-02  0.249657482532D-02  0.524972399436D-03
  0.708893865288D-03 -0.565799346447D-03  0.945500434855D-03  0.284451260183D-03
  0.240358241853D-02  0.577872087242D-03  0.500741299236D-03 -0.284979279674D-04
  0.529959903231D-03  0.559266907239D-04 -0.121931056449D-02  0.989977495878D-03
  0.977108499993D-03  0.149550923779D-02 -0.248223134352D-02  0.314074285079D+00
 -0.163727098763D-02 -0.726151294364D-04  0.361313973411D-03  0.294973884278D-02
 -0.171368919497D-03 -0.740060989190D-02 -0.669428093934D-03 -0.116273848193D-02
  0.218148558615D-02 -0.630731512415D-03 -0.111445399133D-03 -0.587384575450D-02
 -0.841848305998D-03 -0.718608705089D-03 -0.856761582643D-03 -0.254599813716D-02
  0.302001370988D-03  0.351346655486D-02 -0.943388606998D-03 -0.199102407325D-02
 -0.190865478494D-02  0.381390130000D-02  0.244918641914D-02  0.331862994521D+00
 -0.377677486451D-02 -0.331356361659D-02 -0.732427290764D-04  0.204016530780D-03
  0.456119621451D-03 -0.251516990726D-02 -0.354747759173D-02 -0.347386903586D-02
  0.726283087507D-03  0.712501145690D-03 -0.273526689018D-03 -0.143232193308D-02
 -0.368441976620D-02 -0.352949129609D-02 -0.421132471499D-03 -0.572509210006D-03
  0.645946531918D-03  0.139943792237D-02 -0.352961213158D-02 -0.341459520061D-02
 -0.554036195099D-03 -0.100239368720D-03  0.893265589168D-03 -0.787293446886D-03
  0.414280715661D+00 -0.378702499872D-02 -0.334573705145D-02 -0.168094311855D-03
 -0.134040935261D-02  0.112256468058D-02 -0.396519539464D-02 -0.395651640398D-02
 -0.366402272992D-02  0.113600986482D-02  0.563188214793D-03 -0.161913186620D-03
 -0.170518735126D-02 -0.385862276425D-02 -0.368682563711D-02 -0.582639297888D-03
 -0.987768428094D-03  0.728676807141D-03  0.183174800373D-02 -0.359039896604D-02
 -0.361712461660D-02 -0.210264612676D-03 -0.763313858059D-03  0.453259402751D-03
 -0.126886918996D-02 -0.358566967083D-02  0.395291316403D+00 -0.562565509633D-03
 -0.315037662931D-03  0.330900822289D-04  0.143954875436D-02 -0.526899106784D-03
 -0.146995614449D-02 -0.626985726627D-03 -0.592286150305D-03  0.201098207470D-03
 -0.267275449122D-03 -0.259861592311D-03 -0.836400399008D-03 -0.543700190963D-03
 -0.615831409121D-03  0.110785303898D-03 -0.385746750259D-03 -0.363416540605D-04
  0.255600814710D-03 -0.103845653588D-02 -0.680884851590D-03 -0.858602555724D-03
  0.641070312087D-03  0.102912675285D-02 -0.116335914222D-02 -0.954332146871D-03
 -0.503702260662D-03  0.336546995116D+00 -0.306111038605D-02 -0.124516615687D-02
  0.256287101831D-03 -0.375148717701D-02  0.185173856404D-02 -0.189538990324D-02
 -0.204893848651D-02 -0.155577925276D-02  0.676024535335D-03  0.102297677229D-02
 -0.441196990453D-04  0.683186357903D-04 -0.196254486864D-02 -0.180912367763D-02
 -0.751220190749D-03 -0.801580277653D-03  0.490644043412D-03  0.485869048911D-03
 -0.153550205477D-02 -0.138662823884D-02  0.256618437599D-03 -0.225995275007D-02
 -0.459902337219D-03  0.104595559482D-03 -0.146993674517D-02 -0.227401043574D-02
 -0.273989792782D-03  0.335515110640D+00 -0.595767185481D-03 -0.364355545495D-03
  0.186950143362D-03 -0.244574115727D-02  0.114993897389D-02  0.487221305228D-03
 -0.413190730712D-03 -0.286107061682D-03  0.555595528107D-04  0.691021253523D-03
  0.172894239601D-03  0.709111306720D-03 -0.375141426484D-03 -0.380597588069D-03
 -0.266565194759D-03 -0.848814123690D-04  0.218813074049D-03 -0.149127393269D-03
 -0.203058050336D-04 -0.131794511431D-03  0.941237650913D-03 -0.162976390697D-02
 -0.104157861168D-02  0.926991866331D-03 -0.691553044608D-04 -0.551186107910D-03
  0.512865448008D-03 -0.556153395431D-03  0.315034301344D+00 -0.920575412376D-03
 -0.102597002604D-03 -0.697777146408D-03  0.233401429931D-02 -0.982926343211D-03
 -0.476085481954D-02 -0.843940475672D-03 -0.859887803117D-03  0.136146761212D-02
 -0.172813857291D-02 -0.930992922740D-04 -0.282838997964D-02 -0.869741839732D-03
 -0.469058149380D-03 -0.510220493509D-03 -0.675756906391D-03 -0.202329307561D-03
  0.223748943702D-02 -0.637633155278D-03 -0.148664506391D-02 -0.219171595169D-02
  0.324109909471D-02  0.192161260559D-02 -0.328829846162D-02 -0.338731840111D-03
 -0.116336086694D-02 -0.864737976234D-03 -0.213385437869D-03  0.117337414166D-02
  0.331512963168D+00 -0.365543514300D-02 -0.319697697065D-02  0.139911520550D-03
 -0.167017366704D-02  0.119964513006D-02 -0.150230329563D-02 -0.341889760276D-02
 -0.316554531780D-02  0.484132210263D-03  0.144859897088D-02 -0.116032498341D-03
 -0.359779593350D-03 -0.344391650520D-02 -0.333888080643D-02 -0.414983621228D-03
 -0.698549588128D-03  0.632892821624D-03  0.685744923546D-03 -0.320307871629D-02
 -0.300332260028D-02  0.618502590113D-03 -0.146902299436D-02 -0.995839555177D-04
  0.314193278134D-03 -0.338525538713D-02 -0.362886790487D-02 -0.381740471179D-03
 -0.181055220142D-02 -0.698755277056D-03  0.868502134763D-03  0.418362278894D+00
 -0.336332031184D-02 -0.307298346220D-02 -0.134776017542D-03 -0.995453674476D-04
  0.533622787504D-03 -0.320813613471D-02 -0.341785188372D-02 -0.322297993161D-02
  0.946679197560D-03  0.505850893865D-03 -0.212681182907D-03 -0.159067087103D-02
 -0.339699425425D-02 -0.324081271665D-02 -0.315823499344D-03 -0.954773776875D-03
  0.526910783305D-03  0.130682444774D-02 -0.333266455064D-02 -0.335089004524D-02
 -0.333963235529D-03  0.100250104194D-03  0.776940773746D-03 -0.124940711296D-02
 -0.335266060417D-02 -0.352946035403D-02 -0.538228633104D-03 -0.152129171093D-02
 -0.216673225508D-03 -0.119330480894D-02 -0.295184309910D-02  0.413151552378D+00
  0.614631112338D-03  0.250563841312D-03 -0.592245954273D-04 -0.157650828275D-02
  0.437878399587D-03 -0.717404960151D-03 -0.536053241490D-04  0.302560664397D-03
  0.148728490134D-03 -0.458701394795D-03  0.141617502704D-04  0.514345349067D-03
  0.235609386732D-03  0.191811661840D-03  0.348064968028D-04 -0.249609860823D-03
 -0.289857900114D-04 -0.462756682988D-03  0.771626976632D-04  0.385085238177D-04
  0.620923817731D-04 -0.102410829392D-02 -0.289051099256D-03 -0.172711573023D-03
  0.226215425799D-03 -0.114085568825D-03  0.411829833868D-03 -0.102136985038D-02
 -0.354243475054D-03 -0.136871909368D-02  0.113315643718D-03  0.236843784969D-03
  0.337046678301D+00 -0.667576711750D-04 -0.399261691368D-03  0.396099785883D-03
 -0.136419297999D-02  0.805549733887D-03  0.359279596862D-02  0.255112016157D-03
  0.225276793389D-03 -0.119745815042D-02  0.271875800310D-02  0.589145966235D-04
  0.230349814176D-02  0.187122578296D-03 -0.828051640754D-04  0.441368776786D-03
 -0.202247224622D-03  0.634105827160D-04 -0.207017721983D-02 -0.280657607302D-04
  0.700189804138D-03  0.246801403015D-02 -0.200238885594D-02 -0.151414401260D-02
  0.287509899428D-02 -0.468544072978D-03  0.146014586036D-03  0.680630131559D-03
  0.107055348457D-02 -0.752097844765D-03  0.550226543769D-02 -0.383109879343D-03
  0.515609040798D-03  0.102591317147D-02  0.334381285543D+00 -0.709006850784D-04
  0.116851811319D-04  0.247879499593D-03  0.109431168877D-03 -0.101081673153D-04
  0.122939215766D-02  0.142576600527D-03  0.234281279402D-04 -0.378129413666D-03
  0.174511234245D-03  0.114295567917D-04  0.379141075201D-03  0.892514317000D-04
 -0.616213256897D-05  0.729098779981D-04  0.379635084415D-03 -0.329028451034D-05
 -0.272258554466D-03  0.514942599833D-04  0.179616551260D-03  0.203452584871D-03
 -0.374388553218D-03 -0.210476486548D-03  0.531476931819D-03 -0.239494687409D-04
  0.204997174551D-03 -0.950768856645D-04  0.334595975982D-03  0.921194967899D-05
  0.140522883484D-02 -0.240695264843D-03  0.150884714768D-03  0.236663736926D-03
 -0.130992270948D-02  0.317863126810D+00 -0.120807210678D-02 -0.117269208943D-02
 -0.679802016183D-04  0.145864481343D-02 -0.429239009503D-03  0.651988545996D-04
 -0.106871349353D-02 -0.124651710998D-02  0.609185689986D-04 -0.698659737573D-03
 -0.169880498871D-03 -0.967474376604D-03 -0.119045518619D-02 -0.104572508384D-02
 -0.701471459232D-04  0.542074105595D-03  0.181364704138D-03  0.930016031519D-03
 -0.105783180113D-02 -0.835725671034D-03 -0.680517654030D-03  0.957818498911D-03
  0.492454850840D-03 -0.395045311940D-03 -0.101356794019D-02 -0.500432609526D-03
 -0.509604377907D-03  0.713471943217D-03  0.526967894665D-03  0.279615690727D-03
 -0.122401055955D-02 -0.128696265547D-02 -0.137807947844D-03 -0.989339298721D-03
  0.242793713477D-03  0.338565054279D+00 -0.393970681294D-02 -0.325294436130D-02
 -0.900797858378D-04  0.301055430011D-03  0.394180480546D-03 -0.396217475479D-02
 -0.374780157905D-02 -0.353738654979D-02  0.124200377426D-02 -0.131711683152D-04
 -0.265158709557D-03 -0.230850768426D-02 -0.376496493307D-02 -0.350075612101D-02
 -0.506404853394D-03 -0.988562520353D-03  0.539494520589D-03  0.183450578850D-02
 -0.363280900973D-02 -0.378112996463D-02 -0.960357074401D-03  0.629614660065D-03
  0.127693327036D-02 -0.192719055337D-02 -0.358143599010D-02 -0.395491750056D-02
 -0.989694565739D-03 -0.171455971812D-02  0.851439242672D-04 -0.228541173511D-02
 -0.295317920684D-02 -0.356418767842D-02 -0.978458431613D-04  0.156035665529D-02
  0.423550842112D-03 -0.119822102344D-02  0.412390535217D+00 -0.354281881330D-02
 -0.322204169046D-02 -0.180393268963D-03 -0.220519240998D-02  0.123281046754D-02
 -0.228933619837D-02 -0.371716637811D-02 -0.330950842808D-02  0.652814330363D-03
  0.102025578869D-02 -0.144075506595D-03 -0.126752269312D-03 -0.359493977339D-02
 -0.354917452803D-02 -0.310168003488D-03 -0.513712593151D-03  0.656744303877D-03
  0.728009100482D-03 -0.341921090392D-02 -0.322338792547D-02  0.253068225834D-03
 -0.199280807129D-02 -0.585588391804D-04  0.115533042435D-03 -0.345624774328D-02
 -0.382073211381D-02 -0.281529594219D-03 -0.258336434915D-02 -0.824232644834D-03
 -0.326154722497D-03 -0.373089839616D-02 -0.311565115541D-02  0.210296718904D-03
 -0.642063723255D-03 -0.189181182682D-04 -0.105159590502D-02 -0.338047805594D-02
  0.407785264969D+00  0.397915781899D-03  0.449849765932D-04  0.183856593116D-03
 -0.134468990936D-03  0.100339201435D-03  0.179132036552D-02  0.333639811453D-03
  0.196666878718D-03 -0.639879608273D-03  0.719839707246D-03 -0.326699897042D-04
  0.997531201750D-03  0.308150138307D-03  0.150302794454D-04  0.271483030444D-03
  0.380085369962D-03  0.687354463098D-04 -0.870329907547D-03  0.318080041759D-04
  0.465212128465D-03  0.460367832302D-03 -0.120042748706D-02 -0.412557280026D-03
  0.117755284266D-02 -0.524302014524D-04  0.502252247737D-03  0.944721358585D-04
  0.737644386849D-04 -0.285100585106D-03  0.249862047647D-02 -0.738103909021D-03
  0.449936253360D-03  0.865564086442D-03 -0.310128551846D-02 -0.826044251183D-03
 -0.410967787051D-04  0.841661454891D-03  0.174462276815D-03  0.334483372744D+00
 -0.804506824712D-03  0.226969181587D-03 -0.661483678334D-03  0.807131104548D-03
  0.122788494972D-03 -0.484485743772D-02 -0.519966183033D-03 -0.379872510923D-03
  0.977867349834D-03  0.908522880002D-03 -0.228818459255D-03 -0.195727123888D-02
 -0.563636612188D-03 -0.345222691983D-03 -0.483957333782D-03 -0.222838197280D-02
  0.659260140921D-04  0.914669457902D-03 -0.565227651552D-03 -0.885921464188D-03
 -0.948432628907D-03  0.189705125552D-02  0.128413153853D-02 -0.258962483847D-02
 -0.333929479073D-03 -0.725058932699D-03 -0.284897601925D-03  0.896438237388D-03
  0.577367496304D-03 -0.228417135009D-02 -0.227862470171D-04 -0.748741954719D-03
 -0.410136969981D-03  0.244861589257D-02  0.348167066042D-03 -0.110324417160D-04
 -0.137944152824D-02  0.472662444345D-04  0.127054251284D-02  0.336868992797D+00
  0.431571341099D-03  0.218588244922D-03  0.164763252368D-03 -0.832075525634D-03
  0.236576454508D-03  0.598822733998D-03  0.188063885279D-03  0.318134761449D-03
 -0.147039441933D-03 -0.291630038648D-03  0.523970320061D-04  0.435024600208D-03
  0.273234017758D-03  0.312109913808D-03 -0.637171698460D-04  0.163886322189D-03
 -0.148895627236D-04 -0.224910525921D-03  0.354829177990D-03  0.349144786102D-03
  0.235370962807D-03 -0.538839716346D-03 -0.393532148690D-03  0.302353427969D-03
  0.370491097006D-03  0.267206251319D-03  0.206975890227D-03 -0.155414074590D-03
 -0.189060406852D-03  0.907296518681D-04  0.240284603040D-03  0.295977833402D-03
 -0.254731584021D-03  0.124762274879D-03  0.664568688414D-04  0.350973377356D-03
  0.313737319327D-03  0.163357765506D-03 -0.236745756328D-04 -0.259874578387D-03
  0.316531967357D+00  0.217280623568D-02  0.174949696029D-02 -0.230188230919D-03
 -0.264502909713D-02  0.658649257855D-03  0.184707080697D-02  0.166625253100D-02
  0.184121022007D-02 -0.693948326463D-03  0.111532707927D-02  0.329183348441D-03
  0.276937397425D-02  0.178365849556D-02  0.162119170523D-02 -0.319657008524D-04
  0.471935406063D-03 -0.199739370131D-03 -0.120353833477D-02  0.208446287450D-02
  0.197937463294D-02  0.109143778516D-02 -0.222497888994D-02 -0.150324223343D-02
  0.222570204059D-02  0.199501713036D-02  0.155212430574D-02  0.988164087879D-03
 -0.848328911806D-03 -0.943466947807D-03  0.900722807705D-03  0.113820675704D-02
  0.194355244439D-02 -0.287387016431D-03 -0.777793508771D-03 -0.285111117247D-03
  0.216606026311D-04  0.205112966168D-02  0.135899996331D-02 -0.149649691954D-04
  0.124532145214D-02 -0.555732418816D-03  0.334615253881D+00 -0.276804075927D-02
 -0.335101808808D-02 -0.414569488835D-03  0.386203807375D-02 -0.871637620964D-03
 -0.235198253150D-02 -0.301457702724D-02 -0.319234244383D-02  0.568122261523D-03
  0.531971879281D-03 -0.395331902620D-03 -0.260860857741D-02 -0.330549558678D-02
 -0.287343562563D-02 -0.218922886027D-03 -0.100773170183D-02  0.361453087312D-03
  0.168641013821D-02 -0.326305676394D-02 -0.319088198442D-02 -0.690161642502D-03
  0.324264252956D-02  0.169408292285D-02 -0.158085746003D-02 -0.341627033684D-02
 -0.279641979322D-02 -0.943718624805D-03  0.101190361168D-02  0.772076187161D-03
 -0.588726947602D-03 -0.206049275035D-02 -0.338736599396D-02  0.256166970387D-03
  0.100421649370D-02  0.127995581821D-03 -0.148290874906D-02 -0.359842527403D-02
 -0.255789807843D-02 -0.172703184320D-03 -0.649551812941D-03  0.581266703506D-03
  0.282351708089D-02  0.405337730171D+00  0.852472657818D-03  0.247751519941D-03
  0.496889873672D-04  0.161065566984D-02 -0.607954492363D-03 -0.182296601819D-03
  0.444835103221D-03  0.361702122189D-03  0.684385286669D-04 -0.587645939215D-03
 -0.911929089602D-04 -0.808576339999D-03  0.403167511471D-03  0.566723332642D-03
 -0.260092778055D-04 -0.223262683901D-03 -0.899503021499D-04  0.357848889061D-03
  0.385180833092D-03  0.446616060700D-03 -0.324695917790D-03  0.170854635190D-02
  0.482263616852D-03 -0.767027976262D-03  0.419519274745D-03  0.818662655972D-03
  0.967686403770D-05  0.103355494536D-02  0.358232919712D-03 -0.305756110830D-03
  0.794074635534D-03  0.161155849756D-03 -0.385073779331D-05  0.496773177106D-03
 -0.495037107388D-05  0.239831980445D-03  0.885564642525D-04  0.685460376146D-03
  0.231193818009D-03 -0.535568752582D-03  0.846897045855D-04  0.318754085397D-03
 -0.393106760757D-03  0.333881830039D+00  0.135668771869D-02  0.372691864523D-03
 -0.329495930239D-04  0.174615648630D-02 -0.822137382938D-03  0.213355563280D-02
  0.934848301610D-03  0.964053727236D-03 -0.832827152283D-03  0.208470230520D-03
 -0.166960013933D-03  0.632067707437D-03  0.829257563774D-03  0.993513543866D-03
  0.394290771729D-03 -0.726649269163D-04 -0.234158282423D-03 -0.118306331506D-02
  0.619312146453D-03  0.965149015395D-03  0.453556624614D-03  0.122057634481D-02
  0.907597561888D-04  0.654273285777D-03  0.525083017798D-03  0.118155397136D-02
  0.110616015040D-03  0.214099996178D-02  0.426953497430D-03  0.130492801066D-02
  0.105350590435D-02  0.734540553468D-03  0.424032607301D-03 -0.141613225438D-03
 -0.352029793612D-03 -0.619989104546D-03  0.102635329945D-02  0.113870087298D-02
 -0.903965101467D-03  0.829954167773D-03 -0.235661756862D-04  0.202212951910D-03
 -0.543087017607D-03 -0.744837041234D-03  0.332541117238D+00 -0.621949017582D-02
 -0.389309526091D-02  0.116207390344D-02 -0.105022440244D-01  0.474691011135D-02
 -0.613580469665D-02 -0.601264854127D-02 -0.469471145644D-02  0.224737249054D-02
  0.893841147174D-03  0.135751277434D-03 -0.425041459755D-04 -0.551700146359D-02
 -0.525297388413D-02 -0.184648519320D-02 -0.151443579683D-02  0.151445117048D-02
  0.227210196506D-02 -0.427919470036D-02 -0.463488949475D-02  0.792766579435D-03
 -0.677845548259D-02 -0.146687728075D-02 -0.797338264500D-03 -0.413633934943D-02
 -0.644682826817D-02 -0.208856648515D-04 -0.752193100526D-02 -0.272373111222D-02
 -0.184248475374D-02 -0.553839751518D-02 -0.439751570680D-02 -0.140387746065D-02
  0.732404931251D-03  0.531235728974D-03  0.270177045094D-03 -0.516089136980D-02
 -0.645764761883D-02  0.119101625356D-02 -0.199709513212D-02 -0.195447217202D-03
  0.178270690469D-04  0.588149599567D-03  0.259147714076D-02  0.427524271166D-02
  0.376355317525D+00 -0.311170560826D-02 -0.704315823420D-03 -0.708032547838D-04
 -0.267170101278D-02  0.196377888607D-02 -0.676444642377D-02 -0.186154517880D-02
 -0.171275616200D-02  0.199235419923D-02  0.138769615294D-02  0.106372485614D-03
 -0.282299293241D-02 -0.176269128060D-02 -0.171461062789D-02 -0.104172275036D-02
 -0.262616488151D-02  0.515522371272D-03  0.211720051319D-02 -0.141690327204D-02
 -0.205716387776D-02 -0.141188405155D-03 -0.391449480394D-03  0.318464055634D-03
 -0.278521808817D-02 -0.130128411586D-02 -0.255549421040D-02  0.990258330872D-06
 -0.168385714582D-02 -0.480201320277D-03 -0.224748203339D-02 -0.113153419033D-02
 -0.170826873713D-02 -0.106985061931D-02  0.300005591664D-02  0.610604156064D-03
  0.304006209585D-03 -0.227995420937D-02 -0.202421103214D-02  0.126861477543D-02
  0.375994702848D-04 -0.166966202918D-03  0.247738451769D-03  0.849816714835D-03
  0.868143422699D-03  0.276132098819D-02 -0.823702387619D-02  0.330537166433D+00
  0.774555934991D-04 -0.428476936217D-04 -0.187894783620D-03  0.103854530370D-02
 -0.681477976969D-03  0.165014067214D-03 -0.334331107047D-03 -0.273224126467D-03
 -0.336406953051D-03 -0.190823031805D-03 -0.192277656554D-03  0.743617764137D-03
 -0.262062731814D-03 -0.325030511728D-03  0.172046989020D-03  0.483740699419D-03
 -0.175884273225D-03 -0.279837225209D-03 -0.517981213428D-03  0.321215122771D-05
 -0.730075525956D-03  0.190455530809D-03  0.509237206833D-03  0.149973001400D-03
 -0.457247234352D-03  0.136790726467D-03 -0.373246828134D-03 -0.758558639359D-04
  0.424796719994D-03 -0.255410675037D-03 -0.217476331614D-03 -0.270550524378D-03
  0.188117895707D-03  0.107634319457D-03 -0.156456639750D-03  0.187762125484D-03
 -0.589477352257D-03 -0.252285007474D-03 -0.735862476777D-06  0.310524363794D-03
  0.204079951501D-03  0.381075566331D-03 -0.108509992726D-03  0.612871343193D-03
 -0.144185163275D-04  0.464241088167D-03  0.730118541491D-03  0.331709414082D+00
 -0.299257333262D-02 -0.307401722829D-02 -0.737718425997D-04  0.566510310260D-03
  0.143225629349D-03 -0.266513403598D-02 -0.332243372661D-02 -0.314337025916D-02
  0.695705213045D-03  0.394980043901D-04 -0.322349194695D-03 -0.148496003921D-02
 -0.331753325268D-02 -0.318683685906D-02 -0.189419287819D-03 -0.607859996915D-03
  0.524097921378D-03  0.107948606723D-02 -0.343152155974D-02 -0.330696427807D-02
 -0.730633888150D-03  0.109231620768D-03  0.106124153398D-02 -0.124719837525D-02
 -0.340857269563D-02 -0.330662183155D-02 -0.840236472729D-03 -0.146727439454D-02
  0.313675377159D-04 -0.118527648939D-02 -0.300740442334D-02 -0.310531274351D-02
  0.455021707789D-03  0.617639935426D-04  0.912395473998D-04 -0.138190678620D-02
 -0.349686587716D-02 -0.283138382414D-02  0.345998915325D-03 -0.959458402791D-03
  0.340945093009D-03  0.220134865868D-02 -0.393827713439D-02 -0.215811121075D-04
  0.253515806331D-03 -0.309630797402D-02 -0.152100797531D-02 -0.487530878705D-03
  0.411644140958D+00 -0.381469298035D-02 -0.337969624283D-02  0.398848928087D-04
 -0.105061741332D-02  0.108175499472D-02 -0.310362930326D-02 -0.385737516903D-02
 -0.366445884429D-02  0.769817793533D-03  0.135362669720D-02 -0.263056039753D-03
 -0.984706283486D-03 -0.373061042068D-02 -0.389041645936D-02 -0.233657970242D-03
 -0.983969390436D-03  0.741924692015D-03  0.940450215859D-03 -0.392718513847D-02
 -0.352651950245D-02  0.220793959728D-04 -0.159258443282D-02  0.403355344198D-03
 -0.667615995623D-03 -0.399421264536D-02 -0.381234382248D-02 -0.454304568854D-03
 -0.230670584247D-02 -0.608029018595D-03  0.485380112258D-03 -0.406367081452D-02
 -0.338854641903D-02  0.820428949933D-03 -0.145235211224D-02 -0.306886551219D-03
 -0.132608751154D-02 -0.361271189899D-02 -0.369022658908D-02 -0.239855555620D-03
  0.115576645191D-03  0.381181656651D-03  0.210123636679D-02 -0.342566655156D-02
  0.593925725254D-03  0.692077639013D-03 -0.549044677281D-02 -0.170364108331D-02
 -0.517335012252D-04 -0.323073002016D-02  0.406845837168D+00  0.152434946842D-02
  0.654366288575D-03 -0.418700829599D-03  0.555633792906D-02 -0.217670299763D-02
 -0.432658631664D-03  0.119468981685D-02  0.859270237705D-03 -0.331548654287D-03
 -0.307191815285D-03 -0.422903258446D-03 -0.169385774816D-02  0.939272049214D-03
  0.109123982899D-02  0.524201807368D-03 -0.797576933068D-03 -0.360339327241D-03
 -0.251820591626D-03  0.295197127605D-03  0.603117495989D-03 -0.106333981042D-02
  0.427556084039D-02  0.189389595257D-02 -0.173731136777D-02  0.323938393121D-03
  0.157823447464D-02 -0.614194563633D-03  0.346152709382D-02  0.157117431721D-02
 -0.214132188013D-03  0.165724060959D-02  0.456515587105D-03  0.894396411825D-03
  0.854743057738D-03 -0.319231487027D-03 -0.928171883277D-03  0.400151718702D-03
  0.194641964820D-02 -0.297753419743D-03  0.413885689019D-03  0.303041879592D-03
  0.180097874843D-02 -0.202195376059D-02 -0.117352702993D-02 -0.170908494335D-02
  0.719459892615D-02  0.333002604275D-02 -0.303505540357D-04 -0.355181983186D-03
  0.102186149441D-02  0.337667189604D+00 -0.129028784849D-02  0.577706286466D-03
  0.549448724888D-03 -0.617986918519D-02  0.316683735020D-02 -0.149887127933D-02
 -0.452058818288D-03 -0.113983138896D-03  0.609496880946D-04  0.452935277912D-02
  0.335546841581D-03  0.223578661366D-02 -0.263735408191D-03 -0.767276451528D-03
 -0.835814034022D-03 -0.202313523024D-02  0.434416927354D-03 -0.116981945817D-02
 -0.371447998511D-04  0.151993283952D-03  0.237699249464D-02 -0.540114914412D-02
 -0.215962499661D-02  0.190732490042D-02 -0.282288014602D-03 -0.109362268246D-02
  0.114881155680D-02 -0.255567466258D-02 -0.205008775051D-02  0.377914824540D-02
 -0.110370354779D-02  0.357469590426D-03 -0.203182708626D-03 -0.995003581423D-03
 -0.976017395968D-03 -0.943074655706D-03  0.523283073113D-03 -0.130304896038D-02
 -0.147794710095D-02  0.309702032747D-02 -0.786099869634D-03 -0.294180311779D-03
  0.368242296499D-02  0.129986697893D-02  0.195981133356D-02 -0.823077183379D-02
 -0.397783225580D-03  0.117855896749D-02  0.263433476844D-03 -0.955161406306D-03
  0.497583616654D-02  0.340228538333D+00 -0.209525690023D-03 -0.448648582086D-03
  0.278467210537D-03 -0.215701806608D-03  0.151370462355D-03  0.110560078595D-02
 -0.290039780529D-03 -0.421907382913D-03 -0.514641614249D-04 -0.190630092326D-03
  0.113007205132D-03  0.288544368451D-03 -0.197286934394D-03 -0.337731822908D-03
  0.133274537831D-03  0.562241549003D-03 -0.105795363625D-04  0.528992799723D-04
 -0.185293366270D-03 -0.136029362665D-04  0.421171299414D-03 -0.509630522979D-03
 -0.565266717892D-03  0.597177378431D-03 -0.262165743019D-03  0.151411725893D-04
  0.384262671029D-03 -0.210957889631D-03 -0.299239918669D-03  0.113760634733D-02
 -0.458209114449D-03 -0.316889691460D-03  0.200096245817D-03 -0.104047534588D-02
 -0.520709630093D-04  0.520727779194D-03 -0.345528217971D-04 -0.501231090754D-03
 -0.255710503116D-03 -0.396377903515D-03  0.197540810251D-03 -0.573195659241D-03
 -0.180892336349D-03  0.406549577812D-03 -0.348000688654D-03 -0.192432883591D-03
 -0.552755518688D-04  0.414591602850D-03 -0.111417549187D-03 -0.449164506221D-03
  0.384204708432D-04 -0.127224325186D-02  0.317265069905D+00 -0.295955323630D-02
 -0.120896629910D-02 -0.353718661204D-03 -0.448416411914D-02  0.257037399195D-02
 -0.487690926740D-02 -0.191648656293D-02 -0.170556016544D-02  0.191587034897D-02
  0.950367299229D-03  0.457553514602D-03 -0.200402767224D-02 -0.177279434349D-02
 -0.156007549305D-02 -0.112149104827D-02 -0.182093331292D-02  0.524180561336D-03
  0.207595382450D-02 -0.806052404834D-03 -0.200179645816D-02  0.990219901764D-03
 -0.112541541170D-02 -0.104827489201D-02 -0.124432383443D-02 -0.756155985398D-03
 -0.288920051712D-02  0.919529025422D-03 -0.183418246190D-02 -0.109603542391D-02
 -0.240437974140D-02 -0.984089787085D-03 -0.172486875543D-02 -0.208799393275D-02
  0.364082845969D-02  0.130684440394D-02  0.105882639146D-02 -0.192650957984D-02
 -0.261975191669D-02  0.171278267264D-02 -0.547347832956D-03 -0.395699562484D-03
 -0.149901972774D-02  0.152303895898D-02  0.849537492500D-03  0.293333521480D-02
 -0.974157045429D-02 -0.389308628302D-02  0.122561187941D-02 -0.110718189373D-02
 -0.150041798375D-02  0.450147338261D-02 -0.141827518306D-02  0.134125450533D-03
  0.334272878242D+00  0.683520900807D-03  0.246452580222D-02 -0.408563508025D-03
 -0.374985927506D-02  0.179444667153D-02 -0.498759968430D-02  0.166947553179D-02
  0.187330121184D-02  0.803006588518D-03 -0.306854396747D-03 -0.102488752111D-03
 -0.128212848175D-02  0.198533300418D-02  0.109373673498D-02 -0.276744850867D-03
 -0.148965659641D-02  0.813062465924D-03 -0.524418651941D-03  0.139604281049D-02
  0.110255576594D-02 -0.195837751773D-02 -0.511512060794D-03  0.776564087311D-03
 -0.350741790952D-02  0.191192492869D-02  0.224879393782D-02  0.652658888662D-03
 -0.290275677863D-03 -0.303807712542D-03 -0.519690166421D-03 -0.629853831325D-04
  0.132562936911D-02  0.955916859261D-03 -0.583335475438D-02 -0.214781458165D-02
  0.300500266787D-02  0.118776692333D-02  0.174071755845D-02  0.125039129216D-02
  0.109756562478D-02  0.295035191046D-03  0.374238469962D-03  0.230491630774D-02
  0.172201049868D-02 -0.657389009594D-03  0.118350328294D-02 -0.240296113859D-02
  0.894218956047D-03  0.293688194855D-02  0.107830332991D-03  0.199513659929D-02
 -0.336825292617D-02 -0.884499276825D-03 -0.429132997807D-02  0.503680802002D-01
 -0.532224438499D-02 -0.486961677508D-02 -0.508232219451D-03  0.500260354951D-03
  0.268091065765D-03 -0.258530467136D-02 -0.504901063555D-02 -0.487623232087D-02
  0.682867309927D-03  0.688431126022D-03 -0.386758753382D-03 -0.129534162325D-02
 -0.516360228724D-02 -0.509575902997D-02  0.969849534192D-04 -0.378376198981D-03
  0.669081190249D-03  0.848575646239D-03 -0.529986007321D-02 -0.537604174323D-02
 -0.912534996843D-03 -0.140669419269D-03  0.129433790425D-02 -0.932118926694D-03
 -0.529128720986D-02 -0.540519721332D-02 -0.123744815755D-02 -0.143667559485D-02
  0.797092375580D-04 -0.111106664997D-02 -0.545706297180D-02 -0.483465184073D-02
  0.123072623611D-02 -0.169997212425D-02  0.119013394344D-03 -0.228445736943D-02
 -0.499134297570D-02 -0.426085250566D-02  0.312017074698D-03  0.186931036510D-03
  0.400243553276D-03  0.305478108182D-02 -0.719643755939D-02 -0.148003141481D-02
  0.901685217018D-04 -0.530737980967D-02 -0.186387033244D-02 -0.205257245680D-02
 -0.451445759550D-02 -0.525594779653D-02 -0.873759986921D-03 -0.551113821248D-03
 -0.165728406329D-02 -0.108514168635D-02  0.428728463549D-02  0.570336517247D+00
 -0.187346280709D-02  0.119698376737D-02  0.184931961671D-02 -0.115739004317D-01
  0.511278757304D-02  0.142093751694D-02 -0.906049824870D-04  0.575468854830D-03
 -0.203388080749D-03  0.360378214131D-02  0.900146945859D-03  0.321834005035D-02
  0.306346560884D-03 -0.213581583314D-03 -0.167372204495D-02 -0.159322693785D-03
  0.834561391817D-03 -0.249643911177D-03  0.139086797235D-02  0.133195084059D-02
  0.356856732012D-02 -0.102525761039D-01 -0.434809379128D-02  0.423799401197D-02
  0.919161213192D-03 -0.101783871367D-02  0.113249097583D-02 -0.678897450882D-02
 -0.375735612646D-02  0.455637055107D-02 -0.128470547008D-02  0.178574795072D-02
 -0.172408370695D-02 -0.244986958010D-02 -0.873703108968D-03  0.164344668607D-03
  0.200953018910D-02 -0.178033059692D-02 -0.224167754947D-02  0.706582828100D-03
 -0.131559975889D-02 -0.243801984956D-02  0.795514991208D-02  0.220269783680D-02
  0.281508327672D-02 -0.131108895627D-01 -0.405458027501D-02  0.641596876520D-03
  0.210461674760D-02 -0.961239752200D-03  0.760745193395D-02 -0.990078372355D-02
 -0.503736918513D-03 -0.535834528327D-02 -0.586943475902D-02  0.365989261504D-02
  0.347365567842D+00 -0.178660694031D-02  0.199648250038D-02  0.649153873001D-03
 -0.557196139119D-02  0.287174783948D-02 -0.624361003265D-02  0.899629274900D-03
  0.110709067920D-02  0.158163658311D-02 -0.217390382536D-02 -0.297234235619D-03
 -0.287642995436D-02  0.141746815215D-02  0.862156130155D-04 -0.456984532779D-03
 -0.988927246168D-03  0.142506599499D-02  0.290287715215D-03  0.390290668816D-03
  0.607757330646D-03 -0.379410748699D-02 -0.960343779831D-03  0.142618768304D-02
 -0.554921040945D-02  0.122172832537D-02  0.262127912967D-02  0.294138591239D-03
 -0.153527155398D-02 -0.366124163117D-03 -0.538132974217D-03 -0.196551745664D-02
  0.398734965259D-03  0.165542782360D-02 -0.102905678410D-01 -0.302367842913D-02
  0.570388761620D-02  0.964528558377D-04  0.115975140049D-02  0.195312395453D-02
  0.187265291878D-03  0.913025031663D-03  0.244912161961D-03  0.109043550445D-02
  0.290623850878D-02 -0.150516468341D-02  0.809459376762D-03 -0.478973639950D-02
  0.697451244098D-03  0.289535710271D-02 -0.215825577469D-02  0.192822192867D-02
 -0.932069295520D-02 -0.975104317882D-03 -0.603498893711D-02  0.506382198319D-01
  0.405285596881D-02 -0.981114635327D-02  0.788198810273D-01 -0.849984650064D-03
 -0.988618611595D-03 -0.665431078786D-03  0.259832740660D-02 -0.140497819847D-02
 -0.788351790550D-03 -0.124355487220D-02 -0.113735850625D-02 -0.256764319110D-03
  0.304315875067D-03 -0.215824234591D-03  0.138671791588D-03 -0.151003815141D-02
 -0.120279284117D-02 -0.712443784401D-04  0.232369570708D-03 -0.148735320103D-03
  0.214018401497D-03 -0.147189084484D-02 -0.127123287329D-02 -0.971381369455D-03
  0.133934672483D-02  0.134097290219D-02  0.988492009455D-04 -0.157216609893D-02
 -0.133472184480D-02 -0.115451121257D-02 -0.540255821153D-03  0.641642856133D-03
 -0.173832925841D-02 -0.677520285528D-04 -0.114165720407D-02 -0.227797147551D-03
  0.270567096466D-02 -0.908546748965D-04 -0.214359498409D-02 -0.187675869745D-02
 -0.111401243090D-02 -0.142457855877D-03 -0.740055089434D-03  0.165644406146D-03
  0.253174013595D-02 -0.843344150199D-03  0.239962779999D-03  0.415235694699D-03
  0.176807286847D-03  0.646463887739D-03 -0.987299684943D-03 -0.195471742175D-02
 -0.989519720047D-03 -0.548314673499D-03  0.430664022128D-02  0.112738074990D-03
  0.130816947071D-02  0.292011841940D-02 -0.430332071689D-02  0.644513336249D-02
  0.114661788317D-02  0.481392487828D+00  0.216155911769D-03  0.327512443134D-02
  0.100194383596D-02  0.267847922000D-02 -0.150851730402D-02  0.581061727515D-02
  0.340762016971D-02  0.349438690577D-02 -0.209423154603D-02  0.598571785476D-03
 -0.406762798127D-03  0.739744787929D-03  0.325959256599D-02  0.271565203570D-02
  0.117910478847D-02  0.165131684257D-02  0.476610803448D-04 -0.205301860138D-02
  0.233381642949D-02  0.358365387607D-02 -0.156994246207D-04 -0.342711598009D-02
  0.144494201631D-03  0.216978268648D-02  0.210423314973D-02  0.364687450358D-02
 -0.132532701186D-02  0.440833837989D-04  0.300487164533D-03  0.378200018730D-02
 -0.228368298665D-03  0.406051816251D-02  0.261978083085D-02 -0.853635351721D-02
 -0.736573778156D-03 -0.300672181422D-02  0.439355904199D-02  0.511006787913D-02
 -0.205623932681D-02  0.335371839881D-02 -0.732755662173D-03  0.342872703223D-02
 -0.748028941945D-03 -0.640551744955D-02 -0.409690549652D-02  0.600985503700D-02
  0.242371524465D-02 -0.387779697459D-02  0.393827003208D-02  0.222717234763D-02
 -0.682421603467D-02 -0.319336135328D-02 -0.364687869873D-02  0.461803912101D-02
  0.403357675324D-02  0.192922661202D-01  0.327510923317D-02  0.168533620153D-02
 -0.175958473486D-03  0.421181584839D+00 -0.507637221116D-02 -0.250511967375D-02
  0.136170069371D-02 -0.873693339478D-02  0.383944591353D-02  0.270853108348D-02
 -0.332944841349D-02 -0.262551000845D-02 -0.486881091535D-03  0.258934524187D-02
  0.229920176768D-03  0.314012000825D-02 -0.310684313776D-02 -0.364925162118D-02
 -0.556028124644D-03  0.143601911607D-02  0.133149842196D-02 -0.387307827146D-03
 -0.254925997788D-02 -0.201490367182D-02  0.219383920790D-02 -0.102303551568D-01
 -0.291069579485D-02  0.433660254727D-02 -0.285440807661D-02 -0.383386448811D-02
 -0.241822490384D-03 -0.678285735485D-02 -0.305383199061D-02  0.470984326187D-02
 -0.658797920517D-02 -0.140156608197D-02  0.773499972959D-03 -0.869421584572D-02
 -0.816378707826D-03 -0.106171284192D-02 -0.937083895472D-03 -0.376451424029D-02
 -0.201087165105D-02  0.211353783097D-02 -0.645663057670D-03  0.474599747196D-03
 -0.195047963093D-03 -0.616679528722D-03  0.736365081521D-03 -0.117603566859D-01
 -0.410690016437D-02 -0.208984974565D-02 -0.277079648498D-03 -0.449511674135D-02
  0.352394426208D-02 -0.113446020406D-01 -0.256433752179D-02 -0.432606741943D-02
 -0.434200600098D-03  0.632562172332D-02 -0.129206920765D-01 -0.215369252593D-02
 -0.207746439403D-03  0.332915691778D-01  0.362626874459D+00  0.100388456306D-02
  0.611884509704D-03 -0.106142084210D-02 -0.798002611634D-02  0.347754331549D-02
 -0.150279532006D-01 -0.269060505449D-02 -0.107989876126D-02  0.387615465663D-02
 -0.223269049356D-03 -0.356235814453D-03 -0.132619393210D-02 -0.158935017634D-02
 -0.142123769989D-02 -0.190920404600D-02 -0.501402245633D-02  0.806274020720D-03
  0.197039551796D-02 -0.150478912173D-02 -0.140076872399D-02 -0.249484900864D-02
 -0.203638072401D-02  0.838924318586D-03 -0.587464712546D-02 -0.189998040577D-03
 -0.138625913839D-02  0.158375384768D-02 -0.525240343205D-02 -0.144535253652D-02
 -0.871935027905D-02 -0.117538124671D-02 -0.222715046210D-02 -0.189247867995D-02
  0.684568412943D-02  0.121560166439D-02  0.299357410641D-02 -0.493602173265D-02
 -0.133255102831D-02  0.733116729755D-02  0.108537065922D-03 -0.848326105756D-03
  0.993332238859D-03  0.129931683371D-02  0.424815460720D-02  0.334908458630D-02
 -0.120695202548D-01 -0.662375518924D-02  0.517783161455D-02 -0.128133392475D-02
  0.213378608214D-02  0.777907283748D-02  0.728223458860D-03  0.183444927428D-02
 -0.123652526496D-01  0.275731461692D-01 -0.605783218219D-02 -0.129342777601D-01
  0.397114592783D-01 -0.155871682524D-02 -0.228879039142D-01 -0.168670764974D-01
  0.381079301106D+00 -0.737686959722D-02  0.349313960914D-02  0.189945851382D-02
 -0.171511252339D-01  0.758196669948D-02 -0.108839460222D-01 -0.837999359780D-03
  0.198237835318D-02  0.321468172017D-02 -0.406419341770D-03 -0.109605340209D-02
 -0.287252603767D-02  0.691073681680D-03 -0.105468049982D-02  0.815448598534D-04
 -0.365590404064D-02  0.278511721834D-02 -0.145232984602D-02 -0.136168388230D-02
 -0.134114921850D-02 -0.411822736178D-02 -0.172938367400D-01  0.479133812149D-03
 -0.601643031825D-02  0.707350823873D-03 -0.241802065929D-02 -0.199102806463D-02
 -0.113585783220D-01 -0.310458826646D-02 -0.659342844343D-02 -0.127878311451D-01
  0.224669421458D-02  0.539350966115D-02 -0.204434942681D-01  0.881176203049D-03
 -0.154994016537D-02  0.894357844454D-03  0.585635840499D-02  0.794504828113D-02
  0.100948930933D-01 -0.391175238891D-02  0.463095959665D-02 -0.956107125779D-02
 -0.138815620815D-01 -0.141350967256D-02 -0.217212830843D-01 -0.145997401695D-01
 -0.873435367168D-02  0.754573813316D-02  0.213952523973D-02 -0.929514264640D-03
 -0.257707723989D-01 -0.108681923345D-01 -0.174132648639D-01  0.319227458385D-01
  0.602048631895D-01 -0.321104439660D-01  0.455644576445D-01 -0.157042803551D-01
  0.164112550823D+00  0.853926530268D-01 -0.608713842804D-01  0.953065198097D+00
 -0.480913506593D-02 -0.454523324498D-02  0.141926102527D-02  0.406429827480D-02
 -0.561471881856D-03 -0.668114584663D-03 -0.363158867151D-02 -0.467604265330D-02
  0.130572074782D-02 -0.256748035262D-02 -0.335701907753D-04 -0.542328023979D-02
 -0.404531066077D-02 -0.408282589602D-02 -0.429825363914D-03  0.126892092681D-02
  0.734727821754D-03  0.402512024250D-02 -0.403660106104D-02 -0.475842165118D-02
 -0.175001243179D-02  0.227464912501D-02  0.187923762519D-02 -0.261964688828D-02
 -0.420096597555D-02 -0.408569540677D-02 -0.216390517474D-02 -0.174214533849D-02
  0.441613896628D-03 -0.132211412835D-03 -0.418447936135D-02 -0.394587681857D-02
  0.906924054310D-03 -0.354560117548D-02  0.203964490477D-04 -0.692260774603D-03
 -0.365236423883D-02 -0.338365158261D-02 -0.554335807052D-03 -0.501805760343D-02
  0.884420007918D-03  0.195621707192D-02 -0.667408000747D-02 -0.617413680248D-03
 -0.166747926059D-02 -0.744441776414D-03 -0.317255624637D-02 -0.160973404773D-02
 -0.358932868748D-02 -0.507430772689D-02 -0.396009357272D-02 -0.420060194714D-02
  0.982551210113D-03  0.450813621448D-03  0.428567743585D-03 -0.478259911465D-02
  0.441668599263D-02  0.336279746081D-02 -0.355467888732D-02  0.710224440842D-02
  0.391972801057D-02 -0.727425536037D-02  0.180235829814D-01  0.371233782677D+00
 -0.306677843289D-02 -0.322513114351D-02 -0.349657707983D-04  0.238660328588D-02
 -0.180551012357D-03 -0.241929833209D-02 -0.288392898731D-02 -0.325410142160D-02
  0.839961188428D-03  0.474294887186D-03 -0.302930826209D-03 -0.263534248190D-02
 -0.325785713335D-02 -0.309790178458D-02 -0.423829626466D-03 -0.583032967726D-03
  0.682364772734D-03  0.209415440993D-02 -0.314461921517D-02 -0.335096390408D-02
 -0.971697391038D-03  0.174934793906D-02  0.156061935946D-02 -0.153365147825D-02
 -0.323301719317D-02 -0.306576878557D-02 -0.129654247435D-02 -0.416204081660D-03
  0.384022725073D-03  0.361995950673D-04 -0.293953069250D-02 -0.313601820839D-02
  0.624133593574D-03 -0.144166641211D-02 -0.139213635691D-03 -0.117839910491D-02
 -0.311058307657D-02 -0.268514681681D-02 -0.277792154396D-03 -0.812065687784D-03
  0.572723072158D-03  0.256467382965D-02 -0.449083594561D-02 -0.145865973150D-03
 -0.490085234699D-03 -0.648062707234D-03 -0.746967508599D-03 -0.467530281469D-03
 -0.315816094824D-02 -0.377615594654D-02 -0.149383624948D-02  0.709205275989D-03
 -0.280451623400D-03  0.330925566450D-03  0.330584604601D-02 -0.477339352103D-02
  0.400755456921D-02  0.363318598490D-02 -0.105043706298D-02  0.167853447003D-02
 -0.194177520176D-03  0.233048798313D-02  0.543712098357D-02 -0.415315828329D-02
  0.369320081594D+00 -0.123684384420D-02 -0.239098101575D-02 -0.113775963756D-02
  0.313019252927D-02 -0.115760187011D-02  0.349567873342D-02 -0.152207501019D-02
 -0.181373801563D-02 -0.145001799184D-02  0.240594905066D-02 -0.283456608972D-03
  0.192308091600D-02 -0.195659668510D-02 -0.191878291486D-02  0.364933885149D-03
  0.119133699201D-02  0.132604584345D-03 -0.742144093726D-03 -0.191625538494D-02
 -0.974576676364D-03  0.502588431625D-03  0.363997819502D-04  0.885476171406D-04
  0.354455138855D-02 -0.229643982346D-02 -0.107657357581D-02 -0.534945784935D-03
  0.851064855290D-03  0.259423559083D-03  0.324474115232D-02 -0.212551194291D-02
 -0.153827264405D-02  0.556557293757D-03 -0.261809261955D-02 -0.669472094566D-03
 -0.146025785339D-02 -0.120163472005D-02 -0.196798372260D-02 -0.173202648752D-02
  0.296112699846D-02  0.210688705863D-03  0.200259983123D-02 -0.273133304152D-02
  0.100579913909D-03 -0.145574597305D-02  0.223240087314D-02  0.420933141699D-02
 -0.382302302874D-03 -0.245946731086D-02 -0.246932848089D-02 -0.103426585105D-02
  0.347764537990D-02 -0.705277709070D-03  0.395667015846D-02  0.304514843445D-02
 -0.439910748596D-02  0.435795390866D-02  0.208549679510D-02 -0.377900649010D-03
 -0.350453650461D-02 -0.338764669678D-02  0.980134975333D-02  0.521028658718D-03
 -0.554143118928D-02 -0.304862768404D-02  0.367157255597D+00 -0.315388881899D-02
 -0.255578299292D-02 -0.102629384009D-02  0.781506148300D-03 -0.160378588499D-03
  0.275082552354D-03 -0.292560234704D-02 -0.276009533775D-02 -0.366536456465D-03
  0.187808859734D-02 -0.995677384443D-04  0.104157208034D-02 -0.279989105473D-02
 -0.295236854632D-02  0.206762640262D-03  0.469014615160D-03 -0.241100221739D-04
 -0.202787642047D-03 -0.295985652848D-02 -0.202845740657D-02  0.364073083611D-03
 -0.151290364742D-02 -0.161576601504D-03  0.226651839836D-02 -0.317520797022D-02
 -0.267670131579D-02 -0.167602098341D-03 -0.166434534151D-02 -0.352491683004D-03
  0.393820044423D-03 -0.278348496284D-02 -0.238136703951D-02 -0.687819006380D-05
  0.450199174456D-03 -0.965192764933D-04 -0.148854285228D-02 -0.282639003589D-02
 -0.317490047039D-02 -0.160789039792D-03  0.177118019350D-02 -0.687595695501D-04
  0.157012599707D-02 -0.192090397155D-02  0.442080440197D-03  0.447718365840D-03
 -0.533127097346D-02  0.142251500134D-02 -0.499044508171D-03 -0.297891696747D-02
 -0.262022544951D-02  0.153737901564D-02  0.245760390406D-02 -0.211453990629D-03
  0.742523562226D-03  0.391810259085D-03 -0.462130755988D-02  0.112244702928D-02
 -0.230003462797D-02 -0.139409687670D-02  0.132114428554D-02 -0.475874022054D-02
  0.587732681618D-03 -0.284482175613D-02 -0.459785336186D-02 -0.288575805314D-02
 -0.231413249925D-02  0.377426050584D+00 -0.333213106038D-02 -0.318822145707D-02
  0.758164681937D-03 -0.463491077315D-02  0.140302659537D-02  0.673792355201D-02
 -0.328761587930D-02 -0.243245233775D-02 -0.123214480621D-02  0.109208770145D-02
  0.195459198997D-03  0.539078686022D-02 -0.235018188471D-02 -0.320674907825D-02
  0.132341981175D-02  0.241724511770D-02 -0.243161501501D-03 -0.365232204213D-02
 -0.331388922467D-02 -0.128469581418D-02  0.282831678807D-02 -0.775124514963D-02
 -0.307338178061D-02  0.631962819920D-02 -0.365720843132D-02 -0.287781007456D-02
  0.159216002503D-02 -0.534451915540D-02 -0.247846310138D-02  0.294702902504D-02
 -0.393000259730D-02 -0.164057105056D-02  0.144013144081D-02 -0.202060994647D-02
 -0.499851866642D-03 -0.332983619108D-02 -0.164275057747D-02 -0.363744328064D-02
 -0.643980870431D-03  0.520927663520D-03 -0.346998945199D-03 -0.331235715578D-03
 -0.219480159124D-02 -0.136478242335D-04 -0.244105475198D-04 -0.860669599912D-02
  0.247521194417D-03 -0.131803068916D-02 -0.146102251285D-02 -0.271502282878D-02
  0.272341862625D-02 -0.326498002217D-02 -0.101624088800D-02 -0.931421935095D-03
 -0.155439936378D-02 -0.201195772284D-02 -0.406520992540D-02 -0.547961754701D-02
 -0.685891842993D-03  0.322236680331D-02 -0.684288466444D-02 -0.772731468692D-02
  0.700289660963D-02  0.327786253089D-02 -0.209660667050D-02 -0.662509602351D-02
 -0.356684661942D-02  0.404690962726D+00 -0.145810685660D-02  0.645642746307D-03
 -0.183299873652D-03  0.686093852267D-02 -0.137856501871D-02 -0.547333738089D-02
  0.133387261644D-02 -0.596437005011D-03  0.146320902930D-02 -0.333585136618D-03
 -0.748588457413D-05 -0.810870686626D-02 -0.492702745479D-03  0.467577214850D-03
 -0.237514473283D-02 -0.820617073067D-03  0.101728196234D-02  0.683759262326D-02
  0.158189580294D-02 -0.601270746558D-03 -0.352910157780D-02  0.813630724496D-02
  0.344796341731D-02 -0.535288772030D-02  0.147266033836D-02  0.110369724690D-02
 -0.327616559482D-02  0.462163096716D-02  0.253461607021D-02  0.827280525703D-04
  0.107740721552D-02 -0.759059820983D-03 -0.213767894914D-02 -0.186244022333D-02
  0.145443433736D-03  0.422001697292D-02 -0.804312909912D-04  0.682214275193D-03
 -0.960491008904D-03 -0.109223067973D-02  0.719793854809D-03  0.158152248987D-02
  0.786187014736D-03  0.108246935074D-02 -0.102623167070D-02  0.665874830583D-02
 -0.462829004669D-03  0.827214730487D-03 -0.142819295897D-02 -0.180355943608D-02
 -0.387574389845D-02 -0.820153338125D-03  0.119418942168D-02  0.321182628265D-02
  0.268712761923D-02 -0.315498383731D-02  0.421559021323D-02  0.803870992558D-02
  0.108239936481D-03 -0.898942426196D-02  0.186533495124D-02  0.791060414828D-02
 -0.248280137101D-01 -0.182943911641D-02  0.104180246307D-02  0.471447713246D-02
  0.817781298341D-03 -0.528616758282D-02  0.382597627513D+00  0.299006127364D-02
  0.277127830159D-02 -0.436349529996D-03 -0.355287042989D-02  0.160486776542D-02
 -0.574798635960D-02  0.132583441244D-02  0.185424990687D-02  0.513202449633D-03
  0.268897377196D-02  0.184213615524D-04  0.866004669660D-03  0.155750192561D-02
  0.170929850535D-02 -0.110341881070D-02 -0.269832205884D-02  0.454335515970D-03
  0.863645734318D-03  0.217677846212D-02  0.191365862334D-02  0.686364888899D-03
 -0.156826608414D-02 -0.699966596918D-03 -0.139287000824D-02  0.221891537295D-02
  0.193005391814D-02  0.111651898098D-02 -0.927427373702D-03 -0.894415936644D-03
 -0.329797299466D-03  0.186563929675D-02  0.148801834644D-02 -0.972319325269D-03
  0.166606666209D-02  0.208872584944D-03  0.758653103975D-03  0.772032853534D-03
  0.182537945200D-02  0.582399947369D-03  0.151155738299D-02 -0.266569433246D-03
  0.142212567932D-02  0.428623086646D-02  0.852235505276D-03  0.154942648261D-02
  0.175423275469D-04 -0.177700275766D-02  0.288188228312D-02  0.180160211206D-02
  0.245363750016D-02  0.241070547100D-02  0.244723414415D-02 -0.471642324022D-03
 -0.466281300346D-02 -0.457469487076D-02  0.792695515320D-03 -0.120227506616D-02
 -0.969304542039D-02  0.598743325399D-02 -0.162266083377D-02 -0.767476042748D-03
  0.454629955482D-02 -0.297113426285D-01 -0.551495362685D-02  0.189160719690D-02
  0.752906956437D-02  0.421342724771D-02 -0.300136088308D-02  0.331255512685D-02
  0.375905131965D+00 -0.615537663433D-03  0.155329975204D-03 -0.160868354201D-02
  0.137260673944D-01 -0.461511114180D-02 -0.982162784776D-03  0.240780527340D-02
 -0.127998634028D-03  0.222981942638D-03 -0.918536295324D-03 -0.165372386505D-03
 -0.772107156613D-02  0.246251836503D-03  0.115365535637D-02 -0.714904680821D-03
  0.549533958506D-03 -0.293367830944D-04  0.475744289356D-02  0.148330263235D-02
 -0.426513798516D-03 -0.390488768296D-02  0.125474799439D-01  0.464894940580D-02
 -0.386957625587D-02  0.127381361368D-02  0.181764614109D-02 -0.346588209344D-02
  0.879412569732D-02  0.422164408853D-02 -0.107673421083D-03  0.219914752601D-02
 -0.449646259757D-03 -0.919571449507D-03 -0.132003882571D-02 -0.974214897377D-04
  0.238157692649D-02  0.695487286751D-03  0.176361342407D-02 -0.113056293007D-02
  0.368211707914D-03  0.869837837091D-03  0.181700713291D-02 -0.264807340647D-02
 -0.646089353664D-03 -0.297838318007D-02  0.133375809263D-01  0.501263772441D-02
 -0.954920918592D-03 -0.192240230697D-02 -0.995565988094D-03 -0.743744658455D-02
  0.547670281949D-02  0.795966183042D-03  0.930810713442D-02  0.386543573176D-02
 -0.300634250411D-02  0.138491717673D-01  0.976137517498D-02 -0.301728394252D-02
 -0.741554129355D-02  0.804992227882D-02  0.120553536568D-01  0.647631709623D-02
 -0.222127202326D-02 -0.762922550549D-03 -0.140051406457D-03  0.108713610244D-02
 -0.973379925165D-04  0.115728700629D-01 -0.142220054923D-03  0.368277178927D+00
  0.206275068907D-02  0.212746973690D-03  0.142803595114D-02 -0.426276470424D-02
  0.861866388982D-03  0.716226099808D-03  0.328322297841D-03  0.111143405847D-02
 -0.224971910684D-04 -0.142540464131D-02 -0.723778411748D-03  0.233076815080D-02
 -0.219751062146D-03  0.469603311861D-03 -0.651734489759D-03  0.113575171530D-02
  0.146486776933D-02 -0.503152241073D-04  0.282753100203D-03  0.108555943670D-02
 -0.933806041847D-03 -0.435294993348D-02  0.319287373381D-03  0.917561360800D-03
  0.662499702739D-03  0.831003229057D-03 -0.195210459759D-02 -0.375389695642D-02
 -0.527581807283D-03  0.491019829755D-03 -0.458613169504D-03  0.964255133762D-03
  0.247304172576D-03 -0.310648313419D-02  0.365545854626D-04 -0.321962002987D-03
  0.755710618659D-03  0.552160395123D-03 -0.546204260096D-03 -0.110130042662D-02
  0.427373176705D-03  0.175021746005D-02  0.918316233780D-03  0.129904033606D-02
  0.375982876278D-03  0.442707561266D-02 -0.360022334898D-02 -0.315308447669D-03
  0.131506700070D-02 -0.336899637653D-03 -0.415019693125D-03 -0.560851500368D-02
 -0.287579731733D-03 -0.301756351683D-02  0.152035050783D-02  0.273045636394D-02
 -0.504707620633D-02  0.901058610703D-02 -0.415657415116D-03 -0.556242611705D-02
 -0.379569289912D-03 -0.666487736663D-04  0.703748918251D-03  0.399278574852D-02
  0.242545957485D-02 -0.363885717850D-02 -0.828503252527D-02 -0.109105619054D-01
  0.101441423487D-01  0.609233273049D-02  0.520488281048D-02  0.392980832392D-01
  0.442462002120D-02  0.150401386171D-02 -0.324280656184D-02  0.601588842271D-02
 -0.205921922262D-02 -0.903771821281D-03  0.195458528684D-02  0.858133625332D-03
  0.496653034538D-04  0.161902897522D-02  0.256500472724D-03 -0.142203635976D-02
  0.935756207885D-03  0.174518626931D-02 -0.143880315566D-02  0.188028347928D-02
  0.338611382627D-03  0.545163791744D-02  0.304565271561D-02  0.246421840868D-02
 -0.738843255466D-03  0.216396061402D-02  0.300930697431D-03  0.246060137912D-02
  0.295848338752D-02  0.212302153930D-02 -0.151488459176D-02  0.242376830927D-03
  0.452713924016D-03  0.826185665036D-04  0.108393961015D-02  0.139683359906D-02
 -0.280654081515D-02 -0.108679085856D-02  0.136216889388D-02  0.295341218978D-02
  0.141962321567D-02  0.939453653542D-03  0.627009200745D-03  0.285145953996D-02
 -0.408613006759D-03  0.150946893173D-02  0.330399945756D-02  0.724326690572D-03
 -0.688232774676D-03  0.452255667157D-02  0.257776667361D-02  0.232501320774D-02
  0.150390537085D-02  0.340963745199D-02  0.425949297789D-03  0.714935123513D-02
  0.190496846648D-02 -0.617082294485D-03 -0.870008989116D-02  0.212115795211D-02
  0.296415048704D-02 -0.811741914402D-02  0.149701819208D-02  0.314786729939D-03
  0.247010202866D-02  0.662302265082D-02 -0.851005359010D-02 -0.137862883294D-02
  0.189545916692D-02  0.263794967215D-02  0.193349373065D-02 -0.779024878199D-02
  0.212458650681D-01  0.148328958487D-01  0.116768907475D-01  0.609840916342D-02
  0.391489763696D-01  0.227250631386D-02 -0.177686065433D-02 -0.368069499364D-04
 -0.152061908370D-02  0.855818977104D-03 -0.502205738330D-02 -0.146463620830D-02
 -0.412130018886D-03  0.529765118892D-03  0.869148469803D-04 -0.143311032963D-02
 -0.155868692536D-02 -0.180653883347D-02 -0.702726969637D-03 -0.187694932330D-03
 -0.251028534863D-02  0.213020795897D-02  0.133855371043D-02 -0.182729498801D-02
 -0.308929521086D-03  0.990356804225D-04 -0.629132309907D-03  0.146981226965D-02
 -0.287330698531D-02 -0.147165897226D-02 -0.296055156095D-03 -0.210843263660D-02
  0.128730630177D-02  0.560973039796D-03  0.250621489422D-02 -0.214495599711D-02
 -0.104569760075D-02  0.141144129275D-02 -0.464647278439D-02 -0.413445308187D-03
  0.160647914869D-02 -0.384048798480D-03 -0.105810065587D-02 -0.250797489681D-02
  0.177781055655D-02  0.166268825874D-02  0.152445661852D-02 -0.100706774896D-02
  0.193929594430D-02  0.137457221678D-02  0.747137583624D-02 -0.118066540134D-02
  0.155865616597D-02 -0.633022424408D-03 -0.291823267951D-02 -0.401807163336D-03
 -0.295656011351D-02  0.847780863029D-04 -0.302807920525D-03 -0.521687731857D-02
 -0.261687770281D-02 -0.448655330493D-02 -0.310628149883D-02 -0.911781463043D-03
 -0.810239544174D-02 -0.557668142785D-02  0.168948018426D-01 -0.254571469069D-02
 -0.972537437527D-02 -0.405320599508D-02 -0.634698903559D-02 -0.668343206418D-02
 -0.104509619394D-01  0.554198891456D-02  0.114215409381D-01 -0.312665824092D-02
  0.194190591799D-01  0.103242353486D-01  0.332937806448D-01 -0.316099271669D-02
 -0.234971524135D-02 -0.447382419193D-04  0.598761455085D-02 -0.227647350101D-02
  0.264438377525D-02 -0.855768571849D-03 -0.184629276046D-02  0.321945445911D-03
 -0.249107312887D-02  0.357177544722D-03 -0.400974834925D-02 -0.179145276997D-02
 -0.993030834321D-03 -0.314539925902D-03  0.219080174991D-02 -0.232678613685D-03
  0.309011544629D-02 -0.678415667922D-03 -0.229211575193D-02 -0.100127217548D-02
  0.519120438509D-02  0.149082421671D-02 -0.291315562754D-03 -0.109337642863D-02
 -0.224627856044D-02 -0.189098365614D-02  0.118154372531D-02  0.127538666811D-02
 -0.274880479383D-02  0.381545261751D-03 -0.155545509688D-02 -0.144575597200D-02
  0.250827624666D-02  0.101921198004D-02 -0.139594603359D-02 -0.126471976751D-02
 -0.138329938116D-02 -0.984770615775D-04 -0.434957219762D-02  0.203817692794D-03
  0.586615609358D-03 -0.266787546550D-02 -0.162519723744D-02 -0.516564522527D-03
  0.185859517244D-02 -0.303050529965D-03 -0.278675362478D-02 -0.197933814505D-02
 -0.209950381150D-02 -0.358712473706D-02  0.178388003369D-02  0.526668790989D-03
  0.153483396776D-02 -0.577976691775D-02 -0.158021848288D-02  0.113202609083D-01
 -0.587586582064D-02 -0.152823730259D-02  0.136575901036D-01  0.107823740675D-01
 -0.228670036787D-01  0.138232087528D-01  0.660586143116D-02 -0.793083300523D-03
 -0.244947565708D-02 -0.241016710177D-02  0.465015516125D-02  0.281239200860D-02
 -0.638819183982D-02  0.189739051173D-02  0.264386840180D-02 -0.514037370629D-02
 -0.690980888812D-02  0.366986883925D+00 -0.102128122714D-03 -0.130824826551D-02
  0.112238697839D-03  0.324768412792D-02 -0.714142299730D-03  0.238230099861D-03
 -0.271948079720D-03 -0.113062301334D-02 -0.184382926243D-03  0.177006389689D-02
 -0.155009820149D-03 -0.104384297542D-02 -0.872186066575D-03 -0.115563782371D-02
  0.105634437439D-04 -0.197702583325D-04  0.607819574352D-03  0.884168582426D-03
 -0.103419352249D-02 -0.742063315081D-03  0.440976588963D-04  0.847819583724D-03
  0.855277372831D-03  0.391072788605D-03 -0.138235514873D-02 -0.133631334947D-03
 -0.638580465253D-03 -0.162091732742D-03 -0.197413854981D-03  0.369660493634D-02
 -0.155515644102D-02 -0.623284571689D-03  0.184237292919D-02 -0.529203853210D-02
 -0.162573819224D-02 -0.191895669084D-02 -0.139369197666D-03 -0.478168266744D-03
 -0.176644108366D-02  0.352818527226D-03  0.538956183130D-03  0.334803932373D-02
 -0.245190246084D-02  0.878685920876D-03 -0.217009385498D-02  0.526223711591D-02
  0.154917073382D-02  0.494627430798D-03 -0.105988051728D-02 -0.211332936765D-02
 -0.258296960610D-02  0.756651617683D-03 -0.456955118850D-03  0.253223248520D-02
  0.470603883789D-02 -0.492753384420D-02  0.454439775155D-02  0.567500579003D-02
  0.208487985513D-02 -0.870206886039D-02 -0.346833937369D-02  0.171644350746D-01
 -0.104470634450D-01 -0.342149352773D-02 -0.223516347944D-02 -0.364658187470D-02
 -0.117199904611D-02 -0.129969149904D-02 -0.177752998861D-03  0.509174303423D-02
 -0.467392292105D-02  0.295431000287D-02  0.366593319274D-02 -0.888690849596D-02
 -0.247908729530D-03  0.363304518508D+00 -0.933395307330D-03 -0.163231133123D-02
 -0.102566334534D-03  0.582820826585D-02 -0.156444446493D-02  0.171384411624D-02
 -0.165146617251D-03 -0.975348686430D-03 -0.830725043223D-03  0.251306628055D-02
 -0.423699078624D-03 -0.129365365014D-02 -0.878283444680D-03 -0.862367731941D-03
  0.426583053562D-03 -0.487075614720D-03  0.292474949537D-03  0.121065470608D-03
 -0.126537152735D-02 -0.737035339966D-03  0.238715081354D-03  0.311092946433D-02
  0.137885119718D-02  0.511294934497D-03 -0.179661975684D-02 -0.177756026632D-04
 -0.101860503473D-02  0.299398977691D-02  0.955412324149D-03  0.409721961975D-02
 -0.739705841571D-03 -0.894946814885D-03  0.183546887815D-02 -0.348413384130D-02
 -0.113430302136D-02 -0.279294888321D-02 -0.115290774682D-03  0.420773151880D-04
 -0.269899276779D-02  0.180982395900D-02  0.696420810260D-03  0.348991074945D-02
 -0.424191097045D-02 -0.144644965326D-02 -0.230123889654D-02  0.800786899257D-02
  0.425024033400D-02 -0.812276505150D-03 -0.185111021920D-02 -0.258761628151D-02
 -0.459261610912D-02  0.413321029550D-02 -0.171635120705D-02  0.604499227538D-02
 -0.340210539103D-02 -0.283259374884D-02  0.105657710032D-01 -0.843688361214D-02
  0.205610271396D-02 -0.122727714200D-02  0.345941234765D-02  0.752898486937D-02
  0.102705272148D-01 -0.653247686311D-02 -0.429990627835D-02 -0.494635787078D-02
 -0.222382048508D-03 -0.122002972218D-02 -0.191214582451D-02  0.543123748369D-02
 -0.716848007954D-02  0.879405621075D-03  0.435038513068D-02 -0.773890897403D-02
  0.187280627112D-02 -0.710930558820D-02  0.361748896328D+00 -0.366580763346D-02
 -0.271347438372D-02 -0.113584991646D-03  0.272044720250D-02 -0.945158677331D-04
 -0.650410611535D-02 -0.328108447891D-02 -0.305005540259D-02  0.149514468337D-02
  0.469047391718D-03 -0.776890577493D-03 -0.423619018965D-02 -0.305109220675D-02
 -0.313088539645D-02  0.282847474937D-03 -0.276937525723D-02  0.606975634309D-03
  0.137581531117D-02 -0.418213408985D-02 -0.369146701895D-02 -0.160603641562D-02
  0.183339339087D-02  0.257165716036D-02 -0.442779264246D-02 -0.397337138914D-02
 -0.307696050071D-02 -0.117669164357D-02 -0.823720486986D-04  0.785407822405D-03
 -0.219624615263D-02 -0.351110802297D-02 -0.332129051906D-02  0.198385594514D-02
 -0.617303229830D-03  0.133833965734D-03 -0.230737588086D-02 -0.395516966609D-02
 -0.136547901057D-02  0.106533646093D-02  0.529197252219D-03  0.478165147237D-03
  0.411228407010D-02 -0.712689868895D-02 -0.240389636482D-02 -0.209371259640D-03
 -0.149913751834D-02 -0.128468876957D-02 -0.116838955789D-02 -0.316847859309D-02
 -0.309318988190D-02 -0.273389081209D-02  0.188884847808D-02 -0.150423224056D-02
 -0.273629391504D-03  0.768597189525D-03  0.385214565478D-04  0.548551946899D-02
 -0.215433110497D-02 -0.318618139793D-02  0.174276802854D-01  0.107228401121D-01
 -0.362787491821D-02  0.643943758449D-01 -0.727199908650D-02 -0.561460787639D-02
 -0.251766390692D-02 -0.664693646593D-03  0.308619134027D-02 -0.101753233053D-01
  0.237488447140D-03 -0.897952903259D-02 -0.614578868081D-03  0.196468898513D-02
 -0.246243666562D-02 -0.371197083288D-02 -0.620950200676D-02 -0.539423153906D-02
  0.377788211648D+00 -0.435557291383D-02 -0.419392591989D-02  0.876905058684D-03
 -0.529549834455D-02  0.209266259922D-02  0.104285246997D-02 -0.501944824105D-02
 -0.381921212591D-02  0.177241465500D-03  0.437168400122D-03 -0.396457045843D-03
  0.306508705124D-02 -0.383425997218D-02 -0.478818879345D-02  0.130449368551D-02
  0.366237128527D-03  0.439996102004D-03 -0.283476740300D-02 -0.548798697098D-02
 -0.336883932762D-02  0.123408867385D-02 -0.757863374683D-02 -0.144608131769D-02
  0.235072902405D-02 -0.530198652277D-02 -0.435653581663D-02  0.104371596143D-02
 -0.591674010424D-02 -0.216776649728D-02  0.991572734980D-03 -0.653439972663D-02
 -0.333866308585D-02  0.286188107571D-02 -0.386810616536D-02 -0.385036574526D-03
 -0.305031426883D-02 -0.381091109203D-02 -0.401088314634D-02  0.945172891808D-03
  0.980652093435D-03 -0.866408786789D-04  0.136320290295D-02 -0.604447652222D-02
 -0.776698831080D-03 -0.109705359726D-03 -0.998378209914D-02 -0.227124127404D-02
 -0.114802774693D-02 -0.246917572098D-02 -0.377318641949D-02  0.181060129093D-02
 -0.499296858544D-02 -0.152722483369D-02 -0.322857176129D-02  0.669798745759D-02
 -0.300614848819D-03 -0.660874371477D-02  0.712606232709D-02 -0.416079145473D-02
  0.112346431901D-01 -0.158608020255D-02 -0.265892610435D-02  0.550598067514D-01
 -0.126453024611D-03 -0.418517127712D-02 -0.736451880672D-02 -0.503420701053D-02
 -0.202513834757D-02 -0.104780914909D-01 -0.386907336086D-02 -0.415888757530D-02
 -0.788868228476D-02 -0.908300626672D-02 -0.804150928797D-02 -0.162884816880D-02
 -0.349087363370D-02 -0.452059585212D-02  0.492348985309D-02  0.407909473939D+00
  0.404862870126D-02  0.292196426003D-02 -0.253222318765D-02  0.102286209002D-01
 -0.414984620246D-02 -0.479741140890D-02  0.393115815311D-02  0.234593119664D-02
  0.723282905374D-03 -0.158657533798D-02 -0.194278000633D-03 -0.600971694054D-02
  0.182828159018D-02  0.363743662095D-02 -0.219281338467D-02 -0.277780690239D-03
  0.262966980567D-03  0.576678784881D-02  0.446490159853D-02  0.240252691241D-02
 -0.451510658576D-02  0.119985808347D-01  0.427524671479D-02 -0.428633687072D-02
  0.470653323975D-02  0.454523597342D-02 -0.258103063703D-02  0.703889479040D-02
  0.353409132948D-02 -0.401047063045D-02  0.527350525332D-02  0.129925776308D-02
 -0.369980732150D-02  0.323866910488D-02  0.742127087652D-03  0.475408759034D-02
  0.100278104329D-02  0.339728840570D-02  0.177985742957D-02 -0.322279466875D-03
  0.200208421923D-03  0.214972854789D-02  0.311643574681D-02  0.239069588392D-02
 -0.219078993689D-02  0.137380587084D-01  0.330611315337D-02  0.294288702280D-02
 -0.356264955809D-03  0.314353285257D-02 -0.426723484888D-02  0.760560579712D-02
  0.264219292019D-02  0.319950774880D-02  0.248812674839D-01 -0.600214751703D-02
  0.101447167624D-01  0.420354513587D-01  0.170274593024D-03 -0.280530885760D-01
 -0.666612243845D-03  0.245381631171D-01 -0.670117866677D-01 -0.263555681013D-02
  0.452945806085D-02  0.675020378490D-02  0.114977008610D-02 -0.927378229271D-02
  0.270513238651D-01  0.104261650078D-01  0.137392101824D-01  0.100376495150D-01
  0.152056028010D-01  0.124768014998D-01 -0.858058430760D-02  0.101913995481D-01
  0.160583631676D-02 -0.121344471282D-01 -0.133167429307D-01  0.399738579824D+00
  0.518514879421D-02  0.196150518531D-02 -0.573212307308D-03  0.779544881672D-02
 -0.290726623759D-02 -0.267539570760D-02  0.256233077575D-02  0.236410265509D-02
 -0.645279729800D-03  0.104048901484D-02 -0.676956160619D-03 -0.220873839009D-02
  0.212088089856D-02  0.318012246245D-02 -0.163521276512D-03 -0.285186175206D-02
 -0.999577687620D-04  0.117280836433D-02  0.233724873244D-02  0.265118916710D-02
  0.322196391576D-03  0.776350476980D-02  0.194115129592D-02 -0.319318622382D-02
  0.200068733454D-02  0.422196136634D-02  0.173571230618D-03  0.701874378184D-02
  0.217474771484D-02  0.145420881948D-02  0.540313729841D-02  0.125843727790D-02
 -0.273924934737D-03  0.412866476140D-02  0.136090437528D-03 -0.748795343212D-04
  0.118580120047D-02  0.338532130001D-02 -0.197599943520D-02 -0.313261021823D-03
  0.117491042004D-02  0.305249016515D-02  0.124632735251D-02 -0.338624729323D-03
 -0.169718260336D-02  0.158328376320D-01  0.520387047226D-02  0.361653933883D-02
 -0.161914128511D-03  0.216496230823D-02 -0.549405692678D-02  0.113418347069D-01
  0.784367810150D-03  0.521196433916D-02 -0.703078703339D-02 -0.822138271416D-02
  0.166817023234D-01 -0.143316734918D-01  0.723317815139D-02 -0.252607408742D-01
 -0.100595956512D-02  0.140882653787D-01 -0.930417900244D-01 -0.117603099560D-01
 -0.248657960189D-02  0.246512628731D-02  0.451748919156D-02 -0.191917406499D-02
  0.266718066171D-02  0.175820026268D-01 -0.120052826927D-01  0.747597597605D-02
  0.128667296640D-01  0.139890913351D-01 -0.834480966858D-02 -0.198769432974D-02
 -0.564790854800D-02 -0.130051814406D-01 -0.112164569277D-01  0.952567638333D-02
  0.382385226221D+00 -0.432611686274D-02 -0.100990113238D-02 -0.633476177731D-03
 -0.165884497277D-03  0.939656608288D-03  0.989775769016D-03 -0.264877426121D-03
 -0.194456645089D-02  0.241987725476D-03  0.132576652346D-02  0.609216259308D-03
 -0.208115967186D-02 -0.167064407068D-02 -0.185342890761D-02 -0.145312846194D-02
  0.223985199739D-02  0.775570074944D-03  0.305323851936D-02  0.349588528149D-04
 -0.179410882478D-02 -0.173045980379D-02 -0.162562292027D-03  0.234159606858D-03
  0.133080705891D-02 -0.100703589039D-03 -0.185580422863D-02 -0.233689806831D-02
  0.803633880358D-04  0.341399891106D-03  0.255322122700D-02 -0.323967855005D-02
 -0.107361395310D-02 -0.141254740983D-02 -0.648156172319D-02 -0.529520333746D-03
  0.344293399738D-02  0.342071419404D-03 -0.231096819810D-02 -0.119050084387D-02
  0.241793135921D-02 -0.302007720854D-03 -0.172691968156D-02  0.613221762260D-03
  0.135677651819D-02  0.182770238641D-03 -0.491439032107D-02 -0.113510904105D-02
 -0.193031097820D-02 -0.852030272220D-03 -0.339207556850D-02  0.176041332347D-02
 -0.753394246364D-02 -0.280320523436D-03  0.128902628066D-02  0.233614655146D-02
  0.346703648272D-02 -0.954278085575D-02  0.865680543483D-02 -0.405460269539D-02
  0.865777310931D-02 -0.168589500799D-02  0.272109931961D-02  0.459607987339D-01
  0.456505354249D-02  0.238120128416D-02  0.439397274200D-03 -0.232315336462D-02
 -0.600335486541D-02  0.146297621293D-01 -0.669901234602D-02  0.186093184909D-01
  0.106305132961D-02  0.101624556486D-01 -0.857835483946D-02  0.752891135095D-02
 -0.230959446400D-02  0.988619754282D-03  0.267862500062D-02 -0.293305248607D-02
  0.183637121162D-01 -0.889601671178D-02  0.379640658104D+00 -0.497814081019D-02
 -0.634391950958D-03  0.418843564092D-03 -0.685457421259D-02  0.336318744909D-02
 -0.510067495724D-02 -0.225111556930D-02 -0.807952137953D-03  0.924062153937D-03
  0.170827598817D-02 -0.488263720942D-03 -0.102775145036D-02 -0.157309814008D-02
 -0.182908153633D-02  0.252819482918D-03 -0.403548959347D-02  0.492925102211D-03
 -0.206825120049D-02 -0.265348831456D-02 -0.258589202416D-02  0.224774465879D-03
 -0.321772994497D-02  0.303730578485D-03 -0.327507216352D-02 -0.208186839669D-02
 -0.353985383584D-02 -0.218176801848D-03  0.158300608046D-04 -0.435760367527D-03
 -0.114939057993D-02 -0.497993565800D-02 -0.891729558285D-03  0.164330863556D-02
 -0.378519038617D-02 -0.652748025059D-03  0.184022140706D-03 -0.127162837960D-02
 -0.102810196480D-02  0.525422190740D-03  0.583218280221D-02 -0.110730283819D-02
 -0.152540497671D-02 -0.217770238129D-02 -0.292560625403D-02  0.225452877512D-02
 -0.116920934467D-01 -0.199366485255D-02 -0.325326138561D-02 -0.386010608883D-03
 -0.236269583234D-02  0.302310606343D-02 -0.755383142318D-02 -0.361064626187D-02
 -0.185017562441D-02  0.132694445628D-01  0.122999962356D-01 -0.146389636920D-01
  0.148687383767D-01 -0.682285898840D-02  0.515890557989D-01  0.164115813047D-01
 -0.147946712583D-01  0.169389066410D+00 -0.506564225799D-02 -0.220071784130D-02
  0.212541891470D-03  0.551870980515D-03  0.593385421892D-02 -0.158677884472D-01
 -0.113661693506D-01 -0.179516405984D-02 -0.111410483989D-01 -0.154524518952D-01
 -0.772242568128D-02  0.118570915264D-02 -0.942934873873D-02  0.360204936585D-02
  0.204764557530D-01  0.195860438196D-01 -0.211611198047D-01 -0.198143173427D-01
  0.604797317284D-04  0.758356475037D-01 -0.317106451879D-02  0.110202111178D-02
  0.493003432454D-02 -0.506563151241D-02  0.699547695226D-03  0.774329729410D-02
  0.142684749872D-02  0.179097438842D-02 -0.764128134693D-03 -0.157710755988D-02
  0.900246870342D-03  0.351440530804D-02  0.171614997223D-02  0.133741173143D-02
  0.114642056254D-02  0.488421718791D-03 -0.176670697217D-02 -0.585043625192D-02
  0.891522222063D-03  0.168358884982D-03  0.256702015391D-02 -0.192525593813D-02
 -0.186978902519D-02  0.152335592590D-02  0.179782842702D-03 -0.629601610451D-03
  0.147726927961D-02 -0.157573074645D-02 -0.105644689864D-02 -0.519678901350D-03
  0.467810511879D-02  0.181513514982D-02  0.109345118275D-02  0.870891568334D-02
 -0.421465026557D-03 -0.761633495129D-02  0.206829055659D-02  0.138005242441D-02
 -0.169163354817D-02 -0.748867174032D-02 -0.483693198870D-03 -0.232648049163D-02
  0.160939399693D-02 -0.168923763291D-02  0.183184894464D-02 -0.418536504295D-02
 -0.261210656593D-02 -0.446755320768D-02  0.358084841179D-03 -0.105737011090D-03
 -0.138146240298D-02 -0.572310887505D-02 -0.207615919988D-02  0.314767117760D-02
 -0.190810763130D-01 -0.118610262407D-02  0.528190397443D-02 -0.318876944984D-01
  0.364348735530D-02 -0.815912664841D-02 -0.107156749945D-02 -0.406978389952D-01
 -0.575361459055D-01  0.122154677526D-01  0.309450692269D-02  0.205667160356D-02
  0.126537296964D-02  0.145192605739D-01 -0.227427658851D-01 -0.180659692539D-01
 -0.100403023947D-01 -0.586379950567D-02 -0.299311462707D-01 -0.153165062166D-01
  0.237265061550D-01  0.372107425735D-02  0.783715865584D-02 -0.423733755148D-02
  0.304318188237D-02 -0.315790360063D-01 -0.712121541681D-02 -0.112081276944D-01
 -0.470167832944D-02  0.716584933309D-01 -0.649572391168D-03  0.345574187392D-02
  0.111242151642D-02 -0.605783663120D-02  0.190088706937D-02  0.804015378881D-03
  0.248427171004D-02  0.343042950228D-02  0.260864780378D-03  0.675679663645D-03
  0.110175052344D-03  0.237473476375D-02  0.289156628943D-02  0.242955431947D-02
  0.347960611729D-03 -0.744495288528D-03 -0.415466034302D-03 -0.251568457438D-02
  0.206817069432D-02  0.216984404879D-02 -0.551429584429D-04 -0.493804066874D-02
 -0.747844018152D-03  0.883278794278D-03  0.263403089544D-02  0.121636039293D-02
  0.376145323410D-03 -0.388743720721D-02 -0.153081736119D-02 -0.289887625072D-02
 -0.106357737317D-02  0.390156801771D-02  0.127145751944D-02 -0.351809408092D-02
 -0.208600989045D-03 -0.203944750842D-02  0.252325512494D-02  0.398699862576D-02
  0.289330022258D-02  0.457186771743D-02 -0.239290176449D-02 -0.320205006549D-03
  0.430310139635D-03 -0.389825010758D-02  0.128915801025D-03 -0.598491511152D-02
 -0.182226773887D-02 -0.373068012823D-02  0.416266370371D-02  0.382344024938D-02
  0.106835861006D-02 -0.582354845389D-02 -0.391128702188D-02 -0.426388799867D-02
  0.859567699265D-02  0.198721369123D-01 -0.100659949358D-01  0.112816912383D-01
 -0.495736209651D-02  0.543345667403D-01  0.283227568736D-01 -0.241542075471D-01
  0.185917065795D+00  0.812926339631D-02  0.414273961143D-02  0.255882724992D-02
  0.228205804065D-02  0.905906034055D-02 -0.125506003026D-01 -0.117319411593D-01
  0.290963637719D-03  0.247229197573D-02 -0.905279163956D-02 -0.635448416514D-02
  0.829935196947D-02  0.342628271060D-02  0.105839628247D-01  0.255241341147D-01
  0.245326005659D-01 -0.275435667187D-01 -0.292377202588D-01  0.874917020686D-02
  0.659313386181D-01 -0.201874700548D-02  0.901289956434D-01  0.141378183199D-01
 -0.303320907898D-02 -0.135542901875D-01 -0.193761494135D-02 -0.185444883855D-02
 -0.581962584960D-02 -0.408167228872D-02 -0.315584410493D-02 -0.333727995056D-02
  0.774361038362D-02  0.358114199639D-03  0.132051203168D-01 -0.327353141524D-02
 -0.379535322486D-02  0.233849968735D-02  0.233393083012D-03 -0.637048213012D-03
 -0.557282568221D-02 -0.276258629389D-02 -0.555413123190D-02  0.451015193454D-02
 -0.478589236306D-02 -0.266863636085D-02  0.824703327825D-02 -0.240741457114D-02
 -0.866134829762D-02  0.292509558010D-02  0.167800235862D-02 -0.558644460366D-03
 -0.281183227194D-02 -0.401914095996D-02 -0.217378241159D-02 -0.772983013925D-03
  0.385441518398D-02  0.583643302771D-03 -0.111870148162D-02 -0.147645659021D-02
 -0.717272399913D-02  0.899260961978D-04  0.117768979924D-01 -0.554376111441D-03
 -0.232709670652D-02  0.407464631115D-02  0.444500436475D-02  0.750571181395D-02
 -0.923059581341D-02  0.472696716847D-02  0.376766429347D-02  0.326526209166D-03
  0.508810265819D-02  0.151692206532D-01  0.244594147374D-01  0.300445382428D-02
 -0.775019020444D-02  0.371625614664D-02 -0.301245386061D-02 -0.832658904462D-02
 -0.227499194522D-02  0.813320705670D-03  0.164147738144D-01 -0.198817652747D-01
  0.473684760349D-01  0.214474991618D-01 -0.262910253118D-01 -0.407993781076D-02
 -0.254285305355D-02  0.501320555111D-03  0.108666944032D-01 -0.178048052627D-01
  0.312543379270D-01 -0.304943517668D-01 -0.477583281438D-02  0.164531273101D-01
  0.632990844613D-02 -0.493968753685D-01 -0.515282502065D-02  0.111726682398D-01
  0.225278151367D-01  0.212720833466D-01 -0.290143279752D-01  0.419501662415D-01
 -0.465280257203D-01  0.195682843263D-01 -0.276361502067D-01  0.786951368705D-02
  0.163999909802D+00 -0.111979887798D-02 -0.156965611504D-02  0.591995129691D-03
 -0.231495611497D-02  0.106216452563D-02  0.684606762647D-03 -0.183565829895D-02
 -0.143558844602D-02  0.274561836767D-03 -0.675372113970D-04 -0.119389957847D-04
  0.108893167035D-02 -0.168461391233D-02 -0.161423537122D-02 -0.636787775774D-03
  0.406699813770D-03  0.369692445664D-03  0.113090558626D-03 -0.136517398196D-02
 -0.121644965747D-02 -0.244012119532D-03 -0.239163136099D-02 -0.535677000792D-03
  0.115876960871D-02 -0.122202806604D-02 -0.142249345979D-02  0.260069382767D-03
 -0.297008182606D-02 -0.115192393867D-02 -0.622229542395D-03 -0.234257075802D-02
 -0.147192451048D-02 -0.197050876031D-03 -0.113223838151D-02  0.264042036966D-03
 -0.888615487338D-03 -0.195895840028D-02 -0.108804135052D-02  0.157489321552D-02
 -0.394670878181D-03 -0.723494972486D-03  0.143675171053D-02 -0.295404056307D-02
 -0.666736639024D-03 -0.122196603861D-02 -0.346067017746D-02 -0.123531173585D-02
  0.222557795034D-03 -0.109798073758D-02 -0.619045658650D-03  0.182601297112D-03
 -0.156618066440D-02 -0.709929962828D-03 -0.290901762889D-02  0.109201513121D-01
 -0.987223471148D-04 -0.168772265868D-02  0.147868443087D-01 -0.840245615072D-03
  0.427853992484D-02  0.171748177519D-02 -0.266550639000D-02  0.183720724072D-01
  0.164870579482D-02  0.331050437518D-03 -0.940426683237D-03 -0.275413582529D-02
 -0.558846576007D-02  0.533194516718D-02  0.686219783900D-03  0.629227909740D-02
  0.237336574450D-02  0.435956297239D-02  0.278064755597D-02 -0.519528285671D-03
  0.456160829479D-02  0.848375608531D-03  0.150852126479D-03 -0.293388236463D-02
  0.425411181599D-02 -0.424265647913D-02  0.810288925162D-02  0.277187866719D-02
 -0.105214304798D-01  0.588437233934D-02  0.212769169542D-01  0.390426601824D+00
$end
