$coord
    2.23583057069046     -0.67929391178017      2.38008851744736  c
   -0.47841918487073      0.30678204232185      2.38547637532505  c
   -1.89662700500321     -0.54097096119823      0.00000333946917  c
   -0.47842389839226      0.30676381538978     -2.38547899609013  c
    2.23583726227231     -0.67928085970003     -2.38008841969508  c
    3.64687724721266      0.15136591736470      0.00000430900275  c
   -4.50115114824897      0.41110816596953      0.00000236681243  c
   -6.62031862291571      1.24788247543724      0.00000188446733  c
    2.20922835092904     -2.74255717263856      2.46867160745224  h
    3.22169153600582     -0.02148892975038      4.06379712166354  h
   -1.48769692249138     -0.34511189843601      4.05658891152238  h
   -0.47285545256555      2.36963368050693      2.44528642901954  h
   -1.97654657826673     -2.60577512024016      0.00001165013735  h
   -1.48769615025345     -0.34516142415897     -4.05658261342000  h
   -0.47288347821086      2.36961450973926     -2.44531676531588  h
    3.22169487069797     -0.02144921094150     -4.06378867991636  h
    2.20925766602276     -2.74254343917244     -2.46869374482291  h
    3.82355479500248      2.20878595739397      0.00001073440356  h
    5.55766174870440     -0.61627823670626      0.00000463915333  h
   -8.48655616253451      1.96736042331482      0.00000133338435  h
$user-defined bonds
$redundant
     number_of_atoms            20
     degrees_of_freedom         54
     internal_coordinates       54
     frozen_coordinates          0
# definitions of redundant internals
   1 k  1.0000000000000 stre  20    8           val=   2.00012
   2 k  1.0000000000000 stre   8    7           val=   2.27839
   3 k  0.7071067811865 linc  20    3    8   13 val=  -0.90425
        0.7071067811865 linc   8    3    7   13
   4 k  0.7071067811865 linc  20    3    8   13 val=   0.56303
       -0.7071067811865 linc   8    3    7   13
   5 k  0.7071067811865 linp  20    3    8   13 val=  -0.00001
        0.7071067811865 linp   8    3    7   13
   6 k  0.7071067811865 linp  20    3    8   13 val=   0.00001
       -0.7071067811865 linp   8    3    7   13
   7 k  1.0000000000000 stre   3    7           val=   2.77309
   8 k  1.0000000000000 stre   3   13           val=   2.06635
   9 k  0.0000002980662 bend  13    7    3      val=   0.00000
       -0.3954039584508 bend   4    7    3
       -0.5862215874674 bend   4   13    3
        0.3954038258432 bend   2    7    3
        0.5862216087258 bend   2   13    3
  10 k -0.3366380192785 bend  13    7    3      val=   1.00675
       -0.3673423588173 bend   4    7    3
        0.5553352511823 bend   4   13    3
       -0.3673420009272 bend   2    7    3
        0.5553350777178 bend   2   13    3
  11 k  0.8334885943288 bend  13    7    3      val=   1.17318
       -0.3906594958139 bend   4    7    3
       -0.0057868497734 bend   4   13    3
       -0.3906596232828 bend   2    7    3
       -0.0057872757463 bend   2   13    3
  12 k  0.0000000029702 bend  13    7    3      val=   0.00000
        0.5862214787745 bend   4    7    3
       -0.3954037195241 bend   4   13    3
       -0.5862217174188 bend   2    7    3
        0.3954040647700 bend   2   13    3
  13 k  1.0000000000000 stre   1   10           val=   2.05901
  14 k  1.0000000000000 stre   1    9           val=   2.06534
  15 k  0.0066860805261 bend   9   10    1      val=   0.12811
        0.5037768210195 bend   2   10    1
        0.4952517542332 bend   2    9    1
       -0.5077235894236 bend   6   10    1
       -0.4930584829433 bend   6    9    1
  16 k  0.0293135101841 bend   9   10    1      val=   0.52049
       -0.5018164322401 bend   2   10    1
        0.4931266737366 bend   2    9    1
       -0.5030901743404 bend   6   10    1
        0.5010462519430 bend   6    9    1
  17 k  0.9004035445593 bend   9   10    1      val=   0.60363
       -0.2070845362380 bend   2   10    1
       -0.2332504687923 bend   2    9    1
       -0.1982215866260 bend   6   10    1
       -0.2295471045338 bend   6    9    1
  18 k -0.0018010168479 bend   9   10    1      val=   0.22094
       -0.4956476811305 bend   2   10    1
        0.5089699892157 bend   2    9    1
        0.4926765742493 bend   6   10    1
       -0.5025430088978 bend   6    9    1
  19 k  1.0000000000000 stre   2   11           val=   2.05821
  20 k  1.0000000000000 stre   2   12           val=   2.06373
  21 k  0.0330429802619 bend  12   11    2      val=   0.55672
       -0.5093671626973 bend   1   11    2
       -0.4953281907320 bend   1   12    2
        0.5036267392369 bend   3   11    2
        0.4903706210743 bend   3   12    2
  22 k  0.0333767820005 bend  12   11    2      val=   0.67301
       -0.5149627747611 bend   1   11    2
        0.5114159188182 bend   1   12    2
       -0.4895338697035 bend   3   11    2
        0.4821925750424 bend   3   12    2
  23 k  0.8987666906765 bend  12   11    2      val=   0.40423
       -0.1852380522238 bend   1   11    2
       -0.2187888430848 bend   1   12    2
       -0.2183794208220 bend   3   11    2
       -0.2496941537998 bend   3   12    2
  24 k  0.0002966190479 bend  12   11    2      val=  -0.03007
        0.4793424706898 bend   1   11    2
       -0.4928343108081 bend   1   12    2
       -0.5065599893710 bend   3   11    2
        0.5203287682504 bend   3   12    2
  25 k  1.0000000000000 stre   4   14           val=   2.05821
  26 k  1.0000000000000 stre   4   15           val=   2.06373
  27 k  0.0330431069180 bend  15   14    4      val=   0.55673
       -0.5093672992208 bend   5   14    4
       -0.4953280555047 bend   5   15    4
        0.5036266823608 bend   3   14    4
        0.4903706657356 bend   3   15    4
  28 k  0.0333769892522 bend  15   14    4      val=   0.67304
       -0.5149626853874 bend   5   14    4
        0.5114159475885 bend   5   15    4
       -0.4895340344103 bend   3   14    4
        0.4821924584159 bend   3   15    4
  29 k  0.8987665939998 bend  15   14    4      val=   0.40419
       -0.1852379009530 bend   5   14    4
       -0.2187890623541 bend   5   15    4
       -0.2183795239958 bend   3   14    4
       -0.2496943316420 bend   3   15    4
  30 k  0.0002965130171 bend  15   14    4      val=  -0.03007
        0.4793425025888 bend   5   14    4
       -0.4928343263408 bend   5   15    4
       -0.5065598735205 bend   3   14    4
        0.5203288369975 bend   3   15    4
  31 k  1.0000000000000 stre   5   16           val=   2.05901
  32 k  1.0000000000000 stre   5   17           val=   2.06534
  33 k  0.0066854377033 bend  17   16    5      val=   0.12809
        0.5037771045493 bend   4   16    5
        0.4952515704847 bend   4   17    5
       -0.5077234499859 bend   6   16    5
       -0.4930585301174 bend   6   17    5
  34 k  0.0293139582666 bend  17   16    5      val=   0.52051
       -0.5018165808188 bend   4   16    5
        0.4931270166616 bend   4   17    5
       -0.5030901691904 bend   6   16    5
        0.5010457445867 bend   6   17    5
  35 k  0.9004035290833 bend  17   16    5      val=   0.60363
       -0.2070838659212 bend   4   16    5
       -0.2332505407391 bend   4   17    5
       -0.1982217997252 bend   6   16    5
       -0.2295475128334 bend   6   17    5
  36 k -0.0018008230907 bend  17   16    5      val=   0.22094
       -0.4956474484405 bend   4   16    5
        0.5089697120319 bend   4   17    5
        0.4926766677473 bend   6   16    5
       -0.5025434281554 bend   6   17    5
  37 k  1.0000000000000 stre   6   19           val=   2.05922
  38 k  1.0000000000000 stre   6   18           val=   2.06499
  39 k  0.0000004035230 bend  18   19    6      val=   0.00002
       -0.5070851571761 bend   1   19    6
       -0.4928130513942 bend   1   18    6
        0.5070850863026 bend   5   19    6
        0.4928130020572 bend   5   18    6
  40 k  0.0340868876535 bend  18   19    6      val=   0.71038
       -0.5022586526661 bend   1   19    6
        0.4971474630061 bend   1   18    6
       -0.5022583695105 bend   5   19    6
        0.4971471212784 bend   5   18    6
  41 k  0.8995513492317 bend  18   19    6      val=   0.39549
       -0.2013322234198 bend   1   19    6
       -0.2342410129839 bend   1   18    6
       -0.2013326293611 bend   5   19    6
       -0.2342413842581 bend   5   18    6
  42 k  0.0000000005980 bend  18   19    6      val=   0.00001
        0.4928128725387 bend   1   19    6
       -0.5070849629092 bend   1   18    6
       -0.4928131809127 bend   5   19    6
        0.5070852805695 bend   5   18    6
  43 k  1.0000000000000 stre   1    2           val=   2.88782
  44 k  1.0000000000000 stre   2    3           val=   2.90181
  45 k  1.0000000000000 stre   3    4           val=   2.90181
  46 k  1.0000000000000 stre   4    5           val=   2.88782
  47 k  1.0000000000000 stre   5    6           val=   2.88892
  48 k  1.0000000000000 stre   6    1           val=   2.88892
  49 k -0.2886751345948 bend   1    3    2      val=   0.08741
       -0.2886751345948 bend   2    4    3
        0.5773502691896 bend   3    5    4
       -0.2886751345948 bend   4    6    5
       -0.2886751345948 bend   5    1    6
        0.5773502691896 bend   6    2    1
  50 k  0.5000000000000 bend   1    3    2      val=   0.17482
       -0.5000000000000 bend   2    4    3
        0.5000000000000 bend   4    6    5
       -0.5000000000000 bend   5    1    6
  51 k -0.4082482904639 bend   1    3    2      val=   0.02880
        0.4082482904639 bend   2    4    3
       -0.4082482904639 bend   3    5    4
        0.4082482904639 bend   4    6    5
       -0.4082482904639 bend   5    1    6
        0.4082482904639 bend   6    2    1
  52 k -0.2886751345948 tors   2    3    4    5 val=  -0.11801
       -0.2886751345948 tors   3    4    5    6
        0.5773502691896 tors   4    5    6    1
       -0.2886751345948 tors   5    6    1    2
       -0.2886751345948 tors   6    1    2    3
        0.5773502691896 tors   1    2    3    4
  53 k  0.5000000000000 tors   2    3    4    5 val=   0.07805
       -0.5000000000000 tors   3    4    5    6
        0.5000000000000 tors   5    6    1    2
       -0.5000000000000 tors   6    1    2    3
  54 k -0.4082482904639 tors   2    3    4    5 val= -56.04777
        0.4082482904639 tors   3    4    5    6
       -0.4082482904639 tors   4    5    6    1
        0.4082482904639 tors   5    6    1    2
       -0.4082482904639 tors   6    1    2    3
        0.4082482904639 tors   1    2    3    4
        54 non zero eigenvalues  of BmBt
           1           6.155869712    1    0
         1
           2           4.377953298    2    0
         2
           3           4.318053619    3    0
         3
           4           4.236246619    4    0
         4
           5           4.183560440    5    0
         5
           6           3.772837339    6    0
         6
           7           3.527164412    7    0
         7
           8           3.448406005    8    0
         8
           9           3.379598570    9    0
         9
          10           3.110278098   10    0
        10
          11           2.877549044   11    0
        11
          12           2.642308270   12    0
        12
          13           2.627371422   13    0
        13
          14           2.268134933   14    0
        14
          15           2.116911407   15    0
        15
          16           2.075308897   16    0
        16
          17           1.793959006   17    0
        17
          18           1.754298821   18    0
        18
          19           1.732431659   19    0
        19
          20           1.218628676   20    0
        20
          21           1.094594421   21    0
        21
          22           1.010868478   22    0
        22
          23           0.831857997   23    0
        23
          24           0.779187740   24    0
        24
          25           0.770763322   25    0
        25
          26           0.748963233   26    0
        26
          27           0.747238996   27    0
        27
          28           0.721806595   28    0
        28
          29           0.634186584   29    0
        29
          30           0.587590794   30    0
        30
          31           0.530184604   31    0
        31
          32           0.504741762   32    0
        32
          33           0.415112552   33    0
        33
          34           0.401268262   34    0
        34
          35           0.391758986   35    0
        35
          36           0.352786697   36    0
        36
          37           0.336816574   37    0
        37
          38           0.331037665   38    0
        38
          39           0.314622126   39    0
        39
          40           0.294546052   40    0
        40
          41           0.277922451   41    0
        41
          42           0.260242083   42    0
        42
          43           0.254763089   43    0
        43
          44           0.251320091   44    0
        44
          45           0.240004367   45    0
        45
          46           0.230672116   46    0
        46
          47           0.118867043   47    0
        47
          48           0.091572096   48    0
        48
          49           0.085194294   49    0
        49
          50           0.077422198   50    0
        50
          51           0.059522162   51    0
        51
          52           0.050725995   52    0
        52
          53           0.024912683   53    0
        53
          54           0.013675953   54    0
        54
$end
