$hessapprox internal
  0.461341321666D+00 -0.108707171711D-01  0.117373127736D+01  0.574221135503D-02
  0.943072386823D-02  0.165556561218D+00 -0.355519180544D-03 -0.559036420480D-03
  0.540037810971D-02  0.199049311662D+00  0.346369350737D-04  0.397791940234D-04
  0.130516937053D-03 -0.607919641684D-05  0.200028537025D+00 -0.826048999788D-05
 -0.834294079635D-05 -0.500710473826D-04  0.345175024121D-05 -0.842449640321D-05
  0.200002483034D+00 -0.223116238859D-02 -0.322438929404D-02 -0.122256543029D-01
  0.387965231434D-02 -0.773223972087D-04  0.205700233262D-04  0.424534160705D+00
 -0.529610000763D-02 -0.945104430659D-02  0.849606433726D-02 -0.796217452480D-03
  0.336082671638D-04 -0.725527144644D-05 -0.100367934797D-02  0.405972493463D+00
  0.266577948642D-04  0.559541701540D-04 -0.240115492971D-04 -0.158896416302D-05
 -0.110488953428D-04  0.326769166788D-05  0.810670726351D-04  0.272451370690D-04
  0.346124379233D+00  0.929485928238D-03  0.184281534541D-02 -0.323820768540D-01
  0.662293056825D-02 -0.234944317168D-04 -0.225082280344D-05 -0.388911144143D-01
  0.277287725071D-02  0.404436352764D-04  0.295598311280D+00 -0.379592187406D-02
 -0.583850509363D-02  0.276417422091D-01 -0.397561968221D-02 -0.787599690958D-04
  0.322369137767D-04  0.587832670420D-02 -0.649286551161D-02  0.297269179521D-04
  0.232264453847D-01  0.334382716546D+00  0.342984244476D-03  0.370392146591D-03
  0.144129916640D-02 -0.643124006693D-04  0.316488302885D-03 -0.934279866234D-04
 -0.935611965013D-03  0.330511315741D-03 -0.122751473236D-03 -0.316831056224D-03
 -0.899900695791D-03  0.364564257759D+00 -0.499889879437D-02 -0.868923919034D-02
  0.642671801119D-02 -0.143748759714D-03  0.314524700283D-04 -0.708720085721D-05
 -0.701256118617D-02 -0.491398858578D-02  0.333876307327D-04 -0.311868894396D-02
 -0.512518882682D-02  0.292755453872D-03  0.411278365045D+00 -0.527199911293D-02
 -0.939410739956D-02  0.502059501056D-02  0.263039622221D-04  0.498666392939D-04
 -0.129172807212D-04 -0.721290228167D-02 -0.475279453858D-02  0.228077503035D-04
 -0.419596696828D-02 -0.413142788371D-02  0.503036989523D-03 -0.563375533499D-02
  0.406708967745D+00 -0.313618012637D-05 -0.948902377951D-04 -0.899158414804D-03
  0.546057166857D-06 -0.116578966494D-04  0.303796795192D-05  0.153565741911D-02
  0.541290689426D-04  0.232273337326D-05  0.128903417717D-02  0.102427591496D-02
 -0.124931625570D-03  0.402641499576D-03  0.366843752832D-03  0.335461115278D+00
 -0.274124830170D-04  0.175644351846D-03  0.165196709508D-04 -0.759219664521D-04
 -0.142023482307D-03  0.420439777837D-04  0.119616368804D-02 -0.335184804439D-03
  0.577646629563D-04  0.908498622866D-03 -0.218649892124D-03 -0.157691216204D-02
 -0.807878420738D-04 -0.450241034057D-03 -0.697776055992D-04  0.336784332408D+00
 -0.923938806783D-03 -0.162165790627D-02  0.178129065009D-01 -0.344217617857D-02
  0.292428518450D-04 -0.369355412513D-05  0.181549077600D-01 -0.231535271109D-02
 -0.228059978928D-04  0.265743252373D-01 -0.122548746785D-01  0.340512072765D-03
  0.828132562123D-03  0.138870938547D-02 -0.415257263189D-03 -0.755805574217D-03
  0.303330925362D+00 -0.498143922610D-04  0.848538318722D-04  0.915051909051D-02
 -0.141033378417D-02  0.137582116738D-03 -0.378521760091D-04  0.474586193348D-02
 -0.635632243020D-03 -0.549693388513D-04  0.686815245624D-02 -0.807847122454D-02
  0.153147993450D-02 -0.325588548480D-03  0.118629063425D-04 -0.210245097265D-03
 -0.239592130229D-03 -0.474549645875D-02  0.336010216841D+00 -0.512615723826D-02
 -0.895536343756D-02  0.775858725384D-02 -0.442290125648D-03  0.371569654931D-04
 -0.840059632654D-05 -0.507736287304D-02 -0.509751413883D-02  0.287483482557D-04
 -0.724531486873D-03 -0.608655924137D-02  0.360223999971D-03 -0.550653147206D-02
 -0.547530389828D-02  0.316056971092D-03 -0.115275599751D-03 -0.435661100179D-03
 -0.540161754946D-03  0.412306275857D+00 -0.510062865391D-02 -0.908144976790D-02
  0.475084190065D-02  0.376930128628D-04  0.551610682899D-04 -0.145873741985D-04
 -0.676605580489D-02 -0.457665255521D-02  0.202505963256D-04 -0.423117512419D-02
 -0.401785748847D-02  0.563869667929D-03 -0.542341490238D-02 -0.530856269606D-02
  0.293175601962D-03 -0.364517720954D-03  0.130663382202D-02  0.333456859285D-03
 -0.525730342032D-02  0.408426305656D+00 -0.655192570381D-03 -0.116576020640D-02
  0.957709090517D-02 -0.183505191720D-02  0.655755154521D-05  0.762206794238D-06
  0.942419686532D-02 -0.141872330262D-02 -0.894420920333D-05  0.144441946643D-01
 -0.637088376520D-02  0.801058233981D-04  0.338206893655D-03  0.584003777839D-03
 -0.166523049482D-03 -0.373496054715D-03 -0.710900776661D-02 -0.284705746226D-02
 -0.356146381385D-03  0.513867482334D-03  0.331308233869D+00 -0.755888778787D-03
 -0.115125703457D-02  0.128519835355D-01 -0.259372150558D-02 -0.107123767976D-03
  0.351549033768D-04  0.143441288096D-01 -0.229639511329D-02  0.335072070641D-04
  0.222806108815D-01 -0.787083126665D-02 -0.118147156900D-02  0.741534339658D-03
  0.728089349582D-03 -0.211829277258D-03  0.242517995046D-03 -0.105320678501D-01
 -0.515963052036D-02 -0.348347405117D-03  0.550743289937D-03 -0.530811816288D-02
  0.328504162378D+00 -0.424938846440D-03 -0.723161957707D-03  0.979226320327D-02
 -0.188917799634D-02 -0.183702661810D-05  0.328226975814D-05  0.999231123987D-02
 -0.118257490528D-02 -0.472424521271D-05  0.144583815926D-01 -0.678593896099D-02
 -0.122976005833D-04  0.496692999582D-03  0.808583934282D-03 -0.220105878349D-03
 -0.323098298217D-03 -0.736577467775D-02 -0.264329417505D-02 -0.193248560205D-03
  0.766573881502D-03 -0.390446620353D-02 -0.574838949074D-02  0.312904209023D+00
 -0.269181477554D-04  0.289830062532D-03  0.462895709187D-03  0.337492809533D-05
 -0.164555835356D-03  0.492078562531D-04 -0.887018057262D-03 -0.294561398771D-04
  0.664304385587D-04 -0.271389747155D-02 -0.197944657660D-02 -0.182474599842D-02
 -0.762824322507D-03 -0.845712155754D-03  0.185449608643D-04  0.143010914134D-02
  0.508818730414D-04  0.811911106895D-03 -0.582456601733D-03 -0.585149479785D-03
 -0.189229318468D-03 -0.345682374567D-04  0.171067835219D-03  0.337403579723D+00
 -0.514073608645D-02 -0.895727906343D-02  0.765093026382D-02 -0.442599444852D-03
  0.711875966379D-05  0.472019678457D-06 -0.493089015888D-02 -0.511456506852D-02
  0.404715634160D-04 -0.637792553940D-03 -0.601429063961D-02  0.270307872280D-04
 -0.551169975636D-02 -0.550082694878D-02  0.325304784449D-03  0.340399006558D-04
 -0.495271044130D-03 -0.692582113610D-03 -0.550518425160D-02 -0.528916603984D-02
 -0.377873771498D-03 -0.257604080394D-03 -0.206704375230D-03 -0.406551720515D-03
  0.412308790612D+00 -0.506726962653D-02 -0.896877627486D-02  0.449236520592D-02
  0.400183924089D-04 -0.144996147642D-04  0.598438111185D-05 -0.638416554535D-02
 -0.454193877689D-02  0.478385786796D-04 -0.404625199739D-02 -0.381123598991D-02
 -0.209200156617D-03 -0.535906978531D-02 -0.529967368519D-02  0.311435132597D-03
 -0.115681812166D-04  0.118571475447D-02 -0.837738743059D-05 -0.521595291822D-02
 -0.512221438449D-02  0.471796170724D-03  0.776265610527D-03  0.746399644243D-03
 -0.172254828893D-03 -0.517431853818D-02  0.408584777050D+00 -0.759497607416D-03
 -0.134881678035D-02  0.942520694163D-02 -0.181776211345D-02 -0.493328444704D-06
  0.280955886558D-05  0.932949156037D-02 -0.151798824606D-02 -0.679435960688D-05
  0.143538028071D-01 -0.630462479666D-02  0.253099523366D-05  0.228767354449D-03
  0.477001730421D-03 -0.161614587931D-03 -0.346474843943D-03 -0.707555123582D-02
 -0.286621028094D-02 -0.460668633269D-03  0.405714712164D-03 -0.370109406657D-02
 -0.525492113213D-02 -0.388356046613D-02 -0.151124870658D-03 -0.475227856414D-03
  0.379203630664D-03  0.331353563734D+00 -0.338356096885D-03 -0.585136234931D-03
  0.142868798808D-01 -0.267749563547D-02  0.141002702713D-03 -0.379908119846D-04
  0.136995640132D-01 -0.190338589086D-02 -0.617212078713D-04  0.221530022400D-01
 -0.875448256942D-02  0.156918167185D-02  0.110148650787D-02  0.124722818641D-02
 -0.301206994485D-03 -0.978142572179D-03 -0.103242140996D-01 -0.399812308049D-02
  0.574622345750D-04  0.112084135484D-02 -0.528088051036D-02 -0.751721788663D-02
 -0.578798310615D-02 -0.147302468931D-02 -0.112435252967D-03  0.743490619289D-03
 -0.529051429978D-02  0.328735765017D+00 -0.530441820968D-03 -0.928123144019D-03
  0.970013077237D-02 -0.187127878166D-02  0.156873608527D-04 -0.194286946458D-05
  0.980636117842D-02 -0.128321280262D-02 -0.123017034210D-04  0.143259833955D-01
 -0.675953909891D-02  0.182924946117D-03  0.384042937173D-03  0.716033263402D-03
 -0.225866837234D-03 -0.422021499341D-03 -0.729649068158D-02 -0.254001688096D-02
 -0.294601218261D-03  0.676788232102D-03 -0.387086144257D-02 -0.577950025349D-02
 -0.399966836838D-02  0.660813784283D-04 -0.326875937699D-03  0.611530130937D-03
 -0.385248497037D-02 -0.566858686006D-02  0.312966311123D+00  0.260873951261D-03
  0.557324128703D-03  0.186116243981D-02 -0.571239706541D-04  0.156606786048D-03
 -0.456231832534D-04 -0.185463843969D-02  0.244037491672D-03 -0.585415564663D-04
 -0.303229470646D-02 -0.286567909059D-02  0.173773855405D-02 -0.523230436750D-03
 -0.387780400201D-03 -0.109761655750D-03 -0.178324399252D-03  0.393132926054D-03
  0.236451509318D-02 -0.273674795954D-03 -0.667362563790D-04 -0.107412585868D-03
 -0.123717366186D-02  0.155480589948D-03  0.559612325753D-03 -0.436152053258D-03
 -0.439606797394D-03 -0.147123434522D-03  0.114909324063D-03  0.249772525735D-03
  0.337311281763D+00 -0.503409262900D-02 -0.873478878758D-02  0.634951194591D-02
 -0.141216402929D-03  0.115933645429D-04 -0.121958571486D-05 -0.697295836949D-02
 -0.495180562885D-02  0.410091612194D-04 -0.309762134695D-02 -0.508761622610D-02
  0.725418593902D-04 -0.567270892394D-02 -0.568216011128D-02  0.412587481750D-03
  0.161777682975D-04  0.803464305300D-03 -0.427506336542D-03 -0.554826855689D-02
 -0.547531553352D-02  0.331727219991D-03  0.813391907606D-03  0.495174083833D-03
 -0.652191449663D-03 -0.553256740376D-02 -0.536265751319D-02  0.227406929891D-03
  0.100023109366D-02  0.370628675317D-03 -0.635915354773D-03  0.411216159289D+00
 -0.532840632367D-02 -0.944540536665D-02  0.472953862848D-02  0.382166896776D-04
 -0.154952302557D-04  0.637851970483D-05 -0.699565595420D-02 -0.480584710910D-02
  0.482412854882D-04 -0.411682570073D-02 -0.394307404271D-02 -0.221953797185D-03
 -0.567629130686D-02 -0.555925637640D-02  0.391254327357D-03 -0.123707125762D-03
  0.131304184469D-02 -0.304036971338D-03 -0.553284331638D-02 -0.540869650735D-02
  0.564429221737D-03  0.967546719943D-03  0.808585312099D-03 -0.466695634317D-03
 -0.548952760760D-02 -0.523994414594D-02  0.473226797289D-03  0.918994399015D-03
  0.675408029998D-03 -0.744727828925D-03 -0.567923775004D-02  0.406683951864D+00
  0.165233120313D-04 -0.948787804279D-04 -0.701466874414D-03 -0.798149091066D-05
  0.331993067048D-04 -0.102048130754D-04  0.138008202561D-02  0.715609852972D-04
 -0.152225951836D-04  0.124286781556D-02  0.892869790262D-03  0.372710658614D-03
  0.414400306822D-03  0.410218827176D-03 -0.126253206994D-03 -0.295307997227D-03
 -0.367208635479D-03  0.321578510911D-05  0.337930422526D-03  0.345204188331D-03
 -0.154802336616D-03 -0.378072878042D-03 -0.222534962945D-03 -0.243502136383D-03
  0.299884222988D-03  0.253491920766D-03 -0.160513058022D-03 -0.781364988035D-04
 -0.200110034935D-03  0.133507049310D-03  0.393177805492D-03  0.331791080180D-03
  0.335499016330D+00  0.141717353272D-03  0.248158460342D-03  0.135706330269D-02
 -0.132171213407D-03  0.161000910576D-03 -0.474129603560D-04  0.131253498786D-03
 -0.184315778556D-03 -0.606574719010D-04  0.548460737546D-03 -0.112313545941D-02
  0.178471951091D-02  0.185520951277D-04 -0.133512459615D-03 -0.179545762138D-03
 -0.286435712938D-03 -0.418067038352D-03  0.121457208608D-02  0.551414868670D-04
  0.122406805408D-04 -0.289053008512D-03 -0.881324193401D-03 -0.331936899885D-03
 -0.332661235863D-03 -0.114964037230D-03 -0.377383670340D-03 -0.333963268587D-03
  0.528050578627D-03 -0.240727741806D-03  0.147224746431D-02 -0.950999794090D-04
 -0.501608456412D-03  0.720676396041D-04  0.336960626926D+00 -0.955813905352D-03
 -0.165607434493D-02  0.176704233786D-01 -0.343434674991D-02 -0.110470360766D-05
  0.526522444281D-05  0.182307503117D-01 -0.234413188092D-02 -0.110127304398D-04
  0.265871665636D-01 -0.121649725383D-01  0.389323490765D-05  0.800347960466D-03
  0.134010792253D-02 -0.402560049884D-03 -0.603532243458D-03 -0.134542717834D-01
 -0.488942697004D-02 -0.469118440365D-03  0.125244791401D-02 -0.711231796510D-02
 -0.104117093977D-01 -0.735959592826D-02  0.225686559037D-03 -0.496740217528D-03
  0.120575589664D-02 -0.707147069971D-02 -0.104676232519D-01 -0.730908412236D-02
  0.226309259384D-03  0.796791934713D-03  0.133397692637D-02 -0.402245991804D-03
 -0.588241317515D-03  0.303315821573D+00 -0.370017034806D-03 -0.272177110835D-03
  0.788361907797D-02 -0.135650097969D-02 -0.144270271989D-03  0.453567635932D-04
  0.558933294936D-02 -0.945158389986D-03  0.542794584420D-04  0.717501391645D-02
 -0.729374547796D-02 -0.159446098983D-02 -0.599020770404D-03 -0.447401286822D-03
 -0.991938071373D-04  0.116378902803D-02 -0.506329176839D-02 -0.915649160661D-03
 -0.874631371090D-03 -0.179720106153D-03 -0.292645044440D-02 -0.412006704109D-02
 -0.264039134628D-02  0.243844474328D-02 -0.730378651000D-03  0.166705443191D-03
 -0.287632865823D-02 -0.540843631472D-02 -0.271071925399D-02  0.818609994470D-03
 -0.504813679102D-03 -0.117694773808D-03 -0.328872272108D-03 -0.375486774819D-03
 -0.490744566809D-02  0.336058435860D+00 -0.516960156581D-02 -0.900071697035D-02
  0.673115238636D-02 -0.229459124419D-03  0.207576265462D-04 -0.383734995271D-05
 -0.644341353447D-02 -0.511021217254D-02  0.363563172044D-04 -0.228597003496D-02
 -0.532844833964D-02  0.175640422515D-03 -0.570949630652D-02 -0.570409230112D-02
  0.388742057179D-03 -0.548424135776D-04  0.421400209872D-03 -0.523349426565D-03
 -0.562318086678D-02 -0.550289712555D-02  0.131362563148D-03  0.489442936984D-03
  0.278749874186D-03 -0.702520720431D-03 -0.561840322402D-02 -0.541648495766D-02
  0.274731394275D-04  0.754041537679D-03  0.163289623656D-03 -0.580839764862D-03
 -0.573977014305D-02 -0.572297037212D-02  0.384408312919D-03 -0.638716799695D-04
  0.405070138051D-03 -0.692770658711D-03  0.410944394836D+00 -0.528235282228D-02
 -0.942149568016D-02  0.349342065859D-02  0.275388714321D-03  0.168452288823D-04
 -0.358480710330D-05 -0.822434015775D-02 -0.464906025443D-02  0.360135230916D-04
 -0.573217449233D-02 -0.294299765537D-02  0.135929797986D-03 -0.567523485532D-02
 -0.556429696682D-02  0.409564604039D-03 -0.317789894356D-03  0.225994312877D-02
  0.403233735503D-04 -0.545713913005D-02 -0.543160213168D-02  0.107856584558D-02
  0.161120177327D-02  0.130304188217D-02 -0.806982493870D-03 -0.544628489973D-02
 -0.534021244002D-02  0.977365661390D-03  0.184741842667D-02  0.118725501087D-02
 -0.721090397481D-03 -0.569992288912D-02 -0.557567049494D-02  0.401298350052D-03
 -0.351368856531D-03  0.224595851443D-02 -0.911125272542D-04 -0.570623116161D-02
  0.406811134673D+00  0.122210929682D-03  0.209147345953D-03  0.195999710168D-03
 -0.201307636327D-04  0.156849693634D-04 -0.459553282382D-05  0.830537647621D-04
  0.116269618635D-03 -0.546745251960D-05  0.888537023611D-04 -0.934192052570D-04
  0.173320469801D-03  0.126100225563D-03  0.129496444782D-03 -0.916732334818D-05
 -0.698804945919D-04 -0.287012549449D-04  0.618523166523D-04  0.122600383708D-03
  0.132357201467D-03 -0.215307341992D-04 -0.906404105008D-04 -0.235452927996D-04
 -0.855013645101D-04  0.106342897366D-03  0.957741420939D-04 -0.268185282739D-04
  0.473908889503D-04 -0.158106511382D-04  0.894075912265D-04  0.114960627023D-03
  0.939328516488D-04  0.150026672695D-04  0.936159907656D-04 -0.452644804298D-04
 -0.926968346989D-04  0.117079046512D-03  0.113756452065D-03  0.335510255131D+00
 -0.289169323470D-03 -0.307660810560D-03  0.132118270987D-01 -0.248311847721D-02
  0.148302826771D-04 -0.635582609534D-06  0.129827055246D-01 -0.154994726796D-02
 -0.117183864523D-04  0.180846110437D-01 -0.980897471678D-02  0.176062259161D-03
  0.607119511908D-03  0.683173687759D-03 -0.439179437683D-03  0.318675977640D-03
 -0.978126850057D-02 -0.218589198289D-02 -0.190935521234D-03  0.853015762090D-03
 -0.529956497552D-02 -0.774351234496D-02 -0.534652911044D-02  0.128092875215D-02
 -0.226210847256D-03  0.788165536533D-03 -0.527983676668D-02 -0.764065375345D-02
 -0.530920325921D-02  0.145135114676D-02  0.591211399207D-03  0.644095916339D-03
 -0.416579494509D-03  0.483312271427D-03 -0.979124825226D-02 -0.235266311152D-02
  0.304563262002D-03  0.119403636271D-02 -0.171750090638D-04  0.329701146124D+00
 -0.671668001093D-03 -0.122268818840D-02  0.150831507190D-01 -0.300726276680D-02
  0.192842215499D-04 -0.159713175693D-05  0.168227833029D-01 -0.184765351718D-02
 -0.180015332081D-04  0.238661660789D-01 -0.101491788901D-01  0.230013560875D-03
  0.108238482222D-02  0.153696795548D-02 -0.438241940428D-03 -0.663518393943D-03
 -0.119600520075D-01 -0.417827772184D-02 -0.668631875325D-04  0.143332106999D-02
 -0.631198270354D-02 -0.934670404382D-02 -0.655076974802D-02  0.130001932531D-03
 -0.113692596096D-03  0.133923648789D-02 -0.628193675193D-02 -0.920996451473D-02
 -0.649592985516D-02  0.358301531357D-03  0.106594718329D-02  0.148430683452D-02
 -0.405589606269D-03 -0.430411507293D-03 -0.119738015062D-01 -0.439602757229D-02
  0.716173506432D-03  0.231360771587D-02 -0.280371799431D-04 -0.872489372007D-02
  0.306102796108D+00 -0.266953180326D-03 -0.233753033894D-03 -0.133323987429D-02
  0.523585969992D-04 -0.315827266947D-03  0.932664261436D-04  0.998109422381D-03
 -0.256154905245D-03  0.122992754096D-03  0.368165808588D-03  0.850687915826D-03
 -0.350340178620D-02 -0.215806151350D-03 -0.431009244186D-03  0.125125804411D-03
  0.158154347978D-02 -0.361891463628D-03 -0.153746360992D-02 -0.286863894730D-03
 -0.490992933487D-03 -0.936211312169D-04  0.116470425749D-02  0.175309725661D-05
  0.182266161980D-02  0.459005152718D-04  0.281957764793D-03 -0.173170346876D-04
 -0.157918683416D-02 -0.194515076066D-03 -0.173362996053D-02  0.375838082342D-05
  0.292782652925D-03 -0.371878983506D-03 -0.177561774062D-02 -0.259040633838D-04
  0.158230475912D-02 -0.100918508356D-03 -0.633855744289D-04 -0.171781921182D-03
 -0.186200289051D-03 -0.246931900447D-03  0.338981314027D+00 -0.193368251917D-02
 -0.347240606451D-02  0.736508642658D-02 -0.865728244203D-03  0.270000789043D-03
 -0.777366987089D-04  0.125523753688D-02 -0.242272224314D-02 -0.912547853245D-04
  0.561438790400D-02 -0.468332123054D-02  0.297801198562D-02 -0.146122897796D-02
 -0.174270624510D-02 -0.136897319293D-03 -0.787420071535D-03 -0.264987427941D-02
  0.270214284954D-03 -0.168611212346D-02 -0.155456936125D-02 -0.147227356714D-02
 -0.244157174914D-02 -0.162053958424D-02 -0.145603005717D-02 -0.196568028928D-02
 -0.217410528997D-02 -0.156789684718D-02 -0.692634748576D-04 -0.149148092467D-02
  0.154543586449D-02 -0.165462420470D-02 -0.235334076814D-02  0.274579121757D-03
  0.200322303498D-02 -0.293412518491D-02 -0.239091976209D-02 -0.168307393872D-02
 -0.189420303251D-02  0.178952106098D-03 -0.117747774400D-02 -0.232993655630D-02
 -0.294990441077D-02  0.369702869948D+00 -0.155272698578D-02 -0.278983454523D-02
  0.712575721649D-02 -0.113883001498D-02  0.149604921916D-03 -0.421806269901D-04
  0.625942834621D-02 -0.184803573493D-02 -0.470466965742D-04  0.790097084568D-02
 -0.515218794788D-02  0.165690237395D-02 -0.491728143934D-03 -0.988891558245D-03
 -0.575070529088D-03  0.318791409136D-03 -0.467643714540D-02  0.116270419242D-02
 -0.827102265356D-03 -0.650482510155D-03 -0.273855806087D-02 -0.435127606768D-02
 -0.258785205076D-02  0.120148285894D-02 -0.986306164593D-03 -0.991335659143D-03
 -0.280310021459D-02 -0.299507931399D-02 -0.253576794076D-02  0.285182820548D-02
 -0.601138168229D-03 -0.132798022807D-02 -0.352524602104D-03  0.184925311934D-02
 -0.483167864585D-02 -0.322151175363D-03 -0.766515940259D-03 -0.106629560407D-02
  0.112622641286D-03 -0.129538736458D-02 -0.427768577641D-02 -0.162623634110D-02
  0.106075585830D-02  0.359135155795D+00 -0.187665902031D-02 -0.317446517513D-02
  0.593144260269D-02 -0.108162268003D-02 -0.104784001955D-03  0.329076147878D-04
  0.694799184732D-02 -0.216037516696D-02  0.513557315808D-04  0.811206578466D-02
 -0.442399505516D-02 -0.116427148280D-02 -0.780660270952D-03 -0.144300368551D-02
 -0.472116227477D-03  0.158312725282D-02 -0.493310589655D-02 -0.643918010987D-04
 -0.116717620060D-02 -0.115288960095D-02 -0.279380517567D-02 -0.339013242720D-02
 -0.256954443208D-02  0.266551452867D-02 -0.105866132422D-02 -0.873061486040D-03
 -0.279533195531D-02 -0.424582508847D-02 -0.267347202369D-02  0.145311470099D-02
 -0.712983195608D-03 -0.119950128806D-02 -0.649364148689D-03  0.412832045758D-03
 -0.481783282380D-02  0.963200737594D-03 -0.959895289887D-03 -0.122610526163D-02
 -0.273773576874D-04 -0.142732002792D-02 -0.444709420017D-02  0.118892655153D-02
 -0.134919208142D-02  0.129191828900D-03  0.358713812115D+00 -0.237955311180D-02
 -0.386146357857D-02  0.503934571376D-02 -0.773317535322D-03 -0.261511859135D-03
  0.791867971715D-04  0.301599101376D-02 -0.285028390651D-02  0.115612981177D-03
  0.627505239626D-02 -0.318226118476D-02 -0.291763314367D-02 -0.180389939637D-02
 -0.244973183377D-02  0.642688574937D-04  0.187037933526D-02 -0.327383530045D-02
 -0.230899106375D-02 -0.215109482393D-02 -0.236527100481D-02 -0.163519210547D-02
 -0.494977868557D-03 -0.162571610782D-02  0.162050060577D-02 -0.187084917873D-02
 -0.168463227222D-02 -0.160236702693D-02 -0.273935810687D-02 -0.182703756994D-02
 -0.136290183739D-02 -0.162768542169D-02 -0.184242432524D-02 -0.360557891214D-03
 -0.987968272800D-03 -0.299261166901D-02  0.279943854779D-03 -0.183328985728D-02
 -0.198269602390D-02 -0.110219774245D-03 -0.150056794912D-02 -0.276417041824D-02
  0.293598327410D-02 -0.278516154842D-02 -0.168732992511D-02  0.640321084992D-03
  0.369691098889D+00 -0.195410001723D-02 -0.325316602388D-02  0.585158935293D-02
 -0.819096402766D-03 -0.141705051113D-03  0.437805637001D-04  0.264765266909D-02
 -0.255532801639D-02  0.723808593699D-04  0.799715435142D-02 -0.229967740583D-02
 -0.159851816679D-02 -0.109839086303D-02 -0.170826532717D-02  0.207471468863D-03
  0.829412596726D-03 -0.300795034241D-02 -0.334804069868D-02 -0.157022352245D-02
 -0.182590433318D-02 -0.129925200609D-02  0.541277741249D-04 -0.159280608019D-02
 -0.609548032298D-03 -0.141364583389D-02 -0.142745723302D-02 -0.130376883575D-02
 -0.114637816132D-02 -0.172864583723D-02 -0.225487397902D-02 -0.100483748684D-02
 -0.137272745595D-02 -0.304162982376D-04 -0.774643981844D-03 -0.285368182882D-02
 -0.193619753825D-02 -0.115985892869D-02 -0.124470731971D-02 -0.379956542731D-04
 -0.242361343487D-02 -0.250675285898D-02  0.162365663761D-02 -0.151108401948D-02
 -0.243712705007D-02 -0.117390499587D-02  0.122838173857D-02  0.368757555392D+00
 -0.183410247601D-02 -0.326147171782D-02  0.701049058143D-02 -0.854771176292D-03
  0.144391767806D-03 -0.407075185617D-04  0.154691740873D-02 -0.244001446253D-02
 -0.396128615952D-04  0.753888087602D-02 -0.308701220098D-02  0.157553579203D-02
 -0.104360642198D-02 -0.144916992995D-02  0.105213394868D-03 -0.608885052529D-03
 -0.262925463226D-02 -0.195164198343D-02 -0.144245955613D-02 -0.150999395442D-02
 -0.118821551351D-02 -0.962276467946D-03 -0.156877399236D-02 -0.227395393157D-02
 -0.158744525979D-02 -0.181310568342D-02 -0.126027405738D-02  0.319974620418D-03
 -0.152459071602D-02 -0.696029690395D-03 -0.114878951501D-02 -0.176957335877D-02
  0.317982426045D-03  0.830866142579D-03 -0.277950088637D-02 -0.336609366442D-02
 -0.120522893074D-02 -0.132038110782D-02  0.115994302375D-03 -0.222632766787D-02
 -0.223433401602D-02 -0.154653186331D-02  0.111822746857D-02 -0.992826362567D-03
 -0.227946966899D-02 -0.147660878280D-02  0.767144647920D-03  0.368582766002D+00
 -0.282717032614D-03 -0.581375637042D-03  0.236712804704D-02 -0.600225669084D-03
  0.307875941657D-04 -0.859796916892D-05  0.429486266914D-02 -0.517233679929D-03
 -0.177426968629D-04  0.566270790711D-02 -0.140732145418D-02  0.350274908501D-03
  0.335475280744D-03  0.401920063107D-03 -0.193374098796D-03 -0.298677121476D-03
 -0.269954862608D-02 -0.727228331555D-03  0.616565313105D-04  0.353530279803D-03
 -0.139976477570D-02 -0.217536493875D-02 -0.150218349413D-02 -0.722767989770D-04
  0.206134691253D-04  0.255476476877D-03 -0.139391832901D-02 -0.191102054329D-02
 -0.146697233401D-02  0.284035608368D-03  0.315349119152D-03  0.326720870990D-03
 -0.141500278265D-03  0.543096428020D-04 -0.273103514877D-02 -0.104138757823D-02
  0.243366437833D-03  0.539633131127D-03  0.194702220437D-05 -0.196173769533D-02
 -0.247792784557D-02 -0.356758030439D-03 -0.214119962208D-03 -0.993144476584D-03
 -0.126734092612D-02 -0.824786273814D-03 -0.629178734186D-03 -0.282592797029D-03
  0.359668559371D+00 -0.348602218555D-04 -0.149829671238D-03  0.432946248755D-02
 -0.108756012974D-02  0.513594014760D-05 -0.545248777582D-06  0.812944333093D-02
 -0.449431163056D-03 -0.907083272408D-05  0.102116519287D-01 -0.242098437442D-02
  0.692052385890D-04  0.107864738932D-02  0.112211774975D-02 -0.332305635957D-03
 -0.234448117202D-03 -0.486734083137D-02 -0.152347018045D-02  0.567513966538D-03
  0.102757877812D-02 -0.251717548811D-02 -0.368226586599D-02 -0.266646531028D-02
  0.180957713328D-03  0.548495814938D-03  0.983787404736D-03 -0.250239759480D-02
 -0.363424130223D-02 -0.264485495760D-02  0.247791543311D-03  0.107632420064D-02
  0.110399947927D-02 -0.320559250159D-03 -0.149540528649D-03 -0.487009805301D-02
 -0.158982449892D-02  0.923393353009D-03  0.142232778740D-02 -0.155097862759D-04
 -0.349021069085D-02 -0.444850485421D-02 -0.755073428698D-04 -0.656896008890D-03
 -0.180574801727D-02 -0.185208629619D-02 -0.802437350161D-03 -0.633145225535D-03
 -0.532191604695D-03 -0.112914406303D-02  0.357911747180D+00 -0.720338390338D-03
 -0.124897006360D-02  0.676736665003D-02 -0.124515808629D-02  0.805933594070D-05
 -0.478988293282D-06  0.593741589428D-02 -0.126497272542D-02 -0.549953668338D-05
  0.932263991121D-02 -0.479903151052D-02  0.925385201490D-04 -0.196088551619D-03
  0.119244503958D-04 -0.113043650032D-03 -0.236447569937D-03 -0.478860764420D-02
 -0.174740311957D-02 -0.632730672779D-03  0.137194561706D-05 -0.253521681496D-02
 -0.371451240295D-02 -0.262595130896D-02 -0.308839474744D-06 -0.650486876742D-03
 -0.303516977572D-04 -0.252602709638D-02 -0.366050648162D-02 -0.260687177594D-02
  0.906054178586D-04 -0.204166524095D-03 -0.835606161063D-05 -0.101064373772D-03
 -0.150976355547D-03 -0.479421818513D-02 -0.183545833813D-02 -0.340154076004D-03
  0.328098704448D-03 -0.801796716930D-05 -0.345676039681D-02 -0.423847922500D-02
 -0.978787839011D-04 -0.108830852854D-02 -0.170080920175D-02 -0.177106555926D-02
 -0.125664776244D-02 -0.116814051860D-02 -0.106675972184D-02 -0.935422874806D-03
 -0.166525387453D-02  0.358360307651D+00 -0.260182638118D-02 -0.479404549697D-02
 -0.374718099183D-02  0.767201870401D-04 -0.522616556652D-03  0.153121156915D-03
  0.205030203472D-02 -0.289693698725D-02  0.197184109406D-03  0.981071368657D-02
  0.759471094665D-02 -0.581237814739D-02 -0.724620327537D-03 -0.813320209891D-03
  0.873170576341D-03  0.199147332017D-04 -0.862229187280D-03 -0.966052115930D-02
 -0.152772154323D-02 -0.198195151930D-02  0.753876455665D-03  0.504955845033D-02
 -0.333775457710D-03 -0.356776925790D-02 -0.981688263322D-03 -0.724203979990D-03
  0.890765350318D-03  0.491797185965D-03 -0.637929266954D-03 -0.944997815946D-02
 -0.350882825300D-03  0.382067745890D-03  0.601227964964D-04 -0.550946519047D-02
 -0.305574762179D-03 -0.449083550691D-02 -0.471760062486D-03  0.445804189152D-03
 -0.303702533947D-03 -0.569973654454D-02 -0.569730273685D-03  0.578946093052D-02
 -0.608160402453D-02 -0.110850874928D-01 -0.640858404231D-02  0.365181832014D-02
  0.778867884579D-02  0.257044892782D-02 -0.513448724066D-03 -0.856053965326D-04
 -0.331809128674D-03  0.442963089996D-01  0.139357253516D-03  0.123223732267D-02
 -0.341448806158D-02  0.210455901429D-03 -0.885804175125D-03  0.262095943799D-03
  0.236897228604D-02  0.368501564597D-03  0.346219903710D-03 -0.446649687320D-02
 -0.893339493900D-03 -0.981435871052D-02 -0.726841005791D-03 -0.146184704517D-02
 -0.463584643370D-04  0.589226449312D-02 -0.780350602579D-03 -0.152044722939D-03
 -0.517224917738D-03 -0.101937449035D-02 -0.733364452671D-03  0.150854901921D-02
  0.238002379754D-03  0.891668019405D-02  0.417325423961D-03  0.115332223363D-02
 -0.520394445489D-03 -0.618071158645D-02 -0.317829868973D-03 -0.105333198084D-02
 -0.116046440259D-03  0.567911071062D-03 -0.144377895040D-02 -0.352595336611D-02
  0.161298513182D-03  0.859187503284D-02 -0.433190763489D-03 -0.812371220754D-03
 -0.476001028710D-03  0.262346648603D-02 -0.542375691620D-03  0.980166220895D-02
 -0.768932893133D-02  0.131073799503D-03  0.801673474011D-02  0.880971331699D-02
  0.146915533033D-02 -0.742473556253D-02 -0.102464853748D-02 -0.227530948160D-03
 -0.155862803214D-03  0.295384280980D-03  0.437523979974D-01  0.450244877048D-02
  0.101581935948D-01  0.471419075181D-02 -0.125725444810D-03  0.380737054057D-05
 -0.249845322388D-06 -0.589420349110D-02 -0.695050026979D-03  0.108395406965D-04
  0.364290577180D-02 -0.138557365531D-02 -0.887129448777D-05  0.128521990412D-02
 -0.180207601326D-02  0.506950159538D-03  0.445925955354D-02  0.139174494689D-03
 -0.154765977063D-02  0.143781244764D-02 -0.131008519935D-02  0.102697250235D-02
  0.691605470828D-02 -0.296086773786D-03 -0.143518721405D-02  0.144394460312D-02
 -0.126741218256D-02  0.998192582387D-03  0.689334337999D-02 -0.319104754823D-03
 -0.144683843162D-02  0.127017004650D-02 -0.179647293149D-02  0.509488750695D-03
  0.439217590341D-02  0.140267680840D-03 -0.154327303910D-02  0.144466677538D-02
 -0.184607400466D-02  0.211890362567D-04  0.448000132998D-02  0.438418016973D-03
  0.181893096656D-04  0.915838922433D-02  0.981690283532D-02  0.980726769738D-02
  0.922549432494D-02  0.105860732878D-01  0.105248366138D-01  0.105346287234D-02
  0.195187475093D-02  0.252913865710D-03  0.241626723587D-02 -0.135750503215D-02
  0.625932016447D-01
$end
