$hessapprox internal
  0.100063326464D+01  0.540636121013D-02  0.427760529258D+00 -0.789172703914D-02
  0.441255337336D-02  0.202485683949D+00  0.608504380139D-02 -0.102913092397D-01
  0.488961113654D-02  0.149745395718D-01 -0.126062461807D-01  0.830174419075D-03
 -0.484326645264D-02  0.102450268693D-02  0.576286979566D+00 -0.145936477263D-01
 -0.744632171466D-02 -0.435972825248D-03 -0.266200807868D-02  0.558602559066D-02
  0.347195392091D+00 -0.252754591440D-02  0.217800677176D-02 -0.312419396734D-02
 -0.425941518272D-03 -0.203509124434D-02  0.766651527089D-03  0.254499757824D-01
 -0.150790093585D-01 -0.200223189504D-02 -0.500951562951D-02 -0.692928114441D-03
 -0.101301912887D-01  0.380410599720D-02  0.960419208325D-03  0.576266546035D+00
 -0.190260096603D-02  0.172884780498D-01  0.432656603467D-02 -0.292350968084D-02
  0.366587962604D-02 -0.135742138852D-01 -0.545364703079D-02  0.302425961574D-02
  0.338388390301D+00 -0.105978728957D-02 -0.255341772949D-02 -0.135632831911D-02
  0.141688386551D-02  0.634783783014D-03 -0.381163125576D-02  0.215644017272D-03
  0.271014322031D-03  0.326299944829D-02  0.231859861700D-01 -0.734794128691D-02
 -0.176781645567D-02 -0.312497355423D-02 -0.474159745927D-03 -0.473853108451D-02
 -0.511083428079D-03 -0.532451130376D-03 -0.648790310475D-02  0.163792680127D-02
 -0.242567987816D-03  0.584917557358D+00 -0.139887511361D-01  0.110152391085D-01
 -0.666345488433D-03  0.518345473215D-02 -0.821996363728D-03 -0.845543078360D-02
  0.118340434024D-03  0.762032578194D-03 -0.505390514316D-02 -0.149892541083D-02
  0.804039918981D-03  0.380460349815D+00  0.168989529968D-03 -0.572607290959D-03
  0.412594837001D-03 -0.612598672321D-03 -0.130673814256D-02  0.213762074369D-02
  0.594659375808D-02 -0.760751739868D-04 -0.382485164165D-03  0.119754245549D-03
 -0.307781253513D-03  0.148276368593D-02  0.187039825927D-01 -0.145111652640D-01
 -0.576708777237D-02 -0.564128923140D-02  0.670045362206D-03 -0.929555221620D-02
  0.181520027947D-02 -0.168755424493D-02 -0.133625809602D-01  0.869573488705D-02
 -0.115124440767D-02 -0.615980800773D-02  0.145325836459D-02 -0.832087745194D-03
  0.569806721084D+00 -0.101344245912D-01  0.230313868402D-01 -0.126891676384D-02
  0.178318106293D-02  0.397294965597D-02 -0.185367861943D-01 -0.185880846156D-03
  0.588851596537D-02 -0.278451821494D-01  0.133203407114D-02  0.341438518944D-02
 -0.119163986196D-01  0.206740745360D-02  0.110942265818D-01  0.334060839487D+00
 -0.145831600861D-01  0.177844057859D-03 -0.696323946031D-02  0.145952232689D-02
 -0.165337154410D-02 -0.767878868642D-02 -0.120911618212D-02 -0.347175966852D-02
 -0.135701136631D-02 -0.107731744145D-02 -0.149011078355D-02 -0.444379935361D-02
 -0.211103266089D-03 -0.243945208250D-02 -0.342420202221D-02  0.411736388382D+00
 -0.558210768371D-02  0.780982639560D-02 -0.379247364250D-02 -0.107438211320D-02
 -0.339047340033D-02  0.209450375913D-01  0.363863947821D-03  0.858093806684D-03
  0.101332262640D-01  0.373347066579D-02  0.328506135659D-02  0.255393259235D-03
 -0.261255901428D-02  0.386778701286D-02 -0.399122121052D-02  0.308573562357D-02
  0.283302474100D+00 -0.130731168266D-01  0.806934028423D-02  0.843035543421D-02
 -0.328822146020D-02  0.358214986997D-03 -0.134039677591D-01 -0.207183413380D-02
  0.843193613250D-03 -0.235507050676D-01  0.238817334668D-02 -0.102200354332D-02
 -0.253832688301D-02  0.102541875400D-02  0.234280886404D-02 -0.169476195675D-01
 -0.451836620487D-02  0.181691326684D-01  0.319798212860D+00 -0.135099191009D-01
 -0.594389502224D-03 -0.627183135493D-02  0.235072858928D-02 -0.183391619794D-02
 -0.621434008907D-02 -0.275376691882D-02 -0.360504815002D-02  0.246577454255D-02
 -0.134401034294D-02 -0.140607538062D-02 -0.472154760033D-02 -0.145839772818D-02
 -0.260106537494D-02 -0.208475859146D-02 -0.163916449192D-02 -0.183655931246D-02
 -0.294575159709D-03  0.412274833824D+00 -0.507923434327D-02  0.274256460140D-02
 -0.810297600605D-03  0.332728654979D-03  0.197269779167D-02  0.470618439902D-02
 -0.249485071294D-02  0.449739553404D-02  0.439006514426D-02  0.132024276654D-02
  0.315562132202D-02 -0.358446479558D-02 -0.259877712277D-02  0.564878917935D-02
 -0.653018460880D-02  0.198686847126D-02 -0.257542089042D-01  0.735127283753D-02
  0.208996180328D-03  0.334482731277D+00  0.391116787361D-02 -0.109275899224D-02
  0.303552745026D-02 -0.171367496992D-02  0.186096538814D-02 -0.135172200120D-01
 -0.416040917953D-03 -0.447846814848D-03 -0.108856840951D-01 -0.107216605090D-02
 -0.129947726142D-02 -0.411547641064D-03  0.135601502977D-02 -0.169731972980D-03
 -0.481324075730D-02 -0.221657101929D-02  0.244195355795D-01 -0.112753533640D-01
  0.334282394667D-03  0.107748487545D-01  0.322516150041D+00 -0.905583923539D-02
  0.765772965705D-03 -0.193693932749D-02 -0.699726043418D-05 -0.195260261543D-02
 -0.243242905520D-02 -0.924865555243D-03 -0.297334434745D-02 -0.133814162055D-02
  0.114819693446D-03 -0.144587316120D-02 -0.197986974988D-02 -0.346347168318D-03
 -0.235612263150D-02 -0.276222676709D-02 -0.166420526388D-02 -0.168844834196D-02
 -0.219683494138D-02 -0.170774223293D-02 -0.374626763994D-03  0.143056224048D-03
  0.419834673695D+00 -0.164933192089D-01  0.461236274020D-02 -0.218314814793D-02
 -0.393769930018D-03 -0.412804022625D-02 -0.464815850501D-02 -0.746582961643D-03
 -0.514253528250D-02 -0.676683234036D-02  0.679450502530D-03 -0.242425052335D-02
 -0.255770220109D-02 -0.152166392495D-04 -0.380230872394D-02 -0.673148545982D-02
 -0.359036818138D-02 -0.202244996944D-03 -0.681205454541D-02 -0.289926800727D-02
 -0.290002574706D-04 -0.132149403496D-02 -0.275850090687D-02  0.406281887629D+00
 -0.109616011083D-01  0.843815125624D-02  0.101422140055D-01 -0.916274383114D-02
  0.635693583041D-03 -0.419603405571D-02 -0.306343447084D-02  0.134269690980D-02
 -0.245521226304D-01  0.641379675499D-02  0.141034985856D-02  0.333323873173D-03
 -0.861670243379D-03  0.793523827185D-02 -0.194477327312D-01 -0.836085913744D-03
 -0.994496169616D-02 -0.224930594341D-01  0.306919117448D-02 -0.691407446624D-02
 -0.103842636149D-03 -0.258906400804D-02 -0.693725460236D-02  0.305604674261D+00
 -0.100822542816D-02 -0.936289242994D-03 -0.186626148798D-02 -0.302627238308D-03
 -0.170920495859D-03  0.118170067755D-02 -0.381873986224D-04 -0.709792994474D-03
  0.243256238273D-02  0.198702442843D-03  0.199558785412D-03 -0.386540503341D-03
 -0.101467977713D-02 -0.119391715954D-03  0.583051676321D-03  0.556322718919D-03
 -0.576380954235D-02  0.159461389920D-02 -0.363953895409D-03 -0.314793209742D-02
  0.274144557771D-02 -0.582137962909D-05  0.363213362590D-03 -0.147914990819D-03
  0.343758551118D+00  0.981571665635D-02 -0.865875384691D-02 -0.437318683177D-02
  0.297161718433D-02 -0.248646127838D-03 -0.248043844340D-02  0.220447913939D-03
 -0.292119755616D-02  0.944473694455D-02 -0.370071790889D-02 -0.251622653118D-02
  0.782181196322D-03 -0.285583795496D-03 -0.622031476226D-02  0.128360922899D-01
  0.351367489264D-03  0.198615024460D-01  0.654332449727D-02  0.688519152213D-03
  0.120777524049D-01 -0.700171112748D-02  0.176143307750D-02  0.342451852787D-02
  0.215662401307D-01  0.191143926245D-02  0.302702427768D+00  0.254986374582D-02
  0.471665498290D-02  0.595370683239D-02 -0.610794312440D-02 -0.177707493391D-02
  0.800826008483D-02  0.102279172500D-02 -0.798192554994D-03 -0.119347003180D-01
  0.468574064932D-02 -0.687542601699D-05  0.467662823044D-02  0.701472914421D-03
  0.214647143946D-02 -0.359286793882D-02  0.174874461685D-02 -0.582938624255D-02
 -0.958869461106D-02  0.347874167007D-02 -0.195237727575D-02  0.538008435633D-03
 -0.592956784112D-03 -0.254085302267D-02 -0.194259414046D-01 -0.312410504229D-03
  0.953627682113D-02  0.328521070966D+00  0.297255846047D-01 -0.802284625081D-02
  0.678365080243D-02 -0.763748902042D-02  0.157308433420D-02  0.185114084463D-01
  0.128793716143D-03 -0.130773821367D-03  0.405564828876D-02  0.263756596802D-02
  0.810069872458D-03  0.120839086551D-01 -0.185361120825D-02  0.105228822920D-02
  0.149891911785D-01  0.694159106552D-02 -0.226615542619D-02  0.871452239724D-02
  0.790170299366D-02  0.304719327927D-02  0.608980952124D-05  0.366525681353D-02
  0.577929260259D-02  0.354640601911D-02  0.104324896352D-02 -0.478171568961D-02
 -0.832207734992D-02  0.584153033973D+00 -0.625434043307D-02  0.479070895168D-01
 -0.924977498462D-02  0.205150309264D-01 -0.826161685730D-02  0.437516444486D-01
 -0.230897133970D-02 -0.198326070353D-02  0.606402987891D-02  0.407671526686D-02
  0.435151371162D-02 -0.666117098769D-02 -0.448836884228D-03  0.544380731877D-02
 -0.605516102767D-02  0.640378715096D-02 -0.438369372626D-01  0.129540000724D-01
  0.237701549917D-02 -0.190397351728D-01  0.238161028707D-01  0.329914122420D-03
  0.629500089949D-03  0.248747922910D-02 -0.221537538888D-02  0.129158490799D-01
 -0.481872897698D-02  0.236786742759D-02  0.321957265866D+00 -0.846542226664D-02
  0.823412257271D-02  0.193219887811D-01  0.633990946605D-02 -0.113370633995D-01
  0.276126085351D-02 -0.234585530797D-02 -0.112682279538D-01  0.145106388871D-03
 -0.314420362828D-02 -0.403612761782D-02  0.115266109337D-01  0.195920259814D-02
 -0.767033871135D-02  0.619849639265D-02 -0.672966440539D-02  0.893296499177D-02
  0.248581767261D-02 -0.463432815286D-02  0.166733167243D-02 -0.151440435711D-02
 -0.341174761633D-02 -0.194200179572D-02  0.583856889531D-02 -0.178322394404D-02
 -0.928860769325D-02  0.101461236158D-02  0.347359268939D-02  0.515772538277D-02
  0.185692115027D+00 -0.346937305043D-02  0.114663995214D-02 -0.327759786897D-02
  0.206469868030D-03 -0.242336859158D-02 -0.467608249431D-02  0.227685397051D-01
  0.555713881615D-02 -0.113208799400D-01 -0.100364370088D-02 -0.724709312132D-03
 -0.186885096235D-02  0.161695442168D-01  0.509871654605D-03 -0.443011965628D-02
 -0.340266832927D-03  0.294511531661D-02 -0.308520504451D-02 -0.160415268272D-02
 -0.120511079575D-03 -0.450324636694D-02 -0.214916240301D-02 -0.294696797360D-02
 -0.875478320122D-02 -0.779359036464D-02 -0.197095171943D-03  0.540700948047D-02
 -0.261383432778D-03  0.455761189287D-02  0.219005319236D-02  0.105558295177D+00
  0.146271383719D-01 -0.142952254211D-01 -0.947392223932D-02  0.835143417350D-02
  0.484710028237D-02  0.776484063871D-02 -0.132233948754D-02  0.346523952242D-02
  0.320549118842D-01 -0.629594362218D-02  0.210297599261D-02  0.610463907177D-03
 -0.301768224340D-02 -0.260042196270D-02  0.240097454161D-01  0.419842307866D-02
  0.421843130641D-02  0.271304666309D-01  0.234303460069D-02  0.447333796941D-02
  0.284282452384D-02  0.469015452756D-02  0.104268650954D-01  0.393476664955D-01
  0.963709753905D-03 -0.202433057358D-01  0.184511956915D-01 -0.140899633532D-01
 -0.148320616281D-02 -0.303042632578D-02 -0.230640503430D-02  0.438723617428D+00
 -0.502578259464D-02  0.111884349240D-01 -0.668242773223D-02  0.112931006029D-02
  0.583081490028D-02 -0.120864170330D-01  0.413382837744D-02  0.638905981592D-02
 -0.145528972683D-01  0.331443278668D-03  0.406184277957D-02 -0.466235684477D-02
  0.212966212976D-02  0.713608192684D-02 -0.170566059909D-01 -0.232083937185D-02
  0.228362401553D-02 -0.145020368745D-01 -0.227247779426D-02 -0.734068114371D-02
 -0.325961722759D-02 -0.281739361732D-03 -0.135849517766D-02 -0.106239581310D-01
  0.562529189490D-02  0.436673944819D-02 -0.100385056835D-02  0.128243396537D-01
  0.514346672079D-02  0.296612076148D-02 -0.208248012090D-01  0.176743673116D-01
  0.395461703384D+00  0.673396673172D-02  0.712173645249D-02  0.640532448557D-02
 -0.313401886532D-02 -0.659526859204D-02  0.206883076949D-01 -0.154429484741D-02
 -0.709258406190D-02 -0.278465314237D-02  0.377097973607D-02 -0.219558240694D-02
  0.963655323651D-02 -0.134420764156D-02 -0.505257365246D-02  0.928561179042D-02
  0.167532041810D-02  0.195213907742D-02  0.956461479441D-03  0.378083223506D-02
  0.632459286274D-02 -0.626275013022D-03  0.228066096081D-03 -0.103551763748D-02
 -0.213961034474D-02  0.117379573831D-02 -0.287223570584D-02 -0.112983104464D-01
 -0.274274352965D-01 -0.152247843419D-01  0.181796143952D-02  0.824135361978D-03
 -0.302202567894D-02  0.704429243848D-02  0.614167328193D+00  0.104802053213D-01
  0.157429405641D-01 -0.525783026137D-03  0.903548954303D-02 -0.419028466938D-02
  0.148289710112D-01 -0.905690823405D-03 -0.567291121049D-02 -0.525254281398D-02
  0.592046342318D-03 -0.270147689092D-02  0.150102950359D-02  0.125702753403D-02
 -0.473286568479D-02  0.107690280183D-01  0.273809141963D-02  0.308457356248D-01
 -0.925091979053D-02  0.671997516703D-02  0.188215930761D-01 -0.105941720795D-01
  0.257779874216D-02  0.140435305267D-02  0.120259234375D-01  0.516810700751D-02
 -0.136598106460D-01 -0.214375770264D-02 -0.922354178004D-02 -0.197344857741D-01
 -0.164809392126D-01  0.846425965877D-03 -0.689024818453D-02  0.525395539039D-02
 -0.240061392240D-01  0.376847258147D+00 -0.122941888085D-02  0.145893604864D-02
 -0.115412938663D-01  0.247682014253D-02 -0.202494737150D-02 -0.398120386850D-02
  0.217639592396D-02 -0.204674887280D-02 -0.370029697825D-02 -0.339494550917D-02
 -0.114703200677D-02  0.252775640676D-02 -0.209455008866D-03 -0.205570805529D-02
 -0.826869257033D-03 -0.581338182671D-03  0.668156703616D-02  0.481322570859D-03
 -0.102865696352D-02  0.280843471238D-02 -0.388000026049D-02 -0.114999899095D-02
 -0.891877720151D-03  0.172315694161D-02  0.714100750236D-03 -0.311092164285D-02
  0.102839963173D-02  0.107809554250D-02  0.928584346180D-02  0.558447150069D-01
  0.428617489160D-02  0.647265554191D-03 -0.640357670168D-04 -0.911766988981D-03
 -0.432071468879D-02  0.146642882919D+00  0.145901341540D-01 -0.126764130783D-01
  0.115093704740D-02 -0.153754358545D-02  0.605483555338D-02 -0.152236858104D-02
  0.964083764185D-03  0.331612883745D-02  0.516818258191D-02 -0.188389534629D-02
  0.100579749308D-02  0.281375578446D-02 -0.373703314917D-03  0.129165923909D-02
  0.128077850809D-01  0.350073057100D-02  0.187579075583D-01  0.181509189208D-02
  0.379252104284D-02  0.967739874479D-02 -0.726197686350D-02  0.369020252454D-02
  0.534068657281D-02  0.125834518658D-01  0.378075385441D-02 -0.111211982204D-01
  0.341917413640D-02 -0.163021920024D-01  0.203589579507D-01 -0.939358591188D-02
 -0.516373588138D-02 -0.206147594057D-01  0.585013948590D-02 -0.109504521634D-01
 -0.101607438233D-01 -0.399091686229D-02  0.489622301566D+00 -0.429678363181D-02
  0.599427489679D-03 -0.899835583949D-03  0.141719200208D-02 -0.257672980361D-02
  0.785626248355D-03  0.601330117352D-02 -0.354462207431D-02 -0.108042815899D-02
 -0.311913495260D-03 -0.145584990383D-02 -0.152486061293D-02  0.379649374047D-02
 -0.229043768641D-02  0.341136148299D-02 -0.134047315740D-02 -0.127585344579D-02
 -0.421551922791D-03 -0.609679809960D-03 -0.310667520797D-02  0.116052548668D-02
 -0.866659022309D-03 -0.756395089949D-03  0.496921856264D-02  0.136505334773D-03
 -0.127979437582D-02  0.311962290525D-02 -0.807028195004D-03 -0.221506739099D-02
 -0.343251109334D-02  0.100529282582D-01 -0.854866250813D-02  0.410543332954D-02
 -0.471304824388D-02  0.192520643865D-02 -0.495600387896D-02  0.774777305757D-03
  0.390344404631D+00 -0.568055274454D-02  0.289527332689D-02 -0.424536149076D-02
  0.330703564502D-03  0.777603235171D-02  0.303542674512D-03  0.232782180835D-01
  0.163875783901D-01 -0.287066640134D-02  0.815398351257D-03  0.572684783628D-02
 -0.309085679331D-02  0.174814800480D-01  0.828764252611D-02 -0.133899488879D-01
  0.261017936331D-02 -0.173847827574D-01 -0.388830926622D-02 -0.149511420999D-01
 -0.167619026353D-01  0.617094110781D-02  0.153624519648D-02 -0.305876190379D-03
 -0.272939200748D-01 -0.305571863074D-02  0.643197053799D-02  0.911171900996D-03
  0.108558422351D-01 -0.518517984152D-02 -0.156369956342D-01  0.645153861309D-01
  0.118267205242D-01  0.136204089240D-01  0.125620488215D-01  0.930431252465D-02
 -0.146516207878D-01  0.105386753912D-01 -0.593682799415D-02  0.587036827515D+00
  0.183585643475D-02  0.371490277833D-02 -0.858807756598D-03 -0.807882573178D-03
 -0.114260411111D-02  0.927100621304D-03  0.646008927744D-02 -0.159373613941D-02
 -0.785840893220D-02  0.103058319639D-02 -0.842966581437D-03 -0.646568383457D-03
  0.258744647479D-02 -0.102624331829D-02 -0.122290473321D-02 -0.183240450627D-02
 -0.151695289684D-02 -0.401371624355D-02 -0.803717666345D-03 -0.442738927406D-02
  0.375153804263D-03 -0.572183534001D-03 -0.500660294392D-03 -0.140489810740D-05
  0.221411593403D-02  0.157410113188D-02 -0.631965185067D-03  0.781664925823D-05
 -0.398402983371D-02 -0.353799880645D-02 -0.453666323585D-02 -0.124930728324D-02
  0.853114320417D-02 -0.497490841896D-02  0.198743039137D-02 -0.203757353358D-02
  0.422013708208D-02  0.127675787824D-01 -0.156608830148D-01  0.247650661869D-01
  0.302023180630D-02 -0.192381213873D-02  0.735110319010D-02 -0.480550805430D-02
 -0.582903204673D-03  0.125498162268D-01  0.703798614918D-02  0.182787242220D-02
 -0.330160343419D-03  0.270772750018D-02  0.155728192717D-02  0.106385396293D-01
  0.435735155332D-02  0.843823983539D-03  0.913590367891D-02  0.107637841210D-02
 -0.344520950048D-02 -0.225627900580D-02 -0.780840415840D-03 -0.545629456555D-02
  0.344331554988D-02  0.816768128283D-03  0.178233393264D-02 -0.102624970656D-01
  0.336465747995D-03  0.107287184707D-02 -0.752204605657D-02 -0.127727833461D-01
  0.753108626974D-03  0.137129033944D-01  0.122825628474D-01  0.618063597980D-03
  0.164837349015D-01 -0.106304648228D-01 -0.604864964651D-02  0.271427096579D-02
 -0.749130696477D-02  0.172375757438D-02  0.425624633377D-01  0.192788098552D-02
  0.369816320207D+00  0.595283588030D-02  0.552748437615D-02 -0.213909979210D-02
  0.223881084949D-02  0.663640161083D-02 -0.580520098419D-02  0.522389406854D-02
  0.558192568670D-02 -0.179920732081D-02 -0.129279660107D-02  0.296518584495D-02
 -0.652030832622D-03  0.349289946993D-02  0.165666782424D-02 -0.798790379222D-02
 -0.239794951937D-02  0.938372951833D-02 -0.488935277324D-02 -0.126853846713D-01
 -0.440087376766D-02 -0.322024508975D-02  0.267640532706D-02  0.265073605258D-02
 -0.856069287102D-03  0.830776575582D-02 -0.861605255969D-02  0.325589131038D-02
  0.772866609080D-02  0.613558706776D-02 -0.493697531000D-02 -0.377828578216D-01
  0.696746249225D-03  0.377286193338D-01  0.726152898623D-02 -0.946579855847D-02
 -0.115811297073D-01  0.267496882338D-02 -0.743337795118D-02  0.107903213583D+00
  0.269022078249D-02  0.357114311106D-01  0.476285643343D+00 -0.173482969332D-01
  0.667172585052D-02  0.410243401242D-02  0.739373491226D-03 -0.126429859745D-02
  0.544627735332D-02  0.131587728530D-02 -0.110982162817D-03  0.337048882792D-02
  0.154288097227D-02  0.282096056724D-02  0.779737733233D-03  0.906662372855D-03
  0.260433873569D-02 -0.356966949386D-02 -0.304159939548D-02 -0.232153218728D-01
  0.210370208801D-02 -0.628215446463D-02 -0.181219886363D-01  0.123563187751D-01
 -0.167150027813D-02 -0.125869145914D-02 -0.753220614157D-02  0.206465986251D-03
  0.852134910255D-02 -0.211272256794D-02  0.421771350669D-02 -0.152266233297D-01
  0.172182476612D-01 -0.157323797849D-01  0.181503060464D-02  0.171524833418D-01
  0.397967098092D-02  0.143624832080D-01 -0.154725825599D-02  0.692691075389D-02
  0.130408592963D-02  0.106440290895D-01  0.611636951169D-02  0.105490192861D-01
  0.431033205189D-01  0.370651280357D+00  0.187523362397D-01  0.582004256785D-02
 -0.395473321952D-02  0.481515377003D-03  0.708905541081D-02  0.724449351745D-03
 -0.386799363762D-02  0.571520893792D-02  0.191619216015D-02 -0.729156304433D-04
  0.373012952390D-02 -0.449610301075D-02 -0.502501115281D-02  0.590224218282D-02
 -0.110699184033D-01  0.795411409680D-03 -0.164699590324D-01  0.114808261636D-01
 -0.211103849373D-02 -0.845828971751D-02  0.560545722195D-02  0.228702627129D-02
  0.331701188112D-02  0.811643912515D-02  0.341582247330D-02  0.152045474579D-02
  0.262173151071D-02 -0.343773718694D-02 -0.153071397358D-01 -0.967279656908D-02
 -0.397709224280D-01 -0.656454122203D-02  0.107986571697D-01  0.297529028529D-02
  0.122389914834D-01 -0.880727824701D-02  0.639309108302D-02 -0.273939473389D-02
 -0.908463870596D-02  0.447502901543D-02  0.517474094026D-02  0.293025561372D-01
  0.685875323182D-02  0.373199167486D+00  0.620244649719D-02  0.353885131476D-02
  0.101972991635D-01 -0.806088658661D-03  0.578241887334D-02  0.245284555499D-02
 -0.897639171527D-04  0.471358229403D-02 -0.513518354266D-02  0.275250418931D-02
  0.571377470389D-03 -0.553654247543D-02 -0.267756460289D-02  0.229310307207D-03
 -0.949539030373D-02 -0.668812146347D-02 -0.103490826140D-01 -0.334122108450D-03
 -0.358641562529D-02 -0.915947633689D-02  0.429968094071D-02  0.129821261404D-02
  0.136849828035D-03 -0.748108857925D-03  0.508912673301D-02  0.472253795626D-02
 -0.129332260226D-02  0.455755683403D-02 -0.194396622285D-01 -0.232677565306D-01
 -0.452389815967D-01  0.571335323431D-02  0.227382458310D-01  0.239870553590D-03
  0.612471867313D-02 -0.240678944423D-01  0.818072642935D-02  0.783385011308D-02
 -0.155632468010D-01  0.223143994190D-01  0.402043289755D-02  0.427801253529D-01
  0.139797063651D-01  0.315217171282D-01  0.460512708133D+00 -0.620209112095D-01
 -0.571706046676D-02 -0.974453243677D-02  0.394675335213D-02 -0.627825068294D-02
 -0.183463222777D-01 -0.168815297041D-02 -0.819842608307D-02  0.568119787304D-02
 -0.280493505516D-02 -0.369143518676D-02 -0.105847980111D-01 -0.481601170376D-03
 -0.894101682502D-02 -0.366238512698D-02 -0.981641104460D-02 -0.390468440346D-02
 -0.766145576981D-02 -0.977020564475D-02 -0.550384650667D-02  0.349312083593D-02
 -0.638503206458D-02 -0.101519517955D-01 -0.503191979569D-02 -0.874228266346D-03
  0.641037916383D-02  0.659820097606D-02  0.272812561348D-01  0.112295829838D-01
 -0.249042603970D-02 -0.329209846622D-02  0.806113831098D-02 -0.778561742181D-03
  0.148906063156D-01  0.192820734840D-01  0.227458385116D-02  0.929804785102D-02
 -0.371965635258D-02 -0.898472121537D-02  0.147456615725D-02  0.347010157535D-02
  0.325090533406D-02 -0.142839772263D-01  0.125616624830D-01 -0.126323700502D-02
  0.687713545664D+00 -0.337463232928D-02  0.124310018262D-01 -0.168238585894D-02
  0.225833505513D-02 -0.267395421328D-02 -0.574148200600D-02  0.348230181084D-03
 -0.319394871297D-02 -0.122002916796D-01 -0.932242541893D-03 -0.579713260366D-03
  0.555191492603D-03  0.172604589739D-02 -0.731033660981D-03 -0.689895923073D-02
 -0.243015241121D-02  0.165632020508D-01 -0.741221291266D-02 -0.465073806369D-03
  0.682614319066D-02 -0.925236118401D-02 -0.139589557697D-02 -0.263316838491D-02
  0.250662452396D-02  0.232872128289D-02 -0.686227262356D-02  0.158111426860D-03
 -0.610470553116D-02  0.550890685257D-02  0.156049831462D-01  0.392084432495D-03
 -0.267576540615D-02 -0.770468700261D-03 -0.939746601577D-02 -0.161572256767D-01
  0.536489940928D-02 -0.962498756914D-02 -0.170442723639D-02  0.505559282826D-02
 -0.246716750371D-02  0.621323304186D-02 -0.525750439601D-02  0.100218004508D-01
 -0.743142765450D-02 -0.140404931737D-01  0.515410712652D-02  0.411055692475D+00
 -0.750065161225D-02 -0.713466706279D-02  0.659189718605D-02 -0.220824882718D-02
 -0.698142363549D-02  0.208715522111D-01  0.331323931780D-02 -0.600467297591D-02
  0.109991721923D-01  0.222130629259D-02 -0.279697737847D-02  0.899558611773D-02
 -0.113320944471D-02 -0.892552399899D-02  0.230805313892D-01 -0.943343914513D-03
 -0.237875134891D-02  0.611485333143D-02  0.682658288465D-03  0.480968415781D-03
  0.658693778146D-02 -0.290088576799D-04  0.140190406252D-02  0.360735429952D-02
  0.645938869849D-03 -0.118579583662D-02 -0.501713028769D-02 -0.147604265395D-01
 -0.139056505730D-01 -0.102229539758D-02 -0.979982260219D-03 -0.121828227320D-01
  0.133693221232D-01 -0.162210036378D-01 -0.123517657357D-01  0.475234372458D-02
 -0.738544869141D-02  0.959588405415D-03 -0.133196337260D-01  0.902385734545D-02
 -0.144376516266D-01  0.585622763207D-02 -0.273813778134D-02  0.180763482256D-01
  0.197387164939D-01 -0.605225780799D-02  0.254485076155D-02  0.426009310500D+00
 -0.207855335795D-01 -0.287717865466D-01  0.828797232668D-02 -0.121863539124D-01
 -0.671147607739D-02  0.741319163698D-02  0.315847274588D-02 -0.874344029191D-02
  0.125104652277D-01  0.229775239737D-02 -0.614229108279D-02  0.996590235164D-02
 -0.207308951806D-02 -0.145331935698D-01  0.248190390924D-01 -0.438000529631D-02
 -0.197306658477D-02  0.208602185890D-02 -0.328739129393D-02  0.136920419954D-02
  0.440464120860D-02 -0.196825098495D-02 -0.259267488231D-02 -0.647275359954D-02
 -0.122632769270D-03  0.204116119913D-02 -0.684594841406D-02 -0.111649683120D-01
  0.209033569895D-01 -0.135771868208D-01 -0.276341502672D-02 -0.180430983479D-02
  0.134785620041D-01 -0.997005821594D-02  0.762584779479D-02 -0.406470074336D-02
 -0.504081975399D-02 -0.483389381234D-03  0.722968917896D-03  0.833984153491D-02
 -0.165236214111D-01  0.189810304864D-01 -0.580491322394D-02  0.287080294274D-01
  0.311457634649D-01 -0.234037296156D-01  0.318955053898D-02 -0.181226471959D-01
  0.540419450647D+00  0.341694457864D-01  0.187912997161D-01  0.271020296767D-02
  0.109664862947D-03  0.189211863201D-02  0.972609860084D-02 -0.173250661710D-02
  0.413994857118D-03 -0.149928668394D-01  0.223645689945D-02  0.120502125560D-02
  0.156860900445D-02 -0.412925656833D-03  0.451514338014D-02 -0.113021228982D-01
  0.413887316412D-02  0.489574852187D-02  0.103366392065D-02  0.672407784121D-02
  0.672373485727D-02 -0.804208033492D-02  0.271275407787D-02  0.163211374886D-02
  0.422357149609D-02  0.284315334561D-02 -0.664669992817D-02 -0.606535066294D-02
 -0.292980294937D-01 -0.163098280675D-01 -0.936930853563D-03 -0.541193489345D-02
 -0.430805349809D-02  0.554602556779D-02 -0.269874316869D-01 -0.217988465230D-01
 -0.572651887048D-02 -0.105332837456D-01 -0.252064835963D-02  0.188831087055D-01
 -0.445669548196D-02  0.188196043168D-02  0.292224988939D-02  0.123026379246D-01
 -0.136993929746D-01  0.630974884343D-02  0.389521179144D-01 -0.223458557714D-01
  0.549112633917D-02  0.247122571100D-01  0.426936029669D+00  0.832749147945D-02
 -0.471810692892D-02 -0.142576196489D-02 -0.223711355354D-02  0.211653554123D-02
 -0.650688754274D-02 -0.129065113376D-02 -0.151774127454D-03  0.130074697153D-02
 -0.107757595969D-02 -0.118512015410D-04 -0.161072861224D-02 -0.878984943736D-03
  0.733805444201D-03 -0.409171962115D-02  0.274488447735D-03 -0.139276023383D-02
  0.403444594224D-02 -0.257784092040D-03  0.364877238718D-03 -0.169507635974D-02
  0.438400215373D-03  0.300142800336D-03  0.345093242642D-02 -0.145057223259D-03
 -0.237323674453D-02  0.246593578781D-02 -0.403682218500D-02  0.101794314867D-01
 -0.259067659609D-02 -0.507924851776D-02 -0.223798440038D-02  0.184675173561D-02
  0.251523206445D-02  0.829899159138D-02 -0.224603298788D-02 -0.769215727933D-03
 -0.227808654806D-02  0.741290113724D-02 -0.228132923672D-02  0.423129380234D-02
  0.416124352934D-02  0.277361828687D-02 -0.331867167255D-02  0.511899886521D-02
  0.506041266140D-02 -0.420764623516D-02  0.686222868484D-02  0.578825350978D-02
 -0.764721361131D-02  0.412417527491D+00  0.175373906314D-01 -0.599979501236D-02
 -0.755660877073D-02 -0.397687942301D-02  0.499384708090D-02 -0.646967333381D-02
  0.902638357142D-03  0.137059012610D-02 -0.382109248162D-02 -0.662910922825D-03
  0.138432208797D-02  0.550153697385D-04 -0.622423147982D-03  0.385967925083D-02
 -0.590106109750D-03  0.560185379883D-02  0.931793109900D-02 -0.319157843250D-02
  0.416577660207D-02  0.543452199766D-02 -0.742908840047D-02  0.234806873839D-02
  0.251267274673D-02  0.134161182441D-02  0.362312436856D-02 -0.414563785886D-02
 -0.112689922226D-02 -0.123677549623D-01  0.209642291008D-01 -0.950496851007D-02
 -0.871290018992D-02 -0.203088236099D-02  0.734920076484D-02 -0.752725608921D-02
  0.781478955422D-03  0.163929077876D-02 -0.386518037494D-02  0.474354888417D-03
  0.158488066362D-01  0.522213798240D-03 -0.803609910444D-03  0.988378469475D-02
  0.784415341261D-02  0.317721786562D-04 -0.233103198738D-02  0.166751287525D-01
 -0.717518777474D-02  0.150460376939D-02  0.146282500308D-02 -0.180840242584D-01
 -0.531392466739D-02  0.394993533798D+00  0.231499569168D-02 -0.462740351275D-05
  0.146392810291D-01 -0.120558588021D-02  0.174402500583D-02 -0.426691443769D-03
 -0.547261146390D-03  0.153931421394D-02 -0.133364022801D-02  0.164795264400D-02
 -0.107298715271D-03 -0.230212246402D-02  0.507208634833D-03  0.897092679666D-03
 -0.386708306413D-02 -0.248552469901D-02 -0.680496798652D-02  0.142103230865D-02
 -0.926705283489D-03 -0.321356724116D-02  0.236032812992D-02  0.207584908032D-03
 -0.345864108831D-03  0.275211055268D-03 -0.293220320693D-03  0.221125655561D-02
  0.436871230548D-03  0.219770587431D-03 -0.532533235448D-02 -0.193783650491D-01
 -0.475843300572D-02 -0.159505140125D-02 -0.181320391192D-02  0.125151087084D-02
  0.718299347800D-02 -0.325461951907D-01  0.327112477870D-02  0.534817381113D-02
 -0.717045271254D-03  0.532034957101D-02 -0.442539365707D-04  0.368100047339D-02
  0.116800344598D-02  0.260384767301D-02  0.260002402559D-01 -0.209341457526D-02
 -0.647434482397D-02  0.583740879797D-02  0.100973918688D-01  0.152834358861D-02
 -0.570157647616D-03 -0.576256998001D-02  0.370528590809D-01  0.106569984120D-01
 -0.557535815251D-02 -0.117248484395D-01 -0.546824206872D-02  0.890979022809D-02
  0.446854788317D-03  0.146429203077D-02  0.846297931291D-02 -0.165914639991D-02
  0.352524352024D-02  0.358754403017D-02 -0.677108682195D-02 -0.962299477873D-03
  0.684247356033D-02 -0.142908635457D-02  0.682181269856D-02  0.839054289431D-04
 -0.675958263096D-02  0.663065262585D-02  0.146665311056D-02 -0.148162220947D-02
  0.358618356181D-02  0.279875049008D-02 -0.561970109092D-02  0.247717887853D-02
  0.528458679334D-02 -0.320695658043D-02 -0.693027650819D-02 -0.201059612675D-02
 -0.888099587212D-01 -0.317487546737D-02  0.354926928712D-02  0.289381308662D-02
 -0.627726165480D-02  0.457545082879D-02 -0.526485464456D-01  0.358977245616D-02
  0.465237552571D-02  0.171930856101D-01  0.410527394614D-02 -0.116217027263D-01
  0.720443537863D-02 -0.683804480798D-02  0.123758175237D-01  0.216211308970D-01
  0.759759143374D-02 -0.129364919828D-01 -0.459721245584D-02  0.734401840775D-02
 -0.193941857418D-02  0.293989647534D-02  0.585613694257D-02  0.206148516414D-01
  0.929615380631D-01
$end
