$coord
   -0.83289987756250     -1.81929962381250      1.18247017050000      c
    0.80273647143750      0.77302857718750     -2.23980047150000      c
   -1.60359898056250     -0.58686057081250     -1.32908521250000      c
    0.90736866643750      0.17172790218750      2.37867187250000      c
    2.52194993243750      1.08064047818750      0.12589491650000      c
   -3.48701234856250      1.35403567718750     -0.93342434850000      o
   -4.95687906956250      0.55278838718750     -0.18347233650000      h
   -0.24203143756250      1.73087859318750      3.10599930950000      h
    0.26772178643750      2.58656946618750     -3.07148844550000      h
    0.22640048043750     -3.56182645781250      0.79112028050000      h
   -2.31083534256250     -1.96189258181250     -2.71496469050000      h
    4.20293337043750     -0.11464811381250     -0.05968179150000      h
    1.74462297043750     -0.33473075881250     -3.71027762950000      h
    3.18003306243750      3.02443923318750      0.36872283950000      h
    2.04618211043750     -0.56906206181250      3.93751687950000      h
   -2.46669179456250     -2.32578814581250      2.35179865750000      h
$user-defined bonds
$redundant
     number_of_atoms            16
     degrees_of_freedom         42
     internal_coordinates       42
     frozen_coordinates          0
# definitions of redundant internals
   1 k  1.0000000000000 tors    7    6    3    1 val=  62.68285
        1.0000000000000 tors    7    6    3    2
   2 k  1.0000000000000 stre    6    7           val=   1.83438
   3 k  1.0000000000000 bend    3    7    6      val= 107.52700
   4 k  1.0000000000000 stre    4   15           val=   2.06777
   5 k  1.0000000000000 stre    4    8           val=   2.06908
   6 k  0.0062550195130 bend    8   15    4      val=   0.15793
        0.5244254749286 bend    1   15    4
        0.4740603072420 bend    1    8    4
       -0.5144770447924 bend    5   15    4
       -0.4853029893336 bend    5    8    4
   7 k  0.0627487361380 bend    8   15    4      val=   1.05080
       -0.4956978356154 bend    1   15    4
        0.5004126836854 bend    1    8    4
       -0.5076622320413 bend    5   15    4
        0.4921508468395 bend    5    8    4
   8 k -0.8780194815867 bend    8   15    4      val=   5.84875
        0.2099981528882 bend    1   15    4
        0.2716451615131 bend    1    8    4
        0.2073545707715 bend    5   15    4
        0.2611427845919 bend    5    8    4
   9 k -0.0028738012420 bend    8   15    4      val=   0.58959
        0.4821689003419 bend    1   15    4
       -0.5182786890463 bend    1    8    4
       -0.4772634760669 bend    5   15    4
        0.5206838462085 bend    5    8    4
  10 k  1.0000000000000 stre    2    9           val=   2.06564
  11 k  1.0000000000000 stre    2   13           val=   2.06799
  12 k  0.0604381887732 bend   13    9    2      val=   1.04592
        0.4834058388974 bend    3    9    2
        0.5051077909067 bend    3   13    2
       -0.5136290566902 bend    5    9    2
       -0.4936773561210 bend    5   13    2
  13 k  0.0009079465187 bend   13    9    2      val=   0.13521
        0.4950824995656 bend    3    9    2
       -0.4728678361596 bend    3   13    2
        0.5056366920903 bend    5    9    2
       -0.5249952755928 bend    5   13    2
  14 k -0.8858555849886 bend   13    9    2      val=   3.58762
        0.2642216802300 bend    3    9    2
        0.2539503023588 bend    3   13    2
        0.1952564630380 bend    5    9    2
        0.2069563814301 bend    5   13    2
  15 k -0.0078168624541 bend   13    9    2      val=   1.30338
       -0.5114286733782 bend    3    9    2
        0.5193406491145 bend    3   13    2
        0.4889831239869 bend    5    9    2
       -0.4791246219318 bend    5   13    2
  16 k  1.0000000000000 stre    1   16           val=   2.07199
  17 k  1.0000000000000 stre    1   10           val=   2.07646
  18 k  0.0418033289269 bend   10   16    1      val=   0.63473
        0.5116085438127 bend    3   16    1
        0.4783942527304 bend    3   10    1
       -0.5288910902750 bend    4   16    1
       -0.4774121208880 bend    4   10    1
  19 k  0.0641566998281 bend   10   16    1      val=   1.07520
       -0.4972793856072 bend    3   16    1
        0.4792036694430 bend    3   10    1
       -0.5056619860760 bend    4   16    1
        0.5130954390241 bend    4   10    1
  20 k -0.8769262145321 bend   10   16    1      val=   6.19868
        0.2302591659608 bend    3   16    1
        0.2848592301514 bend    3   10    1
        0.1856572557738 bend    4   16    1
        0.2497353261627 bend    4   10    1
  21 k -0.0007253932386 bend   10   16    1      val=   0.26368
       -0.4880202838164 bend    3   16    1
        0.5326103819946 bend    3   10    1
        0.4686201121989 bend    4   16    1
       -0.5084850517199 bend    4   10    1
  22 k  1.0000000000000 stre    3   11           val=   2.07643
  23 k -0.7588206271562 bend    6   11    3      val=   2.37608
        0.6380568885335 bend    1   11    3
        0.1306700531770 bend    2   11    3
  24 k -0.2755394848571 bend    6   11    3      val=   4.06733
       -0.4962908154347 bend    1   11    3
        0.8232699549964 bend    2   11    3
  25 k  1.0000000000000 stre    5   14           val=   2.06649
  26 k  1.0000000000000 stre    5   12           val=   2.07096
  27 k  0.0000942188319 bend   12   14    5      val=   0.07052
        0.5150814622056 bend    4   14    5
        0.4856197814105 bend    4   12    5
       -0.5129154442965 bend    2   14    5
       -0.4855741481174 bend    2   12    5
  28 k  0.0527505764594 bend   12   14    5      val=   0.91407
       -0.5038733400660 bend    4   14    5
        0.4986668929361 bend    4   12    5
       -0.5010856532344 bend    2   14    5
        0.4935316928688 bend    2   12    5
  29 k -0.8849150688715 bend   12   14    5      val=   4.38549
        0.2061040838373 bend    4   14    5
        0.2566352935262 bend    4   12    5
        0.2072857513805 bend    2   14    5
        0.2561588782399 bend    2   12    5
  30 k -0.0004042415644 bend   12   14    5      val=   0.08255
        0.4838652651475 bend    4   14    5
       -0.5116993193501 bend    4   12    5
       -0.4873254964235 bend    2   14    5
        0.5162866537930 bend    2   12    5
  31 k  1.0000000000000 stre    3    6           val=   2.73329
  32 k  0.7997523282664 bend    1    6    3      val=  17.79238
       -0.6003300870625 bend    2    6    3
  33 k  0.6003300870625 bend    1    6    3      val= 108.42793
        0.7997523282664 bend    2    6    3
  34 k  1.0000000000000 stre    1    3           val=   2.90186
  35 k  1.0000000000000 stre    3    2           val=   2.91018
  36 k  1.0000000000000 stre    2    5           val=   2.94055
  37 k  1.0000000000000 stre    5    4           val=   2.91685
  38 k  1.0000000000000 stre    4    1           val=   2.90235
  39 k -0.8090169943749 bend    1    2    3      val=   0.13473
        0.3090169943749 bend    3    5    2
        0.3090169943749 bend    2    4    5
       -0.8090169943749 bend    5    1    4
        1.0000000000000 bend    4    3    1
  40 k  0.5877852522925 bend    1    2    3      val=  -0.03216
       -0.9510565162952 bend    3    5    2
        0.9510565162952 bend    2    4    5
       -0.5877852522925 bend    5    1    4
  41 k -0.8090169943749 tors    2    5    4    1 val=  -5.06283
        0.3090169943749 tors    5    4    1    3
        0.3090169943749 tors    4    1    3    2
       -0.8090169943749 tors    1    3    2    5
        1.0000000000000 tors    3    2    5    4
  42 k  0.5877852522925 tors    2    5    4    1 val=  34.12517
       -0.9510565162952 tors    5    4    1    3
        0.9510565162952 tors    4    1    3    2
       -0.5877852522925 tors    1    3    2    5
        42 non zero eigenvalues  of BmBt
           1           5.576209838    1    0
         1
           2           5.189477057    2    0
         2
           3           3.964808392    3    0
         3
           4           3.860241411    4    0
         4
           5           3.815245209    5    0
         5
           6           3.615567215    6    0
         6
           7           3.303557801    7    0
         7
           8           2.906396735    8    0
         8
           9           2.837670570    9    0
         9
          10           2.498533658   10    0
        10
          11           2.340949843   11    0
        11
          12           2.271032275   12    0
        12
          13           2.107079763   13    0
        13
          14           1.912171157   14    0
        14
          15           1.692473504   15    0
        15
          16           1.667654808   16    0
        16
          17           1.364717128   17    0
        17
          18           1.064852959   18    0
        18
          19           0.822266337   19    0
        19
          20           0.780218294   20    0
        20
          21           0.771575291   21    0
        21
          22           0.758469287   22    0
        22
          23           0.712412726   23    0
        23
          24           0.607825977   24    0
        24
          25           0.447818642   25    0
        25
          26           0.414926325   26    0
        26
          27           0.344702908   27    0
        27
          28           0.341334033   28    0
        28
          29           0.325423651   29    0
        29
          30           0.313620401   30    0
        30
          31           0.299458850   31    0
        31
          32           0.293530117   32    0
        32
          33           0.262925205   33    0
        33
          34           0.254047041   34    0
        34
          35           0.233732958   35    0
        35
          36           0.228775768   36    0
        36
          37           0.201388357   37    0
        37
          38           0.152996922   38    0
        38
          39           0.100597461   39    0
        39
          40           0.082515138   40    0
        40
          41           0.061574433   41    0
        41
          42           0.030616776   42    0
        42
$end
