   1  -2626.0071954214    -21164.096677     9678.7739040    0.000D+00 0.550D-14
--
   2  -2634.4341298193    -21225.495508     9731.7458009    0.507D+01 0.545D-14
--
   3  -2635.5834738114    -21240.610362     9745.7113109    0.108D+01 0.365D-14
--
   4  -2636.0074659965    -21248.483990     9753.1609468    0.128D+00 0.278D-14
--
   5  -2636.0749366480    -21247.553028     9752.1625138    0.803D-01 0.240D-14
--
   6  -2636.1070900273    -21252.945182     9757.5225148    0.367D-01 0.223D-14
--
   7  -2636.1130872228    -21250.585244     9755.1565797    0.209D-01 0.218D-14
--
   8  -2636.1155510189    -21250.928160     9755.4970310    0.742D-02 0.212D-14
--
   9  -2636.1158963730    -21250.983077     9755.5516029    0.274D-02 0.209D-14
--
  10  -2636.1159513509    -21251.248783     9755.8172542    0.119D-02 0.206D-14
--
  11  -2636.1159643075    -21251.108771     9755.6772290    0.112D-02 0.202D-14
--
  12  -2636.1159656296    -21251.125284     9755.6937405    0.266D-03 0.197D-14
--
  13  -2636.1159664704    -21251.120280     9755.6887364    0.187D-03 0.192D-14
--
  14  -2636.1159663336    -21251.125175     9755.6936314    0.341D-03 0.180D-14
--
  15  -2636.1159664713    -21251.124488     9755.6929437    0.580D-03 0.158D-14
--
  16  -2636.1159664225    -21251.122581     9755.6910372    0.158D-02 0.126D-14
--
  17  -2636.1159665006    -21251.123035     9755.6914906    0.235D-02 0.104D-14
--
  18  -2636.1159665226    -21251.123275     9755.6917311    0.616D-02 0.831D-15
--
  19  -2636.1159665818    -21251.123289     9755.6917447    0.866D-02 0.719D-15
--
  20  -2636.1159666253    -21251.123297     9755.6917530    0.245D-01 0.695D-15
--
  21  -2636.1159664768    -21251.123269     9755.6917247    0.171D-01 0.750D-15
--
  22  -2636.1159665553    -21251.123265     9755.6917207    0.165D-01 0.550D-14
--
  23  -2636.1159664584    -21251.123274     9755.6917303    0.170D-01 0.352D-14
--
  24  -2636.1159663954    -21251.123276     9755.6917317    0.143D-01 0.241D-14
--
  25  -2636.1159665455    -21251.123274     9755.6917301    0.113D-01 0.190D-14
--
  26  -2636.1159665421    -21251.123277     9755.6917328    0.176D-02 0.179D-14
--
  27  -2636.1159664942    -21251.123276     9755.6917318    0.772D-03 0.168D-14
--
  28  -2636.1159666347    -21251.123276     9755.6917316    0.162D-02 0.150D-14
--
  29  -2636.1159665214    -21251.123276     9755.6917317    0.248D-02 0.135D-14
--
  30  -2636.1159665042    -21251.123276     9755.6917318    0.188D-02 0.126D-14
--
  31  -2636.1159665693    -21251.123276     9755.6917316    0.709D-03 0.125D-14
--
  32  -2636.1159666164    -21251.123276     9755.6917316    0.854D-03 0.126D-14
--
  33  -2636.1159665824    -21251.123276     9755.6917316    0.309D-02 0.118D-14
--
  34  -2636.1159666377    -21251.123276     9755.6917315    0.206D-02 0.108D-14
--
  35  -2636.1159665195    -21251.123276     9755.6917316    0.944D-03 0.103D-14
--
  36  -2636.1159666099    -21251.123276     9755.6917316    0.804D-03 0.100D-14
--
  37  -2636.1159665040    -21251.123276     9755.6917317    0.636D-02 0.807D-15
--
  38  -2636.1159665583    -21251.123276     9755.6917318    0.320D-02 0.758D-15
--
  39  -2636.1159664663    -21251.123276     9755.6917318    0.363D-02 0.719D-15
--
  40  -2636.1159665120    -21251.123276     9755.6917318    0.678D-03 0.736D-15
--
  41  -2636.1159664797    -21251.123276     9755.6917315    0.123D-01 0.695D-15
--
  42  -2636.1159663769    -21251.123275     9755.6917312    0.162D-01 0.694D-15
--
  43  -2636.1159666378    -21251.123275     9755.6917312    0.601D-02 0.550D-14
--
  44  -2636.1159665176    -21251.123275     9755.6917313    0.264D-02 0.349D-14
--
  45  -2636.1159664783    -21251.123276     9755.6917316    0.271D-02 0.321D-14
--
  46  -2636.1159665280    -21251.123276     9755.6917317    0.252D-01 0.114D-14
--
  47  -2636.1159664984    -21251.123276     9755.6917319    0.929D-02 0.103D-14
--
  48  -2636.1159665429    -21251.123276     9755.6917319    0.349D-02 0.995D-15
--
  49  -2636.1159665455    -21251.123276     9755.6917318    0.173D-02 0.981D-15
--
  50  -2636.1159664621    -21251.123276     9755.6917318    0.201D-02 0.987D-15
--
  51  -2636.1159664634    -21251.123276     9755.6917316    0.235D-02 0.991D-15
--
  52  -2636.1159664246    -21251.123276     9755.6917320    0.878D-03 0.976D-15
--
  53  -2636.1159664018    -21251.123275     9755.6917314    0.947D-03 0.959D-15
--
  54  -2636.1159663899    -21251.123276     9755.6917317    0.165D-02 0.955D-15
--
  55  -2636.1159664905    -21251.123276     9755.6917317    0.815D-03 0.956D-15
--
  56  -2636.1159664944    -21251.123276     9755.6917317    0.970D-03 0.962D-15
--
  57  -2636.1159666330    -21251.123276     9755.6917317    0.722D-03 0.964D-15
--
  58  -2636.1159665513    -21251.123276     9755.6917317    0.295D-03 0.965D-15
--
  59  -2636.1159665201    -21251.123276     9755.6917317    0.514D-03 0.963D-15
--
  60  -2636.1159665646    -21251.123276     9755.6917317    0.424D-03 0.958D-15
--
  61  -2636.1159664854    -21251.123276     9755.6917317    0.386D-03 0.951D-15
--
  62  -2636.1159666493    -21251.123276     9755.6917317    0.288D-03 0.943D-15
--
  63  -2636.1159665391    -21251.123276     9755.6917319    0.586D-03 0.832D-15
--
  64  -2636.1159666084    -21251.123276     9755.6917319    0.118D-02 0.550D-14
--
  65  -2636.1159665353    -21251.123276     9755.6917320    0.244D-02 0.349D-14
--
  66  -2636.1159665488    -21251.123276     9755.6917319    0.192D-02 0.247D-14
--
  67  -2636.1159664841    -21251.123276     9755.6917317    0.500D-02 0.168D-14
--
  68  -2636.1159664584    -21251.123276     9755.6917317    0.262D-02 0.143D-14
--
  69  -2636.1159664843    -21251.123276     9755.6917316    0.135D-02 0.133D-14
--
  70  -2636.1159665751    -21251.123276     9755.6917316    0.623D-03 0.128D-14
--
  71  -2636.1159666020    -21251.123276     9755.6917318    0.119D-02 0.122D-14
--
  72  -2636.1159664077    -21251.123276     9755.6917316    0.164D-02 0.121D-14
--
  73  -2636.1159665249    -21251.123276     9755.6917318    0.219D-02 0.119D-14
--
  74  -2636.1159665458    -21251.123276     9755.6917317    0.177D-02 0.119D-14
--
  75  -2636.1159664425    -21251.123276     9755.6917318    0.114D-02 0.121D-14
--
  76  -2636.1159664682    -21251.123276     9755.6917318    0.898D-03 0.122D-14
--
  77  -2636.1159665424    -21251.123276     9755.6917317    0.686D-03 0.123D-14
--
  78  -2636.1159666106    -21251.123276     9755.6917317    0.462D-03 0.122D-14
--
  79  -2636.1159665894    -21251.123276     9755.6917317    0.454D-03 0.122D-14
--
  80  -2636.1159665200    -21251.123276     9755.6917316    0.652D-03 0.121D-14
--
  81  -2636.1159665946    -21251.123276     9755.6917317    0.700D-03 0.117D-14
--
  82  -2636.1159666124    -21251.123276     9755.6917317    0.454D-03 0.112D-14
--
  83  -2636.1159666345    -21251.123276     9755.6917317    0.112D-02 0.976D-15
--
  84  -2636.1159666434    -21251.123276     9755.6917318    0.187D-02 0.840D-15
--
  85  -2636.1159666309    -21251.123276     9755.6917319    0.296D-02 0.550D-14
--
  86  -2636.1159665487    -21251.123276     9755.6917318    0.175D-02 0.349D-14
--
  87  -2636.1159665350    -21251.123276     9755.6917318    0.991D-03 0.262D-14
--
  88  -2636.1159666217    -21251.123276     9755.6917317    0.139D-02 0.192D-14
--
  89  -2636.1159664199    -21251.123276     9755.6917317    0.526D-02 0.167D-14
--
  90  -2636.1159664482    -21251.123276     9755.6917316    0.307D-02 0.140D-14
--
  91  -2636.1159665345    -21251.123276     9755.6917316    0.212D-02 0.127D-14
--
  92  -2636.1159665049    -21251.123276     9755.6917316    0.131D-02 0.122D-14
--
  93  -2636.1159664883    -21251.123276     9755.6917316    0.116D-02 0.117D-14
--
  94  -2636.1159665392    -21251.123276     9755.6917316    0.162D-02 0.111D-14
--
  95  -2636.1159665119    -21251.123276     9755.6917315    0.238D-02 0.105D-14
--
  96  -2636.1159664466    -21251.123276     9755.6917315    0.132D-02 0.100D-14
--
  97  -2636.1159665288    -21251.123276     9755.6917315    0.102D-02 0.975D-15
--
  98  -2636.1159665105    -21251.123276     9755.6917314    0.139D-02 0.949D-15
--
  99  -2636.1159663946    -21251.123275     9755.6917315    0.192D-02 0.909D-15
--
 100  -2636.1159663368    -21251.123275     9755.6917315    0.183D-02 0.869D-15
--
 101  -2636.1159665520    -21251.123276     9755.6917315    0.139D-02 0.840D-15
--
 102  -2636.1159664406    -21251.123276     9755.6917315    0.230D-02 0.793D-15
--
 103  -2636.1159662046    -21251.123275     9755.6917315    0.275D-02 0.744D-15
--
 104  -2636.1159664101    -21251.123276     9755.6917316    0.310D-02 0.706D-15
--
 105  -2636.1159663268    -21251.123275     9755.6917315    0.237D-02 0.695D-15
--
 106  -2636.1159665933    -21251.123276     9755.6917315    0.442D-02 0.550D-14
--
 107  -2636.1159664783    -21251.123276     9755.6917316    0.139D-02 0.349D-14
--
 108  -2636.1159665485    -21251.123276     9755.6917317    0.365D-02 0.252D-14
--
 109  -2636.1159664588    -21251.123276     9755.6917317    0.501D-02 0.212D-14
--
 110  -2636.1159664653    -21251.123276     9755.6917318    0.616D-02 0.154D-14
--
 111  -2636.1159664742    -21251.123276     9755.6917317    0.420D-02 0.132D-14
--
 112  -2636.1159666368    -21251.123276     9755.6917317    0.290D-02 0.122D-14
--
 113  -2636.1159665910    -21251.123276     9755.6917317    0.194D-02 0.117D-14
--
 114  -2636.1159666312    -21251.123276     9755.6917317    0.119D-02 0.114D-14
--
 115  -2636.1159665554    -21251.123276     9755.6917317    0.129D-02 0.111D-14
--
 116  -2636.1159666475    -21251.123276     9755.6917317    0.105D-02 0.109D-14
--
 117  -2636.1159666473    -21251.123276     9755.6917318    0.152D-02 0.104D-14
--
 118  -2636.1159665935    -21251.123276     9755.6917318    0.126D-02 0.966D-15
--
 119  -2636.1159664630    -21251.123276     9755.6917319    0.895D-03 0.909D-15
--
 120  -2636.1159664878    -21251.123276     9755.6917319    0.603D-03 0.874D-15
--
 121  -2636.1159664999    -21251.123276     9755.6917319    0.600D-03 0.849D-15
--
 122  -2636.1159666046    -21251.123276     9755.6917319    0.934D-03 0.777D-15
--
 123  -2636.1159666301    -21251.123276     9755.6917320    0.233D-02 0.694D-15
--
 124  -2636.1159666525    -21251.123276     9755.6917321    0.289D-02 0.695D-15
--
 125  -2636.1159665853    -21251.123276     9755.6917323    0.259D-02 0.695D-15
--
 126  -2636.1159663632    -21251.123276     9755.6917325    0.398D-02 0.695D-15
--
 127  -2636.1159666245    -21251.123277     9755.6917323    0.131D-01 0.550D-14
--
 128  -2636.1159664931    -21251.123276     9755.6917322    0.120D-02 0.349D-14
--
 129  -2636.1159663740    -21251.123276     9755.6917321    0.211D-02 0.295D-14
--
 130  -2636.1159665094    -21251.123276     9755.6917320    0.788D-02 0.194D-14
--
 131  -2636.1159664329    -21251.123276     9755.6917319    0.380D-02 0.278D-14
--
 132  -2636.1159663782    -21251.123276     9755.6917317    0.345D-02 0.235D-14
--
 133  -2636.1159664780    -21251.123276     9755.6917317    0.245D-02 0.189D-14
--
 134  -2636.1159664844    -21251.123276     9755.6917317    0.121D-02 0.172D-14
--
 135  -2636.1159664705    -21251.123276     9755.6917316    0.124D-02 0.162D-14
--
 136  -2636.1159664998    -21251.123276     9755.6917316    0.134D-02 0.148D-14
--
 137  -2636.1159664655    -21251.123276     9755.6917316    0.208D-02 0.108D-14
--
 138  -2636.1159665155    -21251.123276     9755.6917316    0.334D-02 0.848D-15
--
 139  -2636.1159665208    -21251.123276     9755.6917315    0.797D-02 0.704D-15
--
 140  -2636.1159663926    -21251.123276     9755.6917315    0.169D-02 0.695D-15
--
 141  -2636.1159664783    -21251.123276     9755.6917315    0.157D-02 0.695D-15
--
 142  -2636.1159663630    -21251.123275     9755.6917314    0.782D-02 0.696D-15
--
 143  -2636.1159666319    -21251.123275     9755.6917311    0.202D-01 0.695D-15
--
 144  -2636.1159665900    -21251.123275     9755.6917309    0.183D-01 0.695D-15
--
 145  -2636.1159666197    -21251.123275     9755.6917308    0.570D-02 0.695D-15
--
 146  -2636.1159664421    -21251.123275     9755.6917308    0.122D-01 0.695D-15
--
 147  -2636.1159665540    -21251.123275     9755.6917310    0.623D-01 0.695D-15
--
 148  -2636.1159666085    -21251.123275     9755.6917309    0.189D-01 0.550D-14
--
 149  -2636.1159664210    -21251.123275     9755.6917310    0.948D-02 0.350D-14
--
 150  -2636.1159664784    -21251.123275     9755.6917310    0.948D-02 0.349D-14
--
 151  -2636.1159665015    -21251.123275     9755.6917312    0.405D-02 0.313D-14
--
 152  -2636.1159664517    -21251.123275     9755.6917314    0.112D-01 0.177D-14
--
 153  -2636.1159665619    -21251.123276     9755.6917316    0.842D-02 0.145D-14
--
 154  -2636.1159665495    -21251.123276     9755.6917317    0.651D-02 0.131D-14
--
 155  -2636.1159665276    -21251.123276     9755.6917318    0.428D-02 0.124D-14
--
 156  -2636.1159664955    -21251.123276     9755.6917318    0.297D-02 0.120D-14
--
 157  -2636.1159664750    -21251.123276     9755.6917318    0.217D-02 0.117D-14
--
 158  -2636.1159663834    -21251.123276     9755.6917318    0.223D-02 0.114D-14
--
 159  -2636.1159665687    -21251.123276     9755.6917317    0.184D-02 0.109D-14
--
 160  -2636.1159665179    -21251.123276     9755.6917320    0.253D-02 0.940D-15
--
 161  -2636.1159666606    -21251.123276     9755.6917321    0.299D-02 0.816D-15
--
 162  -2636.1159667010    -21251.123276     9755.6917320    0.422D-02 0.731D-15
--
 163  -2636.1159665751    -21251.123276     9755.6917319    0.178D-02 0.718D-15
--
 164  -2636.1159667086    -21251.123276     9755.6917318    0.325D-02 0.696D-15
--
 165  -2636.1159667234    -21251.123276     9755.6917318    0.736D-02 0.694D-15
--
 166  -2636.1159666950    -21251.123276     9755.6917320    0.683D-02 0.712D-15
--
 167  -2636.1159667055    -21251.123277     9755.6917323    0.551D-02 0.695D-15
--
 168  -2636.1159666593    -21251.123277     9755.6917325    0.416D-02 0.694D-15
--
 169  -2636.1159666176    -21251.123277     9755.6917327    0.266D-02 0.550D-14
--
 170  -2636.1159666188    -21251.123277     9755.6917325    0.717D-02 0.348D-14
--
 171  -2636.1159665790    -21251.123276     9755.6917321    0.712D-02 0.235D-14
--
 172  -2636.1159664855    -21251.123276     9755.6917320    0.520D-02 0.196D-14
--
 173  -2636.1159664304    -21251.123276     9755.6917319    0.125D-01 0.144D-14
--
 174  -2636.1159665890    -21251.123276     9755.6917317    0.844D-02 0.125D-14
--
 175  -2636.1159664446    -21251.123276     9755.6917317    0.622D-02 0.116D-14
--
 176  -2636.1159664936    -21251.123276     9755.6917316    0.441D-02 0.111D-14
--
 177  -2636.1159665902    -21251.123276     9755.6917315    0.314D-02 0.107D-14
--
 178  -2636.1159664941    -21251.123276     9755.6917316    0.225D-02 0.105D-14
--
 179  -2636.1159665428    -21251.123276     9755.6917315    0.151D-02 0.104D-14
--
 180  -2636.1159664035    -21251.123276     9755.6917315    0.151D-02 0.103D-14
--
 181  -2636.1159664823    -21251.123276     9755.6917315    0.125D-02 0.102D-14
--
 182  -2636.1159664107    -21251.123275     9755.6917315    0.179D-02 0.971D-15
--
 183  -2636.1159663485    -21251.123275     9755.6917315    0.356D-02 0.871D-15
--
 184  -2636.1159663598    -21251.123275     9755.6917314    0.178D-02 0.796D-15
--
 185  -2636.1159664399    -21251.123275     9755.6917313    0.192D-02 0.743D-15
--
 186  -2636.1159664010    -21251.123275     9755.6917313    0.151D-02 0.715D-15
--
 187  -2636.1159663202    -21251.123275     9755.6917313    0.127D-02 0.694D-15
--
 188  -2636.1159663936    -21251.123275     9755.6917313    0.173D-02 0.695D-15
--
 189  -2636.1159663265    -21251.123275     9755.6917314    0.254D-02 0.723D-15
--
 190  -2636.1159665938    -21251.123275     9755.6917313    0.286D-02 0.550D-14
--
 191  -2636.1159664999    -21251.123275     9755.6917313    0.149D-02 0.349D-14
--
 192  -2636.1159664009    -21251.123275     9755.6917313    0.380D-02 0.315D-14
--
 193  -2636.1159665242    -21251.123276     9755.6917315    0.636D-02 0.208D-14
--
 194  -2636.1159665905    -21251.123276     9755.6917316    0.352D-02 0.145D-14
--
 195  -2636.1159664712    -21251.123276     9755.6917316    0.264D-02 0.122D-14
--
 196  -2636.1159665355    -21251.123276     9755.6917317    0.196D-02 0.111D-14
--
 197  -2636.1159665253    -21251.123276     9755.6917317    0.146D-02 0.106D-14
--
 198  -2636.1159664308    -21251.123276     9755.6917318    0.108D-02 0.102D-14
--
 199  -2636.1159665998    -21251.123276     9755.6917318    0.947D-03 0.996D-15
--
 200  -2636.1159666279    -21251.123276     9755.6917319    0.846D-03 0.980D-15
--
 201  -2636.1159665238    -21251.123276     9755.6917319    0.108D-02 0.925D-15
--
 202  -2636.1159664976    -21251.123276     9755.6917319    0.119D-02 0.797D-15
--
 203  -2636.1159664718    -21251.123276     9755.6917319    0.236D-02 0.694D-15
--
 204  -2636.1159663045    -21251.123276     9755.6917319    0.292D-02 0.694D-15
--
 205  -2636.1159666364    -21251.123276     9755.6917317    0.341D-02 0.715D-15
--
 206  -2636.1159666286    -21251.123276     9755.6917317    0.485D-02 0.695D-15
--
 207  -2636.1159666166    -21251.123276     9755.6917318    0.687D-02 0.694D-15
--
 208  -2636.1159666161    -21251.123276     9755.6917319    0.617D-02 0.694D-15
--
 209  -2636.1159666090    -21251.123276     9755.6917321    0.672D-02 0.695D-15
--
 210  -2636.1159664498    -21251.123276     9755.6917322    0.644D-02 0.695D-15
--
 211  -2636.1159666218    -21251.123276     9755.6917321    0.581D-02 0.550D-14
--
 212  -2636.1159665623    -21251.123276     9755.6917320    0.380D-02 0.349D-14
--
 213  -2636.1159664959    -21251.123276     9755.6917318    0.270D-02 0.259D-14
--
 214  -2636.1159666209    -21251.123276     9755.6917318    0.323D-02 0.212D-14
--
 215  -2636.1159665246    -21251.123276     9755.6917318    0.238D-02 0.186D-14
--
 216  -2636.1159665771    -21251.123276     9755.6917317    0.190D-02 0.170D-14
--
 217  -2636.1159664924    -21251.123276     9755.6917317    0.160D-02 0.157D-14
--
 218  -2636.1159664960    -21251.123276     9755.6917316    0.125D-02 0.147D-14
--
 219  -2636.1159665867    -21251.123276     9755.6917316    0.103D-02 0.138D-14
--
 220  -2636.1159665835    -21251.123276     9755.6917316    0.969D-03 0.128D-14
--
 221  -2636.1159665862    -21251.123276     9755.6917316    0.934D-03 0.112D-14
--
 222  -2636.1159664832    -21251.123276     9755.6917315    0.111D-02 0.911D-15
--
 223  -2636.1159666000    -21251.123276     9755.6917315    0.224D-02 0.739D-15
--
 224  -2636.1159667069    -21251.123276     9755.6917314    0.329D-02 0.694D-15
--
 225  -2636.1159666388    -21251.123276     9755.6917314    0.226D-02 0.695D-15
--
 226  -2636.1159666276    -21251.123276     9755.6917314    0.269D-02 0.695D-15
--
 227  -2636.1159666121    -21251.123276     9755.6917315    0.473D-02 0.695D-15
--
 228  -2636.1159663978    -21251.123276     9755.6917317    0.364D-02 0.694D-15
--
 229  -2636.1159663992    -21251.123276     9755.6917317    0.474D-02 0.695D-15
--
 230  -2636.1159663379    -21251.123276     9755.6917317    0.364D-02 0.696D-15
--
 231  -2636.1159663491    -21251.123276     9755.6917317    0.958D-02 0.695D-15
--
 232  -2636.1159665879    -21251.123276     9755.6917314    0.524D-02 0.550D-14
--
 233  -2636.1159665723    -21251.123276     9755.6917315    0.264D-02 0.349D-14
--
 234  -2636.1159666261    -21251.123276     9755.6917315    0.260D-02 0.231D-14
--
 235  -2636.1159664684    -21251.123276     9755.6917316    0.266D-02 0.178D-14
--
 236  -2636.1159665294    -21251.123276     9755.6917317    0.233D-02 0.154D-14
--
 237  -2636.1159663756    -21251.123276     9755.6917317    0.210D-02 0.138D-14
--
 238  -2636.1159664877    -21251.123276     9755.6917316    0.178D-02 0.128D-14
--
 239  -2636.1159664401    -21251.123276     9755.6917316    0.156D-02 0.121D-14
--
 240  -2636.1159664891    -21251.123276     9755.6917317    0.133D-02 0.116D-14
--
 241  -2636.1159664727    -21251.123276     9755.6917317    0.138D-02 0.110D-14
--
 242  -2636.1159665118    -21251.123276     9755.6917316    0.133D-02 0.104D-14
--
 243  -2636.1159665437    -21251.123276     9755.6917317    0.119D-02 0.981D-15
--
 244  -2636.1159665500    -21251.123276     9755.6917316    0.102D-02 0.923D-15
--
 245  -2636.1159664681    -21251.123276     9755.6917317    0.809D-03 0.867D-15
--
 246  -2636.1159665022    -21251.123276     9755.6917317    0.680D-03 0.788D-15
--
 247  -2636.1159663553    -21251.123276     9755.6917317    0.955D-03 0.712D-15
--
 248  -2636.1159664464    -21251.123276     9755.6917316    0.939D-03 0.695D-15
--
 249  -2636.1159665605    -21251.123276     9755.6917314    0.214D-02 0.695D-15
--
 250  -2636.1159663623    -21251.123276     9755.6917316    0.458D-02 0.695D-15
--
 251  -2636.1159661973    -21251.123275     9755.6917316    0.880D-02 0.695D-15
--
 252  -2636.1159661587    -21251.123275     9755.6917317    0.740D-02 0.695D-15
--
 253  -2636.1159666024    -21251.123276     9755.6917314    0.448D-02 0.550D-14
--
 254  -2636.1159665422    -21251.123276     9755.6917314    0.137D-02 0.349D-14
--
 255  -2636.1159665518    -21251.123276     9755.6917315    0.713D-02 0.221D-14
--
 256  -2636.1159665946    -21251.123276     9755.6917315    0.633D-02 0.179D-14
--
 257  -2636.1159665373    -21251.123276     9755.6917316    0.312D-02 0.158D-14
--
 258  -2636.1159666800    -21251.123276     9755.6917316    0.254D-02 0.144D-14
--
 259  -2636.1159665399    -21251.123276     9755.6917316    0.210D-02 0.135D-14
--
 260  -2636.1159665143    -21251.123276     9755.6917316    0.169D-02 0.129D-14
--
 261  -2636.1159664923    -21251.123276     9755.6917316    0.135D-02 0.123D-14
--
 262  -2636.1159664781    -21251.123276     9755.6917317    0.104D-02 0.116D-14
--
 263  -2636.1159664531    -21251.123276     9755.6917317    0.764D-03 0.108D-14
--
 264  -2636.1159664526    -21251.123276     9755.6917317    0.711D-03 0.101D-14
--
 265  -2636.1159664211    -21251.123276     9755.6917317    0.599D-03 0.925D-15
--
 266  -2636.1159663871    -21251.123276     9755.6917317    0.502D-03 0.823D-15
--
 267  -2636.1159664772    -21251.123276     9755.6917316    0.963D-03 0.733D-15
--
 268  -2636.1159665564    -21251.123276     9755.6917315    0.185D-02 0.695D-15
--
 269  -2636.1159666365    -21251.123276     9755.6917314    0.497D-02 0.695D-15
--
 270  -2636.1159666288    -21251.123276     9755.6917313    0.525D-02 0.695D-15
--
 271  -2636.1159665875    -21251.123275     9755.6917312    0.101D-01 0.695D-15
--
 272  -2636.1159665785    -21251.123275     9755.6917311    0.142D-01 0.695D-15
--
 273  -2636.1159663282    -21251.123275     9755.6917312    0.101D-01 0.695D-15
--
 274  -2636.1159666418    -21251.123275     9755.6917311    0.300D-02 0.550D-14
--
 275  -2636.1159665539    -21251.123275     9755.6917313    0.699D-02 0.350D-14
--
 276  -2636.1159665686    -21251.123276     9755.6917314    0.719D-02 0.230D-14
--
 277  -2636.1159665576    -21251.123276     9755.6917314    0.719D-02 0.177D-14
--
 278  -2636.1159664837    -21251.123276     9755.6917315    0.562D-02 0.155D-14
--
 279  -2636.1159664472    -21251.123276     9755.6917315    0.469D-02 0.142D-14
--
 280  -2636.1159665004    -21251.123276     9755.6917316    0.385D-02 0.133D-14
--
 281  -2636.1159664445    -21251.123276     9755.6917316    0.331D-02 0.126D-14
--
 282  -2636.1159664130    -21251.123276     9755.6917317    0.276D-02 0.121D-14
--
 283  -2636.1159664838    -21251.123276     9755.6917317    0.222D-02 0.116D-14
--
 284  -2636.1159663560    -21251.123276     9755.6917317    0.178D-02 0.113D-14
--
 285  -2636.1159664106    -21251.123276     9755.6917317    0.193D-02 0.105D-14
--
 286  -2636.1159664407    -21251.123276     9755.6917317    0.183D-02 0.955D-15
--
 287  -2636.1159664960    -21251.123276     9755.6917316    0.166D-02 0.880D-15
--
 288  -2636.1159664949    -21251.123276     9755.6917316    0.234D-02 0.749D-15
--
 289  -2636.1159666205    -21251.123276     9755.6917315    0.242D-02 0.695D-15
--
 290  -2636.1159664646    -21251.123276     9755.6917316    0.235D-02 0.694D-15
--
 291  -2636.1159664397    -21251.123276     9755.6917317    0.269D-02 0.694D-15
--
 292  -2636.1159665360    -21251.123276     9755.6917315    0.224D-02 0.695D-15
--
 293  -2636.1159663979    -21251.123276     9755.6917315    0.430D-02 0.696D-15
--
 294  -2636.1159666924    -21251.123276     9755.6917313    0.568D-02 0.694D-15
--
 295  -2636.1159666281    -21251.123276     9755.6917314    0.517D-02 0.550D-14
--
 296  -2636.1159665021    -21251.123276     9755.6917314    0.369D-02 0.349D-14
--
 297  -2636.1159666113    -21251.123276     9755.6917315    0.227D-02 0.256D-14
--
 298  -2636.1159665369    -21251.123276     9755.6917315    0.152D-02 0.201D-14
--
 299  -2636.1159666206    -21251.123276     9755.6917315    0.185D-02 0.160D-14
--
 300  -2636.1159664398    -21251.123276     9755.6917316    0.153D-02 0.141D-14
--
 301  -2636.1159664874    -21251.123276     9755.6917316    0.128D-02 0.129D-14
--
 302  -2636.1159665916    -21251.123276     9755.6917316    0.110D-02 0.121D-14
--
 303  -2636.1159664941    -21251.123276     9755.6917317    0.955D-03 0.115D-14
--
 304  -2636.1159665339    -21251.123276     9755.6917317    0.809D-03 0.109D-14
--
 305  -2636.1159665971    -21251.123276     9755.6917317    0.708D-03 0.105D-14
--
 306  -2636.1159665270    -21251.123276     9755.6917317    0.629D-03 0.100D-14
--
 307  -2636.1159664434    -21251.123276     9755.6917317    0.594D-03 0.941D-15
--
 308  -2636.1159665547    -21251.123276     9755.6917317    0.623D-03 0.878D-15
--
 309  -2636.1159663776    -21251.123276     9755.6917317    0.589D-03 0.832D-15
--
 310  -2636.1159664792    -21251.123276     9755.6917317    0.625D-03 0.761D-15
--
 311  -2636.1159664369    -21251.123276     9755.6917317    0.579D-03 0.709D-15
--
 312  -2636.1159665079    -21251.123276     9755.6917317    0.499D-03 0.695D-15
--
 313  -2636.1159664748    -21251.123276     9755.6917318    0.932D-03 0.741D-15
--
 314  -2636.1159665698    -21251.123276     9755.6917317    0.177D-02 0.696D-15
--
 315  -2636.1159666379    -21251.123276     9755.6917318    0.249D-02 0.695D-15
