$coord
   -0.77912802147534      0.40764399101852     -1.03718514886663  c
    3.80031816024087      0.42346278062980     -1.15082137366495  c
    3.89509425840443      3.28465392871226     -1.12563152295561  c
    1.54108489943847      4.34207095881962     -2.38366214093896  c
   -0.77084447542320      3.28589795219681     -1.05130532639900  c
   -3.09686488957931     -0.64815201490788      0.34450000750349  c
   -3.04196010778875     -3.53086478519726      0.32051969055441  c
   -0.56311931157868     -4.55303476708151      1.35432136075129  c
    1.63403689194648     -3.33287272222024     -0.01967336941129  c
   -2.51024453031205      3.94010210897188     -1.94607218539675  h
   -0.78086178340001      3.97408162011263      0.89255487494173  h
    1.52032055216147      3.79246020773826     -4.37585994049328  h
    1.53288568123773      6.40100303569355     -2.31856053545435  h
    5.60203209697425      3.91328589823502     -2.09431952993031  h
    4.00271152022958      3.94943906955461      0.82517273995850  h
    3.83582522081696     -0.23806084226961     -3.12691885319441  h
    5.45375467507973     -0.36699099730590     -0.21070548005036  h
    3.42565944345264     -3.95317304483460      0.78603472162056  h
    1.61317965340896     -3.92572881740596     -2.01767229708174  h
   -0.46460446794346     -6.59476296520004      1.08605954849176  h
   -0.41978942724130     -4.17508687455339      3.37131311629262  h
   -3.26208149608459     -4.17686936279228     -1.63114600782785  h
   -4.64197343385947     -4.27356134562333      1.38756631270657  h
   -4.75183361269249     -0.03484540334019     -0.73263991102487  h
   -0.86344322044462     -0.24965634144047     -3.01804428788905  h
    1.55752544180599     -0.56710015673562      0.12973303320619  n
   -3.42875483936921      0.46432034586136      2.99035933768223  c
   -4.03798695448823      2.43415712036916      2.82625815441020  h
   -4.94688152905201     -0.55171501636244      3.95091225621182  h
   -1.25010914166281      0.31346279130306      4.55237552935399  o
    0.19605274719797      0.24643364805399      3.42253722689430  h
$user-defined bonds
$redundant
     number_of_atoms            31
     degrees_of_freedom         87
     internal_coordinates       87
     frozen_coordinates          0
# definitions of redundant internals
   1 k  1.0000000000000 stre   5   11           val=   2.06211
   2 k  1.0000000000000 stre   5   10           val=   2.06255
   3 k  0.0261594232036 bend  10   11    5      val=   0.42723
       -0.4874588229680 bend   4   11    5
       -0.5159583323814 bend   4   10    5
        0.5024902546090 bend   1   11    5
        0.4929402841699 bend   1   10    5
   4 k  0.0190323426847 bend  10   11    5      val=   0.53867
        0.5198905314288 bend   4   11    5
       -0.5002526724268 bend   4   10    5
        0.4794371444984 bend   1   11    5
       -0.4992383133011 bend   1   10    5
   5 k  0.9013626203270 bend  10   11    5      val=   1.38504
       -0.2199956572364 bend   4   11    5
       -0.1868828015708 bend   4   10    5
       -0.2290844558544 bend   1   11    5
       -0.2274697079554 bend   1   10    5
   6 k -0.0116030114841 bend  10   11    5      val=   1.37318
       -0.4885166937952 bend   4   11    5
        0.4899434422722 bend   4   10    5
        0.5205101468128 bend   1   11    5
       -0.5002413621917 bend   1   10    5
   7 k  1.0000000000000 stre   4   13           val=   2.05998
   8 k  1.0000000000000 stre   4   12           val=   2.06673
   9 k  0.0010038932189 bend  12   13    4      val=   0.01695
       -0.5034349160189 bend   5   13    4
       -0.4966794502325 bend   5   12    4
        0.5096562140333 bend   3   13    4
        0.4900125965170 bend   3   12    4
  10 k  0.0299534293853 bend  12   13    4      val=   0.46712
       -0.5063704791846 bend   5   13    4
        0.4943068268081 bend   5   12    4
       -0.4988123088221 bend   3   13    4
        0.4995385584886 bend   3   12    4
  11 k  0.8941084490535 bend  12   13    4      val=  -1.44907
       -0.2102067606229 bend   5   13    4
       -0.2354214164642 bend   5   12    4
       -0.2073360587441 bend   3   13    4
       -0.2407731599119 bend   3   12    4
  12 k -0.0030800996476 bend  12   13    4      val=   0.43182
       -0.4912973988086 bend   5   13    4
        0.5076362060830 bend   5   12    4
        0.4954031728057 bend   3   13    4
       -0.5054686514096 bend   3   12    4
  13 k  1.0000000000000 stre   3   14           val=   2.06087
  14 k  1.0000000000000 stre   3   15           val=   2.06377
  15 k  0.0299232410889 bend  15   14    3      val=   0.53106
        0.4958486796725 bend   2   14    3
        0.4993285661888 bend   2   15    3
       -0.5105936481234 bend   4   14    3
       -0.4931569689194 bend   4   15    3
  16 k  0.0152378026398 bend  15   14    3      val=   0.26955
       -0.4972130115293 bend   2   14    3
        0.4837705650498 bend   2   15    3
       -0.5048182383063 bend   4   14    3
        0.5134896466350 bend   4   15    3
  17 k  0.8958604041461 bend  15   14    3      val=  -0.50351
       -0.2320024065136 bend   2   14    3
       -0.2396227322444 bend   2   15    3
       -0.1962145927134 bend   4   14    3
       -0.2183799428822 bend   4   15    3
  18 k -0.0050343215042 bend  15   14    3      val=   0.68578
       -0.5032483701285 bend   2   14    3
        0.5153546752032 bend   2   15    3
        0.4895678585647 bend   4   14    3
       -0.4913741997465 bend   4   15    3
  19 k  1.0000000000000 stre   2   17           val=   2.05973
  20 k  1.0000000000000 stre   2   16           val=   2.08419
  21 k  0.0165577411619 bend  16   17    2      val=   0.47184
        0.4915640012469 bend  26   17    2
        0.5093479546879 bend  26   16    2
       -0.5133356010274 bend   3   17    2
       -0.4849143178530 bend   3   16    2
  22 k -0.0285319965316 bend  16   17    2      val=   0.17341
        0.5245237928600 bend  26   17    2
       -0.4839935411996 bend  26   16    2
        0.4916417573079 bend   3   17    2
       -0.4980957241795 bend   3   16    2
  23 k  0.9024101244595 bend  16   17    2      val=   1.77631
       -0.2135789059767 bend  26   17    2
       -0.2288921394479 bend  26   16    2
       -0.1818139836173 bend   3   17    2
       -0.2336494854584 bend   3   16    2
  24 k -0.0143493015830 bend  16   17    2      val=   1.60483
       -0.4862603819152 bend  26   17    2
        0.5048684106168 bend  26   16    2
        0.5077604405003 bend   3   17    2
       -0.5006317624242 bend   3   16    2
  25 k  1.0000000000000 stre   9   18           val=   2.06006
  26 k  1.0000000000000 stre   9   19           val=   2.08421
  27 k  0.0217109212114 bend  19   18    9      val=   0.55726
        0.4928871470899 bend  26   18    9
        0.5072063079286 bend  26   19    9
       -0.5110729615901 bend   8   18    9
       -0.4879929151769 bend   8   19    9
  28 k -0.0260876199458 bend  19   18    9      val=   0.24063
        0.5199598363527 bend  26   18    9
       -0.4839541475856 bend  26   19    9
        0.4961364956969 bend   8   18    9
       -0.4985961946685 bend   8   19    9
  29 k  0.9020147855191 bend  19   18    9      val=   1.63838
       -0.2161019877192 bend  26   18    9
       -0.2325371006252 bend  26   19    9
       -0.1826231110060 bend   8   18    9
       -0.2285706756519 bend   8   19    9
  30 k -0.0114674855945 bend  19   18    9      val=   1.29422
       -0.4903924286356 bend  26   18    9
        0.5054394883546 bend  26   19    9
        0.5047683013733 bend   8   18    9
       -0.4991228789102 bend   8   19    9
  31 k  1.0000000000000 stre   8   21           val=   2.05710
  32 k  1.0000000000000 stre   8   20           val=   2.06163
  33 k  0.0249054875888 bend  20   21    8      val=   0.45333
        0.5044488916383 bend   9   21    8
        0.4916454083905 bend   9   20    8
       -0.5028323333141 bend   7   21    8
       -0.5003553431265 bend   7   20    8
  34 k  0.0199434240224 bend  20   21    8      val=   0.29451
       -0.4923624641978 bend   9   21    8
        0.4921001775975 bend   9   20    8
       -0.5120968733253 bend   7   21    8
        0.5027680093505 bend   7   20    8
  35 k  0.8958351543403 bend  20   21    8      val=  -0.40346
       -0.2220936980992 bend   9   21    8
       -0.2452029086592 bend   9   20    8
       -0.2012459159219 bend   7   21    8
       -0.2180123400695 bend   7   20    8
  36 k -0.0027760080435 bend  20   21    8      val=   0.37483
        0.5049729381002 bend   9   21    8
       -0.5099777655805 bend   9   20    8
       -0.4872351903835 bend   7   21    8
        0.4975129882036 bend   7   20    8
  37 k  1.0000000000000 stre   7   23           val=   2.06161
  38 k  1.0000000000000 stre   7   22           val=   2.06755
  39 k  0.0127845400499 bend  22   23    7      val=   0.19546
       -0.5136381698322 bend   8   23    7
       -0.4881881265739 bend   8   22    7
        0.5069678855170 bend   6   23    7
        0.4905795574154 bend   6   22    7
  40 k  0.0506841542186 bend  22   23    7      val=   1.08718
       -0.5055637248477 bend   8   23    7
        0.5043870542130 bend   8   22    7
       -0.4996523015811 bend   6   23    7
        0.4876245622365 bend   6   22    7
  41 k  0.9003816188759 bend  22   23    7      val=   1.04440
       -0.1836231552533 bend   8   23    7
       -0.2364364741851 bend   8   22    7
       -0.1999935344372 bend   6   23    7
       -0.2443273564370 bend   6   22    7
  42 k -0.0025473549868 bend  22   23    7      val=   0.31661
        0.4849006783254 bend   8   23    7
       -0.5031972410661 bend   8   22    7
       -0.4939015714207 bend   6   23    7
        0.5174153239650 bend   6   22    7
  43 k  1.0000000000000 stre   6   24           val=   2.06768
  44 k  0.5693388925721 bend   7   24    6      val=   2.08548
       -0.7874806869500 bend  27   24    6
        0.2360665014048 bend   1   24    6
  45 k -0.5866431332281 bend   7   24    6      val=   0.44990
       -0.1879967492992 bend  27   24    6
        0.7877227027891 bend   1   24    6
  46 k  1.0000000000000 stre   1   25           val=   2.08877
  47 k  0.7120954715953 bend  26   25    1      val=   1.15748
       -0.7020820411410 bend   5   25    1
        0.0009202395035 bend   6   25    1
  48 k  0.4063510387176 bend  26   25    1      val=   0.39924
        0.4110770258834 bend   5   25    1
       -0.8160235977740 bend   6   25    1
  49 k  1.0000000000000 stre  27   29           val=   2.06390
  50 k  1.0000000000000 stre  27   28           val=   2.06842
  51 k -0.0108831539885 bend  28   29   27      val=   0.16927
        0.4919993252769 bend  30   29   27
        0.5161684275043 bend  30   28   27
       -0.4936910438699 bend   6   29   27
       -0.4976520155055 bend   6   28   27
  52 k  0.0233583367377 bend  28   29   27      val=   1.01973
        0.5357446182520 bend  30   29   27
       -0.5198380241211 bend  30   28   27
        0.4670453267637 bend   6   29   27
       -0.4733594654645 bend   6   28   27
  53 k  0.9088894202681 bend  28   29   27      val=   3.77033
       -0.2167254935292 bend  30   29   27
       -0.1864816169542 bend  30   28   27
       -0.2182815713988 bend   6   29   27
       -0.2110162181089 bend   6   28   27
  54 k -0.0078439463035 bend  28   29   27      val=   0.84941
       -0.4732445875106 bend  30   29   27
        0.4670282668360 bend  30   28   27
        0.5385321577452 bend   6   29   27
       -0.5175381589301 bend   6   28   27
  55 k  1.0000000000000 tors  31   30   27    6 val=  25.53466
  56 k  1.0000000000000 stre  30   31           val=   1.83641
  57 k  1.0000000000000 bend  27   31   30      val= 106.44613
  58 k  0.7071067811865 tors  30   27    6    1 val=  10.85237
        0.7071067811865 tors  30   27    6    7
  59 k  1.0000000000000 stre  27   30           val=   2.68499
  60 k  1.0000000000000 bend   6   30   27      val= 114.70186
  61 k  1.0000000000000 stre   6   27           val=   2.88935
  62 k  0.7120752341873 bend   7   27    6      val=   0.99931
       -0.7021031696675 bend   1   27    6
  63 k  0.7021031696675 bend   7   27    6      val= 113.04655
        0.7120752341873 bend   1   27    6
  64 k  1.0000000000000 stre   1    5           val=   2.87830
  65 k  1.0000000000000 stre   5    4           val=   2.86979
  66 k  1.0000000000000 stre   4    3           val=   2.87091
  67 k  1.0000000000000 stre   3    2           val=   2.86287
  68 k  1.0000000000000 stre   2   26           val=   2.76607
  69 k -0.2886751345948 bend  26    5    1      val=  -0.57570
       -0.2886751345948 bend   1    4    5
        0.5773502691896 bend   5    3    4
       -0.2886751345948 bend   4    2    3
       -0.2886751345948 bend   3   26    2
        0.5773502691896 bend   2    1   26
  70 k  0.5000000000000 bend  26    5    1      val=  -1.02714
       -0.5000000000000 bend   1    4    5
        0.5000000000000 bend   4    2    3
       -0.5000000000000 bend   3   26    2
  71 k -0.4082482904639 bend  26    5    1      val=   0.18994
        0.4082482904639 bend   1    4    5
       -0.4082482904639 bend   5    3    4
        0.4082482904639 bend   4    2    3
       -0.4082482904639 bend   3   26    2
        0.4082482904639 bend   2    1   26
  72 k -0.2886751345948 tors   1    5    4    3 val=  -0.71054
       -0.2886751345948 tors   5    4    3    2
        0.5773502691896 tors   4    3    2   26
       -0.2886751345948 tors   3    2   26    1
       -0.2886751345948 tors   2   26    1    5
        0.5773502691896 tors  26    1    5    4
  73 k  0.5000000000000 tors   1    5    4    3 val=   0.47394
       -0.5000000000000 tors   5    4    3    2
        0.5000000000000 tors   3    2   26    1
       -0.5000000000000 tors   2   26    1    5
  74 k -0.4082482904639 tors   1    5    4    3 val=  56.82050
        0.4082482904639 tors   5    4    3    2
       -0.4082482904639 tors   4    3    2   26
        0.4082482904639 tors   3    2   26    1
       -0.4082482904639 tors   2   26    1    5
        0.4082482904639 tors  26    1    5    4
  75 k  1.0000000000000 stre   1    6           val=   2.89753
  76 k  1.0000000000000 stre   6    7           val=   2.88334
  77 k  1.0000000000000 stre   7    8           val=   2.87371
  78 k  1.0000000000000 stre   8    9           val=   2.86429
  79 k  1.0000000000000 stre   9   26           val=   2.77086
  80 k -0.2886751345948 bend  26    6    1      val=   0.25155
       -0.2886751345948 bend   1    7    6
        0.5773502691896 bend   6    8    7
       -0.2886751345948 bend   7    9    8
       -0.2886751345948 bend   8   26    9
        0.5773502691896 bend   9    1   26
  81 k  0.5000000000000 bend  26    6    1      val=  -0.64761
       -0.5000000000000 bend   1    7    6
        0.5000000000000 bend   7    9    8
       -0.5000000000000 bend   8   26    9
  82 k -0.4082482904639 bend  26    6    1      val=  -0.59746
        0.4082482904639 bend   1    7    6
       -0.4082482904639 bend   6    8    7
        0.4082482904639 bend   7    9    8
       -0.4082482904639 bend   8   26    9
        0.4082482904639 bend   9    1   26
  83 k -0.2886751345948 tors   1    6    7    8 val=  -0.34164
       -0.2886751345948 tors   6    7    8    9
        0.5773502691896 tors   7    8    9   26
       -0.2886751345948 tors   8    9   26    1
       -0.2886751345948 tors   9   26    1    6
        0.5773502691896 tors  26    1    6    7
  84 k  0.5000000000000 tors   1    6    7    8 val=  -3.66316
       -0.5000000000000 tors   6    7    8    9
        0.5000000000000 tors   8    9   26    1
       -0.5000000000000 tors   9   26    1    6
  85 k -0.4082482904639 tors   1    6    7    8 val= -56.69579
        0.4082482904639 tors   6    7    8    9
       -0.4082482904639 tors   7    8    9   26
        0.4082482904639 tors   8    9   26    1
       -0.4082482904639 tors   9   26    1    6
        0.4082482904639 tors  26    1    6    7
  86 k  0.7071067811865 tors   2   26    1    9 val= 178.09346
        0.7071067811865 tors   5   26    1    6
  87 k  1.0000000000000 stre   1   26           val=   2.78779
        87 non zero eigenvalues  of BmBt
           1           6.568858911    1    0
         1
           2           5.697449690    2    0
         2
           3           5.453201788    3    0
         3
           4           4.508379874    4    0
         4
           5           4.248961758    5    0
         5
           6           4.212487832    6    0
         6
           7           4.119662039    7    0
         7
           8           4.013196725    8    0
         8
           9           3.903523124    9    0
         9
          10           3.880530490   10    0
        10
          11           3.673444058   11    0
        11
          12           3.487709530   12    0
        12
          13           3.386890700   13    0
        13
          14           3.361388142   14    0
        14
          15           3.254213791   15    0
        15
          16           3.229606757   16    0
        16
          17           3.113114672   17    0
        17
          18           3.067645188   18    0
        18
          19           2.863049095   19    0
        19
          20           2.723011166   20    0
        20
          21           2.609178775   21    0
        21
          22           2.361952661   22    0
        22
          23           2.353070418   23    0
        23
          24           2.221212693   24    0
        24
          25           2.185540268   25    0
        25
          26           2.045281231   26    0
        26
          27           1.943253748   27    0
        27
          28           1.844359121   28    0
        28
          29           1.811134572   29    0
        29
          30           1.760048408   30    0
        30
          31           1.553311315   31    0
        31
          32           1.461155208   32    0
        32
          33           1.190278631   33    0
        33
          34           1.121597426   34    0
        34
          35           1.009492788   35    0
        35
          36           0.977754563   36    0
        36
          37           0.815474241   37    0
        37
          38           0.799927111   38    0
        38
          39           0.778895755   39    0
        39
          40           0.763270725   40    0
        40
          41           0.760994668   41    0
        41
          42           0.757155023   42    0
        42
          43           0.752796108   43    0
        43
          44           0.748400468   44    0
        44
          45           0.659483717   45    0
        45
          46           0.638038772   46    0
        46
          47           0.601987115   47    0
        47
          48           0.506474527   48    0
        48
          49           0.461442027   49    0
        49
          50           0.439597535   50    0
        50
          51           0.404198732   51    0
        51
          52           0.404181605   52    0
        52
          53           0.391727216   53    0
        53
          54           0.382481819   54    0
        54
          55           0.365043834   55    0
        55
          56           0.362418274   56    0
        56
          57           0.347351161   57    0
        57
          58           0.343749930   58    0
        58
          59           0.338911943   59    0
        59
          60           0.324335084   60    0
        60
          61           0.308761880   61    0
        61
          62           0.296326296   62    0
        62
          63           0.278436833   63    0
        63
          64           0.273129419   64    0
        64
          65           0.270715719   65    0
        65
          66           0.260723686   66    0
        66
          67           0.258964548   67    0
        67
          68           0.252951064   68    0
        68
          69           0.247968166   69    0
        69
          70           0.241859935   70    0
        70
          71           0.224537156   71    0
        71
          72           0.153281620   72    0
        72
          73           0.146507894   73    0
        73
          74           0.127330093   74    0
        74
          75           0.106840413   75    0
        75
          76           0.095992716   76    0
        76
          77           0.077430615   77    0
        77
          78           0.072708879   78    0
        78
          79           0.063584953   79    0
        79
          80           0.060710555   80    0
        80
          81           0.055077030   81    0
        81
          82           0.047110458   82    0
        82
          83           0.034218608   83    0
        83
          84           0.026675441   84    0
        84
          85           0.025442104   85    0
        85
          86           0.012708585   86    0
        86
          87           0.005821952   87    0
        87
$end
