$coord
   -1.32564843045520     -0.54920675585100      4.54835234195588      c
   -2.23610529099110      0.74766593038693      5.85602359605961      h
    0.66057563577126     -0.05729946699857      4.36117239657629      h
   -1.50054998800076     -2.44078057413225      5.33666084849854      h
   -2.73735569575960     -0.46274977838233      2.06323190280465      c
   -5.02752189779451     -0.80970812998861      1.95463022822927      o
   -1.26622339761264      0.01118067237961      0.01847568610532      n
    0.61732688728305      0.23161231438250      0.26757168808777      h
   -2.31879709496466      0.16968557137836     -2.49437715678850      c
   -4.33129813377097     -0.20125807436751     -2.34491875662283      h
   -2.03675002344076      2.04079140686636     -3.30426842202637      h
   -1.46761515120679     -1.22454100343173     -3.74803128669265      h
    3.85839541245614     -4.44406510678366      1.29710351061588      c
    4.91328741259990     -6.16372200286337      0.90799377637648      h
    2.10342213899541     -4.45640397908203      0.23068302265939      h
    3.36854262818621     -4.39975726695346      3.29443253923416      h
    5.30901711259582     -2.07356989527900      0.66170815809133      c
    4.27876366601853      0.00784401885157      0.55404594196565      o
    7.81622677972258     -2.39258168236977      0.25778303333107      n
    8.52737097469408     -4.14482210570671      0.40283335816370      h
    9.49286396212138     -0.30166401804293     -0.28825056431745      c
    8.33220857101615      1.38172249509428     -0.43909552079751      h
   10.86747824669763     -0.03811197964050      1.21862330336988      h
   10.48495183831477     -0.60398567022873     -2.06297237915592      h
$redundant
     number_of_atoms            24
     degrees_of_freedom         66
     internal_coordinates       66
     frozen_coordinates          0
# definitions of redundant internals
   1 k  1.0000000000000 stre    7    8           val=   1.91269
   2 k  1.0000000000000 stre    8   18           val=   3.67944
   3 k  1.0000000000000 linc   18    7    8    5 val=  -0.16626
   4 k  1.0000000000000 linp   18    7    8    5 val= -10.46425
   5 k  1.0000000000000 tors    2    1    5    7 val= 124.81422
        1.0000000000000 tors    3    1    5    7
        1.0000000000000 tors    4    1    5    7
   6 k  1.0000000000000 stre    1    2           val=   2.05446
   7 k  1.0000000000000 stre    1    3           val=   2.05477
   8 k  1.0000000000000 stre    1    4           val=   2.05671
   9 k  0.4509443838208 bend    3    2    1      val=   0.43803
        0.3160139403069 bend    4    2    1
        0.4583007186699 bend    4    3    1
       -0.4196431886676 bend    5    2    1
       -0.3706898255156 bend    5    3    1
       -0.4162132277607 bend    5    4    1
  10 k -0.2517439386056 bend    3    2    1      val=   2.00368
        0.7318734432549 bend    4    2    1
       -0.3021131916612 bend    4    3    1
        0.2079762518817 bend    5    2    1
       -0.4861472368097 bend    5    3    1
        0.1735529160034 bend    5    4    1
  11 k  0.6737172946560 bend    3    2    1      val=   0.02715
       -0.0329296288846 bend    4    2    1
       -0.6398820468287 bend    4    3    1
        0.2536647019946 bend    5    2    1
        0.0125509911178 bend    5    3    1
       -0.2665863915379 bend    5    4    1
  12 k  0.1871802419355 bend    3    2    1      val=  -0.64167
       -0.4628914139084 bend    4    2    1
        0.2405077062044 bend    4    3    1
        0.4008075340757 bend    5    2    1
       -0.6635901281341 bend    5    3    1
        0.3030719414368 bend    5    4    1
  13 k -0.2730973702223 bend    3    2    1      val=   0.04771
        0.0295914430638 bend    4    2    1
        0.2455732246209 bend    4    3    1
        0.6261230274044 bend    5    2    1
        0.0567359416447 bend    5    3    1
       -0.6848262200763 bend    5    4    1
  14 k  1.0000000000000 stre    5    6           val=   2.31884
  15 k  0.7071075758057 bend    7    6    5      val=   1.13669
       -0.7071059865665 bend    1    6    5
  16 k  1.0000000000000 outp    6    1    7    5 val=  -0.23731
  17 k  1.0000000000000 tors   10    9    7    5 val=  87.98835
        1.0000000000000 tors   10    9    7    8
        1.0000000000000 tors   11    9    7    5
        1.0000000000000 tors   11    9    7    8
        1.0000000000000 tors   12    9    7    5
        1.0000000000000 tors   12    9    7    8
  18 k  1.0000000000000 stre    9   10           val=   2.05185
  19 k  1.0000000000000 stre    9   11           val=   2.05828
  20 k  1.0000000000000 stre    9   12           val=   2.05913
  21 k  0.3991971573556 bend   11   10    9      val=   0.48355
        0.3989046994547 bend   12   10    9
        0.4371647849125 bend   12   11    9
       -0.4088212758140 bend    7   10    9
       -0.4022268571518 bend    7   11    9
       -0.4018486543116 bend    7   12    9
  22 k -0.5552241488606 bend   11   10    9      val=   0.12979
        0.6168569675543 bend   12   10    9
       -0.0567380392401 bend   12   11    9
        0.0393214454914 bend    7   10    9
       -0.4111946964886 bend    7   11    9
        0.3706307684327 bend    7   12    9
  23 k  0.4171917355061 bend   11   10    9      val=   1.32668
        0.3091258051012 bend   12   10    9
       -0.6710479889004 bend   12   11    9
        0.4254283616050 bend    7   10    9
       -0.1915067152484 bend    7   11    9
       -0.2498455046534 bend    7   12    9
  24 k  0.1546298327435 bend   11   10    9      val=   1.54808
        0.2848282465531 bend   12   10    9
       -0.4219128282093 bend   12   11    9
       -0.6865646412539 bend    7   10    9
        0.4311975037017 bend    7   11    9
        0.2442329960611 bend    7   12    9
  25 k  0.4192664470340 bend   11   10    9      val=   0.24552
       -0.3537768125530 bend   12   10    9
       -0.0635146061827 bend   12   11    9
       -0.1154015145140 bend    7   10    9
       -0.5239735931120 bend    7   11    9
        0.6380890786261 bend    7   12    9
  26 k  1.0000000000000 tors   15   13   17   18 val=  76.16621
        1.0000000000000 tors   15   13   17   19
        1.0000000000000 tors   14   13   17   18
        1.0000000000000 tors   14   13   17   19
        1.0000000000000 tors   16   13   17   18
        1.0000000000000 tors   16   13   17   19
  27 k  1.0000000000000 stre   13   15           val=   2.05362
  28 k  1.0000000000000 stre   13   14           val=   2.05461
  29 k  1.0000000000000 stre   13   16           val=   2.05700
  30 k  0.4611155734002 bend   14   15   13      val=   0.66176
        0.3354441884985 bend   16   15   13
        0.4369688623991 bend   16   14   13
       -0.4102064383556 bend   17   15   13
       -0.3774431281770 bend   17   14   13
       -0.4161432452746 bend   17   16   13
  31 k -0.2568196772474 bend   14   15   13      val=   1.87010
        0.7210524330110 bend   16   15   13
       -0.3180558622231 bend   16   14   13
        0.2224109043100 bend   17   15   13
       -0.4808794012178 bend   17   14   13
        0.1795992813500 bend   17   16   13
  32 k -0.6210984183554 bend   14   15   13      val=   0.38364
        0.0476384128112 bend   16   15   13
        0.6068621290660 bend   16   14   13
       -0.3452628676330 bend   17   15   13
       -0.0265349920447 bend   17   14   13
        0.3518169113016 bend   17   16   13
  33 k  0.1166717316042 bend   14   15   13      val=  -0.87028
       -0.4509394810552 bend   16   15   13
        0.3036120245145 bend   16   14   13
        0.4946935379213 bend   17   15   13
       -0.6431441480855 bend   17   14   13
        0.1802912598064 bend   17   16   13
  34 k  0.3896941922297 bend   14   15   13      val=   0.00799
       -0.1180538138570 bend   16   15   13
       -0.2832250559419 bend   16   14   13
       -0.5003301227336 bend   17   15   13
       -0.1720715286649 bend   17   14   13
        0.6885103184203 bend   17   16   13
  35 k  1.0000000000000 stre   19   20           val=   1.89661
  36 k  0.7071180759567 bend   17   20   19      val=  -0.69449
       -0.7070954862360 bend   21   20   19
  37 k  1.0000000000000 outp   20   21   17   19 val=   1.79182
  38 k  1.0000000000000 tors   22   21   19   17 val= 115.57392
        1.0000000000000 tors   24   21   19   17
        1.0000000000000 tors   23   21   19   17
  39 k  1.0000000000000 stre   21   22           val=   2.05028
  40 k  1.0000000000000 stre   21   24           val=   2.05555
  41 k  1.0000000000000 stre   21   23           val=   2.05662
  42 k  0.3901368201747 bend   24   22   21      val=   0.22898
        0.3887472371992 bend   23   22   21
        0.4496633207990 bend   23   24   21
       -0.4161819415204 bend   19   22   21
       -0.4002387687755 bend   19   24   21
       -0.4013393384200 bend   19   23   21
  43 k  0.3091618082753 bend   24   22   21      val=   1.44345
        0.4365949609868 bend   23   22   21
       -0.6640933057980 bend   23   24   21
        0.4114863030376 bend   19   22   21
       -0.2633174462833 bend   19   24   21
       -0.1847345187951 bend   19   23   21
  44 k  0.6812475947623 bend   24   22   21      val=   0.30696
       -0.5974548346070 bend   23   22   21
       -0.0755463761880 bend   23   24   21
        0.0356845834216 bend   19   22   21
        0.2739483039215 bend   19   24   21
       -0.3113215661735 bend   19   23   21
  45 k  0.1874463779692 bend   24   22   21      val=   1.32288
        0.2502289616749 bend   23   22   21
       -0.4179255760007 bend   23   24   21
       -0.6997963337768 bend   19   22   21
        0.3893296094344 bend   19   24   21
        0.2937602449278 bend   19   23   21
  46 k  0.3065623020984 bend   24   22   21      val=   0.31312
       -0.2805797814464 bend   23   22   21
       -0.0244908081481 bend   23   24   21
       -0.0614147080070 bend   19   22   21
       -0.6103311412385 bend   19   24   21
        0.6711325302552 bend   19   23   21
  47 k  1.0000000000000 tors    1    5    7    8 val=   1.25655
  48 k  1.0000000000000 stre    5    1           val=   2.85941
  49 k  1.0000000000000 bend    7    1    5      val= 114.55393
  50 k  1.0000000000000 stre    7    9           val=   2.72900
  51 k  0.7113507473942 bend    5    9    7      val=   1.75332
       -0.7028371889575 bend    8    9    7
  52 k  1.0000000000000 outp    9    8    5    7 val=   0.78744
  53 k  1.0000000000000 stre   17   13           val=   2.85084
  54 k  0.7071224051814 bend   18   13   17      val=   3.24691
       -0.7070911568465 bend   19   13   17
  55 k  1.0000000000000 outp   13   19   18   17 val=   0.84668
  56 k  1.0000000000000 tors   21   19   17   18 val=   1.14707
  57 k  1.0000000000000 stre   19   21           val=   2.73518
  58 k  1.0000000000000 bend   17   21   19      val= 122.45874
  59 k  1.0000000000000 tors    5    7   18   17 val=  77.47430
  60 k  1.0000000000000 stre    7    5           val=   2.56318
  61 k  1.0000000000000 bend    8    5    7      val= 118.85667
  62 k  1.0000000000000 tors   19   17   18    8 val= 163.83601
  63 k  1.0000000000000 stre   17   19           val=   2.55950
  64 k  1.0000000000000 bend   18   19   17      val= 122.57181
  65 k  1.0000000000000 stre   18   17           val=   2.32493
  66 k  1.0000000000000 bend    8   17   18      val= 119.93497
        66 non zero eigenvalues  of BmBt
           1           8.567172579    1    0
         1
           2           7.494818751    2    0
         2
           3           4.352411408    3    0
         3
           4           4.307521173    4    0
         4
           5           4.204928039    5    0
         5
           6           4.080364463    6    0
         6
           7           3.592999230    7    0
         7
           8           3.563636630    8    0
         8
           9           3.495753390    9    0
         9
          10           3.480622375   10    0
        10
          11           3.446299394   11    0
        11
          12           3.426413224   12    0
        12
          13           3.072661828   13    0
        13
          14           2.927063545   14    0
        14
          15           2.879744234   15    0
        15
          16           2.858897960   16    0
        16
          17           2.691131471   17    0
        17
          18           2.553255008   18    0
        18
          19           2.428138015   19    0
        19
          20           2.406607352   20    0
        20
          21           2.165097574   21    0
        21
          22           2.147971474   22    0
        22
          23           1.703225543   23    0
        23
          24           1.637117597   24    0
        24
          25           1.355978468   25    0
        25
          26           0.911756340   26    0
        26
          27           0.891931409   27    0
        27
          28           0.885966361   28    0
        28
          29           0.883053070   29    0
        29
          30           0.733227974   30    0
        30
          31           0.715519281   31    0
        31
          32           0.709247926   32    0
        32
          33           0.708025427   33    0
        33
          34           0.704967720   34    0
        34
          35           0.704675616   35    0
        35
          36           0.703168413   36    0
        36
          37           0.702239911   37    0
        37
          38           0.695821862   38    0
        38
          39           0.693695631   39    0
        39
          40           0.622253007   40    0
        40
          41           0.545575253   41    0
        41
          42           0.532736127   42    0
        42
          43           0.473808740   43    0
        43
          44           0.435570107   44    0
        44
          45           0.362105745   45    0
        45
          46           0.345634553   46    0
        46
          47           0.336670887   47    0
        47
          48           0.319408571   48    0
        48
          49           0.311852515   49    0
        49
          50           0.301346462   50    0
        50
          51           0.287205238   51    0
        51
          52           0.280462731   52    0
        52
          53           0.272260071   53    0
        53
          54           0.241678180   54    0
        54
          55           0.145921752   55    0
        55
          56           0.132079519   56    0
        56
          57           0.102497987   57    0
        57
          58           0.083692603   58    0
        58
          59           0.074716855   59    0
        59
          60           0.045773714   60    0
        60
          61           0.031004335   61    0
        61
          62           0.024265173   62    0
        62
          63           0.014867618   63    0
        63
          64           0.006434366   64    0
        64
          65           0.006196118   65    0
        65
          66           0.003640408   66    0
        66
$user-defined bonds
$end
