$energy      SCF               SCFKIN            SCFPOT            RIRPA
     1 -290.4213303276      0.00000000      0.00000000     -2.789751390298
     2 -290.4236011674      0.00000000      0.00000000     -2.788535850223
     3 -290.4250568052      0.00000000      0.00000000     -2.787066463254
     4 -290.4245965237      0.00000000      0.00000000     -2.787659025106
     5 -290.4245906261      0.00000000      0.00000000     -2.787666136196
     6 -290.4246177199      0.00000000      0.00000000     -2.787639676289
     7 -290.4246211758      0.00000000      0.00000000     -2.787635977588
     8 -290.4246228154      0.00000000      0.00000000     -2.787634465918
     9 -290.4246224036      0.00000000      0.00000000     -2.787634839048
    10 -290.4246213782      0.00000000      0.00000000     -2.787635876358
$end
