$hessapprox internal
  0.749897283691D-02  0.299444818399D-03  0.417995933124D+00 -0.249244973068D-03
 -0.410359020376D-02  0.416831345815D+00  0.937834458155D-04 -0.422412663643D-02
 -0.455081118818D-02  0.413584575864D+00  0.427072812831D-03  0.537515898623D-03
 -0.268989393403D-03 -0.843691560586D-04  0.325177594810D+00 -0.599907060667D-03
  0.611157040566D-03 -0.364613439375D-03  0.176748883958D-02  0.321792212861D-02
  0.308430203761D+00  0.235858466118D-03  0.129330928408D-03 -0.339785861621D-04
 -0.150351270388D-03 -0.978028150005D-04  0.208199611002D-02  0.317770817866D+00
  0.116015618544D-02 -0.904382684713D-04  0.361723733658D-03 -0.178503363653D-02
 -0.259433078332D-02  0.138581816130D-01 -0.207463238916D-02  0.314943645604D+00
 -0.615769465642D-03 -0.101730506553D-02  0.848533917732D-04 -0.472409561754D-03
 -0.147112498157D-02 -0.472394125088D-03 -0.464480386545D-03 -0.191384670670D-03
  0.334644020712D+00  0.179153879745D-04 -0.406770602300D-02 -0.421142587406D-02
 -0.463187059178D-02  0.108795165227D-03 -0.454642932633D-03  0.892154345750D-04
  0.401583331223D-03  0.983711709782D-04  0.417620905918D+00 -0.105702240488D-02
 -0.580036937812D-02 -0.512936706935D-02 -0.540219525837D-02 -0.172731564119D-02
  0.268336324397D-04 -0.332794187796D-03  0.251644061256D-03  0.348197363796D-03
 -0.477748724229D-02  0.394168444448D+00  0.127467946093D-02 -0.274484262684D-03
 -0.561775243876D-03 -0.147066587032D-02 -0.261642901097D-02  0.180029471710D-01
 -0.207869831919D-02 -0.186589493375D-01 -0.244688354633D-02 -0.415179866593D-03
 -0.266076128777D-02  0.318198973886D+00 -0.197347557274D-02 -0.252432348322D-02
 -0.119444215276D-02 -0.378745961703D-03 -0.163136535110D-02 -0.498092255528D-02
  0.188695592747D-03  0.581381266890D-02  0.921058740679D-03 -0.167322687940D-02
 -0.297504625659D-02  0.376949051591D-02  0.334470176247D+00  0.214258988371D-04
  0.372319516375D-04  0.552891548411D-03 -0.380090246119D-03 -0.108492156124D-02
  0.156125901745D-02 -0.603459096513D-03 -0.233409591363D-02  0.991654684899D-03
  0.660626342890D-03  0.792171086919D-03 -0.471999704802D-02  0.134681883930D-02
  0.316967577376D+00  0.580473942922D-03 -0.903734310408D-04  0.960373910677D-04
 -0.116966698331D-02 -0.765125184390D-03  0.505716908566D-02 -0.766799723815D-03
 -0.594659386649D-02  0.122126020201D-03  0.377800373562D-03  0.388517381388D-03
 -0.774104427249D-02  0.251623121122D-02 -0.527161287390D-03  0.335890551132D+00
  0.231360532852D-03 -0.367695854913D-02 -0.407747837104D-02 -0.462294449473D-02
 -0.115193507259D-03  0.552996472364D-03 -0.183283102839D-03 -0.762821275132D-03
  0.176680486753D-03 -0.330093510714D-02 -0.479380877646D-02 -0.203111943292D-02
 -0.131444402658D-02  0.742044956728D-03 -0.246926744937D-03  0.417803702357D+00
 -0.830145790769D-03 -0.529052320223D-02 -0.517817200716D-02 -0.524040570493D-02
 -0.135817271160D-02  0.848241537830D-03 -0.254187681994D-03 -0.192992247972D-03
 -0.448302719916D-03 -0.520401123703D-02 -0.817945761177D-02 -0.249918773139D-02
 -0.359602623877D-02  0.269149343963D-03  0.802524094567D-04 -0.507990140905D-02
  0.393325863174D+00  0.111570082375D-02 -0.540274372785D-03 -0.713774443683D-03
 -0.144527797301D-02 -0.231914581220D-02  0.173075298046D-01 -0.179551799883D-02
 -0.176973636973D-01 -0.275799064270D-02 -0.346260045407D-03 -0.286998506236D-02
 -0.179841821107D-01  0.321931743768D-02 -0.496400348112D-02 -0.721356468662D-02
 -0.247396688498D-02 -0.271919072699D-02  0.321793412657D+00 -0.171164149751D-02
 -0.203893524676D-02 -0.120566098782D-02 -0.232417275523D-03 -0.109144600627D-02
 -0.419979658546D-02  0.358670372815D-03  0.537510713989D-02  0.589396537761D-04
 -0.201246219546D-02 -0.339155658885D-02  0.428479629678D-02 -0.375871237477D-02
  0.675186444159D-03  0.223275008362D-02 -0.178972769047D-02 -0.348435604733D-02
  0.401382577067D-02  0.334432569751D+00  0.181499745849D-03  0.389157516020D-03
  0.558073951531D-03 -0.296635625068D-03 -0.997147909339D-03  0.222580759632D-02
 -0.655218978199D-03 -0.285637949541D-02  0.646915570341D-03  0.394786517385D-03
  0.422436936972D-03 -0.512997711841D-02  0.110447205638D-02  0.440400556782D-03
 -0.847393778625D-03  0.736849974184D-03  0.179615171614D-03 -0.557056542670D-02
  0.622340816535D-03  0.316788146709D+00  0.889329345773D-03  0.524774967867D-03
  0.165160615342D-03 -0.105423060420D-02 -0.697389487715D-03  0.638035170996D-02
 -0.924729758702D-03 -0.715288558070D-02 -0.330794076155D-03 -0.239986457473D-04
 -0.401240119992D-04 -0.886636416966D-02  0.242962797511D-02 -0.821051171750D-03
 -0.250015373875D-02 -0.169466710040D-03  0.840888205409D-04 -0.872244002623D-02
  0.237835872990D-02 -0.769335438561D-03  0.335129081764D+00 -0.125333780135D-03
 -0.127480919591D-03 -0.230884551913D-03 -0.131271485916D-05  0.183848981257D-03
 -0.139632628367D-02  0.219874929113D-03  0.172349231296D-02 -0.466503415638D-04
  0.363723676273D-03 -0.582743196185D-03  0.143998270227D-02 -0.163302491748D-02
  0.405715805758D-03  0.932928963698D-03  0.415224687443D-03 -0.759739915510D-03
  0.134365368489D-02 -0.175111555451D-02  0.325895695830D-03  0.865575761389D-03
  0.739306377816D-02 -0.187845008273D-04 -0.382337083543D-02 -0.408453070537D-02
 -0.446667076057D-02  0.167778810943D-03 -0.626991766402D-03  0.118081020560D-03
  0.693699426970D-03 -0.562311648094D-04 -0.348787002940D-02 -0.489016326803D-02
 -0.421714495589D-04 -0.173680322875D-02  0.621472521241D-03  0.423098779749D-03
 -0.348946565821D-02 -0.505339700741D-02 -0.785338587076D-04 -0.183522383452D-02
  0.530723054223D-03  0.317129176007D-03  0.104724008822D-03  0.417437018618D+00
 -0.230074775426D-03 -0.403088872676D-02 -0.415357420475D-02 -0.450952238099D-02
 -0.223912358983D-03 -0.284380092267D-03 -0.231250050101D-04  0.357109875415D-03
 -0.351847163477D-04 -0.428282771572D-02 -0.527222068513D-02 -0.491462283767D-03
 -0.135353547605D-02  0.488989472378D-03  0.722899097653D-04 -0.409842243413D-02
 -0.524759439161D-02 -0.676120269590D-03 -0.130035424756D-02  0.544579538190D-03
  0.226780879831D-03 -0.272853162261D-03 -0.411934378902D-02  0.416810315055D+00
  0.802231816621D-04 -0.446460849880D-02 -0.452190916181D-02 -0.491638263981D-02
 -0.196286118550D-03  0.163052065213D-02 -0.179245319391D-03 -0.192068701121D-02
 -0.113210701807D-03 -0.445284648187D-02 -0.491988856689D-02 -0.173307071682D-02
  0.246457874990D-03 -0.234282748142D-03 -0.119720307783D-02 -0.464718386832D-02
 -0.495641528304D-02 -0.155174497469D-02  0.243955790802D-03 -0.310301025457D-03
 -0.136474940525D-02  0.156119441956D-03 -0.438853765791D-02 -0.451566336892D-02
  0.413324381249D+00  0.119198207083D-03 -0.113273004804D-03 -0.252263006382D-03
 -0.269308959279D-03 -0.223681696953D-03  0.206915626627D-02 -0.134057703128D-03
 -0.181729685688D-02 -0.598718944693D-03  0.607895852393D-03 -0.102608572434D-02
 -0.248103435576D-02 -0.109384178685D-02 -0.493859021438D-03 -0.268556301844D-03
  0.147245619279D-03 -0.126064972488D-02 -0.209671307078D-02 -0.112230669560D-02
 -0.763330033536D-03 -0.760302191898D-03  0.355625715544D-03  0.340001870706D-03
 -0.299516589892D-03 -0.117883989650D-03  0.325123885223D+00 -0.973830503033D-03
 -0.225012478349D-03 -0.361653156446D-03  0.150664446657D-02  0.279337160308D-02
 -0.135515292220D-01  0.207364638526D-02  0.148699120128D-01  0.577293799161D-03
  0.157389496442D-03  0.915619618283D-03  0.183237084212D-01 -0.429482887745D-02
  0.225300766235D-02  0.569461211145D-02  0.787083610507D-03  0.100271848835D-02
  0.178268465778D-01 -0.415899965564D-02  0.244983408008D-02  0.626914636154D-02
 -0.117820491139D-02 -0.423427680823D-03 -0.399401143766D-03  0.172123466450D-02
  0.253159050651D-02  0.306607832340D+00  0.169355268102D-03  0.485333750568D-04
 -0.347376643857D-05 -0.133701544988D-03 -0.180434259899D-03  0.188877845394D-02
 -0.181324709096D-03 -0.193231769816D-02 -0.312460829736D-03  0.203742849797D-03
 -0.209560559931D-03 -0.208864894780D-02  0.252108763114D-03 -0.490355819193D-03
 -0.665830371696D-03 -0.764425326647D-04 -0.244779447246D-03 -0.182648625038D-02
  0.294524625740D-03 -0.595418973062D-03 -0.900630300746D-03  0.241687757865D-03
  0.174512302330D-03 -0.679583262013D-05 -0.133276249783D-03 -0.882183629606D-04
  0.202915546982D-02  0.317765015962D+00  0.140786938174D-02  0.478008129367D-03
  0.369789043656D-03 -0.158587615650D-02 -0.225990590003D-02  0.148083690179D-01
 -0.204005560872D-02 -0.162846289584D-01 -0.938544466570D-03  0.116026317618D-04
 -0.319659345467D-03 -0.187271399742D-01  0.534742368950D-02 -0.284094147414D-02
 -0.633846258129D-02 -0.955540722305D-03 -0.261881696353D-03 -0.178374004456D-01
  0.537802511556D-02 -0.306493776070D-02 -0.707796967611D-02  0.157415306977D-02
  0.573803303978D-03  0.443556217392D-03 -0.195237006715D-02 -0.207958176616D-02
  0.150774599559D-01 -0.200009683345D-02  0.314201734732D+00 -0.183678413595D-03
 -0.136817787811D-03  0.773055150981D-04 -0.231187675562D-03 -0.959630560570D-03
  0.120512469464D-02 -0.431373044866D-03 -0.139784419443D-02  0.314503024953D-03
 -0.554447544606D-03 -0.538504545881D-03 -0.277554281511D-02  0.314486025287D-03
  0.162831298409D-03 -0.611629745881D-03 -0.183950777798D-03 -0.528831213137D-03
 -0.317877371664D-02  0.211716319841D-03  0.288628535359D-03 -0.335797090815D-03
 -0.250107091547D-03 -0.269801249612D-03  0.817856297466D-04 -0.230872130529D-03
 -0.103847539492D-02  0.107818345304D-02 -0.449133337866D-03 -0.135171466611D-02
  0.333562499349D+00  0.580516649807D-03 -0.276187180724D-02 -0.430948674516D-02
 -0.417596812166D-02  0.985093744327D-03  0.164877104127D-02  0.246328260816D-03
 -0.775271061780D-03 -0.184952154236D-02 -0.418682606150D-02 -0.644712974469D-02
 -0.125027922936D-03 -0.317630038667D-02 -0.617919712077D-03 -0.444790532671D-03
 -0.391813534619D-02 -0.560182564129D-02 -0.181342402147D-03 -0.226718065491D-02
 -0.154761056832D-03  0.295197004890D-03 -0.790822013044D-04 -0.388864102028D-02
 -0.419180188562D-02 -0.452873713508D-02 -0.227325423769D-04  0.405098699110D-03
  0.899711226168D-04  0.945834569950D-04 -0.491390701379D-03  0.418670541396D+00
 -0.913681164328D-03 -0.546694513976D-02 -0.519805792994D-02 -0.524540486252D-02
 -0.123384116959D-02  0.391441647406D-03 -0.124884535304D-03  0.283563983483D-03
 -0.444253752423D-03 -0.506878370590D-02 -0.801139135243D-02 -0.176817095488D-02
 -0.357677859581D-02  0.223425328733D-03  0.349591093809D-03 -0.524748519521D-02
 -0.825873766994D-02 -0.169556953760D-02 -0.340794045604D-02 -0.134547104064D-04
  0.758479362944D-04 -0.746253249465D-03 -0.500786451859D-02 -0.529387818333D-02
 -0.485903757051D-02 -0.994333795596D-03  0.766860340033D-03 -0.108173390415D-03
  0.961904899084D-04 -0.705298666455D-03 -0.572553067242D-02  0.393662577268D+00
  0.800819615911D-03 -0.134926462943D-02 -0.508416551565D-03 -0.182254256908D-02
 -0.322986182435D-02  0.161302228874D-01 -0.213419472200D-02 -0.174659871674D-01
 -0.964551594453D-03  0.427095138004D-03 -0.136244150777D-02 -0.193461079938D-01
  0.484828387942D-02 -0.374537719289D-02 -0.696501418121D-02 -0.163811977096D-02
 -0.219618418324D-02 -0.176077147204D-01  0.444711363077D-02 -0.476479020318D-02
 -0.905951162929D-02  0.176265906512D-02  0.263851559761D-03 -0.593352207693D-03
 -0.163184011690D-02 -0.190005014763D-02  0.179422383008D-01 -0.193896316001D-02
 -0.185345056284D-01 -0.288220283035D-02 -0.178601368580D-02 -0.120394812943D-02
  0.320542387547D+00 -0.202329489500D-02 -0.271679479722D-02 -0.114991152517D-02
 -0.441364402403D-03 -0.161230197547D-02 -0.529217298275D-02  0.239318903971D-03
  0.597640348025D-02  0.112790379516D-02 -0.145980618672D-02 -0.253902455786D-02
  0.402257533598D-02 -0.298892499647D-02  0.139531216873D-02  0.264361762436D-02
 -0.137602700284D-02 -0.332113303759D-02  0.371527867203D-02 -0.340631084051D-02
  0.984526236590D-03  0.224752210950D-02 -0.152791282627D-02 -0.163090731751D-02
 -0.134086555144D-02  0.289916338688D-03 -0.844081099300D-03 -0.428792333481D-02
  0.329949112039D-03  0.531551131532D-02  0.213894416340D-03 -0.340646888533D-02
 -0.315839033366D-02  0.549813936074D-02  0.335444044140D+00  0.259604364867D-03
  0.597460351576D-03  0.473177310083D-03 -0.176127792256D-03 -0.628383785871D-03
  0.243403283261D-02 -0.483210638582D-03 -0.272843208224D-02  0.272618243843D-04
  0.169000786492D-03 -0.415253412804D-04 -0.434585680248D-02  0.537912068549D-03
  0.510108847226D-05 -0.823229763380D-03  0.372181603861D-03  0.295423702450D-04
 -0.456044427975D-02  0.499989153547D-03  0.113065743433D-03 -0.646838668497D-03
  0.182757859237D-03  0.421639090257D-03  0.491849842240D-03 -0.249936254763D-03
 -0.728852740481D-03  0.229064083740D-02 -0.501658820759D-03 -0.265784667290D-02
  0.125201948197D-03  0.352855771447D-03 -0.878355105106D-04 -0.450819345872D-02
  0.420789307838D-03  0.316386524327D+00  0.100775674641D-02  0.939545837813D-03
  0.180681395129D-04 -0.772830453457D-03  0.423381654125D-04  0.652889219840D-02
 -0.565516128959D-03 -0.662410704914D-02 -0.150429723079D-02 -0.435117444678D-03
 -0.920165298267D-03 -0.708026297753D-02  0.123347725668D-02 -0.159702072331D-02
 -0.232326399589D-02 -0.819154007363D-03 -0.200097962234D-03 -0.653060397458D-02
  0.202116409135D-02 -0.137123179977D-02 -0.218283976010D-02  0.560724786376D-03
  0.121283780145D-03  0.140657498102D-03 -0.120020187385D-02 -0.661013541060D-03
  0.570848588860D-02 -0.687574443187D-03 -0.601211388212D-02 -0.631754800628D-03
  0.128198013457D-02 -0.747660478599D-04 -0.828635018965D-02  0.105330576730D-02
 -0.700446302445D-03  0.336916329121D+00 -0.873311594222D-04 -0.896032178032D-04
 -0.170692389093D-03 -0.403208319367D-04  0.895277515494D-05 -0.114470116203D-02
  0.911922418355D-04  0.132307876316D-02  0.157292925404D-03  0.386729006532D-03
 -0.442803322713D-03  0.729627134500D-03 -0.134229834493D-02  0.543955515761D-03
  0.735794848681D-03  0.611277034094D-03 -0.677998699978D-03  0.438310259891D-03
 -0.162912456595D-02  0.503582716600D-03  0.758399500578D-03  0.467230569766D-04
  0.138053021228D-03 -0.209023612244D-03  0.815720715736D-04  0.221514178289D-03
 -0.911601695987D-03  0.134644375076D-03  0.113958153545D-02 -0.110459736528D-03
 -0.162723976581D-03 -0.763484817132D-03  0.109669253102D-02 -0.130893253485D-02
  0.238309248021D-03  0.231893645811D-03  0.759988535756D-02  0.633283879190D-04
 -0.373228209982D-02 -0.399070937732D-02 -0.453559913039D-02 -0.433081851758D-04
 -0.242661246538D-03 -0.543191160155D-04  0.972474887405D-04  0.202944447118D-03
 -0.348070151253D-02 -0.468245972761D-02 -0.104111397011D-02 -0.130334227265D-02
  0.799473322819D-03  0.125849759263D-03 -0.324474265070D-02 -0.489054179061D-02
 -0.133589726734D-02 -0.159440299400D-02  0.778430714744D-03  0.164201640922D-03
  0.194817755637D-03 -0.357577616230D-02 -0.401671382493D-02 -0.451210321046D-02
  0.146768519806D-03 -0.609653121968D-04  0.209791609910D-04 -0.409449720117D-04
 -0.496611157058D-04 -0.394805958786D-02 -0.498287570390D-02 -0.733245525630D-03
 -0.130480084473D-02  0.526019514660D-03 -0.290890015349D-03  0.329310163795D-03
  0.417659177102D+00 -0.235092545722D-03 -0.408575849620D-02 -0.416013020943D-02
 -0.453335277502D-02 -0.184878827380D-03 -0.341517895401D-03  0.912563561318D-05
  0.396100325208D-03 -0.320509047435D-04 -0.425010316000D-02 -0.518959684948D-02
 -0.348595540145D-03 -0.126488653009D-02  0.452881444361D-03  0.979473786072D-04
 -0.417435576067D-02 -0.518362930846D-02 -0.426045758929D-03 -0.118413250625D-02
  0.461466266446D-03  0.158961634343D-03 -0.251285131014D-03 -0.410886390013D-02
 -0.417249936434D-02 -0.450778345527D-02 -0.220599603828D-03 -0.389866840135D-03
  0.244722009440D-04  0.447474200057D-03  0.324725957477D-04 -0.422654334198D-02
 -0.517296886179D-02 -0.375112741712D-03 -0.120787636767D-02  0.442792615645D-03
  0.134866545943D-03 -0.225512848668D-03 -0.405796049625D-02  0.416802085619D+00
  0.859000487023D-04 -0.444465443180D-02 -0.449461933351D-02 -0.491686934237D-02
 -0.255124089462D-03  0.167210452499D-02 -0.221780464733D-03 -0.200785515469D-02
 -0.362209134519D-04 -0.443904849859D-02 -0.486920768281D-02 -0.194241300350D-02
  0.326152096142D-03 -0.169689994778D-03 -0.123846431754D-02 -0.456042594033D-02
 -0.492884734234D-02 -0.184220847638D-02  0.256427731297D-03 -0.228813594126D-03
 -0.136670665837D-02  0.171719538482D-03 -0.437200355691D-02 -0.448690272887D-02
 -0.500293286591D-02 -0.161739833986D-03  0.176599662084D-02 -0.166100761713D-03
 -0.205094344891D-02 -0.176652055290D-03 -0.455554713910D-02 -0.487206389261D-02
 -0.182644317739D-02  0.341036700328D-03 -0.218222272049D-03 -0.129293481106D-02
  0.130309171879D-03 -0.445364947404D-02 -0.449460407667D-02  0.413305931220D+00
  0.217022148666D-03  0.373569262585D-04 -0.199231184330D-03 -0.308060263694D-03
 -0.397447962118D-03  0.262952854593D-02 -0.297319713721D-03 -0.248580588770D-02
 -0.510192558120D-03  0.530141297265D-03 -0.104741123647D-02 -0.348219595563D-02
 -0.887389483373D-03 -0.421849043096D-03 -0.603316951809D-03  0.337153376120D-03
 -0.124725410379D-02 -0.336768924262D-02 -0.102436396715D-02 -0.576052679525D-03
 -0.876218155398D-03  0.398288656267D-03  0.336559518471D-03 -0.226106812177D-03
 -0.244509563460D-03 -0.144973357076D-03  0.294994566068D-02 -0.248288733963D-03
 -0.268312195953D-02 -0.857539207517D-03  0.347764558905D-04 -0.113274788101D-02
 -0.305987369551D-02 -0.767577720888D-03 -0.638750979158D-03 -0.947462961686D-03
  0.359441304802D-03  0.272941501268D-03 -0.202069866527D-03 -0.248333872538D-03
  0.324755812566D+00 -0.873806698979D-03 -0.956321537201D-04 -0.229162479700D-03
  0.142838536745D-02  0.241293028153D-02 -0.128701578258D-01  0.178072143714D-02
  0.138909604685D-01  0.963347305139D-03  0.181137792460D-03  0.114486286873D-02
  0.166439073722D-01 -0.371759440337D-02  0.252179791802D-02  0.522869311931D-02
  0.121427876902D-02  0.113748227210D-02  0.157028000262D-01 -0.392527201024D-02
  0.282871389707D-02  0.603940471804D-02 -0.104864302548D-02 -0.354498145902D-03
 -0.253115274762D-03  0.154503513450D-02  0.219914801238D-02 -0.132443992189D-01
  0.177841484792D-02  0.140595747567D-01  0.137818981649D-02  0.281312799358D-03
  0.671714083401D-03  0.162889425541D-01 -0.388446427640D-02  0.241541065045D-02
  0.502128293625D-02 -0.606691323564D-03  0.233840113633D-03 -0.331668161539D-03
  0.166389524182D-02  0.283544573567D-02  0.308319198582D+00  0.215822842149D-03
  0.144825660012D-03  0.191614290174D-05 -0.113730193710D-03 -0.167713084676D-03
  0.205984213193D-02 -0.204036695407D-03 -0.208148608942D-02 -0.378841388191D-03
  0.128413245145D-03 -0.285930198639D-03 -0.222211140374D-02  0.221255930504D-03
 -0.524722441284D-03 -0.766488439571D-03 -0.599276511347D-04 -0.249649062642D-03
 -0.203601802844D-02  0.297968427783D-03 -0.564143109691D-03 -0.887643660491D-03
  0.224001246260D-03  0.147578408328D-03  0.128432941684D-04 -0.160264349228D-03
 -0.170402082893D-03  0.207203434187D-02 -0.204560573992D-03 -0.207041774261D-02
 -0.391452372723D-03  0.205143406602D-03 -0.165144479090D-03 -0.223677258956D-02
  0.244486150122D-03 -0.459561804250D-03 -0.651784504545D-03  0.136930342044D-03
  0.249894072875D-04  0.270928083533D-04 -0.184908363590D-03 -0.287319827626D-03
  0.187188104390D-02  0.317714411916D+00  0.132679908429D-02  0.355065576178D-03
  0.306753010751D-03 -0.155860919553D-02 -0.207720793402D-02  0.142750097014D-01
 -0.187802083644D-02 -0.156294740308D-01 -0.105432905144D-02  0.466751283375D-04
 -0.354044999993D-03 -0.177462568683D-01  0.509156589000D-02 -0.291388860456D-02
 -0.602055703897D-02 -0.115585895505D-02 -0.298356115319D-03 -0.166117044193D-01
  0.525683483880D-02 -0.322786038644D-02 -0.693462125352D-02  0.151840960702D-02
  0.555498917081D-03  0.364582252071D-03 -0.184685637174D-02 -0.186009804560D-02
  0.146335178736D-01 -0.185031661713D-02 -0.157820368148D-01 -0.150421859792D-02
  0.756145832130D-04  0.194531004749D-03 -0.174625395186D-01  0.517296843843D-02
 -0.271456226848D-02 -0.568241590323D-02  0.994212837863D-03 -0.177063315159D-03
  0.419418881615D-03 -0.198392583134D-02 -0.258567408402D-02  0.134122564669D-01
 -0.195608408827D-02  0.315559159891D+00 -0.366030783196D-03 -0.432489184921D-03
 -0.734775077689D-04 -0.216104215737D-03 -0.758260998580D-03  0.398103717718D-03
 -0.195475143273D-03 -0.377459343767D-03  0.148466405855D-03 -0.478348496555D-03
 -0.716091878542D-03 -0.136507155838D-02 -0.207188013017D-03  0.584041630604D-04
 -0.772308373109D-04 -0.498893786347D-03 -0.773989039418D-03 -0.138105716158D-02
 -0.151969989814D-03  0.528284013554D-05 -0.130518058327D-03 -0.341700523755D-03
 -0.314684176440D-03 -0.103789479447D-03 -0.667507422414D-04 -0.706584234758D-03
  0.499975819636D-03 -0.216793224411D-03 -0.438894838136D-03  0.861091581018D-04
 -0.654794769720D-03 -0.721010017134D-03 -0.120739645386D-02 -0.991667633438D-04
 -0.270386376322D-04 -0.199598499934D-03 -0.337407603566D-03 -0.276921024479D-03
 -0.679793369177D-04 -0.701517011676D-04 -0.727451293772D-03  0.486993166017D-03
 -0.224046444223D-03 -0.413650342993D-03  0.333213613735D+00 -0.185755975227D-02
 -0.337831372265D-02 -0.164324158466D-03 -0.119515468322D-02 -0.244175356434D-02
 -0.549093668231D-02 -0.463970355844D-03  0.364442163878D-02  0.427630783954D-02
 -0.804963396994D-03  0.250632437162D-02  0.691710036624D-03  0.427561973847D-02
  0.273728523523D-02  0.147812457099D-02 -0.883549656095D-03  0.679045454967D-03
  0.310642237286D-03  0.230337425704D-02  0.187021361526D-02  0.258446420718D-03
 -0.493818187090D-03 -0.111269476918D-02 -0.431134648307D-03 -0.463628907961D-03
 -0.381541381275D-03 -0.302258013414D-02 -0.665195228050D-04  0.191868066774D-02
  0.153886200165D-02 -0.527257375868D-02  0.787148085443D-03  0.411329454880D-02
  0.476255617470D-02  0.577374782038D-03 -0.222872474074D-02 -0.120759527793D-03
 -0.701683030132D-03 -0.407505514879D-03 -0.323840121648D-03 -0.278397889213D-03
 -0.231007635015D-02 -0.268262309832D-03  0.171554452154D-02  0.141110129130D-02
  0.207131173734D-01 -0.382816142587D-03 -0.278469788287D-02 -0.188711596583D-02
 -0.263896460339D-02 -0.181024281256D-02  0.282105473378D-02 -0.763016224298D-03
 -0.356998022930D-02  0.824538410055D-03 -0.204791855721D-02 -0.235128023838D-02
 -0.540238783275D-02  0.129689219182D-02  0.515706758077D-05 -0.164826592071D-02
 -0.226470869022D-02 -0.292965758065D-02 -0.538154228488D-02  0.758950528552D-03
 -0.333489832188D-03 -0.218351860137D-02  0.770609211858D-04 -0.200979599533D-02
 -0.196969044327D-02 -0.239385778090D-02 -0.112879269640D-02  0.367233320775D-02
 -0.647256613621D-03 -0.414224682154D-02 -0.114811046538D-03 -0.347940220659D-02
 -0.278795375332D-02 -0.423933005280D-02  0.152077425968D-02 -0.668970661852D-03
 -0.276398870072D-02  0.110766072068D-03 -0.197928996673D-02 -0.193649627669D-02
 -0.237241653926D-02 -0.124256256574D-02  0.367026170973D-02 -0.720687022128D-03
 -0.405525328995D-02 -0.126493566441D-04  0.351480587815D-02  0.373189062397D+00
 -0.217514567646D-02 -0.365422368493D-02  0.984955367176D-03 -0.375790843961D-03
 -0.607877398729D-02  0.395580642401D-02 -0.206784934464D-02 -0.650247868627D-02
  0.444634890732D-02  0.154692364061D-02  0.235059310108D-02 -0.120256518604D-01
  0.571727537651D-02  0.804657695155D-03 -0.267426175349D-02  0.288300019453D-03
 -0.800405051822D-03 -0.116960838590D-01  0.279432718862D-02 -0.106324877754D-02
 -0.560987253803D-02  0.314913961468D-03  0.660545622491D-03  0.516312958509D-03
  0.106782258035D-02 -0.235702813262D-02  0.861239636151D-02 -0.146665492579D-02
 -0.964805240270D-02 -0.570004698512D-03 -0.628738170727D-02 -0.305275706901D-04
 -0.573987530131D-02  0.695364085873D-02 -0.282388384246D-02 -0.887543785318D-02
  0.502262561013D-03  0.768176442952D-03  0.744099213426D-03  0.114544867212D-02
 -0.288090401386D-02  0.869464233569D-02 -0.191208014655D-02 -0.930641270055D-02
  0.943229705645D-04  0.165540079570D-01  0.269653429991D-02  0.383720681228D+00
 -0.547543920794D-03 -0.580019504208D-03 -0.280374322173D-03 -0.401617119768D-03
 -0.786416718779D-03 -0.613374385448D-03 -0.297033238715D-03  0.426997319799D-03
  0.474602415342D-03 -0.301188019852D-02 -0.675580219653D-03  0.207020637800D-03
  0.174877827200D-02  0.206885041441D-03 -0.611992815261D-03 -0.202303157622D-02
  0.122017080433D-03 -0.592709483118D-03  0.224698113765D-02  0.903817247273D-03
  0.630565737882D-03 -0.127706652757D-02 -0.190134114121D-02 -0.147325182658D-03
 -0.804828438175D-03 -0.185144300097D-02 -0.201463472713D-02 -0.460925366767D-03
  0.130178695322D-02  0.188844518126D-02 -0.924245872024D-03 -0.401771989192D-03
 -0.157476690782D-02  0.123144725305D-02  0.104843090987D-02  0.893376745208D-03
 -0.106572837923D-02 -0.154375903875D-02 -0.298672783757D-03 -0.725487825159D-03
 -0.138499809289D-02 -0.147674254509D-02 -0.245272706666D-03  0.919919313881D-03
  0.115691897112D-02  0.174608325098D-02  0.552371335123D-03  0.348532119194D-03
  0.163800547367D-01 -0.413909021505D-05 -0.203759656254D-02 -0.191868600939D-02
 -0.244720221927D-02 -0.133708447605D-02  0.424877674550D-02 -0.711664630218D-03
 -0.457134539486D-02 -0.226104565633D-03 -0.264145269155D-02 -0.315639481704D-02
 -0.557364169937D-02  0.730651401840D-03 -0.742017764368D-03 -0.227649953099D-02
 -0.263675870127D-02 -0.301573832188D-02 -0.559504192162D-02  0.894957577455D-03
 -0.676316644199D-03 -0.219114905822D-02 -0.108695895962D-03 -0.221922087425D-02
 -0.189377108285D-02 -0.250117626273D-02 -0.149817178801D-02  0.406807679553D-02
 -0.752791688193D-03 -0.444422059065D-02 -0.479925508273D-04 -0.229131018881D-02
 -0.301268906849D-02 -0.580905335536D-02  0.700523705451D-03 -0.587791654251D-03
 -0.196060365509D-02 -0.147059516111D-03 -0.224071963968D-02 -0.189761583569D-02
 -0.250722235386D-02 -0.154927944758D-02  0.395458318225D-02 -0.721182863186D-03
 -0.437041463528D-02 -0.525327972621D-04  0.104795023028D-02 -0.163632618660D-02
 -0.168703235998D-02  0.176076639925D-02  0.372546107367D+00 -0.410579656547D-03
 -0.387891051625D-04  0.898191047464D-03  0.512853498672D-03 -0.424948424743D-02
  0.107288478585D-01 -0.207039077779D-02 -0.114105564918D-01 -0.103886902256D-03
 -0.128837555977D-02 -0.152911553813D-02 -0.139171909164D-01  0.300426438671D-02
 -0.224357643640D-02 -0.574527515562D-02 -0.922466028405D-03 -0.139760058329D-02
 -0.144139273747D-01  0.300005698482D-02 -0.204619672629D-02 -0.539054252383D-02
 -0.570002056240D-03 -0.332132014494D-03  0.947642991520D-03  0.454829477858D-03
 -0.447644021493D-02  0.104471625167D-01 -0.216198877105D-02 -0.112753476630D-01
  0.106322433485D-03 -0.873313577410D-03 -0.158661111961D-02 -0.142364894740D-01
  0.284346533592D-02 -0.214421099892D-02 -0.545750406975D-02 -0.473540225322D-03
 -0.141203363046D-03  0.894850470473D-03  0.503007046277D-03 -0.439329626604D-02
  0.105615321424D-01 -0.204154456798D-02 -0.112923738276D-01 -0.202704724843D-03
  0.561887716250D-02 -0.108022252966D-02 -0.380864846141D-02  0.665683069478D-02
 -0.855099777414D-03  0.364690267051D+00 -0.974405682458D-03 -0.144058335498D-02
 -0.556349073392D-03 -0.423308810579D-03 -0.138417364890D-03 -0.271874461521D-02
  0.373853020495D-03  0.287500637806D-02  0.179541471853D-03 -0.258435436656D-02
 -0.478641500158D-03  0.399166696055D-02  0.117359160794D-02 -0.164347742864D-03
  0.727244070517D-03 -0.299393680247D-02  0.487798452921D-04  0.456982100209D-02
  0.210728447386D-02 -0.104104680584D-03  0.764130122430D-03 -0.134621048101D-02
 -0.185951071575D-02 -0.536604189835D-03 -0.356966295312D-03 -0.683869581088D-03
 -0.325285857503D-02  0.212140513129D-03  0.331631166656D-02  0.952159597899D-03
 -0.142061968621D-02  0.308286942009D-03  0.320973382335D-02  0.132925060555D-02
  0.476805974809D-03  0.179938504742D-02 -0.161556090197D-02 -0.215892860955D-02
 -0.411417056972D-03 -0.476959765317D-03 -0.930952867302D-03 -0.382559346391D-02
  0.197437046878D-03  0.357170269795D-02  0.127567576874D-02  0.169996474565D-02
  0.992114005367D-03  0.306876095113D-02  0.400116918966D-02  0.173445022891D-02
  0.565417779457D-02  0.152741608388D-01 -0.100534657547D-03 -0.209762547214D-02
 -0.198502408045D-02 -0.232704186395D-02 -0.115102496817D-02  0.382820614476D-02
 -0.558325486425D-03 -0.393805623234D-02 -0.452830189135D-03 -0.263347477251D-02
 -0.334289916099D-02 -0.458914927572D-02  0.292612476532D-03 -0.880529533280D-03
 -0.196846554648D-02 -0.279778648286D-02 -0.316991422711D-02 -0.442472902069D-02
  0.598407904282D-03 -0.864550361004D-03 -0.198302232394D-02 -0.209419500662D-03
 -0.224766448742D-02 -0.196569152444D-02 -0.235041965046D-02 -0.132757384808D-02
  0.365569260250D-02 -0.607822777242D-03 -0.378990501166D-02 -0.238666656790D-03
 -0.222755372074D-02 -0.306578397921D-02 -0.483538588027D-02  0.342725165608D-03
 -0.671078899614D-03 -0.156273424568D-02 -0.319807187971D-03 -0.236786169901D-02
 -0.193241430614D-02 -0.238559839838D-02 -0.147210280019D-02  0.338328149617D-02
 -0.598995464487D-03 -0.363525574001D-02 -0.114454727993D-03  0.710646147415D-03
 -0.164253281572D-02 -0.175682907992D-02  0.146710265819D-02 -0.142574503106D-02
 -0.981627640831D-03  0.191677521711D-02  0.372693864257D+00 -0.700537051441D-03
 -0.139362671365D-03  0.327216618848D-03  0.109611433419D-02 -0.241210786060D-02
  0.877513860136D-02 -0.815117393522D-03 -0.781831890753D-02 -0.246205120576D-02
 -0.165896971471D-02 -0.316199378802D-02 -0.696601535334D-02 -0.598059023946D-04
 -0.388084184944D-02 -0.403994122520D-02 -0.285595506418D-02 -0.225565257314D-02
 -0.563451295674D-02  0.174142157914D-02 -0.392620338110D-02 -0.433352214693D-02
 -0.127396374675D-02 -0.699330018935D-03  0.381221210208D-03  0.124420292515D-02
 -0.329151614008D-02  0.801116218999D-02 -0.114572715605D-02 -0.712466266413D-02
 -0.128403311190D-02  0.343810831390D-03 -0.155329309961D-02 -0.816716494626D-02
  0.372828336753D-03 -0.273414530349D-02 -0.204073751935D-02 -0.194783962941D-02
 -0.149173671366D-02  0.671874091362D-03  0.973849155862D-03 -0.409155232924D-02
  0.643821922345D-02 -0.118090284148D-02 -0.630520155708D-02 -0.346950658972D-03
  0.125148079832D-02 -0.167201909638D-02 -0.702058369770D-02  0.497404388629D-02
 -0.455312866697D-03 -0.324282437887D-02  0.836478657934D-02  0.138762279503D-03
  0.370495872185D+00  0.107262688091D-02 -0.303520761264D-02 -0.204603626910D-02
 -0.154480024409D-02  0.210911976868D-02 -0.350454945287D-02  0.392346299012D-03
  0.347267933382D-03  0.303775205419D-02 -0.381933901985D-02  0.657911465273D-02
  0.109142997957D-01  0.126480795029D-01 -0.747460310985D-03 -0.456624473646D-02
 -0.350245900627D-02  0.690692800178D-02  0.108030343725D-01  0.118991546826D-01
 -0.324965726372D-03 -0.410685739457D-02  0.902425867732D-03 -0.379512746728D-02
 -0.181662355131D-02 -0.244463146868D-02  0.183986404635D-02 -0.406018960106D-02
  0.439013446094D-03  0.557006615488D-03  0.325670607892D-02 -0.279316985238D-02
  0.632927696690D-02  0.999831048680D-02  0.116759944302D-01 -0.275900301227D-03
 -0.405632089507D-02  0.976149825315D-03 -0.390953017415D-02 -0.209030356419D-02
 -0.242963049134D-02  0.211583449284D-02 -0.383647498201D-02  0.546555757230D-03
  0.318701575594D-03  0.339280746459D-02  0.445551636177D-03  0.438801184200D-02
  0.202257518278D-01  0.198902651634D-02  0.459961684247D-02  0.223194996141D-01
  0.479071015090D-03  0.482291135120D-02  0.221663833387D-01  0.397698453019D+00
  0.136804362919D-02 -0.242186299350D-02 -0.218334215322D-02 -0.128836345209D-02
  0.306111626723D-02 -0.279270692189D-02  0.791914924377D-03  0.349743615534D-03
  0.155360333639D-02 -0.438488494738D-02  0.567224057272D-02  0.126075044664D-01
  0.116194406944D-01 -0.183918483369D-02 -0.468572789626D-02 -0.441151315283D-02
  0.682560786437D-02  0.130686411399D-01  0.120010922188D-01 -0.117435308470D-02
 -0.395653706707D-02  0.613976065740D-03 -0.402951894483D-02 -0.186595802505D-02
 -0.235761153744D-02  0.191671284070D-02 -0.431209088705D-02  0.629743177765D-03
  0.128252581229D-02  0.295626402321D-02 -0.143466869095D-02  0.642268006315D-02
  0.103065481543D-01  0.106230334392D-01 -0.367797258909D-03 -0.248960284513D-02
  0.374710288932D-03 -0.450780456502D-02 -0.206049773301D-02 -0.247040696825D-02
  0.195325238060D-02 -0.473817204884D-02  0.770138819452D-03  0.131522796156D-02
  0.342923922909D-02 -0.282843153798D-02  0.358076839797D-02  0.158130208736D-01
  0.249613921134D-02  0.489717410250D-02  0.222973169652D-01  0.204694754232D-02
  0.538146799468D-02  0.254326631084D-01 -0.133629597944D-01  0.398299318421D+00
  0.841436613051D-03 -0.364584425442D-02 -0.207465442298D-02 -0.170687875041D-02
  0.215455379260D-02 -0.456847260884D-02  0.584207924903D-03  0.121583356420D-02
  0.343061837598D-02 -0.337513139593D-02  0.726368317454D-02  0.119984036497D-01
  0.131439033296D-01 -0.634056721588D-03 -0.402019729963D-02 -0.376331818434D-02
  0.719092282303D-02  0.125113005847D-01  0.122773495886D-01 -0.645508388049D-03
 -0.434187330960D-02  0.105288303724D-02 -0.364153340062D-02 -0.193261755594D-02
 -0.230118550017D-02  0.245295970433D-02 -0.432871268596D-02  0.692168446078D-03
  0.947568454068D-03  0.290493610719D-02 -0.345827277127D-02  0.699895165443D-02
  0.120780812645D-01  0.125390709097D-01 -0.575159035100D-03 -0.426964503375D-02
  0.941127146562D-03 -0.402739699472D-02 -0.207905912046D-02 -0.236266727719D-02
  0.239129933359D-02 -0.455578268293D-02  0.659188499549D-03  0.100068116048D-02
  0.356104198482D-02  0.154173460106D-02  0.489768676739D-02  0.231901962888D-01
  0.594028720420D-03  0.449673325360D-02  0.218119517016D-01  0.854399413892D-03
  0.491597848536D-02  0.232040250098D-01 -0.141208482856D-01 -0.147868563234D-01
  0.395822363772D+00 -0.162515870633D-02 -0.373480029148D-02  0.484510899708D-03
 -0.138068332353D-02 -0.335401803953D-02 -0.552383729521D-02 -0.980036958895D-03
  0.232177495657D-02  0.656887905436D-02  0.319544607359D-02  0.524315997271D-02
 -0.338342756310D-02  0.517672753345D-02  0.443069388555D-02  0.183589320378D-02
  0.274796302866D-02  0.121694323357D-02 -0.397620634554D-02  0.713610489305D-03
  0.247697407524D-02 -0.106658483529D-02  0.145691825981D-02  0.126607202157D-02
 -0.571146923249D-04  0.154997108114D-04  0.126547229265D-02 -0.125189285194D-04
 -0.694375962416D-04 -0.152762033316D-02  0.374092869519D-03 -0.663333224915D-02
  0.150728982199D-02  0.417591374590D-02  0.616055676123D-02 -0.273557144751D-03
 -0.626290597849D-02  0.216324374814D-02  0.195847806202D-02 -0.369635255940D-04
  0.298729422695D-03  0.133479775837D-02  0.129363727166D-02 -0.533824191166D-03
 -0.182004377394D-02  0.395445780093D-03  0.147932773856D-01  0.438973886221D-02
  0.239374029090D-01 -0.525188010019D-02 -0.118323392390D-02 -0.734790532933D-03
 -0.486552054035D-02 -0.169302665068D-02 -0.917551310755D-02 -0.168994916276D-02
 -0.886021424169D-02  0.694567118373D-03  0.402914294176D+00 -0.575854860000D-03
 -0.112801737553D-02 -0.324829595969D-03 -0.984094821811D-05  0.819639022033D-03
 -0.286636878095D-02  0.866881399450D-03  0.327730202976D-02 -0.300994283086D-03
  0.600863547418D-03  0.356797529557D-03  0.496115421420D-02 -0.680952505912D-03
 -0.415846068855D-03  0.178684871960D-02 -0.120350746501D-02 -0.322130168824D-04
  0.672974997396D-02 -0.166493168772D-03 -0.125533607692D-02  0.205628175224D-03
 -0.835553644457D-04  0.843760875295D-04 -0.476203879883D-03  0.607298971490D-03
  0.153569824802D-02 -0.169460683462D-02  0.880060793222D-03  0.268081748775D-02
 -0.118881063997D-02 -0.688401656411D-03  0.978929675199D-03  0.632430694182D-02
  0.195176725436D-03 -0.721577149536D-03  0.114645559755D-02 -0.694838028819D-03
 -0.754685149183D-03 -0.120226430106D-03  0.353714805594D-03  0.618757806730D-03
 -0.310933297693D-02  0.578404918005D-03  0.349664057328D-02  0.169506337638D-03
  0.998180945738D-04  0.652651539466D-03  0.382284467946D-02 -0.312407318407D-02
 -0.430037699181D-05 -0.122267799008D-02  0.161154935760D-02  0.604073560450D-03
  0.434646381096D-02 -0.206842399086D-02 -0.777829034416D-03  0.234760285925D-03
  0.828696165161D-03  0.376688203784D+00 -0.168201678953D-02 -0.113579293295D-02
 -0.183886885967D-02  0.369304014018D-02 -0.211576961698D-02  0.230277779873D-02
  0.680575365276D-03  0.249390946927D-02 -0.433580948173D-02  0.492832114065D-02
 -0.988857436338D-02  0.406028617894D-02 -0.180975729954D-01 -0.307587426120D-02
  0.554958508494D-03  0.385387445358D-02 -0.116873908949D-01  0.446657307266D-02
 -0.184624236992D-01 -0.443459022361D-02 -0.121899889073D-02 -0.410165414515D-03
  0.187515677358D-02 -0.227273210059D-02  0.567894320468D-02 -0.211114097609D-03
  0.500031243774D-02  0.753737869082D-03  0.811980302400D-03 -0.663318557020D-02
  0.378339763399D-03 -0.106663901634D-01  0.775841437082D-02 -0.163276516962D-01
 -0.517607433870D-02 -0.290208555513D-02 -0.386404330856D-03  0.190512845346D-02
 -0.170479259489D-02  0.557367370008D-02 -0.806619617353D-03  0.466865130482D-02
  0.452411616565D-03  0.119836503739D-02 -0.635475212119D-02 -0.438390458257D-02
 -0.989547054671D-03 -0.242451454527D-02 -0.131206326712D-01 -0.286984178596D-02
 -0.133576400699D-01 -0.962146253582D-02 -0.311768531838D-02 -0.141983428606D-01
  0.595752684446D-01  0.585784350865D-01  0.628325105941D-01  0.122228510975D-01
  0.461088354287D-02  0.381811983111D+00
$end
