$energy      SCF               SCFKIN            SCFPOT            RIRPA
     1 -681.1745585045      0.00000000      0.00000000     -4.575668779171
     2 -681.1786980666      0.00000000      0.00000000     -4.571691167193
     3 -681.1817882051      0.00000000      0.00000000     -4.569190064081
     4 -681.1812114501      0.00000000      0.00000000     -4.569977319132
     5 -681.1809982480      0.00000000      0.00000000     -4.570132224873
     6 -681.1813971117      0.00000000      0.00000000     -4.569787432266
     7 -681.1814426239      0.00000000      0.00000000     -4.569770136449
     8 -681.1815828097      0.00000000      0.00000000     -4.569636633054
     9 -681.1815398655      0.00000000      0.00000000     -4.569679625233
    10 -681.1815756728      0.00000000      0.00000000     -4.569644979547
    11 -681.1815692825      0.00000000      0.00000000     -4.569651550260
    12 -681.1815732966      0.00000000      0.00000000     -4.569647634454
    13 -681.1815728813      0.00000000      0.00000000     -4.569648161609
$end
