$hessapprox internal
  0.107905471613D+01 -0.119819888884D-02  0.458468687855D+00 -0.199475098081D-02
  0.205826862498D-02  0.209476584632D+00 -0.397864273041D-04  0.177727263936D-03
  0.291161746694D-02  0.205110059390D-01 -0.896075248873D-02 -0.627494518407D-02
  0.474800801663D-03  0.159241585702D-02  0.571775458378D+00 -0.312649722718D-03
  0.693600680971D-03  0.767385688123D-03 -0.486333326625D-03  0.701411753545D-03
  0.381411177619D+00 -0.895145076439D-03  0.122717367475D-02 -0.197278420490D-02
 -0.508672138306D-03  0.833680294213D-03 -0.226120722875D-02  0.304430745559D-01
 -0.957162556167D-02 -0.834225460801D-02  0.400316326769D-02 -0.364422521513D-04
 -0.166591321761D-01 -0.472791123038D-04  0.595178196396D-02  0.573761501791D+00
  0.923960848998D-03  0.603380705067D-02 -0.358147092071D-02  0.339082506947D-02
  0.725912331191D-02  0.442925442791D-03 -0.479073630745D-02  0.125024574886D-01
  0.353147624735D+00 -0.705414827440D-03  0.684575394805D-03  0.606000584901D-03
 -0.445488716563D-02  0.180340642823D-02 -0.694186014375D-03 -0.142823519105D-03
 -0.134593336039D-03  0.404823591783D-02  0.182509113018D-01 -0.966298129973D-02
 -0.676349622193D-02  0.842901152251D-03  0.121048119612D-02 -0.171856989269D-01
  0.695959310171D-03  0.894315611546D-03 -0.183737224547D-01  0.844466894846D-02
  0.132620526999D-02  0.571362056036D+00 -0.833485977064D-04  0.211455767794D-02
 -0.303921569765D-03  0.230603282569D-02  0.728085337467D-03 -0.203606048666D-02
 -0.366889495485D-02  0.190284579328D-02 -0.506972439944D-02  0.346527582749D-02
  0.132914112565D-02  0.381254422410D+00 -0.146536004261D-02  0.191110200959D-02
 -0.169055362942D-02 -0.567595535352D-03 -0.941031420385D-03 -0.136837558215D-02
  0.594727262187D-02  0.123680860406D-02 -0.333233711381D-02 -0.888583746329D-03
 -0.863415799174D-03 -0.154180321781D-02  0.178280480725D-01 -0.949051038101D-02
 -0.618827061968D-02 -0.216377829978D-03 -0.451866210737D-03 -0.154630143301D-01
  0.765242031619D-03 -0.270332222362D-03 -0.159595832293D-01  0.841278807497D-02
 -0.960323519466D-03 -0.169317925638D-01  0.250010675432D-02 -0.244014913021D-02
  0.570231322746D+00  0.133644490941D-03  0.625370222882D-03  0.309264100939D-02
  0.229817709110D-02  0.748288756037D-03 -0.247582975387D-02  0.133243880410D-03
 -0.304610494099D-04 -0.222603491680D-02  0.364121391830D-02  0.114044865240D-02
 -0.502598586132D-02  0.752791390725D-04  0.397776235409D-02  0.362374440227D+00
 -0.737055902488D-02 -0.384427502996D-02 -0.804344540466D-03  0.559892022905D-03
 -0.114503741604D-01 -0.221830567036D-03  0.980460701938D-03 -0.110029557719D-01
  0.407338959560D-02  0.881453335334D-03 -0.123368912372D-01 -0.177298658313D-03
 -0.738128827590D-03 -0.111101864571D-01  0.136846276999D-03  0.407156172571D+00
 -0.649948551526D-03  0.119713694094D-02  0.477252238961D-03 -0.280299181329D-02
  0.177447239239D-02 -0.183862425436D-02 -0.169473614720D-02  0.589653164319D-03
  0.988880745822D-03 -0.352735760557D-02  0.165621097968D-02  0.351729338018D-03
 -0.173937281633D-02  0.943417625975D-03  0.370346599296D-03  0.770398780111D-03
  0.336401273049D+00 -0.525328118088D-03  0.162935302365D-02 -0.982490768950D-04
  0.638138328256D-03  0.293824519473D-02 -0.229743273168D-03 -0.115877297291D-02
  0.631288203380D-02 -0.439426678440D-02  0.124157817545D-03  0.319815853770D-02
 -0.174837345413D-02 -0.232401794079D-02  0.285411714581D-02  0.707742967956D-03
  0.209372980306D-02 -0.503768559864D-04  0.343488330741D+00 -0.587510023084D-02
 -0.318726940624D-02  0.899508060046D-03  0.703857135127D-03 -0.100269960278D-01
  0.606674344498D-03 -0.167197771397D-03 -0.971455078405D-02  0.302196650208D-02
  0.605020355174D-03 -0.106495568826D-01  0.820409382505D-03 -0.217894724579D-02
 -0.975562943058D-02  0.273224899154D-02 -0.765063310597D-02  0.232539720800D-02
  0.134075377260D-02  0.408407127059D+00 -0.225415099940D-03  0.370393521171D-02
  0.200464492199D-04 -0.795111300941D-02  0.990375354335D-02 -0.127347133492D-02
 -0.102319545125D-03  0.763321676761D-02  0.191907607216D-02 -0.120479710700D-01
  0.931456990998D-02  0.526583001361D-02 -0.265452741124D-02  0.564276190532D-02
  0.502438782870D-02  0.578163173029D-02 -0.708191171654D-02  0.649179352858D-03
  0.635503950660D-02  0.318996781588D+00  0.187525206481D-03 -0.576509483383D-03
 -0.103729075604D-02  0.111003931837D-02 -0.186285367723D-02  0.466954215011D-03
 -0.203987125137D-02 -0.168745459001D-02 -0.274748843904D-03  0.173519637847D-02
 -0.174007743330D-02 -0.283951778604D-03 -0.709313125261D-03 -0.146670153426D-02
  0.390417887708D-03 -0.150842342391D-02  0.165095119997D-02 -0.566966130385D-03
 -0.934729847564D-03  0.461710706806D-02  0.334997138169D+00 -0.577102026271D-02
 -0.380283324940D-02  0.423557235864D-03  0.109357331237D-02 -0.105910002925D-01
  0.387357364814D-03  0.103284392072D-03 -0.109881786456D-01  0.436666871311D-02
  0.126259798555D-02 -0.113488289343D-01  0.441162930400D-03 -0.667950558899D-03
 -0.102855978381D-01  0.593439889324D-03 -0.757389399524D-02  0.129478926094D-02
  0.164374114723D-02 -0.693593246338D-02  0.643276030995D-02 -0.124416148948D-02
  0.415324157080D+00 -0.549668576836D-02 -0.436013738228D-02  0.196885208350D-02
  0.327503748688D-02 -0.121355030328D-01  0.828830895067D-03  0.552316618058D-03
 -0.134121860423D-01  0.378738452826D-02  0.430435989417D-02 -0.127516079882D-01
 -0.519882687698D-03  0.737834766329D-03 -0.103081228238D-01 -0.211720708118D-02
 -0.872107507137D-02  0.267671427464D-02  0.165093031873D-02 -0.720907599582D-02
  0.106231266634D-01 -0.140943992978D-02 -0.791706663825D-02  0.402969144695D+00
  0.113799476229D-02  0.373301552342D-03  0.113578576630D-03  0.679872481528D-02
 -0.143017073992D-02  0.212921317374D-02 -0.252227685726D-02  0.111647485327D-02
 -0.855961046954D-02  0.999979229143D-02 -0.443829636104D-03 -0.428419466540D-02
 -0.552817066475D-03  0.290850140575D-02 -0.394310934916D-02 -0.105450266184D-02
  0.651764518736D-02 -0.174832277006D-02  0.846985741430D-03  0.164879341842D-01
 -0.161135141992D-02 -0.857509235483D-03 -0.492475224013D-02  0.328457307502D+00
  0.170679475718D-02 -0.277669835633D-02  0.408857201771D-02  0.216914344118D-03
  0.642441096295D-03 -0.294472423987D-03  0.166187315385D-02 -0.201369869547D-02
  0.524312848277D-02  0.757968552401D-03  0.307014785076D-03  0.173009748375D-03
  0.104421083668D-02  0.201886340700D-02 -0.285102755033D-02  0.989301911757D-03
 -0.298195779401D-03  0.296872740244D-02  0.271973389663D-02  0.117679496539D-02
  0.291495530128D-03  0.725146591274D-03 -0.117435720234D-02  0.297912363330D-03
  0.338603453585D+00  0.867188582842D-05 -0.972607612041D-03  0.100927119131D-02
 -0.107755520581D-02 -0.589138467015D-03  0.136722578113D-03  0.131501640396D-02
 -0.215764022088D-02  0.295198629173D-02 -0.147168720623D-02 -0.840208537656D-03
  0.174445689524D-02  0.710544838956D-03 -0.875610719709D-03  0.804224991079D-03
 -0.390604938479D-03 -0.295034451112D-03  0.105032393623D-02  0.316878325025D-03
 -0.234403212711D-02  0.653316937204D-03 -0.289951791073D-03 -0.134312722538D-03
  0.269878835766D-02 -0.133766054907D-02  0.318130959690D+00  0.316979355790D-03
  0.317774819497D-03 -0.206292581588D-03 -0.127915093531D-02  0.133708287297D-02
 -0.771926839096D-03  0.765054310847D-03  0.134262508708D-02  0.947955731846D-03
 -0.206479461757D-02  0.125960110020D-02  0.148065453782D-03 -0.321789129131D-03
  0.599803507671D-03  0.809741733286D-03  0.781220191491D-03 -0.122441508732D-02
  0.293491074941D-03  0.429725768571D-03 -0.255581337537D-02  0.209710673753D-03
  0.680346663746D-03  0.162910913290D-02  0.293490995600D-02  0.747049350911D-03
 -0.179185614491D-03  0.341253804260D+00 -0.581121503322D-02 -0.535761057879D-02
  0.241287874251D-03  0.100535355712D-02 -0.123581535014D-01  0.107781605749D-02
  0.165360147115D-02 -0.128078110360D-01  0.654258598733D-02  0.133615564916D-02
 -0.132921825370D-01  0.162881380814D-02  0.359717500900D-03 -0.122893870424D-01
  0.189507864934D-02 -0.829790099621D-02  0.204108588634D-02  0.242255591760D-02
 -0.780439736349D-02  0.836640367033D-02 -0.180020618988D-02 -0.811808643707D-02
 -0.911596983770D-02 -0.114882003855D-02 -0.403257654125D-04 -0.597179891661D-03
  0.991549083926D-03  0.608017926673D+00  0.215183069995D-02  0.174185551199D-02
 -0.151225972654D-02  0.366381714455D-02  0.343079886719D-02 -0.159015814756D-04
 -0.487278330563D-03  0.614185076060D-02 -0.691903805142D-02  0.521340827729D-02
  0.421607462751D-02 -0.469632522565D-02 -0.342345480103D-03  0.587042153742D-02
 -0.410046218202D-02  0.251490562550D-02  0.194128455015D-02 -0.127129827805D-02
  0.191854675648D-02  0.815534530556D-02 -0.124217919990D-02  0.202277962397D-02
 -0.139689790412D-03 -0.871535816997D-02  0.114944714293D-02  0.177211626943D-02
  0.126773627169D-02  0.282025160591D-02  0.422718033155D+00  0.519276608510D-02
 -0.237472717384D-02  0.184325766182D-01  0.752972000973D-02  0.416176910906D-02
  0.161949631533D-02 -0.842531161563D-03  0.243899125231D-02  0.467564379088D-02
 -0.135328661222D-02  0.374536989613D-02  0.962170125277D-03  0.618907114762D-03
  0.179529527931D-02  0.239018203929D-02  0.303617636031D-03 -0.259801612009D-02
  0.363588704747D-02  0.131301070905D-02  0.297901141978D-02 -0.140798002621D-02
  0.230426940724D-02  0.462233759415D-02  0.154215631934D-03  0.123657325609D-02
 -0.376950858940D-03  0.674025101876D-03  0.434583282968D-03  0.160381467002D-02
  0.154906356170D+00 -0.567127359524D-02  0.634454542727D-02 -0.450051347610D-02
  0.892346714110D-03 -0.553906965265D-02 -0.662323801073D-02  0.292754168740D-01
  0.359044671440D-02 -0.177862148923D-01  0.195026893859D-02 -0.486254742026D-02
 -0.948639806552D-02  0.172379639024D-01 -0.626169951131D-02 -0.806246162433D-02
 -0.510536885731D-02 -0.229766686058D-02 -0.513607923446D-02 -0.360327941581D-02
 -0.210342714143D-02 -0.143632508046D-02 -0.433286141961D-02 -0.617328837563D-02
 -0.130577958410D-01 -0.609229471987D-02  0.398623143087D-02  0.380956032389D-02
  0.287209601126D-02 -0.756409294292D-02  0.946262180645D-03  0.112550613970D+00
 -0.565671248466D-02 -0.385402873464D-02  0.121781647611D-02 -0.490966729308D-02
 -0.696968018861D-02 -0.914508532865D-03  0.131829989662D-02 -0.735743694793D-02
  0.101665367526D-01 -0.733928099361D-02 -0.835044064925D-02  0.416669036230D-02
 -0.221152810057D-02 -0.104792736848D-01  0.665295753981D-02 -0.471508178765D-02
 -0.300631028945D-02  0.333245230979D-02 -0.552488921835D-02 -0.586953613217D-02
 -0.403419764313D-03 -0.492243914144D-02 -0.196836103274D-02  0.114443486782D-01
  0.262881884939D-02 -0.186794682123D-02 -0.180978790207D-02 -0.601988561009D-02
  0.904166659200D-02 -0.115906742336D-02  0.586494619458D-02  0.467500672110D+00
  0.344761001189D-03 -0.727201321790D-02  0.633290540692D-02  0.336975713541D-02
 -0.447803175579D-02 -0.132856984665D-02  0.126171971243D-01 -0.703304203760D-02
  0.964183082997D-02  0.539479992089D-02 -0.549728398891D-02 -0.475859031716D-02
  0.719912377399D-02 -0.400366021485D-03 -0.111010055723D-01  0.189049886698D-03
 -0.202805574830D-02  0.576989177075D-02 -0.310078003951D-02  0.100943711343D-01
 -0.369355852405D-02 -0.264175864785D-02 -0.848611301119D-02 -0.919720386801D-02
 -0.590076714686D-02 -0.315945809160D-02  0.243521837556D-02 -0.391521293221D-02
  0.157746180285D-02  0.750180548716D-02 -0.989440312215D-02  0.788916681488D-02
  0.390421370244D+00 -0.584303134209D-02 -0.136488102771D-02  0.814907455608D-04
 -0.980601334712D-03 -0.730630424883D-02  0.927689638048D-03 -0.287328787330D-03
 -0.662822909094D-02  0.192133525655D-02 -0.201286452327D-02 -0.796344284090D-02
  0.262678358635D-02 -0.125905717043D-02 -0.910277632863D-02  0.425769845900D-02
 -0.572228983194D-02  0.117970339873D-04  0.244469980552D-03 -0.546891953589D-02
 -0.156091370775D-02 -0.161034872512D-03 -0.490141929485D-02 -0.367355129960D-02
  0.272969115256D-02  0.236825449663D-02 -0.239155195129D-03 -0.452346285697D-04
 -0.540890938218D-02  0.330812610464D-02  0.157282352925D-02  0.141308182370D-02
 -0.685303696190D-02  0.150041766323D-02  0.637068601573D+00 -0.585447306468D-03
 -0.294755792587D-02 -0.210890827408D-03  0.339866063933D-02 -0.498486045711D-02
  0.230755330921D-02  0.271774719028D-02 -0.272339991677D-02 -0.356175095999D-03
  0.524916608663D-02 -0.492441919079D-02 -0.473737401395D-03  0.124479718460D-02
 -0.310025455184D-02  0.544317263212D-03 -0.229525794420D-02  0.451963660801D-02
  0.117489629402D-02 -0.316515521076D-02  0.128144321379D-01 -0.256660077130D-02
 -0.338701822619D-02 -0.594476262355D-02 -0.826518985616D-02  0.626289841291D-03
  0.694022587192D-03  0.196064172610D-02 -0.478218363276D-02 -0.240157559605D-02
 -0.320195477413D-02  0.292440163168D-02  0.374508138791D-02 -0.110028515479D-02
 -0.829211023962D-03  0.419892047670D+00  0.413019115175D-02 -0.428460242175D-02
 -0.128396113066D-01  0.280798020406D-02  0.345887881110D-02 -0.327069313172D-03
  0.902589079453D-03  0.221061793426D-02  0.551793379219D-02 -0.237400212515D-02
  0.261295490521D-02 -0.346269551471D-03 -0.421876746273D-03  0.200136920753D-02
  0.292313558954D-03  0.284498416239D-02 -0.260302603321D-02  0.466657644267D-02
  0.117114434843D-02  0.380512562088D-02 -0.112639602356D-02  0.188620204875D-02
  0.179520270953D-02 -0.654717161209D-03 -0.119812547182D-02 -0.621722403222D-03
  0.141292928002D-02  0.717515585324D-03  0.334070856696D-02  0.428172707515D-01
  0.356039924818D-03 -0.221727842777D-03  0.528596849113D-02  0.856759608107D-04
 -0.526268727897D-03  0.140104786440D+00 -0.468506014531D-02 -0.749008036425D-02
  0.321580103283D-02  0.446255117989D-02 -0.128685695423D-01  0.183909428825D-02
  0.739389963530D-02 -0.153985868943D-01  0.726454674203D-02  0.717054767545D-02
 -0.138036647226D-01 -0.262770076386D-03  0.572382877624D-02 -0.893986731960D-02
 -0.636837388182D-02 -0.697046457271D-02  0.320009962650D-02  0.493884815543D-02
 -0.661147205223D-02  0.135079318064D-01 -0.219121598844D-02 -0.783964637075D-02
 -0.140927991008D-01 -0.110284438404D-01 -0.672471878998D-02 -0.193609946008D-02
  0.375592043944D-02 -0.976520380067D-02 -0.115246619713D-03  0.152817330545D-02
 -0.234322121591D-02  0.476756995380D-02 -0.103737174108D-01 -0.150741987991D-02
 -0.730257520369D-02  0.157890729522D-02  0.478936609397D+00  0.402230261093D-02
 -0.125007843553D-02  0.205747092825D-02  0.921368171431D-03 -0.151015993677D-02
  0.357428138898D-03  0.333105896648D-02 -0.782225233958D-02  0.435124928690D-02
  0.163319229949D-02 -0.140006354284D-02  0.845140937179D-03  0.429932990902D-02
  0.107989159667D-03 -0.322774803210D-02 -0.254177462715D-02  0.106867503360D-02
 -0.123202605957D-02 -0.643602388115D-04  0.178292305668D-02  0.124243091401D-02
 -0.103178095836D-02 -0.138771375800D-02  0.108020354954D-02 -0.380521516224D-02
 -0.840757924894D-03 -0.512711587173D-03 -0.159495362285D-02 -0.884769281042D-03
  0.649644978424D-03  0.972205447317D-02 -0.216850194444D-02 -0.109057950662D-01
  0.216649573972D-02 -0.302186988875D-02 -0.472220331708D-02 -0.835492106525D-02
  0.381969706096D+00 -0.908873566845D-02 -0.252285392085D-02  0.278399028575D-02
  0.112225135321D-02 -0.151783728054D-01 -0.111218000562D-01  0.209306636011D-01
 -0.121302260361D-01  0.115516917628D-01  0.123134426874D-02 -0.163561056220D-01
 -0.129911535604D-01  0.208834373060D-01 -0.171017245854D-01 -0.232914020085D-01
 -0.498550075493D-02 -0.158782862830D-01  0.400964548032D-02 -0.251849519257D-01
  0.565525922529D-02 -0.867580485079D-02 -0.982306550109D-02 -0.115792041407D-01
 -0.147219708819D-01 -0.988625109014D-02 -0.411777337512D-02 -0.227780262158D-02
 -0.669417843913D-02  0.752065000330D-03  0.618251175549D-02  0.640314833179D-01
 -0.521536858718D-02  0.243517044880D-01  0.319500267378D-02  0.335177675524D-02
  0.267534523392D-02  0.135351352914D-01 -0.252448513755D-01  0.570945955632D+00
  0.475276574223D-02  0.397209307774D-02 -0.606974255246D-02  0.195874826165D-03
  0.666489825808D-02  0.147153372122D-02  0.586355700094D-02  0.598095139417D-02
 -0.724384796820D-02  0.374212544609D-03  0.729317491958D-02 -0.228484674361D-03
  0.259645875971D-02  0.578261826264D-02  0.223136152890D-02  0.246139286966D-02
 -0.207190352333D-03 -0.647626749870D-02  0.313459361782D-02 -0.560977411351D-02
  0.978681880927D-03  0.393122396021D-02  0.643177304967D-02  0.710047430241D-03
  0.449052543602D-02  0.122435874992D-02 -0.566016273818D-03  0.450231246857D-02
 -0.153201668749D-02  0.206508586733D-02 -0.185415498606D-02 -0.781953489967D-04
  0.158577184398D-01 -0.520976158525D-03  0.212240025943D-03  0.112974834514D-02
  0.812204580794D-02  0.149986302450D-01 -0.741236462291D-02  0.215116699503D-01
 -0.704242938891D-02 -0.477212742295D-02 -0.794526240265D-03 -0.131048001081D-02
 -0.130806023099D-01 -0.436527686368D-02  0.265770527436D-02 -0.118880929932D-01
  0.100017544380D-01 -0.160909463189D-02 -0.143375556688D-01 -0.353561362077D-02
  0.163731102576D-02 -0.149738559298D-01 -0.269536606383D-02 -0.740453080416D-02
 -0.467631714594D-02  0.218488102177D-02 -0.129956781392D-01  0.622253122642D-02
 -0.427139307613D-02 -0.883417258313D-02 -0.756303189847D-02  0.166844403023D-02
  0.100034219408D-02 -0.123719162012D-02 -0.180055884869D-02 -0.958351888172D-02
  0.498261791704D-02 -0.104616566432D-02  0.707898215706D-02 -0.118727146832D-01
  0.149003823208D-01 -0.552121718335D-02  0.602820966460D-03  0.320707403808D-04
  0.585631905673D-02 -0.531162890100D-02  0.252910876709D-01  0.441876384162D-02
  0.353657399943D+00 -0.780612989285D-03 -0.619360782970D-02  0.251785447206D-02
  0.438840132996D-02 -0.461542049171D-02 -0.309923562125D-03  0.168443094465D-02
 -0.758547914047D-02  0.955411094925D-02  0.621728215253D-02 -0.608765435601D-02
 -0.399468828862D-02  0.804720401799D-02 -0.421592958176D-02 -0.143491074694D-01
  0.756241866174D-03 -0.800506210928D-02  0.249910790823D-02 -0.770102878829D-02
  0.224405459196D-02 -0.436421470598D-02 -0.155883986817D-02 -0.609658259641D-02
 -0.142839990899D-01 -0.960554560058D-02 -0.480288394665D-02  0.267839787644D-02
 -0.382769723641D-02  0.291284111115D-02  0.154099442273D-01 -0.368160679307D-01
  0.643336999387D-02  0.292382275656D-01 -0.135136173798D-03 -0.135499964158D-02
  0.568103003289D-02 -0.558542589395D-02 -0.411300895354D-02  0.115627061358D+00
  0.130274070903D-01  0.371212355163D-01  0.428535912225D+00 -0.487495431955D-03
 -0.228639460560D-02  0.325161392059D-03 -0.120389935618D-02 -0.212676636846D-02
  0.967891812702D-03 -0.221833949225D-02 -0.560204585600D-02  0.628226312997D-02
 -0.233716134691D-02 -0.305342618377D-02  0.236526601434D-02 -0.679885597452D-03
 -0.409721186622D-02  0.104501892940D-02 -0.232308371158D-02 -0.341119524517D-02
 -0.627147302665D-03 -0.336691599161D-02 -0.579440725987D-02  0.317544380983D-04
 -0.147839496403D-02  0.215531624503D-03  0.451577525031D-02  0.944247484621D-03
 -0.209877309485D-02 -0.812596618817D-03 -0.281739287342D-02  0.550728699516D-02
  0.703102040464D-02 -0.201480045936D-01 -0.662374009094D-02  0.162464170391D-01
 -0.456559924198D-02  0.994628276425D-03  0.116694276663D-02  0.213863382989D-02
  0.601424285147D-02  0.100721805342D-01  0.117145219284D-01  0.292328736711D-02
  0.259148636057D-01  0.375955064851D+00  0.786249566875D-03 -0.387344157972D-03
 -0.231331289950D-02  0.287207335867D-03  0.337124864285D-02  0.379012376702D-02
 -0.515060098678D-02  0.162353834075D-02 -0.175252240023D-02  0.894985190082D-03
  0.300753885802D-02  0.309262260123D-02 -0.291313509002D-02  0.341718554390D-02
  0.170227991009D-02  0.246611880837D-02  0.262339450655D-03 -0.136452899921D-02
  0.375316337996D-02 -0.669448653062D-02  0.140373308282D-02  0.284368046639D-02
  0.187535049094D-02 -0.105141845422D-02  0.341277820369D-03 -0.118749154201D-02
  0.177189715198D-02  0.157069940735D-02  0.210099126275D-02  0.226107865896D-02
 -0.392763885286D-01  0.422122702316D-02  0.133358861411D-01 -0.312704077370D-02
  0.214970140227D-03  0.171013353795D-02 -0.355230142891D-02  0.789167214242D-02
  0.632715263653D-02  0.685170857722D-02  0.153133940851D-01  0.384126364801D-02
  0.962238023123D-02  0.367410932175D+00  0.910766551211D-02  0.321053101844D-02
  0.449853267561D-03  0.349438726387D-02  0.676407870840D-02  0.282745835595D-02
 -0.136013645868D-01  0.161505080694D-02 -0.452621157064D-02  0.387573623380D-02
  0.771145600558D-02  0.217660176645D-03 -0.322958492604D-02  0.654524075581D-02
 -0.225145361350D-04  0.716334726763D-03  0.130685369347D-02 -0.837322325414D-02
  0.463517862363D-02 -0.564254035650D-04  0.180151562711D-02  0.453985892716D-02
  0.735775804985D-02 -0.716331117961D-04  0.136789120603D-02  0.142804920922D-02
 -0.970621540815D-03  0.303364352364D-02 -0.419616819231D-02  0.102349021703D-01
 -0.326226852901D-01 -0.710458695268D-03  0.243474237679D-02  0.194657152425D-02
 -0.488633749077D-02 -0.620200673385D-02  0.111028942022D-02  0.210940727128D-01
 -0.306135197578D-01  0.183648565122D-01 -0.256851889150D-02  0.616064069750D-02
  0.191054853240D-01  0.129329205797D-01  0.408677407403D+00 -0.655366442648D-02
 -0.433387551466D-02  0.513438902352D-03  0.834122688141D-03 -0.109211401284D-01
 -0.177588746758D-03  0.200548747930D-04 -0.117940177412D-01  0.535401805518D-02
  0.933712141492D-03 -0.118288527695D-01 -0.220645531199D-05 -0.958267688222D-03
 -0.104905903106D-01 -0.294355137484D-03 -0.779071764498D-02  0.730073754780D-03
  0.218174284008D-02 -0.618562003892D-02  0.619199222713D-02 -0.103380980365D-02
 -0.706955219626D-02 -0.818584746193D-02 -0.256989194969D-03 -0.239312228164D-03
 -0.443241741724D-03  0.879775186294D-03 -0.823857084002D-02  0.248954976452D-02
  0.334315271729D-02 -0.520237309779D-02 -0.482921627280D-02 -0.437105242525D-02
 -0.472471773571D-02 -0.256149260159D-02  0.253013228384D-02 -0.924275929419D-02
 -0.881400114721D-03 -0.151319329474D-01  0.514901064378D-02 -0.100999954826D-01
 -0.650258934593D-02 -0.179898782989D-02  0.240304157434D-02  0.496662259128D-02
  0.735871621102D+00 -0.316269083619D-02 -0.304400111677D-02 -0.198441174884D-03
  0.180562763552D-02 -0.689753154650D-02  0.235470421850D-03  0.121681242855D-02
 -0.739051488163D-02  0.286833889328D-02  0.220441582492D-02 -0.736489828202D-02
 -0.683218646417D-03  0.392681789231D-03 -0.583322964655D-02 -0.138682598773D-02
 -0.470865257997D-02  0.118330982378D-02  0.156925861033D-02 -0.443023847439D-02
  0.673837192998D-02 -0.116744870027D-02 -0.462056620683D-02 -0.618369587227D-02
 -0.291285805159D-02 -0.350111409798D-03 -0.208241119424D-03  0.988653867643D-03
 -0.531377150045D-02  0.446219213418D-03  0.391154017178D-02 -0.341550686809D-02
 -0.104086338040D-02 -0.237578538687D-02 -0.233752115964D-02 -0.308276050580D-02
  0.457761781472D-02 -0.724718053860D-02 -0.205396779964D-02 -0.594926958447D-02
  0.384333416733D-02 -0.412876394565D-02 -0.310672742780D-03  0.755095678566D-03
  0.270040723872D-02  0.278289988448D-02 -0.464495470527D-02  0.413816990325D+00
 -0.403240271401D-02 -0.673916348109D-02  0.280455007015D-02 -0.439114712805D-03
 -0.112343210077D-01 -0.583502075044D-03  0.111133106336D-02 -0.141273685256D-01
  0.111106871854D-01 -0.110024999765D-04 -0.123304086715D-01  0.156156525351D-02
 -0.426795976207D-03 -0.105221750694D-01  0.803743468009D-03 -0.730463339554D-02
  0.149671392963D-02  0.420417712422D-02 -0.475356312709D-02  0.754570449583D-02
 -0.101646038096D-02 -0.721687790824D-02 -0.828116862813D-02  0.361823446481D-02
 -0.241322771948D-02 -0.124918323475D-02  0.277485010097D-03 -0.940037597697D-02
  0.424722848153D-02 -0.211111341812D-02 -0.403419086137D-03 -0.727055654849D-02
 -0.101281502870D-01 -0.354829305663D-02 -0.246757683364D-02 -0.216580713810D-02
 -0.113720286522D-01 -0.372558131694D-02 -0.346060332692D-01  0.809243082003D-02
 -0.165516309786D-01 -0.162124002448D-01 -0.445636746569D-02  0.609047151833D-02
  0.519701034450D-02 -0.784970761934D-02 -0.512801651511D-02  0.432937221509D+00
 -0.476755628946D-02 -0.914192661010D-02  0.457405091501D-02  0.306020377478D-02
 -0.156615777209D-01  0.232724380454D-02  0.530198482358D-02 -0.171676325695D-01
  0.107976758184D-01  0.493440338069D-02 -0.167841650478D-01  0.198647409625D-02
  0.305710144991D-02 -0.135943039381D-01  0.271834216114D-03 -0.938762554588D-02
  0.458451221595D-02  0.500873841155D-02 -0.844478034738D-02  0.164870581528D-01
 -0.316439103647D-02 -0.100490642349D-01 -0.136919700985D-01 -0.556468987392D-02
 -0.323650707170D-02 -0.136466415259D-02  0.244602748908D-02 -0.134513356801D-01
  0.227354947046D-02 -0.178065879633D-02  0.531525734074D-02 -0.294974957053D-02
 -0.933506339406D-02 -0.417483794323D-02 -0.870085480434D-02 -0.359216782836D-02
 -0.192531780249D-01 -0.591791503239D-02 -0.832143450957D-02  0.846483842667D-02
 -0.835719292934D-02 -0.962125434235D-02 -0.151363667174D-02  0.208539285764D-02
  0.248806721172D-02 -0.104250298870D-01 -0.786733588987D-02 -0.136869506845D-01
  0.557086412928D+00 -0.459159891930D-02  0.135235480325D-04 -0.766951801775D-03
  0.140135420882D-02 -0.700089608218D-02  0.487288949188D-03 -0.262517831943D-02
 -0.623585487128D-02 -0.161074318598D-02  0.108320689925D-02 -0.710995400977D-02
 -0.244525564227D-03 -0.174896467114D-02 -0.737589624145D-02  0.144949993189D-02
 -0.649462217169D-02  0.132094855619D-02 -0.159079289694D-02 -0.569026319126D-02
  0.390693654725D-02 -0.404070898097D-03 -0.497483221957D-02 -0.424081385624D-02
 -0.928428798423D-03  0.315852717564D-02  0.110193283739D-02 -0.395089844144D-04
 -0.491264960191D-02 -0.569616845816D-03  0.378586323742D-02 -0.211493621847D-02
 -0.449140185058D-02 -0.258928331196D-02 -0.396551341840D-02 -0.318614679799D-02
  0.121399720176D-02 -0.250807906462D-02  0.366738275266D-02 -0.921302921037D-02
  0.102041903602D-02 -0.897516615800D-02  0.437625065970D-04 -0.108715331436D-02
  0.141085284800D-02  0.662380967909D-02 -0.430976136711D-02 -0.316337069137D-02
 -0.255404739732D-02 -0.435756582937D-02  0.474723997881D+00  0.219617698597D-02
  0.782171505061D-03 -0.787303544532D-03  0.123729565667D-02  0.159085708843D-02
  0.606747100226D-03 -0.224323919013D-02  0.189358884155D-02 -0.199772572742D-02
  0.155401434666D-02  0.203225254410D-02 -0.319740501658D-03 -0.703105682142D-03
  0.193690071054D-02  0.411764834234D-03  0.353110592762D-03  0.162351442199D-02
 -0.103440361881D-02  0.117551529863D-02  0.350892061717D-02  0.385394876634D-04
  0.856767821481D-03  0.975769711584D-03 -0.161753825965D-02  0.338001054376D-03
  0.990940145885D-03  0.356498424254D-04  0.756877763696D-03 -0.237323396113D-02
 -0.245048282600D-04  0.175588558178D-02  0.128686902955D-02 -0.587676533815D-02
  0.177399570984D-02 -0.215107895463D-02 -0.513837588965D-03 -0.445316658757D-03
  0.136006138553D-02 -0.849083110531D-02 -0.107997072124D-02 -0.312245179987D-02
 -0.636835244909D-02 -0.357847511086D-03 -0.322450132040D-03  0.637068222331D-03
  0.140901675076D-02  0.321068758140D-04  0.137078588187D-02 -0.369081044991D-03
  0.149850315689D-02  0.417258005844D+00 -0.756889361413D-03 -0.475128196732D-02
  0.200985882920D-02 -0.364495623130D-02  0.149998040185D-02 -0.216277274498D-02
  0.409794511920D-02  0.151079125419D-02  0.930095110536D-02 -0.362799539074D-02
  0.404808591378D-03 -0.607968683305D-05 -0.130541606174D-02  0.161888624731D-02
 -0.644382138925D-03  0.392859552465D-02 -0.315914657567D-02  0.645836585928D-02
  0.312980187744D-02 -0.278178931780D-02 -0.893789521811D-03  0.124477179046D-02
 -0.302172085027D-03  0.525879341203D-02 -0.229196429726D-02 -0.249124521619D-02
  0.223963352267D-03  0.383163243215D-03  0.640953144890D-02 -0.558386070348D-02
 -0.112069981310D-01  0.899944419043D-03  0.995916810151D-02 -0.163491265478D-03
  0.656693518153D-02  0.106047226746D-02  0.157933873038D-02 -0.988672658464D-02
 -0.384557787208D-02  0.259267081582D-03  0.250580036729D-02 -0.174876101184D-03
 -0.137266607099D-02  0.405086085393D-02 -0.125287926043D-01 -0.949944449144D-04
  0.180434690717D-02 -0.264895521380D-02  0.109645392778D-02 -0.499886409105D-03
 -0.208799555839D-02  0.403646286705D+00 -0.121194811953D-02  0.198146801016D-02
  0.168021178947D-01 -0.166589562570D-03 -0.766174295491D-03  0.438293710204D-03
 -0.377108432403D-03 -0.971085851935D-03 -0.166126870325D-02  0.701572592355D-03
 -0.414504889180D-03  0.666351530517D-03  0.548989622575D-03 -0.225703603636D-03
  0.189190182952D-03 -0.145126126548D-02  0.718702350875D-03 -0.165100358794D-02
  0.718776860319D-03 -0.347667650744D-02  0.662934583198D-03 -0.266534915388D-03
  0.245857793394D-03  0.166653282482D-02  0.526312860644D-03 -0.701628337239D-04
 -0.679743504650D-03  0.549336212535D-04 -0.110147139412D-02 -0.703650327866D-02
 -0.137614548139D-02  0.212509246364D-03 -0.456628355802D-03  0.381505721633D-03
  0.585203237003D-03 -0.272094481787D-01 -0.152422288429D-02  0.353110034228D-02
 -0.459668807509D-02  0.108054120431D-02  0.450305300298D-03 -0.221800201034D-02
  0.147919066029D-02 -0.393981542366D-03  0.846974974229D-02 -0.565015683202D-03
 -0.181459680811D-02  0.138442023717D-02  0.272213164460D-02  0.660918599408D-03
  0.283488676174D-03 -0.213065869701D-02  0.321168114905D-01 -0.425258253957D-02
  0.301371975919D-02 -0.132781043005D-01 -0.675237109982D-02 -0.346068887258D-02
 -0.909452171457D-03  0.100308611661D-02 -0.249343825317D-02 -0.444708691498D-02
  0.664556313873D-03 -0.298960168033D-02  0.869817353565D-04  0.513811368665D-04
 -0.204039659226D-02 -0.998209912551D-03 -0.881421020095D-03  0.203162554785D-02
 -0.448854249550D-02 -0.168950870127D-02 -0.475217076437D-02  0.156363949046D-02
 -0.194964807549D-02 -0.285568149738D-02  0.123328024978D-02 -0.200906822806D-03
  0.301546814070D-03 -0.122536103976D-02 -0.345034031333D-03 -0.131480489818D-02
 -0.648818365696D-01  0.155794314350D-02 -0.893604235179D-03 -0.510049090408D-02
 -0.171217832534D-02  0.257785959771D-02 -0.422611853848D-01  0.272035675365D-03
  0.222905200158D-02 -0.301490967715D-02  0.435035651732D-04  0.679350439437D-03
 -0.860920940482D-02 -0.462429665879D-02 -0.106944025088D-02 -0.347032694288D-02
 -0.267692735565D-02 -0.337959994278D-02  0.199190805468D-02  0.257256768371D-02
 -0.290901351086D-02  0.354472000760D-03  0.265935978382D-02  0.987007456154D-02
  0.758740456819D-01
$end
