$hessapprox internal
  0.435710212864D+00 -0.264252695893D-02  0.314404610495D+00  0.112115632043D-02
 -0.800355708801D-03  0.923549159907D-01  0.425512319071D-04  0.238514188381D-02
  0.177898465735D-02  0.405914533823D+00 -0.228411353847D-02  0.647114048254D-02
  0.549920946038D-03 -0.192982847586D-02  0.331046387541D+00  0.746848014370D-02
  0.107436136903D-01 -0.203654229454D-02 -0.286473823633D-02 -0.621450823604D-02
  0.325218187328D+00  0.915512073003D-02  0.431555709082D-03 -0.265816284762D-04
 -0.935648027233D-04 -0.122827758601D-02  0.534011901924D-02  0.421562922441D+00
  0.414355015812D-02 -0.191078233745D-02 -0.732171878631D-03 -0.517862193032D-03
  0.319690045789D-03  0.260619371424D-02  0.258044593843D-02  0.409541156629D+00
  0.639549151045D-02 -0.100430865143D-01 -0.180362982572D-02 -0.409021120895D-03
 -0.631320127047D-02 -0.799356856779D-02  0.485792860827D-02  0.679593759189D-03
  0.315966539762D+00 -0.235187006379D-02 -0.464627257261D-02  0.366737892254D-02
 -0.298362489595D-02  0.894530942977D-03  0.304265977384D-02 -0.912826257092D-03
 -0.171858006030D-02 -0.299511918461D-02  0.337313114437D+00 -0.131190441144D-01
 -0.138789914655D-01  0.172953047333D-03  0.193025110010D-02 -0.817199510324D-02
 -0.993702452175D-03 -0.834142032690D-02 -0.358855149283D-02 -0.149468574824D-01
 -0.523262411815D-02  0.287003882329D+00  0.115020931528D-02  0.351245645506D-04
  0.518107136952D-02 -0.151733915165D-02 -0.385184412561D-02 -0.324975408776D-02
  0.169003580862D-02  0.185671914890D-02 -0.598215916405D-02  0.213722217560D-02
 -0.396003093164D-02  0.336546450033D+00 -0.216654276492D-02  0.283990548013D-02
  0.146705286796D-02 -0.354020204766D-02 -0.220584898374D-02 -0.155575335273D-03
 -0.120104881283D-02 -0.721644579805D-03  0.217411066362D-02  0.171211090645D-02
 -0.369013828296D-02 -0.152602939186D-02  0.413537376309D+00 -0.995793585075D-03
 -0.432567964797D-02  0.407749534476D-03 -0.602925118466D-03  0.711643215373D-03
  0.245017285436D-02 -0.117300088286D-02 -0.169468661064D-02 -0.116455719312D-02
 -0.491864825456D-03 -0.324885980579D-02  0.226989830821D-02 -0.632413159193D-03
  0.411377436876D+00 -0.797115347680D-02  0.175041683491D-02  0.490325275279D-03
 -0.268799974011D-02  0.359005393638D-02  0.543380614947D-02 -0.648746217027D-02
 -0.285923949259D-02  0.851888838335D-02  0.224799943715D-03  0.361633144788D-02
  0.425598476020D-02 -0.623274609911D-03  0.767581989402D-04  0.331007670070D+00
 -0.455447424458D-02  0.115797186165D-04 -0.885221030650D-03  0.487693950771D-02
 -0.169281094950D-02 -0.149643351252D-02 -0.457771248503D-02 -0.802520347143D-03
 -0.248156492147D-02 -0.964996626034D-03 -0.613264806411D-02 -0.298541782282D-02
 -0.220658233056D-02 -0.133492171205D-02 -0.446146946718D-03  0.336323544575D+00
 -0.976662265999D-02 -0.656837982844D-02 -0.105110502082D-02  0.186811488829D-02
 -0.122728362178D-02  0.399021789966D-02 -0.717475023963D-02 -0.366736598085D-02
 -0.198584247592D-02 -0.251946450028D-02 -0.128121621486D-01  0.105531444916D-02
 -0.115723370752D-02 -0.284252587282D-02 -0.123198862733D-02 -0.369886052912D-02
  0.308318615468D+00  0.371527580959D-02 -0.402009059591D-02  0.277181889063D-02
 -0.230385790030D-02 -0.111162624409D-02 -0.170756115881D-02  0.286021903075D-02
  0.882993590178D-03 -0.729451690088D-02 -0.783755280765D-03 -0.116760966344D-02
 -0.147566655937D-02  0.647366858582D-03  0.170923365194D-03  0.325693951466D-02
  0.787773344139D-04  0.150919185299D-02  0.330962017051D+00 -0.585206470201D-02
 -0.479312384577D-02  0.164010968830D-02 -0.168044520335D-02  0.246176401627D-02
  0.335125893458D-02 -0.550775261479D-02 -0.492322194564D-02  0.326116675990D-02
  0.435933638464D-04  0.136146819202D-02  0.121017408724D-02 -0.872118928202D-03
 -0.333829770618D-02 -0.126698155874D-02  0.826166555837D-03 -0.879814475242D-03
  0.836201177387D-04  0.408855189950D+00 -0.879601067263D-02 -0.200190308377D-02
  0.146853489029D-03 -0.509313433982D-02  0.640094686153D-03 -0.516849847250D-03
 -0.744820242678D-02 -0.549608936640D-02  0.235121262614D-03  0.960614320611D-03
  0.370269220063D-02 -0.244909173225D-03 -0.222920837552D-02 -0.262388051441D-02
  0.142475179458D-02  0.230135354049D-02  0.223741507159D-02 -0.199300602535D-02
 -0.210123682285D-02  0.406817489504D+00 -0.628012705566D-02 -0.538300788219D-02
 -0.124999483336D-02  0.209889438925D-02  0.350282864149D-02  0.549927011397D-02
 -0.508716884453D-02 -0.303853564275D-02  0.312713355693D-02 -0.128495731870D-03
 -0.245126038662D-03  0.265451758025D-02  0.350199153153D-03 -0.226228849077D-02
 -0.225556673026D-02  0.104017379600D-02 -0.302583337944D-02  0.248722347802D-03
 -0.227021921880D-02  0.123815902255D-02  0.334550773276D+00 -0.942078543503D-03
 -0.108196057606D-01 -0.705501091773D-02 -0.585612592645D-03  0.595993511554D-02
  0.622862850375D-02 -0.792333364456D-03 -0.256685186521D-02  0.101911608860D-02
 -0.220679934179D-03  0.304382020959D-02  0.210248838618D-02  0.288073633374D-02
 -0.236858276923D-02 -0.109947858532D-02  0.383587241372D-02 -0.188357396690D-04
 -0.226660606489D-02 -0.303649514599D-02 -0.595333799312D-03 -0.214060603230D-02
  0.334420123498D+00  0.188609135087D-02 -0.249465514849D-02  0.115080662662D-02
 -0.605412314597D-04 -0.107974476812D-01 -0.987465932671D-02  0.257800498881D-02
  0.161960582442D-02 -0.189159315664D-01 -0.242321411422D-02 -0.192740653286D-01
 -0.730515361036D-02 -0.169719096074D-02  0.813664267832D-04  0.872975395091D-02
 -0.454828941592D-02 -0.349846589340D-02 -0.411175292776D-02  0.389913366384D-02
  0.410372480141D-03  0.427223591964D-02  0.468422694378D-02  0.294044451835D+00
  0.117908470576D-01  0.720823673311D-02 -0.686776772626D-02 -0.349440687728D-02
 -0.174712982401D-02 -0.636726937825D-02  0.842654371798D-02  0.281324630210D-02
 -0.451341016938D-02  0.119074628835D-02  0.528573984087D-02 -0.503984250497D-02
  0.135525455401D-02  0.978161057509D-03  0.199430409581D-02  0.309101372566D-02
  0.600803939989D-02 -0.494029140839D-02  0.128731047047D-02 -0.237192773845D-02
  0.397126764957D-02  0.374720253413D-02 -0.358840768861D-02  0.334042245106D+00
 -0.141200555108D-02 -0.147264351899D-02  0.394336287910D-03 -0.785038036242D-03
  0.342302413364D-03  0.787866031307D-03 -0.538793203168D-03  0.224151074467D-03
  0.167463805113D-03  0.197065102860D-03  0.275794033659D-03  0.773359971031D-03
 -0.110318853031D-02  0.679996311758D-03  0.896596362931D-03 -0.220485276167D-03
  0.175443443494D-03  0.702807295744D-03 -0.492996923163D-03 -0.315347041643D-03
  0.594185227239D-03  0.274097095759D-03 -0.499130014041D-03 -0.126036376551D-04
  0.289865210001D-01  0.969020221718D-02  0.343846411850D-03  0.611217980232D-03
  0.225684784725D-02 -0.252042747952D-02  0.440597474877D-02  0.897446521705D-02
  0.393321033577D-02  0.685708957303D-02 -0.310116948935D-02 -0.855919784349D-02
 -0.491757629237D-03 -0.204127344956D-02 -0.135240255741D-02 -0.885774229106D-02
 -0.937395587106D-03 -0.692762475173D-02  0.249174530829D-02 -0.423074278925D-02
 -0.771922819500D-02 -0.493076675941D-02 -0.134607005777D-02  0.326734273465D-02
  0.961643851035D-02 -0.252982983405D-02  0.445322394970D+00  0.349945743203D-02
 -0.205793621651D-02 -0.198740548095D-03  0.593757520568D-03 -0.885369699136D-03
  0.147601403175D-02  0.267018755436D-02 -0.768755432479D-03  0.350573967295D-03
 -0.213840975962D-02 -0.289253025032D-02  0.455021451516D-04 -0.191730271917D-02
 -0.240043774564D-02 -0.290451234974D-02  0.525339222805D-03 -0.281797745977D-02
 -0.286914644179D-03 -0.340005425262D-02 -0.449365364949D-02 -0.219637092687D-02
 -0.235624449776D-02  0.631561713783D-03  0.296740755877D-02 -0.689276349105D-03
  0.650317444099D-02  0.434291365262D+00 -0.395045998005D-02 -0.818043888413D-02
  0.537778479982D-03  0.232082628411D-04  0.759634572652D-03  0.282926477179D-02
 -0.234266089874D-02 -0.237129543676D-03 -0.514932488643D-03 -0.146468441936D-02
 -0.425302505752D-02 -0.676706357621D-04 -0.821576274114D-03 -0.124004437440D-02
 -0.100535125293D-02 -0.792539288320D-03 -0.299642837040D-02  0.716071967792D-03
 -0.370142371723D-03  0.183246333271D-03 -0.164848376760D-02 -0.121188019040D-02
  0.283020991533D-03  0.370867878437D-02 -0.932288023667D-04 -0.330881354139D-02
 -0.552400748609D-03  0.336293371320D+00  0.991399376725D-04 -0.379173597556D-02
  0.366219503378D-03  0.554844568007D-03  0.594294472735D-04  0.221729802309D-02
  0.901778598978D-03  0.329302715231D-03  0.203107249825D-02 -0.458119171612D-04
 -0.199280725532D-02  0.489133335031D-03 -0.114684595100D-02 -0.382756181675D-03
 -0.177464182491D-02 -0.109189001195D-03 -0.164232686075D-02  0.105487470528D-02
 -0.169074996051D-02 -0.150362464346D-02 -0.119173443936D-02 -0.779016714593D-03
  0.121275842617D-02  0.263747332328D-02 -0.226293679507D-03  0.575057587014D-03
  0.825305484637D-03 -0.142136851425D-02  0.380157154072D+00 -0.144314330572D-02
 -0.666828635929D-03  0.495251333865D-04  0.285197657975D-03  0.174599362971D-03
 -0.466565272376D-03 -0.164743680481D-02 -0.697384538465D-03 -0.231848855271D-03
 -0.227928309296D-03 -0.501863822614D-03 -0.368512731590D-03  0.654642755925D-04
 -0.595427664769D-03 -0.540952861979D-03  0.153879672885D-03 -0.281676376288D-03
  0.145203412887D-03  0.595798842682D-04  0.633775017321D-03 -0.199570680888D-03
 -0.168073035855D-03  0.356460627642D-03  0.341897795746D-03 -0.137958483042D-03
 -0.880068089381D-03 -0.708037232167D-03  0.233695231606D-03 -0.514579105567D-03
  0.383247198205D-01  0.258858197323D-02  0.429175846426D-02  0.107553673577D-03
 -0.219595284652D-04 -0.165577015050D-02 -0.179170211758D-02  0.199097444877D-02
  0.929620508267D-03 -0.120910486688D-02 -0.465727681259D-03 -0.802136910047D-03
  0.125837701918D-03  0.393199287580D-03  0.586437493467D-04 -0.130052009738D-03
  0.931212329933D-03 -0.796409165432D-03 -0.877047583910D-03  0.180600936939D-03
 -0.133815106520D-02 -0.639781159334D-03  0.150138296575D-03 -0.103323575815D-02
  0.378271849057D-04  0.721299909974D-03  0.211889710241D-02  0.367429886405D-03
  0.224394640120D-03  0.688304100142D-03 -0.762560796633D-04  0.708935813702D-02
 -0.277218545010D-02 -0.329631879031D-02 -0.786114944621D-03 -0.569231277869D-03
 -0.222693937640D-03 -0.939740520679D-03 -0.425324358944D-02 -0.554448126651D-02
 -0.551646069113D-02  0.124312177286D-03 -0.193964645287D-02  0.487079847952D-03
 -0.552808584108D-03 -0.327335379234D-02  0.354416153753D-02 -0.165652094290D-02
 -0.880115303793D-03 -0.143815272764D-02 -0.209663834971D-02 -0.730503741426D-04
 -0.641820228231D-03 -0.171588064366D-02 -0.329839746924D-02 -0.230894856166D-02
  0.113730026973D-02 -0.173391402614D-02 -0.235264585869D-02  0.219028354881D-02
  0.681794915910D-04 -0.450314123297D-03 -0.864328754720D-03  0.415673837664D+00
 -0.215347861213D-02  0.496569190225D-02 -0.332227225823D-03 -0.327513332300D-02
  0.220481048256D-03 -0.408163358688D-02 -0.359162801963D-02 -0.378854200561D-02
 -0.140334408230D-02  0.116600724231D-02  0.661251523115D-02 -0.213822091434D-03
 -0.133254016939D-03 -0.161241077562D-02  0.218860120835D-02  0.345052538339D-02
  0.428318030751D-02 -0.114831193935D-02 -0.190026431136D-03 -0.660136904379D-03
  0.277069943249D-02  0.631944449511D-03 -0.113770864640D-03 -0.454615049384D-02
 -0.555124046483D-04 -0.195587229637D-02 -0.247569095890D-02  0.317665478135D-02
  0.893619460019D-04  0.812938629084D-03 -0.158900788968D-02 -0.202871522940D-02
  0.413646339376D+00 -0.248146766658D-02 -0.225168576040D-03  0.371346001611D-03
 -0.286883551295D-02  0.117376666710D-02  0.108580262874D-02 -0.330208163074D-02
 -0.387646162653D-02  0.115123644865D-02  0.539288328755D-03  0.230908937699D-02
 -0.722851046464D-04 -0.180750522612D-02 -0.243415066545D-02 -0.183256429323D-03
 -0.330285612626D-03  0.613878625220D-03 -0.830112131447D-03 -0.258261173188D-02
 -0.198198834866D-02 -0.337872492085D-03 -0.330529200203D-03  0.167652616298D-02
 -0.903230337988D-03  0.413955459375D-03 -0.160548290452D-02 -0.132886424007D-02
  0.187878507179D-02 -0.346210060148D-03 -0.392011634863D-03  0.112679529026D-02
 -0.228784175848D-02 -0.133849036090D-02  0.413224792986D+00 -0.137396578177D-02
 -0.165060554334D-01  0.139865442641D-02 -0.106890172028D-02 -0.532403597975D-02
 -0.432552981779D-02  0.586122757990D-03 -0.106368088275D-02 -0.173248979808D-01
 -0.302368066988D-02 -0.160523115963D-01 -0.597531749481D-02 -0.111724176766D-02
 -0.147448198111D-02  0.819195187247D-02 -0.166538684093D-02 -0.232010353940D-02
 -0.529623835815D-02  0.121521981800D-02 -0.265402522060D-03  0.328334838142D-02
  0.508804401046D-03 -0.176679459439D-01 -0.216215568503D-02 -0.122045320341D-02
  0.102185021911D-02 -0.103728251533D-02 -0.105816612365D-02 -0.291940750425D-03
  0.494101727172D-03  0.173672951469D-02 -0.353765856378D-02  0.112942358339D-02
  0.246437547646D-03  0.306579470394D+00  0.452466722835D-02  0.312826320020D-02
  0.122920668930D-02 -0.875062682015D-03  0.287921952177D-02  0.650838887473D-03
  0.365736427843D-02  0.172336397027D-02  0.359379130244D-02  0.452135434452D-03
  0.100175233432D-01  0.135121731089D-02  0.665604109577D-03  0.103701656950D-02
 -0.403617746969D-03  0.437719288860D-02  0.432106852431D-02 -0.137155224824D-02
 -0.164288100061D-02 -0.297913342289D-02 -0.489618006735D-03 -0.295131894960D-02
  0.574046264855D-02 -0.231185208665D-02  0.362165146820D-03  0.284307079149D-02
  0.809914094065D-03  0.196950143163D-02  0.793091446808D-03  0.363529972172D-03
 -0.330693313166D-03  0.544792706987D-03 -0.270850259291D-02 -0.205190671371D-03
  0.384386019892D-02  0.317180917311D+00  0.633335680865D-03  0.502742489380D-02
 -0.679025597168D-03 -0.388491359031D-04 -0.847846965982D-02 -0.667429516355D-02
  0.150617017013D-02  0.110460086015D-02 -0.118657639723D-01 -0.938951364403D-03
 -0.151554516142D-01 -0.345459350364D-02  0.142453160710D-03  0.497590303623D-03
  0.533919702472D-02 -0.424307430090D-02 -0.443260039010D-02 -0.217536654049D-02
  0.320193032340D-02  0.151487603094D-02  0.168608151407D-02  0.424206277434D-02
 -0.153422333417D-01 -0.176509904392D-02  0.923851482346D-03  0.247236557457D-03
 -0.479261917332D-03  0.151375373368D-03  0.100660396831D-02 -0.369828878124D-03
 -0.376841164283D-02 -0.236619430689D-02 -0.177920765102D-03  0.236028982787D-02
 -0.898993877387D-02  0.381148981238D-02  0.308100725879D+00 -0.307612574864D-02
  0.126274075447D-01 -0.910482033740D-03 -0.106017257615D-02 -0.242980524821D-03
 -0.664843526309D-03 -0.347478386222D-02 -0.138736788717D-02  0.617542594164D-02
  0.233332300588D-02  0.511752344736D-02  0.213795833709D-02 -0.994178228877D-03
  0.197505036449D-03 -0.225831398597D-02 -0.594259554453D-03  0.742959301230D-03
  0.319876165020D-02  0.334760817603D-03  0.734074323225D-03  0.444584504197D-03
  0.293849401002D-02  0.426187837808D-02  0.179889444594D-03  0.598245579784D-03
 -0.388142209721D-02 -0.985944395567D-03  0.116019953756D-02  0.190463000723D-03
 -0.199199219580D-03 -0.209029235889D-02  0.165430668626D-02 -0.856702759012D-03
  0.133403514496D-03  0.841049101841D-02 -0.813723323617D-03  0.930437609224D-03
  0.327623517928D+00 -0.466258632186D-02 -0.616577885034D-02 -0.862364741273D-03
  0.138154158564D-02  0.169740177153D-02  0.283924783174D-02 -0.453918155038D-02
 -0.241006218844D-02  0.214077595385D-02 -0.203161079470D-03 -0.247205226694D-02
 -0.317587447824D-03 -0.807277805711D-03 -0.158147674320D-02 -0.234719775072D-02
 -0.223538960735D-02 -0.208337667603D-02  0.177149079760D-02 -0.221241425037D-03
  0.223703749887D-02 -0.516105719485D-03  0.750004376853D-03  0.194505495870D-02
  0.319522153173D-02 -0.860612226384D-03 -0.227774327016D-02 -0.458788575846D-03
 -0.164712709463D-02 -0.125438662785D-02 -0.279957393813D-04  0.300262531083D-02
 -0.145927247929D-03  0.320623660135D-02 -0.171126336143D-02  0.190914358764D-03
  0.276760812502D-02  0.305992987386D-02  0.727287258849D-03  0.327643955714D+00
 -0.271921389003D-02  0.553838957671D-02 -0.229086569762D-02  0.663540041919D-03
 -0.118013170207D-02 -0.991351368569D-03 -0.282839198426D-02 -0.142433114059D-02
 -0.697490178606D-03 -0.101835592917D-02 -0.204518246830D-02  0.181184815729D-04
  0.597717899100D-03 -0.701888001280D-03 -0.204587460547D-03  0.158087717208D-05
 -0.183348409747D-02 -0.357154386698D-03  0.685455759400D-03  0.171920156739D-02
 -0.773752721706D-03  0.649119412181D-03 -0.116508080421D-02 -0.186181990200D-03
  0.760046130607D-03 -0.239687169456D-02 -0.145415820207D-02  0.684912893668D-03
  0.218986562519D-03  0.126420102323D-04 -0.242848468900D-02 -0.122264373330D-02
  0.482081229052D-03  0.112786192513D-03  0.181971145192D-02  0.703445097868D-05
 -0.359483905878D-02 -0.133155402675D-02  0.182999758862D-02  0.639929057432D-02
  0.123521575315D-02  0.302865670958D-02  0.607402329935D-03 -0.230679961867D-02
 -0.253275444755D-02 -0.176160797863D-02  0.126950001852D-02  0.206792719161D-03
  0.733886971159D-03 -0.275522061220D-03 -0.167687615178D-02 -0.124159313459D-02
 -0.219445272569D-02 -0.828079345716D-03 -0.191104354842D-02  0.799662133364D-03
 -0.606774545508D-03  0.231157478971D-04 -0.144413928244D-02 -0.396194803671D-02
  0.799165459867D-03  0.134502036510D-02 -0.131983644229D-02  0.102799421963D-02
 -0.990791679091D-03  0.209192309508D-02  0.624413635080D-03 -0.795122462257D-03
  0.268314974029D-03 -0.210453557921D-03 -0.236666569735D-03 -0.345975709327D-03
 -0.223862518630D-02 -0.876482580843D-03 -0.489175497941D-03  0.379928026241D-03
 -0.933642587633D-03 -0.203456478068D-02  0.687997127982D-03 -0.739881898426D-04
  0.418070963783D+00 -0.650517163605D-02  0.545522833926D-02 -0.603778969607D-03
 -0.532019348332D-02 -0.206880822146D-03 -0.412903228399D-02 -0.601574710432D-02
 -0.356605911221D-02  0.298195358869D-02  0.159267621583D-02  0.923142895885D-02
 -0.245967481328D-02 -0.275476043692D-02 -0.164123308188D-02  0.414484270624D-04
  0.476755520268D-02  0.607090911439D-02 -0.159800006350D-02  0.782085263004D-04
 -0.157366073399D-02  0.427401349882D-02  0.243731900358D-02  0.163523732772D-02
 -0.445598636080D-02 -0.108418661002D-02 -0.541121333917D-02 -0.257383023216D-02
  0.153887735281D-02 -0.939770728846D-03  0.908801887309D-03 -0.694878941488D-03
  0.178372606231D-02 -0.126743859930D-02 -0.147909915945D-02  0.255430409779D-02
 -0.380861399302D-02  0.256034562476D-02 -0.119231141530D-02  0.298972350719D-02
  0.299449359720D-02 -0.427454464035D-02  0.411600277055D+00 -0.507299793457D-02
  0.767671565931D-02  0.276955544747D-02 -0.562924115568D-02 -0.173250654303D-02
 -0.119483821394D-02 -0.277742954349D-02  0.142215274270D-03  0.682874971345D-02
  0.145862206611D-02  0.210900274717D-02 -0.193964635058D-02 -0.237053472485D-02
  0.920365958558D-04 -0.366917589827D-02  0.293945830444D-02  0.169373164146D-02
  0.528251110332D-04 -0.672372071373D-04 -0.295418201652D-02  0.254136463547D-02
  0.421364583272D-02  0.153237265367D-02  0.463839548490D-03 -0.170825236299D-02
 -0.478678103098D-02 -0.218180885787D-02 -0.138508023431D-02 -0.155364554364D-02
  0.584853932918D-03 -0.353901647579D-03  0.342141526894D-02  0.614846407077D-03
 -0.739274388331D-03  0.287541125251D-02 -0.185328795619D-02  0.188557777786D-02
 -0.265418940550D-02  0.165862261854D-02  0.176650253004D-02 -0.411117177663D-02
 -0.435125177329D-02  0.408010796741D+00 -0.328443900874D-02 -0.336099970229D-01
  0.111997068658D-03 -0.133901613657D-02 -0.259904824402D-02 -0.149846046237D-02
 -0.340850040000D-03 -0.259817108585D-02 -0.262295154452D-01 -0.633112054314D-02
 -0.247024552422D-01 -0.575951862560D-02  0.473958248099D-02 -0.308430741242D-02
  0.109735435322D-01 -0.233972284627D-02 -0.605271142445D-02 -0.866280498885D-02
  0.257244319580D-02  0.284364377976D-02  0.108974714723D-02 -0.382887106349D-02
 -0.219380781596D-01 -0.819584286392D-03 -0.123599622919D-02 -0.128425528154D-02
 -0.471293728536D-02 -0.416630673135D-02 -0.152158389140D-02  0.693744725146D-03
  0.933581317226D-03 -0.557903817463D-02  0.408303900942D-02  0.198025163047D-02
 -0.274855155057D-01  0.469589158107D-02 -0.103913639388D-01  0.143806553349D-01
  0.573672591498D-04  0.254110911554D-02  0.119185062350D-02  0.957639448756D-02
  0.119422804597D-01  0.283479084442D+00  0.176610299004D-02  0.425428919816D-02
 -0.101393541570D-02 -0.138209051436D-02 -0.676193379649D-02 -0.844937996749D-02
  0.173281487108D-02  0.105273537465D-02 -0.109896136209D-01 -0.197746521626D-03
 -0.785877807194D-02 -0.442306614460D-02  0.297375990951D-03  0.100886064527D-02
  0.637216385498D-02 -0.126322501083D-02  0.739560412987D-03 -0.265371458544D-02
  0.399164726788D-02  0.167556832952D-02  0.445476328062D-02  0.442628720908D-02
 -0.135000642891D-01 -0.492675350321D-02  0.112782275053D-03  0.966248530928D-03
 -0.273845642417D-03  0.179316627813D-02  0.883122101105D-03  0.263200129223D-03
 -0.198889019679D-02 -0.141973165996D-02 -0.966254942522D-03  0.193911034061D-02
 -0.908390593159D-02  0.172705693143D-02 -0.982147989584D-02  0.198569331225D-02
  0.341372862877D-02 -0.850177628447D-03 -0.122118056155D-02  0.114864094278D-02
  0.180953928859D-02 -0.886506502057D-02  0.312511955158D+00  0.547931675027D-03
 -0.437814336972D-02  0.656572535339D-02 -0.389780829602D-03  0.908933993719D-03
  0.128481815093D-02  0.125324655874D-02  0.952830706536D-03  0.825623993240D-03
  0.178597792337D-02  0.575527260791D-03  0.101887897588D-02 -0.782858916866D-03
  0.667066992138D-03 -0.315499003705D-04 -0.651490711263D-03  0.524792692546D-03
  0.557181765168D-03 -0.958401090451D-03 -0.125384806396D-02  0.351644164500D-03
 -0.619398402624D-03  0.815595060681D-03  0.181348135689D-03 -0.276676025692D-03
  0.186756633161D-03  0.434728123179D-03 -0.109133848238D-02 -0.409817512885D-03
 -0.621353121953D-04  0.162263862716D-02  0.925378297926D-03  0.234932764159D-03
 -0.401052909662D-03 -0.124377144698D-02  0.486740289682D-03  0.273785036597D-02
  0.949029743325D-03 -0.200996934204D-02  0.129335130101D-02 -0.133261505827D-03
 -0.232765669710D-02 -0.120785023693D-02 -0.125405574348D-02  0.102211581030D-02
  0.321238759409D+00 -0.265501567163D-02  0.137705251556D-01 -0.106023340019D-02
 -0.456918999954D-03  0.250777423253D-02  0.789069706078D-03 -0.378146423764D-02
 -0.165205152983D-02  0.117931313131D-01  0.257928765793D-02  0.127997419991D-01
  0.328173657568D-02 -0.154334543722D-02 -0.124988172733D-03 -0.474143898534D-02
  0.259653849822D-02  0.320311320995D-02  0.353295474085D-02 -0.135410060612D-02
 -0.392730887948D-03 -0.451385925624D-03  0.859185605386D-03  0.109748962110D-01
 -0.359866862379D-03  0.795313471744D-03 -0.333750631734D-02 -0.422186248079D-03
  0.232223376377D-02 -0.170612456437D-03 -0.130162528873D-03 -0.147858846868D-02
  0.183428224136D-02 -0.156917753227D-02 -0.990917269737D-03  0.133473671533D-01
 -0.311993446770D-02  0.504418590983D-02 -0.602943097751D-02  0.999670584110D-03
 -0.910851427586D-03 -0.137856000749D-02 -0.227205691638D-02 -0.354586693275D-02
  0.205181023093D-01  0.523633109743D-02  0.537519324499D-03  0.323431459832D+00
 -0.381486123095D-03 -0.189226225094D-02  0.701522743705D-02 -0.942289410535D-03
  0.420379581305D-03  0.716089553603D-03  0.431317440195D-03  0.331271734461D-03
  0.396219738942D-03  0.229415122455D-02  0.363186977462D-03  0.173397734084D-02
 -0.820349097104D-03  0.536221552949D-03 -0.631145999722D-04 -0.906080589232D-04
  0.227447785640D-03  0.479598862600D-03 -0.897920276470D-03 -0.787907750169D-03
  0.731016403042D-03  0.153145926926D-03  0.158859593634D-03  0.397621037206D-04
  0.269208563323D-03 -0.114541181142D-02 -0.900121315761D-04 -0.702814499694D-03
 -0.225765253611D-03 -0.100274853104D-03  0.393249969081D-03  0.878596783372D-03
  0.464989597352D-04  0.387736418065D-04 -0.311275504929D-03  0.355817810120D-03
  0.108566039446D-02  0.306750611188D-03 -0.847003014493D-03  0.123096789604D-03
 -0.579618530079D-03 -0.198557180289D-02 -0.119727334316D-02 -0.362116817241D-03
  0.220822113126D-03  0.141016257806D-02 -0.430706614668D-04  0.335759176029D+00
 -0.111609778310D-02 -0.293003979184D-02 -0.312520636475D-04  0.182068534187D-02
 -0.585089624374D-03 -0.944388614432D-03 -0.675871508776D-03  0.219985023537D-02
 -0.417057902215D-02 -0.806614162171D-03 -0.189234444166D-02 -0.482725428278D-03
 -0.478525922112D-03  0.577132231926D-04 -0.196974942195D-02  0.341893095682D-03
 -0.184670784168D-02 -0.109472041981D-02 -0.719062978570D-03 -0.110670769329D-03
 -0.390855994636D-03 -0.270377774349D-03  0.824878388418D-03  0.114671785237D-02
  0.125814007942D-02 -0.700829889606D-04  0.120242345072D-02 -0.250641336614D-02
  0.552107936804D-03 -0.177960047953D-03 -0.142799821258D-02  0.569757883650D-03
  0.197565352624D-02 -0.725200499084D-04  0.168574186420D-02  0.247778653212D-02
 -0.906435392356D-03 -0.138964769708D-02 -0.190639469774D-02  0.444605396493D-03
  0.273853079159D-03  0.805740019768D-04 -0.719798103425D-03 -0.574129199240D-03
  0.940849746993D-03 -0.366316473555D-03 -0.963978493581D-04  0.110430462178D-03
  0.825689025418D-02 -0.622080769183D-02  0.479987925444D-02 -0.365170799693D-03
 -0.134319654352D-01  0.219144233210D-02 -0.693620963388D-02 -0.732225904949D-02
 -0.733006675484D-02 -0.178848110247D-02  0.216835961619D-02  0.130617947424D-01
  0.254078470755D-02  0.262359693434D-02  0.333559532439D-02  0.557980008005D-02
  0.576288933525D-02  0.582432032271D-02 -0.380668412040D-02  0.293356072699D-02
 -0.133763602699D-02  0.437277479022D-02  0.484147542426D-04 -0.764386833592D-03
 -0.773823578950D-02 -0.114011418965D-02 -0.889415305281D-02 -0.104050249460D-01
 -0.518532440802D-02 -0.225354262577D-03  0.200175173125D-02 -0.229205052948D-02
  0.161539793794D-02 -0.765337394384D-02 -0.116840265069D-02  0.133393371583D-02
 -0.682559175464D-02  0.249974293725D-02 -0.338062439381D-02  0.743979170706D-02
  0.338329880298D-02 -0.900651513792D-02 -0.804131033855D-02 -0.377983565399D-02
  0.857950328655D-02  0.379421156989D-03 -0.456324473879D-03 -0.486451386900D-02
 -0.707669284132D-03 -0.277715933773D-03  0.681173744695D+00  0.914325494999D-02
  0.100862256397D-01  0.512941691078D-03  0.511088086201D-02 -0.549863819532D-02
 -0.591925688300D-02  0.720938164164D-02  0.671766736738D-02 -0.776854447357D-03
  0.398819771927D-02 -0.135274957624D-02 -0.628862863367D-02 -0.137304005573D-04
  0.305918203053D-02  0.476351607465D-02 -0.707783302762D-02  0.249188816792D-02
 -0.104367166338D-02  0.423761537664D-02  0.216625895442D-02  0.220594663218D-02
  0.630431796702D-02 -0.711101271535D-02 -0.375472683682D-02 -0.655268363009D-03
  0.850650749690D-02  0.442403009192D-02  0.220700924446D-02  0.157754353301D-02
  0.107716626464D-02  0.303860074960D-02 -0.172753368650D-02  0.647077378604D-03
 -0.214392972366D-02 -0.466967222854D-02  0.136893387056D-02 -0.289761366717D-02
 -0.571875106372D-04 -0.162090552610D-02  0.741869875836D-03  0.428001019421D-02
  0.700134116031D-03  0.366499826679D-02  0.372411247049D-02 -0.418526130096D-02
 -0.135094712934D-02  0.969538557440D-03 -0.545353859062D-03 -0.391420465559D-03
  0.103437904692D-01  0.381554843046D+00 -0.125168120530D-01 -0.193362480868D-01
  0.554491984169D-03  0.260822992953D-02  0.321530225467D-02  0.106821117640D-01
 -0.743967171406D-02 -0.336657867033D-02  0.261149260770D-03 -0.255719859800D-02
 -0.139633557318D-01  0.241906744464D-02  0.677472158857D-03 -0.237195112295D-02
 -0.200516198808D-02 -0.189174677916D-02 -0.919452722015D-02  0.694426653792D-03
 -0.290763153801D-02  0.321365975100D-02 -0.559907197910D-02 -0.391834980038D-02
  0.122786551889D-03  0.762312055811D-02  0.978692136937D-03 -0.104814717412D-01
 -0.432349967040D-02 -0.435119941904D-02 -0.411895045717D-02 -0.645923133046D-03
  0.736173640909D-03 -0.799592454234D-03  0.780818425104D-02  0.157974202391D-03
 -0.495049581804D-02  0.367766731283D-02 -0.105275286753D-03  0.576314942144D-02
 -0.454999109743D-02 -0.189367632731D-03  0.203578233889D-02  0.905584485710D-02
  0.459795989310D-02 -0.109094919262D-01  0.438187664718D-02 -0.330537619601D-03
  0.548103020096D-02  0.479503172389D-03  0.136975326030D-03  0.223905823167D-01
  0.221026155281D-02  0.394608347574D+00  0.878702340705D-02  0.969497214848D-02
  0.116739539521D-02 -0.875881167823D-03 -0.151225418905D-02  0.170163256020D-02
  0.705393646834D-02  0.262064991025D-02  0.586943560247D-02  0.258890267248D-02
  0.338295678223D-02  0.412026926193D-03  0.134224790638D-02 -0.586188794161D-03
 -0.177242297140D-02 -0.592727722750D-02  0.698221741350D-03  0.431237801830D-03
 -0.654484051004D-03 -0.240781967097D-02 -0.432610410404D-02 -0.172337700806D-02
  0.506158359704D-02 -0.190229205610D-03  0.137667476744D-02  0.548681560595D-02
  0.287169870817D-02  0.336986004747D-02  0.135759172977D-02 -0.100862246638D-02
 -0.246036411942D-02  0.622237978619D-03 -0.187422676187D-02  0.453313203208D-03
  0.524384413555D-02 -0.308788700156D-02  0.865541377736D-03 -0.222643153628D-02
  0.140279087517D-02 -0.350622255597D-02  0.209582233644D-02 -0.252518762603D-02
 -0.222641021580D-02  0.965917242455D-02  0.162081223069D-02  0.153527912266D-02
 -0.512286736641D-02  0.225608344663D-03 -0.652157276203D-02 -0.156575491015D-01
 -0.171507912551D-02 -0.303574721953D-02  0.390892827649D+00 -0.922793587443D-03
 -0.292511758658D-02  0.190767699909D-02 -0.616957131634D-02  0.786035057489D-03
  0.145170746155D-02 -0.157641559127D-02 -0.159604273158D-02 -0.111804499284D-02
  0.914864535349D-03  0.146364476595D-02 -0.450434097389D-03 -0.193718282084D-02
 -0.759457949432D-03 -0.129000401938D-02 -0.220405110522D-02  0.138834763960D-02
 -0.143242184117D-02 -0.494647328080D-03 -0.122416073591D-02  0.122722156836D-02
  0.147592930309D-02  0.117440423556D-02 -0.191152383090D-02  0.214077141414D-02
 -0.300250563233D-02 -0.771651681246D-03  0.574339800776D-03  0.277443652641D-03
 -0.147717676398D-02  0.190528494040D-02  0.143606229767D-02  0.305805938878D-03
 -0.155367920927D-02 -0.903127080818D-03  0.111455946456D-02  0.329747561496D-02
  0.183690651673D-02 -0.421319323478D-02  0.134134253616D-02 -0.146258113556D-02
 -0.250495610354D-02 -0.334703498131D-02 -0.164376614787D-03  0.226720123504D-02
 -0.108030146627D-02  0.115089723137D-02  0.137925928077D-03 -0.764938113319D-02
 -0.642985225808D-03 -0.313917646660D-02  0.380663837264D-03  0.342972973644D-02
  0.104752858941D+00  0.321251541940D-02 -0.119905762966D-01 -0.491871777785D-02
  0.150726792351D-01 -0.164583670401D-02  0.504563213936D-03  0.238288360446D-02
  0.230496751735D-02 -0.721683796105D-02 -0.327870390985D-02 -0.117378709907D-01
 -0.957235567066D-03  0.271006176980D-02 -0.103330341442D-02  0.181182457328D-02
 -0.374724422125D-02 -0.780411528835D-02  0.570904584475D-03  0.211972813700D-02
  0.553343031205D-02 -0.507220835214D-02 -0.423520340148D-02 -0.486896576700D-02
  0.573413348539D-02 -0.103861802297D-02  0.101711128683D-01  0.707165816845D-02
 -0.419980824307D-02  0.692117004671D-03 -0.147419739198D-03 -0.558661210943D-03
 -0.157742837823D-02  0.466190860996D-02  0.403967778851D-02 -0.436710744010D-02
  0.468707282920D-02 -0.659927361079D-02  0.128487370526D-02 -0.126950413908D-02
 -0.160973512242D-02  0.641324897898D-02  0.996891984185D-02  0.878484590195D-02
 -0.156040768475D-01 -0.267285070986D-02 -0.132145774451D-03  0.535750833098D-02
 -0.567783602647D-03  0.152119674600D-02  0.222664242473D-02 -0.267810255747D-02
 -0.108973474266D-01 -0.196012523943D-02  0.503055398664D-03  0.398792283075D+00
  0.188807060500D-01 -0.101836246050D-01  0.570890176665D-03 -0.330666280791D-02
 -0.320907988772D-02 -0.114792820523D-01  0.145659778466D-01  0.517378402243D-02
 -0.209547959292D-01 -0.777082406831D-03  0.435723454193D-03 -0.695766250369D-02
  0.506266610616D-02  0.258592435115D-02  0.118750141445D-01  0.425901696780D-03
  0.897452518190D-02 -0.870375439497D-02  0.368244349068D-02 -0.281127236674D-02
  0.568286208549D-02 -0.287906701070D-02 -0.137036815973D-01 -0.129774750843D-01
 -0.713384647516D-03  0.156062010481D-01  0.322630518852D-02  0.321072314739D-02
  0.321770020912D-02  0.287214476401D-03  0.692595820261D-03 -0.477159448564D-02
 -0.676043382862D-02 -0.105652745411D-03 -0.181924240760D-01 -0.167729527520D-02
 -0.299067283513D-02  0.832741979107D-02  0.244042793082D-02  0.379763092826D-02
  0.181043919409D-02 -0.518027311251D-02  0.572282192959D-02 -0.239591419400D-01
 -0.109086289618D-01 -0.113392631664D-02  0.993357591607D-02 -0.840852290994D-03
  0.214397757700D-02 -0.123690081937D-01 -0.430904338095D-02  0.103101770383D-01
  0.101078402636D-01 -0.260969914288D-02  0.205759273972D-02  0.361059066152D+00
 -0.263603107931D-02  0.301018203603D-02  0.423449843557D-01 -0.235111157287D-02
  0.769873263879D-03 -0.777635556680D-03 -0.197199981018D-02 -0.376473259174D-02
 -0.792724168763D-03  0.108491281371D-01  0.204270886349D-02  0.952406565179D-02
 -0.469067166466D-04 -0.314046218418D-03  0.734721699262D-03  0.194164417655D-02
  0.209394548440D-02  0.383941108248D-02 -0.262883820141D-03  0.123965651193D-02
  0.590645815641D-02  0.218318402717D-02 -0.208848479029D-02 -0.454742014408D-02
  0.985687308209D-03 -0.366554506135D-02 -0.176230382005D-02  0.221431581207D-02
  0.294484523937D-03  0.519746526231D-03  0.220432498820D-03 -0.653928075651D-03
 -0.505089371874D-03  0.227087377453D-03 -0.211536363201D-03  0.404170255937D-03
 -0.151947553313D-02  0.323419692069D-03  0.591668659865D-03 -0.297353596394D-02
 -0.674726455185D-03 -0.139591547897D-02  0.365788546348D-02  0.406518756341D-03
 -0.287608249383D-02  0.101970909453D-01 -0.266603733352D-03  0.141426666191D-01
 -0.224164222014D-03 -0.322385663263D-03 -0.168280972223D-02  0.382956987812D-02
 -0.134010149105D-02  0.488068522671D-02 -0.469035416037D-02 -0.945806739842D-02
  0.117591056517D+00  0.112583102618D-01  0.274258273389D-02 -0.195898608765D-02
  0.981507533472D-02 -0.757332404412D-02  0.111937140414D-02  0.103771946556D-01
  0.499742263981D-02  0.330056217032D-02 -0.359676067821D-02 -0.155241885710D-01
  0.151461919757D-02 -0.276158434114D-02 -0.117206310599D-02 -0.787990553479D-02
 -0.614145944190D-02 -0.111086649741D-01  0.828754118933D-02 -0.107219351774D-02
 -0.302848211565D-02 -0.334551469966D-02  0.118694768646D-02 -0.299435050846D-02
  0.116200959299D-01 -0.263087841650D-02  0.157408599242D-01  0.969660065135D-02
 -0.606220932551D-02  0.315095486994D-02 -0.156856381010D-02  0.367871649669D-03
 -0.211968764216D-02 -0.389952728762D-02  0.110879782951D-03 -0.869302040389D-03
  0.678297039045D-02 -0.582614277185D-02 -0.635625038168D-02 -0.271805437066D-02
 -0.333660716392D-02  0.390617284146D-02 -0.523145258303D-03 -0.202704066545D-02
 -0.796750087940D-02 -0.411155062481D-02  0.860200206362D-03 -0.161180402072D-02
 -0.824388180123D-03  0.179967759958D-02 -0.190106288855D-01  0.127324103659D-01
 -0.102053600698D-01  0.141570615664D-01  0.245598357009D-02  0.405572149284D-02
  0.149234194324D-01 -0.869076772325D-02  0.419477855675D+00 -0.832955171825D-02
 -0.763204647070D-02  0.242853654338D-02  0.652393177140D-02 -0.552735654994D-02
  0.806798399751D-02  0.133193954345D-02  0.334243811698D-02  0.125056743891D-01
  0.134564066579D-02 -0.156284901373D-01  0.125002703573D-02 -0.772077089639D-02
  0.149502267126D-03 -0.413614260533D-02  0.118749461081D-02 -0.901273072846D-02
  0.104260851960D-01 -0.526876781926D-02 -0.436724758418D-02 -0.159409240950D-02
  0.327034283511D-02 -0.275821213669D-02  0.169379846707D-01 -0.506715643981D-02
 -0.267889829691D-02  0.365623686913D-02 -0.682227056487D-02 -0.423674188298D-02
  0.989626964272D-03  0.276098407570D-02  0.465471725053D-02  0.328680520710D-02
  0.299587778540D-02 -0.432424258204D-02  0.300431229560D-02 -0.301472245883D-02
 -0.116448896731D-02  0.814793784942D-03  0.134860822135D-02 -0.137023206406D-02
 -0.231527574106D-02 -0.111539771958D-01 -0.443963311770D-02 -0.196443048088D-02
 -0.243701583500D-02 -0.145770907100D-03 -0.156921404085D-02  0.178756056135D-01
  0.491206978155D-02  0.325482565784D-02 -0.161344237020D-01  0.271219343514D-02
  0.111182036504D-01  0.535853532442D-02  0.197245683174D-01  0.101106700346D-02
  0.285572157555D-03  0.309715587857D+00  0.241448005653D-02 -0.402088354930D-02
  0.211571370148D-02 -0.245774841163D-01  0.140137639529D-02  0.883819849473D-02
  0.166224411223D-02 -0.189492279810D-01  0.245965691558D-02  0.102603280543D-01
 -0.194528118235D-02  0.102173489135D-02  0.791106860851D-02 -0.135492486590D-01
 -0.565128333640D-04 -0.168904873282D-01  0.470311895651D-02  0.902635143536D-03
 -0.118769201713D-02  0.118089625904D-02 -0.646077820340D-04  0.507196126216D-03
  0.108805135655D-02 -0.141549016307D-02  0.113766622762D-02 -0.484707418466D-02
 -0.557608418084D-02  0.978444957034D-02  0.153858135644D-03 -0.403770861824D-02
 -0.312480336056D-02 -0.602370363181D-02 -0.768754411253D-02 -0.520835044194D-02
 -0.907543588345D-02 -0.821222830172D-02  0.806296358546D-02  0.120748171294D-01
 -0.179427324730D-02 -0.146006182907D-02  0.173099656740D-02  0.371240389427D-02
  0.662466815595D-02 -0.125299165640D-02  0.211390069677D-02  0.111518730308D-02
  0.803993340742D-03  0.161998305757D-02 -0.154570521344D-01 -0.990779243947D-02
  0.103689482465D-01 -0.129685388909D-01  0.452368438859D-01  0.193814393574D-01
 -0.521328605840D-02 -0.273200600395D-02  0.868856793380D-03  0.248882277421D-01
  0.168690466379D-02  0.573178624374D+00 -0.549224229251D-02  0.392263149188D-02
 -0.307351437670D-02 -0.586714569254D-02 -0.230995877971D-02  0.401394849629D-02
 -0.800668602397D-02 -0.152678057437D-01  0.832482976203D-02  0.135084949276D-03
 -0.465167994416D-02  0.700307435034D-03 -0.735089306540D-02 -0.127899439584D-01
 -0.752335352630D-02 -0.171827452042D-02 -0.830565096177D-02  0.204072333175D-02
 -0.108614734479D-01 -0.109619604826D-01 -0.516033002652D-02 -0.518768307207D-03
  0.338528838149D-02  0.107230512422D-01 -0.251602717460D-02  0.269817538978D-02
 -0.204547954602D-02 -0.118729003763D-03  0.276489371646D-03 -0.105912239377D-02
 -0.191927167203D-03 -0.113848817640D-01 -0.950021428895D-02 -0.101085568608D-01
  0.316978348545D-02 -0.426820313337D-03 -0.724657302193D-03 -0.681048254682D-02
  0.604518775179D-03 -0.420209567950D-02 -0.325522916098D-02 -0.499811174479D-02
 -0.472300723916D-02  0.565129082265D-02  0.301117858368D-02  0.392176572730D-03
 -0.821158861448D-02 -0.828364779376D-03  0.101985756499D-02 -0.321626199720D-01
  0.131268219543D-01 -0.743470293705D-02  0.524514009120D-02  0.129917147908D-04
  0.176997101177D-01  0.149959790306D-01 -0.564084555673D-02  0.155100368462D-01
  0.257920088057D-02  0.186300137178D-01  0.713135360905D+00  0.763821277216D-02
  0.904910978630D-02  0.946700682556D-04  0.274380320658D-02 -0.103693654788D-01
 -0.503104784626D-02  0.876974430510D-02  0.948626332180D-02 -0.531410733027D-04
  0.357984038605D-02 -0.169740190669D-01 -0.880808388248D-02 -0.291071692343D-02
  0.264787318273D-02 -0.130175102837D-03 -0.746028155180D-02 -0.430298047070D-02
  0.221842330523D-02  0.405309528686D-02  0.655597003547D-03  0.386001279828D-02
  0.135951140437D-01 -0.139820298842D-01  0.421629570806D-02  0.504460435707D-03
  0.528944845802D-02  0.488495811210D-02  0.791922614606D-03 -0.621614060067D-03
 -0.136406957008D-02  0.323791376075D-02 -0.120133840693D-03  0.383995608767D-02
  0.130042375660D-02 -0.104596206035D-01  0.898339081340D-02 -0.839488819177D-02
  0.436960009579D-03 -0.588630216336D-02  0.102763947167D-03  0.297399612397D-02
  0.128362207834D-02  0.146035115872D-02 -0.647521087389D-03 -0.711803535618D-02
 -0.954597005257D-03  0.428895596542D-02 -0.220632562972D-03 -0.517779153830D-02
  0.829995628708D-02 -0.160538603131D-01 -0.658461018238D-02  0.400006413507D-02
  0.142611929076D-02 -0.102892804352D-01  0.398059759331D-02  0.572644269434D-03
  0.520578277242D-03 -0.199388737190D-01  0.177968851145D-01  0.102417500136D-01
  0.387916324906D+00 -0.518784812400D-03  0.546739912150D-03 -0.151398536121D-02
  0.598461183253D-02  0.453129267962D-04  0.779949467755D-02 -0.689320787122D-03
 -0.201378228654D-02  0.109757947736D-01 -0.795031708475D-03 -0.304876287656D-02
  0.343595621490D-02 -0.635522402412D-02 -0.479571003970D-02 -0.938742932818D-02
 -0.207537589295D-02 -0.734154991345D-02  0.584900350401D-02 -0.717928714058D-02
 -0.530273329710D-02 -0.351577989788D-02  0.524584438298D-03  0.637336714288D-02
  0.100139003937D-01 -0.112630688138D-02  0.487389471133D-02  0.402561489722D-02
 -0.308828223880D-02  0.129866546982D-02 -0.124294054817D-02  0.303607812291D-02
 -0.416673656667D-02 -0.240470825552D-02 -0.600211005164D-02  0.419177666598D-02
  0.323297376276D-02  0.391415442747D-02 -0.500400495253D-02 -0.583293631547D-02
 -0.109419200445D-02  0.244955232910D-02 -0.954566686272D-03 -0.275634762432D-02
  0.257278921411D-02  0.521375033966D-02 -0.839617063598D-03 -0.418929453359D-02
  0.460747982274D-04  0.233268352025D-02 -0.161571179965D-01  0.470647019593D-02
 -0.914190154716D-02  0.350572212225D-02 -0.251660544045D-02  0.796836966110D-02
  0.146051267342D-01  0.132513569850D-02  0.212986606086D-01  0.519841085776D-02
  0.905570707555D-03 -0.725760480341D-02  0.481607871359D-02  0.369056073062D+00
  0.938982467791D-02  0.222801688081D-02  0.255940703282D-02  0.942867114584D-02
  0.232195511845D-02  0.246934807363D-02  0.642600410516D-02  0.505350458731D-02
  0.826593499060D-02  0.600357455324D-04  0.245476739964D-02  0.328890042588D-03
  0.263592994134D-02  0.134105595919D-04 -0.689394893804D-02  0.149601208782D-02
 -0.352522258381D-02  0.102913350973D-02 -0.160598244490D-02 -0.233797829390D-02
 -0.523382349729D-02 -0.288530488358D-02  0.855737343277D-02  0.610019231051D-02
 -0.195745776432D-02  0.127270244213D-01  0.481199623405D-02 -0.443958072320D-02
  0.107419708789D-02  0.294465735082D-03  0.488419430429D-03 -0.336707822895D-02
 -0.203767152674D-03 -0.273391454111D-02  0.817162696013D-02 -0.159609702176D-03
  0.402067193163D-02 -0.568035333894D-02 -0.125772170615D-02 -0.560014872211D-03
  0.537090891846D-02  0.244399996322D-03  0.513116162528D-02  0.899985114324D-02
  0.515662803899D-02 -0.499525360495D-04 -0.652992929626D-02 -0.652470983584D-03
 -0.202044967517D-03 -0.894864367275D-03  0.393064951638D-02 -0.308030787656D-02
 -0.720661697296D-02 -0.785888821756D-02  0.250110583315D-02  0.119595702137D-01
  0.117427980633D-02  0.157115413279D-01  0.117494439900D-01 -0.163234175005D-01
  0.531003656030D-02  0.727055043645D-02  0.518247814989D-02  0.376320704008D+00
 -0.145291957566D-01 -0.138347913476D-02  0.146791968786D-02  0.350778733468D-02
 -0.315832649693D-02 -0.820172242951D-02 -0.128031878717D-01 -0.411101554723D-02
 -0.589233697051D-02  0.373539888820D-02  0.248308280001D-02 -0.511767468277D-02
 -0.139176911286D-02 -0.130852896127D-02  0.105176132593D-01 -0.109371944494D-02
  0.388169273605D-02 -0.345408822756D-02  0.357230587244D-02  0.575740371294D-02
  0.224512289492D-02  0.818815296469D-03 -0.728817810718D-02 -0.762509856584D-02
 -0.427903926369D-03 -0.112913705992D-01 -0.487523869678D-02  0.572592190304D-03
 -0.286461858448D-02  0.259579078314D-02 -0.361762264866D-02  0.889776014933D-03
  0.481317453126D-02  0.721467460599D-03 -0.359222783997D-02 -0.271149160825D-02
 -0.474352237821D-02  0.206387333797D-02  0.474845699467D-02  0.357666296042D-02
 -0.302102506041D-02  0.603191569643D-02  0.320502677771D-02  0.443493573718D-02
 -0.171654119205D-02 -0.299881918677D-02  0.305219763615D-02 -0.223010970897D-02
 -0.170055997383D-03  0.124978026829D-01 -0.137719888119D-01  0.690672803755D-02
 -0.121683916333D-01 -0.103717422394D-02 -0.432920071095D-02 -0.808776493791D-02
 -0.173565724226D-03 -0.121724329543D-01 -0.128884023303D-01  0.386807889506D-02
 -0.578657362976D-02 -0.203891974640D-01 -0.891486050641D-02 -0.739777629889D-02
  0.377414370597D+00 -0.150889654783D-02 -0.262516679628D-02 -0.148427055102D-02
  0.128859040533D-02 -0.107019479336D-02 -0.700353618175D-02 -0.167326693936D-02
 -0.240728186899D-02 -0.832338391182D-02  0.543491673375D-02  0.485783510328D-02
 -0.559780408926D-02  0.210377360557D-02 -0.155563883770D-02  0.102019122919D-01
  0.110160533651D-02  0.654344189507D-02 -0.626723589992D-02  0.352809630088D-02
  0.438111078309D-02  0.421085601256D-02  0.231977973640D-02 -0.859666772660D-02
 -0.550359485826D-02 -0.379678732877D-03 -0.645505196072D-03 -0.186608441759D-03
  0.230379480361D-02  0.133231358896D-03  0.136446146642D-02 -0.179518298005D-02
 -0.343212948673D-03  0.114991240124D-02  0.237050148825D-02 -0.630277665451D-02
 -0.459946082272D-02 -0.397844627323D-02  0.454732696337D-02  0.605227199925D-02
  0.208056590070D-02  0.577212910610D-03  0.455762490797D-02  0.600810591754D-02
 -0.365996505068D-02 -0.468420580536D-02 -0.112040008016D-02  0.445697983561D-02
  0.418770341022D-03 -0.573558567233D-04  0.820799131502D-02 -0.110310054994D-01
  0.691981836217D-02 -0.541390641857D-02  0.370498935649D-02 -0.458663014421D-02
 -0.193218804309D-01  0.676182787695D-02  0.168446882136D-02  0.126623784914D-02
  0.277124372044D-01  0.167430178552D-01 -0.671506977904D-02  0.621308274538D-02
 -0.362510684101D-02 -0.458660352788D-02  0.392462391520D+00  0.385696473204D-02
  0.297102531811D-01 -0.592215198139D-02 -0.112001200442D-01 -0.139711665426D-01
 -0.127949643501D-01  0.387848885477D-02  0.131279819455D-02 -0.134378453085D-02
  0.119442833711D-01 -0.713844517390D-02 -0.553313531937D-02 -0.175237638180D-02
  0.277286120750D-02  0.526668928561D-02 -0.121359647930D-01  0.525299680811D-02
  0.869825940727D-02  0.912270266713D-02  0.426867917253D-02  0.135004097354D-01
  0.229783286375D-01 -0.167200801564D-01 -0.298695960108D-02 -0.351146268995D-03
 -0.336642523230D-02  0.108241726529D-02  0.598689839370D-02  0.114594186151D-02
 -0.198922756926D-02 -0.175136740045D-02  0.484929261879D-02 -0.332811152990D-02
  0.429082558880D-02 -0.476663984390D-02  0.487069949429D-02 -0.815505616756D-02
 -0.328525199729D-02 -0.111369804661D-02  0.820042138594D-03 -0.614936755731D-02
 -0.517510200849D-02 -0.607482065326D-02  0.144211549968D-01 -0.119583062664D-01
 -0.585971879206D-03 -0.207341596453D-02 -0.349860226507D-03 -0.570820810440D-02
 -0.128180110272D-01 -0.130708435476D-01  0.182014108964D-01  0.202927897843D-01
  0.116725216555D-01 -0.451559591315D-02 -0.322688399989D-02 -0.490651722080D-02
 -0.163308416385D-01 -0.168024010392D-01  0.995236301630D-01  0.101320101070D-01
 -0.195638626065D-01 -0.101805542064D-03 -0.467526388770D-02 -0.998573884890D-02
  0.643558381230D-02  0.365771073730D+00  0.116278089650D-02  0.697741378973D-02
 -0.871153497442D-02  0.303116601932D-03  0.268908218029D-03 -0.218400921183D-02
 -0.803393340105D-03 -0.561010012156D-03  0.482440784920D-03 -0.151512857112D-02
  0.348197736659D-03 -0.160188375243D-02  0.349600501241D-02 -0.417065025817D-03
 -0.152260599025D-02  0.958837354890D-03 -0.273538688436D-04  0.360811394175D-03
  0.337974400625D-02  0.338918547741D-02  0.899480853917D-03  0.314643634584D-02
  0.344788321953D-03  0.145595207897D-02 -0.108183655437D-02  0.215834971543D-02
 -0.113346996044D-03  0.661433902714D-03  0.418776837592D-03  0.599474283762D-03
 -0.835375071432D-03 -0.764611419148D-03  0.659700691508D-03  0.908852454111D-03
  0.340652176364D-02  0.179631640632D-03 -0.124081012549D-02 -0.228528060926D-02
  0.116997594328D-02 -0.480351150271D-03  0.857653875219D-03  0.379072340540D-02
  0.489142081665D-02  0.531707336968D-02  0.998583984260D-04 -0.458163125883D-03
 -0.162938413759D-02 -0.165123814845D-02 -0.131797339223D-02  0.297000084402D-03
  0.268956825680D-02  0.353820524262D-02 -0.140823339136D-03 -0.142957347347D-02
 -0.597872540753D-03  0.133677102295D-02 -0.997064119258D-02 -0.733216948347D-02
  0.530208043855D-02  0.891737773033D-03  0.277372583709D-02  0.410306204047D-02
 -0.315681820507D-02  0.258774969191D-02  0.770016538704D-02  0.557654016643D-02
 -0.317334218958D-02  0.378803289933D+00  0.409264575135D-02 -0.336171240407D-02
 -0.427313908800D-02  0.111740595105D-01  0.451613938654D-02 -0.306682670511D-03
  0.189705060328D-02  0.437403507245D-02 -0.202997960888D-02 -0.154155900098D-02
  0.537312314896D-02  0.272941591958D-02  0.377849494579D-02  0.337438066774D-02
  0.221624514503D-02  0.391416359413D-02 -0.763237993952D-03 -0.156182093073D-02
  0.520724829391D-04  0.239161582785D-02 -0.318494488252D-02 -0.473543633078D-02
  0.355370964573D-02  0.603977471278D-03  0.405054303030D-03  0.524791028654D-02
  0.128071879548D-02 -0.326973342011D-02  0.969136303472D-03  0.769725361685D-03
 -0.177346361916D-03 -0.187647563392D-02  0.967684801643D-03  0.151608146824D-02
  0.512271929052D-02 -0.336109707988D-03  0.516775838037D-03 -0.248368765598D-02
  0.138692389870D-02 -0.470926264843D-03  0.338037449068D-02  0.300803693348D-02
  0.742867277154D-02 -0.323535264110D-03  0.187496501021D-02  0.101362046827D-02
 -0.131800965849D-02  0.788833158576D-03  0.410178693154D-02  0.922352789026D-02
 -0.139997964769D-02  0.387888682952D-02 -0.148884424056D-01 -0.291154651685D-02
 -0.730119149275D-02 -0.177648721552D-02 -0.349074565865D-03 -0.555952070236D-02
  0.103397339831D-01 -0.524181186135D-01 -0.227137138165D-02  0.379237366219D-02
 -0.835198741230D-03  0.607245731608D-03 -0.197955575466D-02 -0.108192233948D-01
 -0.123509159686D-01 -0.107818464546D-02  0.385226693039D+00 -0.672335163392D-02
 -0.709554970926D-02  0.209793723179D-01  0.517178418196D-03 -0.333485302456D-03
 -0.272274223547D-03 -0.357897200536D-02  0.228781394615D-02 -0.498858386536D-02
 -0.283994251491D-03 -0.140169431043D-02  0.484658675377D-02 -0.102274038224D-02
  0.309883150002D-02  0.321031657019D-02 -0.474770871959D-02 -0.110080526409D-02
  0.376294582437D-03 -0.384787053765D-03  0.912581839629D-03 -0.262410158002D-02
 -0.880246286289D-02  0.551289727414D-03 -0.785184457761D-02  0.213233511353D-02
 -0.875646904981D-02 -0.250499420729D-02 -0.189558030441D-02 -0.105513162969D-02
  0.332885441798D-03 -0.401261550125D-02  0.419012837875D-02  0.291007742067D-02
  0.815026864336D-03 -0.210355776808D-02  0.941502810436D-03  0.137774535771D-02
  0.208774611406D-02 -0.246114136936D-02  0.823915917367D-03 -0.225470507047D-02
 -0.185514662356D-02 -0.361064858709D-02 -0.354434959587D-02  0.142187417367D-02
  0.273933355368D-02  0.244858518570D-02  0.346963895737D-02  0.152967333614D-02
 -0.170223208842D-02 -0.151135020710D-02  0.683113288543D-03 -0.192579043879D-03
 -0.323875999964D-02 -0.265262114285D-02  0.532888695300D-02  0.166415598753D-01
 -0.554421257154D-02 -0.418595885236D-02 -0.408803408419D-02 -0.135393237547D-01
 -0.771215745578D-02 -0.627675389359D-02 -0.594115506277D-02  0.724991798449D-02
 -0.612462194490D-02 -0.157013961568D-02 -0.606996483653D-02  0.156307049487D-02
  0.435201011790D-01 -0.157911967799D-02  0.225692697213D-02  0.355515845770D-01
 -0.628621047494D-03 -0.124207205698D-02 -0.270849433533D-03 -0.154994099628D-02
  0.276696096149D-03 -0.135943473109D-02  0.468792134960D-02  0.226415518967D-02
  0.988869897056D-02  0.355795667131D-03  0.308360287225D-02  0.209443370496D-02
 -0.287955009693D-02  0.335906342687D-02  0.503979690716D-02  0.128385901121D-02
  0.945719564619D-03  0.165650310097D-02 -0.515312782390D-02  0.162277413586D-02
 -0.129223665033D-01  0.160090482622D-02 -0.310251546545D-02 -0.139607816989D-02
  0.273351488254D-02 -0.532479903705D-03  0.472306674414D-03 -0.657379613553D-03
  0.200699077199D-02  0.859988745262D-03 -0.441426907921D-04 -0.407116932219D-03
 -0.842494743278D-03  0.287868627409D-03  0.154725986878D-02 -0.390898951134D-03
 -0.125155329163D-02 -0.107139301579D-02 -0.233960825077D-02 -0.100368072283D-02
  0.455004422132D-03 -0.910265959292D-03  0.579053447149D-02  0.393348379035D-03
  0.689941283336D-02 -0.153848692094D-02  0.187556316372D-02 -0.225779555754D-02
  0.990497406110D-03  0.319984575365D-03  0.212695269525D-02  0.346179161235D-03
 -0.233906134297D-02  0.405143037959D-01 -0.312682498900D-02  0.910286577872D-03
 -0.134680866478D-01 -0.130619210810D-01 -0.970948434627D-02 -0.177735048519D-02
 -0.239843402971D-02  0.648289668122D-02 -0.558016419221D-02 -0.446312933110D-02
 -0.772806841499D-02  0.246348405997D-02  0.289963610808D-01  0.654299591436D-01
 -0.554518496209D-03 -0.171140686392D-02  0.268311642613D-01 -0.924475935786D-03
  0.308881317417D-02 -0.802786492584D-03 -0.130354121989D-02 -0.536249005590D-02
  0.173057722261D-03  0.667744717353D-02  0.271197697955D-03  0.161613295152D-02
  0.220234434833D-02 -0.312659713976D-02 -0.139705102638D-02  0.398502469359D-02
 -0.159493161211D-02  0.921383079287D-03  0.678216052296D-03  0.123746438516D-02
  0.211385659527D-02  0.204990217823D-02 -0.826355185359D-03  0.406003794675D-02
 -0.517203539633D-03 -0.184454599681D-03 -0.115770109501D-02 -0.484510027470D-03
  0.294827622516D-03 -0.575366626731D-03  0.222720970408D-02 -0.322369009093D-02
 -0.117515094444D-02  0.652790542681D-03  0.213593259106D-02  0.146710748928D-02
 -0.122031936876D-02 -0.122181069959D-02  0.163726045888D-03 -0.197584285238D-02
  0.100975945940D-02  0.236610832482D-02  0.693426012301D-02  0.130851843629D-02
 -0.121175627297D-02  0.535422534513D-02 -0.175737631323D-02  0.717695115955D-02
  0.336846312570D-03 -0.183908870661D-02  0.187145640660D-02  0.100529577242D-02
 -0.216222292328D-02  0.488633991530D-02 -0.887207838945D-02 -0.542747919583D-02
  0.398735203940D-01 -0.829854652954D-02  0.304697747284D-02  0.162429002162D-01
  0.773193509339D-02  0.763487267311D-02 -0.914677503663D-03  0.245978987174D-02
 -0.364642810143D-02  0.114314639299D-01  0.301646338382D-05 -0.455781224049D-02
 -0.659127055680D-02 -0.734571939710D-02  0.159924714061D-02  0.580585314463D-01
$end
