$coord
   -3.33425198000002     -0.25266384118269      2.27065485186676      c
   -1.14068764118212     -1.03879379852575      3.27644818329743      c
   -1.12156102596691     -1.73704517167412      5.22071379966613      h
    0.98534242092108     -0.71280524392795     -0.99043430824019      c
    1.35214938322096     -1.04203995354788      1.87739771272687      c
    0.11107804437202     -2.46376211733691     -1.71156238616185      h
    2.35929262893651     -2.82649354507736      2.24175804870707      h
    2.57130633957957      0.47540571778255      2.62480284906137      h
   -0.88122423051157      1.46154326983853     -1.46103004951821      c
   -3.48692877710714      0.78159272444279     -0.39590210376866      c
   -0.18846837820398      3.18481421789777     -0.51816399682382      h
   -1.01672215437302      1.87783744207332     -3.49487577700057      h
   -4.72911823229914      2.45340163871507     -0.40975535316813      h
   -4.41216047379839     -0.63305262720158     -1.62063155390477      h
    4.48843858512977     -2.23571752839143     -3.73267702897001      c
    3.48719808879279     -0.36250501241870     -2.34470761518553      c
    6.30090492425609     -2.02156109193655     -4.68858102400003      h
    3.52041918600471     -4.04195744578612     -3.94897754799823      h
    4.81249355218205      2.15902759905469     -2.08122174539871      c
    6.68890169592721      2.10209107860282     -2.96063310603074      h
    3.71674843160452      3.66929255953749     -2.99666783399254      h
    5.04729375458304      2.69695400977084     -0.08847656762255      h
   -5.79334513798213     -0.35812155556032      3.71386322529671      c
   -7.20841918533841     -1.46817983220034      2.66737155783484      h
   -5.54506888252857     -1.21685882783972      5.58508429611610      h
   -6.58361093621898      1.54959733489153      3.96620347321107      h
$user-defined bonds
$redundant
     number_of_atoms            26
     degrees_of_freedom         72
     internal_coordinates       72
     frozen_coordinates          0
# definitions of redundant internals
   1 k  1.0000000000000 stre    2    3           val=   2.06594
   2 k  0.7071082730862 bend    1    3    2      val=   1.08727
       -0.7071052892838 bend    5    3    2
   3 k  1.0000000000000 outp    3    5    1    2 val=  -0.35143
   4 k  1.0000000000000 stre    4    6           val=   2.08572
   5 k -0.7945846629149 bend   16    6    4      val=   1.94667
        0.5308723519738 bend    9    6    4
        0.2946349595182 bend    5    6    4
   6 k -0.1297502208735 bend   16    6    4      val=   1.22838
       -0.6225332945814 bend    9    6    4
        0.7717623839764 bend    5    6    4
   7 k  1.0000000000000 stre    5    7           val=   2.08119
   8 k  1.0000000000000 stre    5    8           val=   2.08509
   9 k -0.0025360338408 bend    8    7    5      val=   0.04791
        0.5031806382778 bend    2    7    5
        0.4990660307920 bend    2    8    5
       -0.4948776084219 bend    4    7    5
       -0.5028240879142 bend    4    8    5
  10 k  0.0007403746495 bend    8    7    5      val=   0.21860
        0.5049808220887 bend    2    7    5
       -0.5079458599257 bend    2    8    5
        0.4979563292483 bend    4    7    5
       -0.4889011338848 bend    4    8    5
  11 k  0.9030490759465 bend    8    7    5      val=   0.94596
       -0.2101842992588 bend    2    7    5
       -0.2160352172265 bend    2    8    5
       -0.2187175903900 bend    4    7    5
       -0.2140474885372 bend    4    8    5
  12 k -0.0041121445260 bend    8    7    5      val=   0.44736
        0.4962205897462 bend    2    7    5
       -0.4906469000397 bend    2    8    5
       -0.5056533955486 bend    4    7    5
        0.5072755460605 bend    4    8    5
  13 k  1.0000000000000 stre    9   12           val=   2.08043
  14 k  1.0000000000000 stre    9   11           val=   2.08292
  15 k  0.0048450761476 bend   11   12    9      val=   0.10214
        0.5072231016869 bend   10   12    9
        0.4922536967893 bend   10   11    9
       -0.5066672985162 bend    4   12    9
       -0.4936352873973 bend    4   11    9
  16 k  0.0301164478224 bend   11   12    9      val=   0.67761
       -0.5000031426036 bend   10   12    9
        0.4977001937254 bend   10   11    9
       -0.5026348317864 bend    4   12    9
        0.4987410149545 bend    4   11    9
  17 k  0.8971840680358 bend   11   12    9      val=  -0.25023
       -0.2081077652859 bend   10   12    9
       -0.2371774137382 bend   10   11    9
       -0.2042148875339 bend    4   12    9
       -0.2319376213824 bend    4   11    9
  18 k -0.0006090381661 bend   11   12    9      val=   0.07783
        0.4941279144564 bend   10   12    9
       -0.5075778446463 bend   10   11    9
       -0.4917726976849 bend    4   12    9
        0.5063216158366 bend    4   11    9
  19 k  1.0000000000000 stre   10   13           val=   2.08283
  20 k  1.0000000000000 stre   10   14           val=   2.08740
  21 k  0.0210508161420 bend   14   13   10      val=   0.41356
        0.5007938655098 bend    1   13   10
        0.4974472086933 bend    1   14   10
       -0.5028150505830 bend    9   13   10
       -0.4984833667015 bend    9   14   10
  22 k  0.0115860415784 bend   14   13   10      val=   0.14311
       -0.4969274647714 bend    1   13   10
        0.4927204556164 bend    1   14   10
       -0.5063729285119 bend    9   13   10
        0.5037279705196 bend    9   14   10
  23 k  0.9038807330691 bend   14   13   10      val=   1.26051
       -0.2177127991362 bend    1   13   10
       -0.2291286165624 bend    1   14   10
       -0.1975042977513 bend    9   13   10
       -0.2099830634138 bend    9   14   10
  24 k -0.0002477795466 bend   14   13   10      val=   0.02588
       -0.5030385171967 bend    1   13   10
        0.5071355891843 bend    1   14   10
        0.4930612835741 bend    9   13   10
       -0.4966449976038 bend    9   14   10
  25 k  1.0000000000000 tors   17   15   16    4 val=  91.05994
        1.0000000000000 tors   17   15   16   19
        1.0000000000000 tors   18   15   16    4
        1.0000000000000 tors   18   15   16   19
  26 k  1.0000000000000 stre   15   17           val=   2.06025
  27 k  1.0000000000000 stre   15   18           val=   2.06067
  28 k  0.8164849980166 bend   18   17   15      val=  -2.16960
       -0.4120108192933 bend   16   17   15
       -0.4044741435483 bend   16   18   15
  29 k  0.0043513125173 bend   18   17   15      val=   0.15572
        0.7049210997992 bend   16   17   15
       -0.7092723800750 bend   16   18   15
  30 k  1.0000000000000 outp   17   16   18   15 val=   0.08276
  31 k  1.0000000000000 tors   20   19   16    4 val=  83.30714
        1.0000000000000 tors   20   19   16   15
        1.0000000000000 tors   22   19   16    4
        1.0000000000000 tors   22   19   16   15
        1.0000000000000 tors   21   19   16    4
        1.0000000000000 tors   21   19   16   15
  32 k  1.0000000000000 stre   19   20           val=   2.07304
  33 k  1.0000000000000 stre   19   22           val=   2.07739
  34 k  1.0000000000000 stre   19   21           val=   2.07836
  35 k  0.4329600230989 bend   22   20   19      val=   1.45526
        0.4216723086853 bend   21   20   19
        0.4041914935748 bend   21   22   19
       -0.3909558852436 bend   16   20   19
       -0.3984843234402 bend   16   22   19
       -0.3996636820801 bend   16   21   19
  36 k -0.2037935157428 bend   22   20   19      val=   0.15227
        0.6600247050899 bend   21   20   19
       -0.4650617768161 bend   21   22   19
        0.3141163711914 bend   16   20   19
       -0.4361549818437 bend   16   22   19
        0.1328641129848 bend   16   21   19
  37 k -0.6452580133308 bend   22   20   19      val=   0.29262
        0.1656501936487 bend   21   20   19
        0.5089803310710 bend   21   22   19
       -0.3331822934417 bend   16   20   19
       -0.1028634418559 bend   16   22   19
        0.4189866391975 bend   16   21   19
  38 k  0.2177156371295 bend   22   20   19      val=   0.62442
        0.2316171723397 bend   21   20   19
       -0.4523054629582 bend   21   22   19
       -0.6773328515168 bend   16   20   19
        0.3467191778934 bend   16   22   19
        0.3396751020340 bend   16   21   19
  39 k -0.3847375419793 bend   22   20   19      val=   0.24713
        0.3872104164644 bend   21   20   19
        0.0021819465905 bend   21   22   19
        0.0075266356791 bend   16   20   19
        0.5865757729376 bend   16   22   19
       -0.5982579449036 bend   16   21   19
  40 k  1.0000000000000 tors   25   23    1    2 val=  87.30476
        1.0000000000000 tors   25   23    1   10
        1.0000000000000 tors   26   23    1    2
        1.0000000000000 tors   26   23    1   10
        1.0000000000000 tors   24   23    1    2
        1.0000000000000 tors   24   23    1   10
  41 k  1.0000000000000 stre   23   25           val=   2.07377
  42 k  1.0000000000000 stre   23   26           val=   2.08029
  43 k  1.0000000000000 stre   23   24           val=   2.08082
  44 k  0.4370896063646 bend   26   25   23      val=   1.36070
        0.4322918184233 bend   24   25   23
        0.3861565973152 bend   24   26   23
       -0.3878939193348 bend    1   25   23
       -0.4011298912655 bend    1   26   23
       -0.4019858949748 bend    1   24   23
  45 k -0.2894705655957 bend   26   25   23      val=   0.69218
       -0.3438036047488 bend   24   25   23
        0.6944825074097 bend   24   26   23
       -0.4691057906721 bend    1   25   23
        0.2361755581987 bend    1   26   23
        0.1996516535991 bend    1   24   23
  46 k -0.6109888224525 bend   26   25   23      val=   0.14373
        0.5847566716909 bend   24   25   23
        0.0346069282308 bend   24   26   23
       -0.0214082195052 bend    1   25   23
       -0.3673169178733 bend    1   26   23
        0.3849345713900 bend    1   24   23
  47 k  0.2229741310341 bend   26   25   23      val=   0.29521
        0.2266917079638 bend   24   25   23
       -0.4628642878902 bend   24   26   23
       -0.6692513973489 bend    1   25   23
        0.3449818240036 bend    1   26   23
        0.3431328688419 bend    1   24   23
  48 k  0.3761730522811 bend   26   25   23      val=  -0.02961
       -0.3769549580706 bend   24   25   23
       -0.0006352429685 bend   24   26   23
       -0.0017777912074 bend    1   25   23
       -0.5967519202280 bend    1   26   23
        0.6002352671682 bend    1   24   23
  49 k  1.0000000000000 tors   15   16    4    5 val=  77.44449
        1.0000000000000 tors   15   16    4    9
        1.0000000000000 tors   19   16    4    5
        1.0000000000000 tors   19   16    4    9
  50 k  1.0000000000000 stre   16   15           val=   2.53730
  51 k  1.0000000000000 stre   16   19           val=   2.86076
  52 k -0.7162091027735 bend   19   15   16      val=  -0.22618
        0.6976386003190 bend    4   15   16
        0.0185716033054 bend    4   19   16
  53 k  0.3920602980583 bend   19   15   16      val=   1.54097
        0.4242266229834 bend    4   15   16
       -0.8162845674387 bend    4   19   16
  54 k  1.0000000000000 outp   15    4   19   16 val=   0.01018
  55 k  1.0000000000000 stre    1   23           val=   2.85326
  56 k  0.7071090281325 bend    2   23    1      val=   3.10624
       -0.7071045342335 bend   10   23    1
  57 k  1.0000000000000 outp   23   10    2    1 val=   0.31360
  58 k  1.0000000000000 stre    4   16           val=   2.86636
  59 k  0.7181873430168 bend    9   16    4      val=   2.50406
       -0.6958497972483 bend    5   16    4
  60 k  0.6958497972483 bend    9   16    4      val= 112.39823
        0.7181873430168 bend    5   16    4
  61 k  1.0000000000000 stre    1    2           val=   2.53798
  62 k  1.0000000000000 stre    2    5           val=   2.85860
  63 k  1.0000000000000 stre    5    4           val=   2.90988
  64 k  1.0000000000000 stre    4    9           val=   2.90402
  65 k  1.0000000000000 stre    9   10           val=   2.89595
  66 k  1.0000000000000 stre   10    1           val=   2.86418
  67 k -0.5000000000000 bend    1    5    2      val=   0.41397
       -0.5000000000000 bend    2    4    5
        1.0000000000000 bend    5    9    4
       -0.5000000000000 bend    4   10    9
       -0.5000000000000 bend    9    1   10
        1.0000000000000 bend   10    2    1
  68 k  0.8660254037844 bend    1    5    2      val=   2.49372
       -0.8660254037844 bend    2    4    5
        0.8660254037844 bend    4   10    9
       -0.8660254037844 bend    9    1   10
  69 k -1.0000000000000 bend    1    5    2      val=  -0.27254
        1.0000000000000 bend    2    4    5
       -1.0000000000000 bend    5    9    4
        1.0000000000000 bend    4   10    9
       -1.0000000000000 bend    9    1   10
        1.0000000000000 bend   10    2    1
  70 k -0.5000000000000 tors    2    5    4    9 val=  12.47845
       -0.5000000000000 tors    5    4    9   10
        1.0000000000000 tors    4    9   10    1
       -0.5000000000000 tors    9   10    1    2
       -0.5000000000000 tors   10    1    2    5
        1.0000000000000 tors    1    2    5    4
  71 k  0.8660254037844 tors    2    5    4    9 val=  24.27149
       -0.8660254037844 tors    5    4    9   10
        0.8660254037844 tors    9   10    1    2
       -0.8660254037844 tors   10    1    2    5
  72 k -1.0000000000000 tors    2    5    4    9 val= -31.15126
        1.0000000000000 tors    5    4    9   10
       -1.0000000000000 tors    4    9   10    1
        1.0000000000000 tors    9   10    1    2
       -1.0000000000000 tors   10    1    2    5
        1.0000000000000 tors    1    2    5    4
        72 non zero eigenvalues  of BmBt
           1           8.720013929    1    0
         1
           2           5.134521963    2    0
         2
           3           4.668805500    3    0
         3
           4           4.326137761    4    0
         4
           5           4.254433032    5    0
         5
           6           4.103458283    6    0
         6
           7           3.981856513    7    0
         7
           8           3.907980854    8    0
         8
           9           3.832816152    9    0
         9
          10           3.653707701   10    0
        10
          11           3.534458883   11    0
        11
          12           3.330103374   12    0
        12
          13           3.268571843   13    0
        13
          14           3.207424001   14    0
        14
          15           3.157475731   15    0
        15
          16           3.068273446   16    0
        16
          17           3.045856960   17    0
        17
          18           2.977866193   18    0
        18
          19           2.643962932   19    0
        19
          20           2.543274618   20    0
        20
          21           2.357002812   21    0
        21
          22           2.145821703   22    0
        22
          23           2.042467765   23    0
        23
          24           1.907805717   24    0
        24
          25           1.590579397   25    0
        25
          26           1.506823226   26    0
        26
          27           1.267949717   27    0
        27
          28           1.164782470   28    0
        28
          29           1.129417563   29    0
        29
          30           0.968742723   30    0
        30
          31           0.888994038   31    0
        31
          32           0.864728042   32    0
        32
          33           0.842786488   33    0
        33
          34           0.788406606   34    0
        34
          35           0.750581219   35    0
        35
          36           0.741492619   36    0
        36
          37           0.707724998   37    0
        37
          38           0.686593770   38    0
        38
          39           0.684569253   39    0
        39
          40           0.683543821   40    0
        40
          41           0.672779337   41    0
        41
          42           0.605576509   42    0
        42
          43           0.550894970   43    0
        43
          44           0.539248711   44    0
        44
          45           0.461361445   45    0
        45
          46           0.410944032   46    0
        46
          47           0.385153632   47    0
        47
          48           0.368497586   48    0
        48
          49           0.362373281   49    0
        49
          50           0.346315523   50    0
        50
          51           0.340276692   51    0
        51
          52           0.327316528   52    0
        52
          53           0.319954587   53    0
        53
          54           0.304956412   54    0
        54
          55           0.287926745   55    0
        55
          56           0.272775082   56    0
        56
          57           0.255013356   57    0
        57
          58           0.249670338   58    0
        58
          59           0.235789344   59    0
        59
          60           0.195793241   60    0
        60
          61           0.151598203   61    0
        61
          62           0.130325964   62    0
        62
          63           0.108308865   63    0
        63
          64           0.095339496   64    0
        64
          65           0.078075670   65    0
        65
          66           0.062477621   66    0
        66
          67           0.057978989   67    0
        67
          68           0.051150802   68    0
        68
          69           0.042031672   69    0
        69
          70           0.028722222   70    0
        70
          71           0.016594783   71    0
        71
          72           0.004064739   72    0
        72
$end
