$coord
   -4.78622266773086     -0.74390811548538      7.83356202177589      c
   -4.84195719771673     -1.90234950912250      6.13055995673754      h
   -4.85450593544052     -2.01800043854001      9.45044385287327      h
   -6.48918973126178      0.41074559612866      7.86615213472870      h
   -2.40245317516123      0.86741490099896      7.90124811335084      c
   -2.40322014885815      2.03922192695204      9.60085635308672      h
   -2.38660149662361      2.16548349664063      6.29675646439579      h
   -0.00009298208464     -0.71533952871596      7.85033283097919      c
   -0.00038410384404     -2.01296288787319      9.46006204866360      h
    0.00017359591175     -1.90128976771471      6.15592408199108      h
    2.40216544168078      0.86746943471570      7.90211990070772      c
    2.40268134069451      2.03874200832388      9.60190098613408      h
    2.38667946672386      2.16585235606396      6.29791697355989      h
    4.78596307983144     -0.74394635976286      7.83442200401362      c
    4.84194332712692     -1.90207730163196      6.13119449653734      h
    6.48894290468293      0.41055568243176      7.86763968367680      h
    4.85383894526356     -2.01848364151219      9.45109350292323      h
$redundant
     number_of_atoms            23
     degrees_of_freedom         63
     internal_coordinates       93
     frozen_coordinates          0
# definitions of redundant internals
   1 k  1.0000000000000 stre    1    3           val=   2.04216
   2 k -0.7071067019810 bend    4    3    1      val=  -2.00367
        0.7071068603921 bend    2    3    1
   3 k  1.0000000000000 outp    3    2    4    1 val=   0.07160
   4 k  1.0000000000000 stre    4    6           val=   2.04209
   5 k -0.7071067040684 bend    1    6    4      val=  -2.00734
        0.7071068583046 bend    5    6    4
   6 k  1.0000000000000 outp    6    5    1    4 val=  -0.07069
   7 k  1.0000000000000 stre    7   10           val=   2.05776
   8 k  1.0000000000000 stre    7    9           val=   2.05968
   9 k -0.0197437189129 bend    9   10    7      val=   1.59575
        0.5169312171446 bend    8   10    7
        0.5230396548377 bend    8    9    7
       -0.4882013711693 bend   11   10    7
       -0.4695543024621 bend   11    9    7
  10 k  0.0096301414195 bend    9   10    7      val=   0.42614
       -0.5967468208816 bend    8   10    7
        0.5876176387644 bend    8    9    7
       -0.3801412341943 bend   11   10    7
        0.3924266107466 bend   11    9    7
  11 k  0.8986154742995 bend    9   10    7      val=   0.62533
       -0.1971805452149 bend    8   10    7
       -0.2041558228939 bend    8    9    7
       -0.2320629079297 bend   11   10    7
       -0.2409922585479 bend   11    9    7
  12 k  0.0026796442218 bend    9   10    7      val=  -0.18083
        0.3815173426602 bend    8   10    7
       -0.3912372436663 bend    8    9    7
       -0.5884424368552 bend   11   10    7
        0.5959079244586 bend   11    9    7
  13 k  1.0000000000000 stre   11   12           val=   2.06441
  14 k  0.8302756661272 bend   13   12   11      val=   1.65450
       -0.3474979006515 bend   14   12   11
       -0.4357608601972 bend    7   12   11
  15 k -0.0490157643066 bend   13   12   11      val=   0.27164
        0.7332857843083 bend   14   12   11
       -0.6781514678748 bend    7   12   11
  16 k  1.0000000000000 stre   14   15           val=   2.06762
  17 k  0.8351034275979 bend   16   15   14      val=   2.21181
       -0.3891450014747 bend   17   15   14
       -0.3888038490569 bend   11   15   14
  18 k -0.0001931320482 bend   16   15   14      val=   0.00092
       -0.7070039954904 bend   17   15   14
        0.7072095255726 bend   11   15   14
  19 k  1.0000000000000 stre   17   18           val=   2.06425
  20 k  0.8302824815692 bend   19   18   17      val=   1.65262
       -0.3478097327311 bend   14   18   17
       -0.4354990133362 bend   20   18   17
  21 k -0.0486906427964 bend   19   18   17      val=   0.27099
        0.7331313416497 bend   14   18   17
       -0.6783418439069 bend   20   18   17
  22 k  1.0000000000000 stre   20   22           val=   2.05770
  23 k  1.0000000000000 stre   20   23           val=   2.05978
  24 k -0.0197539683139 bend   23   22   20      val=   1.59535
        0.5170071460644 bend   21   22   20
        0.5229632881198 bend   21   23   20
       -0.4882509347529 bend   17   22   20
       -0.4695037972648 bend   17   23   20
  25 k  0.0097765601226 bend   23   22   20      val=   0.42918
       -0.5967390338416 bend   21   22   20
        0.5876432299986 bend   21   23   20
       -0.3801655929283 bend   17   22   20
        0.3923729100641 bend   17   23   20
  26 k  0.8986182987028 bend   23   22   20      val=   0.62674
       -0.1970732977819 bend   21   22   20
       -0.2042438994865 bend   21   23   20
       -0.2320277162339 bend   17   22   20
       -0.2410287056758 bend   17   23   20
  27 k  0.0026563809413 bend   23   22   20      val=  -0.18053
        0.3814520655905 bend   21   22   20
       -0.3912742528025 bend   21   23   20
       -0.5883823659632 bend   17   22   20
        0.5959848285103 bend   17   23   20
  28 k  1.0000000000000 stre    1    4           val=   2.51782
  29 k  1.0000000000000 stre    1    2           val=   2.04215
  30 k  1.0000000000000 stre    4    5           val=   2.04228
  31 k  1.0000000000000 stre    7    8           val=   2.06041
  32 k  1.0000000000000 stre    7   11           val=   2.87807
  33 k  1.0000000000000 stre   11   13           val=   2.06389
  34 k  1.0000000000000 stre   11   14           val=   2.87733
  35 k  1.0000000000000 stre   14   16           val=   2.06821
  36 k  1.0000000000000 stre   14   17           val=   2.87729
  37 k  1.0000000000000 stre   17   19           val=   2.06386
  38 k  1.0000000000000 stre   17   20           val=   2.87815
  39 k  1.0000000000000 stre   20   21           val=   2.06043
  40 k  1.0000000000000 bend    2    4    1      val= 121.35011
  41 k  1.0000000000000 bend    5    1    4      val= 121.34591
  42 k  1.0000000000000 bend   11    8    7      val= 110.89262
  43 k -0.7033365057877 bend   14   13   11      val=   0.98738
        0.7108569466028 bend    7   13   11
       -0.0004013638110 bend    7   14   11
  44 k  0.5466038062097 bend   14   13   11      val=  27.22038
        0.5404599172226 bend    7   13   11
       -0.6396306410053 bend    7   14   11
  45 k  0.4544689633665 bend   14   13   11      val= 110.86401
        0.4500949670262 bend    7   13   11
        0.7686823023813 bend    7   14   11
  46 k  0.7071271734199 bend   17   16   14      val=   0.00362
       -0.7070863882545 bend   11   16   14
       -0.0000125081509 bend   11   17   14
  47 k  0.5268562446705 bend   17   16   14      val=  23.03715
        0.5268984319149 bend   11   16   14
       -0.6669336847823 bend   11   17   14
  48 k  0.4715863209030 bend   17   16   14      val= 111.01170
        0.4716003413812 bend   11   16   14
        0.7451170780128 bend   11   17   14
  49 k -0.7033756434253 bend   14   19   17      val=   0.98206
        0.7108182390142 bend   20   19   17
       -0.0003678597235 bend   20   14   17
  50 k  0.5467144092851 bend   14   19   17      val=  27.25737
        0.5406591737445 bend   20   19   17
       -0.6393676661562 bend   20   14   17
  51 k  0.4542753118056 bend   14   19   17      val= 110.86239
        0.4499167577794 bend   20   19   17
        0.7689010678580 bend   20   14   17
  52 k  1.0000000000000 bend   17   21   20      val= 110.89423
  53 k  1.0000000000000 tors    5    4    1    2 val=  -0.00115
  54 k  1.0000000000000 tors   13   11    7    8 val=   1.33685
        1.0000000000000 tors   14   11    7    8
  55 k  1.0000000000000 tors   16   14   11    7 val=  57.57320
        1.0000000000000 tors   16   14   11   13
        1.0000000000000 tors   17   14   11    7
        1.0000000000000 tors   17   14   11   13
  56 k  1.0000000000000 tors   19   17   14   11 val=  32.44216
        1.0000000000000 tors   19   17   14   16
        1.0000000000000 tors   20   17   14   11
        1.0000000000000 tors   20   17   14   16
  57 k  1.0000000000000 tors   21   20   17   14 val=  -1.34026
        1.0000000000000 tors   21   20   17   19
  58 k  1.0000000000000 stre    2   16           val=   4.72717
  59 k  1.0000000000000 stre    2   19           val=   4.92309
  60 k  1.0000000000000 stre    2   21           val=   4.80750
  61 k  1.0000000000000 stre    5    8           val=   4.80744
  62 k  1.0000000000000 stre    5   13           val=   4.92393
  63 k  1.0000000000000 stre    5   16           val=   4.72587
  64 k  0.7262144633882 bend   16    1    2      val= 108.67991
        0.6789356894496 bend   19    1    2
        0.1066096588296 bend   19   16    2
        0.0045787254856 bend   21   16    2
        0.0165014749201 bend   21   19    2
  65 k -0.6821424339531 bend   16    1    2      val=   3.08483
        0.7280046024876 bend   19    1    2
        0.0040807624879 bend   19   16    2
        0.0642871931123 bend   21   16    2
        0.0232702113600 bend   21   19    2
  66 k -0.0133051905515 bend   16    1    2      val=  49.97602
       -0.0882197722825 bend   19    1    2
        0.5385183031737 bend   19   16    2
        0.6194262292455 bend   21   16    2
        0.5642246249079 bend   21   19    2
  67 k  0.0053910668572 bend   16    1    2      val=   2.57184
        0.0236551318507 bend   19    1    2
       -0.2934303990348 bend   19   16    2
       -0.4892130861012 bend   21   16    2
        0.8209631711867 bend   21   19    2
  68 k  0.0841912184780 bend   16    1    2      val=   5.74644
        0.0267083294894 bend   19    1    2
       -0.7826329702300 bend   19   16    2
        0.6105963437368 bend   21   16    2
        0.0828024322793 bend   21   19    2
  69 k  0.6787247346015 bend   13    4    5      val= 108.66979
        0.0165946572664 bend   13    8    5
        0.7264010467353 bend   16    4    5
        0.0045610437669 bend   16    8    5
        0.1066680278807 bend   16   13    5
  70 k  0.7281507958634 bend   13    4    5      val=   3.11881
        0.0236462818811 bend   13    8    5
       -0.6819225831010 bend   16    4    5
        0.0648172748268 bend   16    8    5
        0.0041932538072 bend   16   13    5
  71 k -0.0887106224340 bend   13    4    5      val=  49.96955
        0.5639426362148 bend   13    8    5
       -0.0129603048781 bend   16    4    5
        0.6196435775664 bend   16    8    5
        0.5384914073638 bend   16   13    5
  72 k  0.0236299392398 bend   13    4    5      val=   2.58896
        0.8213497177583 bend   13    8    5
        0.0055574511097 bend   16    4    5
       -0.4875351063141 bend   16    8    5
       -0.2951353959768 bend   16   13    5
  73 k  0.0264802674180 bend   13    4    5      val=   5.74710
        0.0807391782279 bend   13    8    5
        0.0844053031110 bend   16    4    5
        0.6116610782580 bend   16    8    5
       -0.7820015669342 bend   16   13    5
  74 k  1.0000000000000 bend    5    7    8      val= 120.34772
  75 k  1.0000000000000 bend    5   11   13      val= 106.48484
  76 k  0.7047975409653 bend    2   14   16      val= 118.26792
        0.7050536174321 bend    5   14   16
        0.0784845385738 bend    5    2   16
  77 k  0.7072329223830 bend    2   14   16      val=   0.00863
       -0.7069806162960 bend    5   14   16
        0.0000409811750 bend    5    2   16
  78 k -0.0555159413763 bend    2   14   16      val=  40.75620
       -0.0554779661461 bend    5   14   16
        0.9969153301687 bend    5    2   16
  79 k  1.0000000000000 bend    2   17   19      val= 106.50426
  80 k  1.0000000000000 bend    2   20   21      val= 120.33438
  81 k  1.0000000000000 tors   16    2    1    4 val= -47.25197
        1.0000000000000 tors   19    2    1    4
  82 k  1.0000000000000 tors    5   16    2    1 val= 107.07546
        1.0000000000000 tors    5   16    2   19
        1.0000000000000 tors    5   16    2   21
        1.0000000000000 tors   14   16    2    1
        1.0000000000000 tors   14   16    2   19
        1.0000000000000 tors   14   16    2   21
  83 k  1.0000000000000 tors   17   19    2    1 val=  48.67263
        1.0000000000000 tors   17   19    2   16
        1.0000000000000 tors   17   19    2   21
  84 k  1.0000000000000 tors   20   21    2   16 val= -32.07588
        1.0000000000000 tors   20   21    2   19
  85 k  1.0000000000000 tors   13    5    4    1 val=  47.25404
        1.0000000000000 tors   16    5    4    1
  86 k  1.0000000000000 tors    7    8    5   13 val=  32.04661
        1.0000000000000 tors    7    8    5   16
  87 k  1.0000000000000 tors   11   13    5    4 val=  71.31051
        1.0000000000000 tors   11   13    5    8
        1.0000000000000 tors   11   13    5   16
  88 k  1.0000000000000 tors    2   16    5    4 val=  72.94664
        1.0000000000000 tors    2   16    5    8
        1.0000000000000 tors    2   16    5   13
        1.0000000000000 tors   14   16    5    4
        1.0000000000000 tors   14   16    5    8
        1.0000000000000 tors   14   16    5   13
  89 k  1.0000000000000 tors    5    8    7   11 val= -22.62953
  90 k  1.0000000000000 tors    5   13   11    7 val=  -0.20191
        1.0000000000000 tors    5   13   11   14
  91 k  1.0000000000000 tors    2   16   14   11 val=  89.99030
        1.0000000000000 tors    2   16   14   17
        1.0000000000000 tors    5   16   14   11
        1.0000000000000 tors    5   16   14   17
  92 k  1.0000000000000 tors    2   19   17   14 val=   0.19100
        1.0000000000000 tors    2   19   17   20
  93 k  1.0000000000000 tors    2   21   20   17 val=  22.65821
        63 non zero eigenvalues  of BmBt
           1           3.740552799    1    0
         1
           2           3.078534403    2    0
         2
           3           3.078169504    3    0
         3
           4           2.189663261    4    0
         4
           5           2.187843385    5    0
         5
           6           2.143387487    6    0
         6
           7           2.132617589    7    0
         7
           8           2.059723911    8    0
         8
           9           2.036464106    9    0
         9
          10           2.000395201   10    0
        10
          11           1.793318155   11    0
        11
          12           1.670400825   12    0
        12
          13           1.664355953   13    0
        13
          14           1.444485788   14    0
        14
          15           1.438942563   15    0
        15
          16           1.286428524   16    0
        16
          17           1.273139713   17    0
        17
          18           1.055065618   18    0
        18
          19           0.958470872   19    0
        19
          20           0.844972218   20    0
        20
          21           0.781950589   21    0
        21
          22           0.736795296   22    0
        22
          23           0.727779782   23    0
        23
          24           0.687838111   24    0
        24
          25           0.687618004   25    0
        25
          26           0.395520309   26    0
        26
          27           0.384285875   27    0
        27
          28           1.690603516   28    0
        28
          29           1.675932202   29    0
        29
          30           1.530850182   30    0
        30
          31           1.464611696   31    0
        31
          32           1.342311173   32    0
        32
          33           1.315044196   33    0
        33
          34           1.314395459   34    0
        34
          35           0.853789839   35    0
        35
          36           0.778203382   36    0
        36
          37           0.655293007   37    0
        37
          38           0.588547255   38    0
        38
          39           0.449789580   39    0
        39
          40           0.794242359    0    0
         0.000000000         0.000000000         0.000000000         0.000000000
         0.000000000         0.000000000         0.000000000         0.000000000
         0.000000000         0.000000000         0.000000000         0.000000000
         0.000000000         0.000000000         0.000000000         0.000000000
         0.000000000         0.000000000         0.000000000         0.000000000
         0.000000000         0.000000000         0.000000000         0.000000000
         0.000000000         0.000000000         0.000000000         0.000000000
         0.000000000         0.000000000         0.000000000         0.000000000
         0.000000000         0.000000000         0.000000000         0.000000000
         0.000000000         0.000000000         0.000000000         0.707131858
        -0.707081704         0.000000000         0.000000000         0.000000000
         0.000000000         0.000000000         0.000000000         0.000000000
         0.000000000         0.000000000         0.000000000         0.000000000
         0.000000000         0.000000000         0.000000000         0.000000000
         0.000000000         0.000000000         0.000000000         0.000000000
         0.000000000         0.000000000         0.000000000         0.000000000
         0.000000000         0.000000000         0.000000000         0.000000000
         0.000000000         0.000000000         0.000000000         0.000000000
         0.000000000         0.000000000         0.000000000         0.000000000
         0.000000000         0.000000000         0.000000000         0.000000000
         0.000000000         0.000000000         0.000000000         0.000000000
         0.000000000         0.000000000         0.000000000         0.000000000
         0.000000000         0.000000000         0.000000000         0.000000000
         0.000000000
          41           0.689738280    0    0
         0.000000000         0.000000000         0.000000000         0.000000000
         0.000000000         0.000000000         0.000000000         0.000000000
         0.000000000         0.000000000         0.000000000         0.000000000
         0.000000000         0.000000000         0.000000000         0.000000000
         0.000000000         0.000000000         0.000000000         0.000000000
         0.000000000         0.000000000         0.000000000         0.000000000
         0.000000000         0.000000000         0.000000000         0.000000000
         0.000000000         0.000000000         0.000000000         0.000000000
         0.000000000         0.000000000         0.000000000         0.000000000
         0.000000000         0.000000000         0.000000000         0.000000000
         0.000000000        -0.370257610        -0.028370392         0.027642963
         0.295974760         0.739798824         0.000032867         0.000184949
         0.028765294        -0.027962973        -0.296106440         0.370335662
         0.000000000         0.000000000         0.000000000         0.000000000
         0.000000000         0.000000000         0.000000000         0.000000000
         0.000000000         0.000000000         0.000000000         0.000000000
         0.000000000         0.000000000         0.000000000         0.000000000
         0.000000000         0.000000000         0.000000000         0.000000000
         0.000000000         0.000000000         0.000000000         0.000000000
         0.000000000         0.000000000         0.000000000         0.000000000
         0.000000000         0.000000000         0.000000000         0.000000000
         0.000000000         0.000000000         0.000000000         0.000000000
         0.000000000         0.000000000         0.000000000         0.000000000
         0.000000000
          42           0.638790199    0    0
         0.000000000         0.000000000         0.000000000         0.000000000
         0.000000000         0.000000000         0.000000000         0.000000000
         0.000000000         0.000000000         0.000000000         0.000000000
         0.000000000         0.000000000         0.000000000         0.000000000
         0.000000000         0.000000000         0.000000000         0.000000000
         0.000000000         0.000000000         0.000000000         0.000000000
         0.000000000         0.000000000         0.000000000         0.000000000
         0.000000000         0.000000000         0.000000000         0.000000000
         0.000000000         0.000000000         0.000000000         0.000000000
         0.000000000         0.000000000         0.000000000         0.000000000
         0.000000000        -0.042333081        -0.573182129         0.245490801
         0.128797062         0.000307166        -0.153734782        -0.402681724
        -0.573136989         0.245460649         0.128538636        -0.042066299
         0.000000000         0.000000000         0.000000000         0.000000000
         0.000000000         0.000000000         0.000000000         0.000000000
         0.000000000         0.000000000         0.000000000         0.000000000
         0.000000000         0.000000000         0.000000000         0.000000000
         0.000000000         0.000000000         0.000000000         0.000000000
         0.000000000         0.000000000         0.000000000         0.000000000
         0.000000000         0.000000000         0.000000000         0.000000000
         0.000000000         0.000000000         0.000000000         0.000000000
         0.000000000         0.000000000         0.000000000         0.000000000
         0.000000000         0.000000000         0.000000000         0.000000000
         0.000000000
          43           0.596326405    0    0
         0.000000000         0.000000000         0.000000000         0.000000000
         0.000000000         0.000000000         0.000000000         0.000000000
         0.000000000         0.000000000         0.000000000         0.000000000
         0.000000000         0.000000000         0.000000000         0.000000000
         0.000000000         0.000000000         0.000000000         0.000000000
         0.000000000         0.000000000         0.000000000         0.000000000
         0.000000000         0.000000000         0.000000000         0.000000000
         0.000000000         0.000000000         0.000000000         0.000000000
         0.000000000         0.000000000         0.000000000         0.000000000
         0.000000000         0.000000000         0.000000000         0.000000000
         0.000000000        -0.520193664         0.244306724         0.132759421
         0.300384510        -0.000005963        -0.336294900        -0.104044948
         0.244190219         0.132845798         0.300318456        -0.520066538
         0.000000000         0.000000000         0.000000000         0.000000000
         0.000000000         0.000000000         0.000000000         0.000000000
         0.000000000         0.000000000         0.000000000         0.000000000
         0.000000000         0.000000000         0.000000000         0.000000000
         0.000000000         0.000000000         0.000000000         0.000000000
         0.000000000         0.000000000         0.000000000         0.000000000
         0.000000000         0.000000000         0.000000000         0.000000000
         0.000000000         0.000000000         0.000000000         0.000000000
         0.000000000         0.000000000         0.000000000         0.000000000
         0.000000000         0.000000000         0.000000000         0.000000000
         0.000000000
          44           0.510992910    0    0
         0.000000000         0.000000000         0.000000000         0.000000000
         0.000000000         0.000000000         0.000000000         0.000000000
         0.000000000         0.000000000         0.000000000         0.000000000
         0.000000000         0.000000000         0.000000000         0.000000000
         0.000000000         0.000000000         0.000000000         0.000000000
         0.000000000         0.000000000         0.000000000         0.000000000
         0.000000000         0.000000000         0.000000000         0.000000000
         0.000000000         0.000000000         0.000000000         0.000000000
         0.000000000         0.000000000         0.000000000         0.000000000
         0.000000000         0.000000000         0.000000000         0.000000000
         0.000000000        -0.318771088         0.581514491         0.060262776
         0.058672512        -0.325751591         0.000040627         0.000000545
        -0.581614073        -0.060332444        -0.058713177         0.318866042
         0.000000000         0.000000000         0.000000000         0.000000000
         0.000000000         0.000000000         0.000000000         0.000000000
         0.000000000         0.000000000         0.000000000         0.000000000
         0.000000000         0.000000000         0.000000000         0.000000000
         0.000000000         0.000000000         0.000000000         0.000000000
         0.000000000         0.000000000         0.000000000         0.000000000
         0.000000000         0.000000000         0.000000000         0.000000000
         0.000000000         0.000000000         0.000000000         0.000000000
         0.000000000         0.000000000         0.000000000         0.000000000
         0.000000000         0.000000000         0.000000000         0.000000000
         0.000000000
          45           0.348037901    0    0
         0.000000000         0.000000000         0.000000000         0.000000000
         0.000000000         0.000000000         0.000000000         0.000000000
         0.000000000         0.000000000         0.000000000         0.000000000
         0.000000000         0.000000000         0.000000000         0.000000000
         0.000000000         0.000000000         0.000000000         0.000000000
         0.000000000         0.000000000         0.000000000         0.000000000
         0.000000000         0.000000000         0.000000000         0.000000000
         0.000000000         0.000000000         0.000000000         0.000000000
         0.000000000         0.000000000         0.000000000         0.000000000
         0.000000000         0.000000000         0.000000000         0.000000000
         0.000000000         0.421320790         0.400077564        -0.060223998
        -0.107036289         0.542863619         0.000018678        -0.000011689
        -0.400043056         0.060274009         0.107023712        -0.421331996
         0.000000000         0.000000000         0.000000000         0.000000000
         0.000000000         0.000000000         0.000000000         0.000000000
         0.000000000         0.000000000         0.000000000         0.000000000
         0.000000000         0.000000000         0.000000000         0.000000000
         0.000000000         0.000000000         0.000000000         0.000000000
         0.000000000         0.000000000         0.000000000         0.000000000
         0.000000000         0.000000000         0.000000000         0.000000000
         0.000000000         0.000000000         0.000000000         0.000000000
         0.000000000         0.000000000         0.000000000         0.000000000
         0.000000000         0.000000000         0.000000000         0.000000000
         0.000000000
          46           0.274271866    0    0
         0.000000000         0.000000000         0.000000000         0.000000000
         0.000000000         0.000000000         0.000000000         0.000000000
         0.000000000         0.000000000         0.000000000         0.000000000
         0.000000000         0.000000000         0.000000000         0.000000000
         0.000000000         0.000000000         0.000000000         0.000000000
         0.000000000         0.000000000         0.000000000         0.000000000
         0.000000000         0.000000000         0.000000000         0.000000000
         0.000000000         0.000000000         0.000000000         0.000000000
         0.000000000         0.000000000         0.000000000         0.000000000
         0.000000000         0.000000000         0.000000000         0.000000000
         0.000000000        -0.440937652        -0.282520871        -0.256040690
        -0.132234950        -0.000001942         0.408865977         0.343945155
        -0.282501506        -0.255968542        -0.132171778        -0.440961446
         0.000000000         0.000000000         0.000000000         0.000000000
         0.000000000         0.000000000         0.000000000         0.000000000
         0.000000000         0.000000000         0.000000000         0.000000000
         0.000000000         0.000000000         0.000000000         0.000000000
         0.000000000         0.000000000         0.000000000         0.000000000
         0.000000000         0.000000000         0.000000000         0.000000000
         0.000000000         0.000000000         0.000000000         0.000000000
         0.000000000         0.000000000         0.000000000         0.000000000
         0.000000000         0.000000000         0.000000000         0.000000000
         0.000000000         0.000000000         0.000000000         0.000000000
         0.000000000
          47           0.228993601    0    0
         0.000000000         0.000000000         0.000000000         0.000000000
         0.000000000         0.000000000         0.000000000         0.000000000
         0.000000000         0.000000000         0.000000000         0.000000000
         0.000000000         0.000000000         0.000000000         0.000000000
         0.000000000         0.000000000         0.000000000         0.000000000
         0.000000000         0.000000000         0.000000000         0.000000000
         0.000000000         0.000000000         0.000000000         0.000000000
         0.000000000         0.000000000         0.000000000         0.000000000
         0.000000000         0.000000000         0.000000000         0.000000000
         0.000000000         0.000000000         0.000000000         0.707081704
         0.707131858         0.000000000         0.000000000         0.000000000
         0.000000000         0.000000000         0.000000000         0.000000000
         0.000000000         0.000000000         0.000000000         0.000000000
         0.000000000         0.000000000         0.000000000         0.000000000
         0.000000000         0.000000000         0.000000000         0.000000000
         0.000000000         0.000000000         0.000000000         0.000000000
         0.000000000         0.000000000         0.000000000         0.000000000
         0.000000000         0.000000000         0.000000000         0.000000000
         0.000000000         0.000000000         0.000000000         0.000000000
         0.000000000         0.000000000         0.000000000         0.000000000
         0.000000000         0.000000000         0.000000000         0.000000000
         0.000000000         0.000000000         0.000000000         0.000000000
         0.000000000         0.000000000         0.000000000         0.000000000
         0.000000000
          48           0.190932598    0    0
         0.000000000         0.000000000         0.000000000         0.000000000
         0.000000000         0.000000000         0.000000000         0.000000000
         0.000000000         0.000000000         0.000000000         0.000000000
         0.000000000         0.000000000         0.000000000         0.000000000
         0.000000000         0.000000000         0.000000000         0.000000000
         0.000000000         0.000000000         0.000000000         0.000000000
         0.000000000         0.000000000         0.000000000         0.000000000
         0.000000000         0.000000000         0.000000000         0.000000000
         0.000000000         0.000000000         0.000000000         0.000000000
         0.000000000         0.000000000         0.000000000         0.000000000
         0.000000000        -0.194495788         0.001113598        -0.627223241
        -0.258357749         0.059242501         0.000239306        -0.000018561
        -0.001033454         0.627650585         0.258269512         0.194559069
         0.000000000         0.000000000         0.000000000         0.000000000
         0.000000000         0.000000000         0.000000000         0.000000000
         0.000000000         0.000000000         0.000000000         0.000000000
         0.000000000         0.000000000         0.000000000         0.000000000
         0.000000000         0.000000000         0.000000000         0.000000000
         0.000000000         0.000000000         0.000000000         0.000000000
         0.000000000         0.000000000         0.000000000         0.000000000
         0.000000000         0.000000000         0.000000000         0.000000000
         0.000000000         0.000000000         0.000000000         0.000000000
         0.000000000         0.000000000         0.000000000         0.000000000
         0.000000000
          49           0.142568395    0    0
         0.000000000         0.000000000         0.000000000         0.000000000
         0.000000000         0.000000000         0.000000000         0.000000000
         0.000000000         0.000000000         0.000000000         0.000000000
         0.000000000         0.000000000         0.000000000         0.000000000
         0.000000000         0.000000000         0.000000000         0.000000000
         0.000000000         0.000000000         0.000000000         0.000000000
         0.000000000         0.000000000         0.000000000         0.000000000
         0.000000000         0.000000000         0.000000000         0.000000000
         0.000000000         0.000000000         0.000000000         0.000000000
         0.000000000         0.000000000         0.000000000         0.000000000
         0.000000000        -0.022094128         0.109856193         0.482585432
         0.063467242        -0.000006055         0.706346469         0.050784274
         0.109864455         0.482160705         0.063100729        -0.022168757
         0.000000000         0.000000000         0.000000000         0.000000000
         0.000000000         0.000000000         0.000000000         0.000000000
         0.000000000         0.000000000         0.000000000         0.000000000
         0.000000000         0.000000000         0.000000000         0.000000000
         0.000000000         0.000000000         0.000000000         0.000000000
         0.000000000         0.000000000         0.000000000         0.000000000
         0.000000000         0.000000000         0.000000000         0.000000000
         0.000000000         0.000000000         0.000000000         0.000000000
         0.000000000         0.000000000         0.000000000         0.000000000
         0.000000000         0.000000000         0.000000000         0.000000000
         0.000000000
          50           0.080252086    0    0
         0.000000000         0.000000000         0.000000000         0.000000000
         0.000000000         0.000000000         0.000000000         0.000000000
         0.000000000         0.000000000         0.000000000         0.000000000
         0.000000000         0.000000000         0.000000000         0.000000000
         0.000000000         0.000000000         0.000000000         0.000000000
         0.000000000         0.000000000         0.000000000         0.000000000
         0.000000000         0.000000000         0.000000000         0.000000000
         0.000000000         0.000000000         0.000000000         0.000000000
         0.000000000         0.000000000         0.000000000         0.000000000
         0.000000000         0.000000000         0.000000000         0.000000000
         0.000000000        -0.214685186        -0.029882091         0.313486671
        -0.576349286         0.219937532         0.000369859        -0.002051643
         0.030696750        -0.313516944         0.573834820         0.213697239
         0.000000000         0.000000000         0.000000000         0.000000000
         0.000000000         0.000000000         0.000000000         0.000000000
         0.000000000         0.000000000         0.000000000         0.000000000
         0.000000000         0.000000000         0.000000000         0.000000000
         0.000000000         0.000000000         0.000000000         0.000000000
         0.000000000         0.000000000         0.000000000         0.000000000
         0.000000000         0.000000000         0.000000000         0.000000000
         0.000000000         0.000000000         0.000000000         0.000000000
         0.000000000         0.000000000         0.000000000         0.000000000
         0.000000000         0.000000000         0.000000000         0.000000000
         0.000000000
          51           0.078420905    0    0
         0.000000000         0.000000000         0.000000000         0.000000000
         0.000000000         0.000000000         0.000000000         0.000000000
         0.000000000         0.000000000         0.000000000         0.000000000
         0.000000000         0.000000000         0.000000000         0.000000000
         0.000000000         0.000000000         0.000000000         0.000000000
         0.000000000         0.000000000         0.000000000         0.000000000
         0.000000000         0.000000000         0.000000000         0.000000000
         0.000000000         0.000000000         0.000000000         0.000000000
         0.000000000         0.000000000         0.000000000         0.000000000
         0.000000000         0.000000000         0.000000000         0.000000000
         0.000000000        -0.163254971         0.135921800        -0.026478256
        -0.440977179        -0.000636592         0.112800107        -0.709538620
         0.135759433        -0.024760688        -0.444346771        -0.164481054
         0.000000000         0.000000000         0.000000000         0.000000000
         0.000000000         0.000000000         0.000000000         0.000000000
         0.000000000         0.000000000         0.000000000         0.000000000
         0.000000000         0.000000000         0.000000000         0.000000000
         0.000000000         0.000000000         0.000000000         0.000000000
         0.000000000         0.000000000         0.000000000         0.000000000
         0.000000000         0.000000000         0.000000000         0.000000000
         0.000000000         0.000000000         0.000000000         0.000000000
         0.000000000         0.000000000         0.000000000         0.000000000
         0.000000000         0.000000000         0.000000000         0.000000000
         0.000000000
          52           0.328700875   53    0
        53
          53           0.323387046   54    0
        54
          54           0.269375781   55    0
        55
          55           0.173033982   56    0
        56
          56           0.122591579   57    0
        57
          57           1.805449672    0    0
         0.000000000         0.000000000         0.000000000         0.000000000
         0.000000000         0.000000000         0.000000000         0.000000000
         0.000000000         0.000000000         0.000000000         0.000000000
         0.000000000         0.000000000         0.000000000         0.000000000
         0.000000000         0.000000000         0.000000000         0.000000000
         0.000000000         0.000000000         0.000000000         0.000000000
         0.000000000         0.000000000         0.000000000         0.000000000
         0.000000000         0.000000000         0.000000000         0.000000000
         0.000000000         0.000000000         0.000000000         0.000000000
         0.000000000         0.000000000         0.000000000         0.000000000
         0.000000000         0.000000000         0.000000000         0.000000000
         0.000000000         0.000000000         0.000000000         0.000000000
         0.000000000         0.000000000         0.000000000         0.000000000
         0.000000000         0.000000000         0.000000000         0.000000000
         0.000000000        -0.168598676        -0.528135723        -0.158122009
        -0.158743051        -0.528444858        -0.168707236         0.143979306
         0.085334676         0.104259571         0.024207169        -0.024017834
         0.144009011         0.085372197         0.104357272         0.024179194
        -0.024095211        -0.108934485         0.031373648        -0.151314956
         0.000035489         0.052273496         0.031426487        -0.108945089
         0.261265615        -0.166420963        -0.017702152        -0.068558506
        -0.261295790         0.068713941         0.017606788         0.166481030
        -0.025146331        -0.002602587        -0.000074665         0.002737693
         0.025023134
          58           1.039272653    0    0
         0.000000000         0.000000000         0.000000000         0.000000000
         0.000000000         0.000000000         0.000000000         0.000000000
         0.000000000         0.000000000         0.000000000         0.000000000
         0.000000000         0.000000000         0.000000000         0.000000000
         0.000000000         0.000000000         0.000000000         0.000000000
         0.000000000         0.000000000         0.000000000         0.000000000
         0.000000000         0.000000000         0.000000000         0.000000000
         0.000000000         0.000000000         0.000000000         0.000000000
         0.000000000         0.000000000         0.000000000         0.000000000
         0.000000000         0.000000000         0.000000000         0.000000000
         0.000000000         0.000000000         0.000000000         0.000000000
         0.000000000         0.000000000         0.000000000         0.000000000
         0.000000000         0.000000000         0.000000000         0.000000000
         0.000000000         0.000000000         0.000000000         0.000000000
         0.000000000        -0.490881936        -0.331225332        -0.104897725
         0.089114381         0.336543460         0.475385801         0.198053894
        -0.047154236         0.114217997        -0.017989669        -0.008345965
        -0.201822632         0.046913261        -0.110603256         0.016762327
         0.009420132         0.074155565         0.032409077         0.002536202
        -0.029666752         0.001705802        -0.037692330        -0.070841302
        -0.193807653         0.110685344         0.001878838         0.087432544
        -0.190277286         0.081862419         0.001599304         0.112724336
        -0.092544659         0.113400113        -0.100898464         0.113365370
        -0.096392345
          59           1.024441578    0    0
         0.000000000         0.000000000         0.000000000         0.000000000
         0.000000000         0.000000000         0.000000000         0.000000000
         0.000000000         0.000000000         0.000000000         0.000000000
         0.000000000         0.000000000         0.000000000         0.000000000
         0.000000000         0.000000000         0.000000000         0.000000000
         0.000000000         0.000000000         0.000000000         0.000000000
         0.000000000         0.000000000         0.000000000         0.000000000
         0.000000000         0.000000000         0.000000000         0.000000000
         0.000000000         0.000000000         0.000000000         0.000000000
         0.000000000         0.000000000         0.000000000         0.000000000
         0.000000000         0.000000000         0.000000000         0.000000000
         0.000000000         0.000000000         0.000000000         0.000000000
         0.000000000         0.000000000         0.000000000         0.000000000
         0.000000000         0.000000000         0.000000000         0.000000000
         0.000000000         0.415391123        -0.156643846         0.427477192
         0.430805161        -0.144337295         0.432982371         0.108899966
         0.005944547        -0.096777791         0.033895160        -0.031392569
         0.101567069         0.007531661        -0.100869937         0.034435775
        -0.031165723        -0.089000678         0.145640939        -0.140365433
        -0.000590793        -0.090461932         0.144418634        -0.091728508
         0.095044006         0.053993074        -0.007414551        -0.151368925
        -0.102094756         0.154574463         0.007424427        -0.049921082
        -0.106850633         0.000485493        -0.001774647         0.003674592
         0.103312228
          60           0.681556940    0    0
         0.000000000         0.000000000         0.000000000         0.000000000
         0.000000000         0.000000000         0.000000000         0.000000000
         0.000000000         0.000000000         0.000000000         0.000000000
         0.000000000         0.000000000         0.000000000         0.000000000
         0.000000000         0.000000000         0.000000000         0.000000000
         0.000000000         0.000000000         0.000000000         0.000000000
         0.000000000         0.000000000         0.000000000         0.000000000
         0.000000000         0.000000000         0.000000000         0.000000000
         0.000000000         0.000000000         0.000000000         0.000000000
         0.000000000         0.000000000         0.000000000         0.000000000
         0.000000000         0.000000000         0.000000000         0.000000000
         0.000000000         0.000000000         0.000000000         0.000000000
         0.000000000         0.000000000         0.000000000         0.000000000
         0.000000000         0.000000000         0.000000000         0.000000000
         0.000000000         0.187048633        -0.335306544        -0.450043092
         0.450159202         0.334437317        -0.187400433        -0.031811042
         0.065193106         0.082572725         0.050843656         0.006752159
         0.031731935        -0.065273189        -0.082381728        -0.050832233
        -0.006664514         0.019506489        -0.014186784        -0.000050488
        -0.149313430         0.000032818         0.014257540        -0.019802283
         0.012359846        -0.048135500         0.118488653        -0.163781597
         0.012458520        -0.163746511         0.118489254        -0.048414174
         0.131659766        -0.187777269         0.236023372        -0.187745926
         0.131651161
          61           0.336487516    0    0
         0.000000000         0.000000000         0.000000000         0.000000000
         0.000000000         0.000000000         0.000000000         0.000000000
         0.000000000         0.000000000         0.000000000         0.000000000
         0.000000000         0.000000000         0.000000000         0.000000000
         0.000000000         0.000000000         0.000000000         0.000000000
         0.000000000         0.000000000         0.000000000         0.000000000
         0.000000000         0.000000000         0.000000000         0.000000000
         0.000000000         0.000000000         0.000000000         0.000000000
         0.000000000         0.000000000         0.000000000         0.000000000
         0.000000000         0.000000000         0.000000000         0.000000000
         0.000000000         0.000000000         0.000000000         0.000000000
         0.000000000         0.000000000         0.000000000         0.000000000
         0.000000000         0.000000000         0.000000000         0.000000000
         0.000000000         0.000000000         0.000000000         0.000000000
         0.000000000         0.229712859        -0.318919277         0.318276560
        -0.317616513         0.320163159        -0.230122010         0.075983311
         0.197358533        -0.049147387         0.035613796        -0.054292358
        -0.075062820        -0.196670324         0.049020881        -0.035612580
         0.054619629         0.115840703        -0.130710734         0.000289366
        -0.156749941         0.000008809         0.130509449        -0.115672412
        -0.025464239         0.263165644        -0.168847114        -0.139998501
        -0.026762252        -0.140705370        -0.168521601         0.264162213
         0.081457502         0.027812867        -0.220464820         0.028090924
         0.080985495
          62           0.293698969    0    0
         0.000000000         0.000000000         0.000000000         0.000000000
         0.000000000         0.000000000         0.000000000         0.000000000
         0.000000000         0.000000000         0.000000000         0.000000000
         0.000000000         0.000000000         0.000000000         0.000000000
         0.000000000         0.000000000         0.000000000         0.000000000
         0.000000000         0.000000000         0.000000000         0.000000000
         0.000000000         0.000000000         0.000000000         0.000000000
         0.000000000         0.000000000         0.000000000         0.000000000
         0.000000000         0.000000000         0.000000000         0.000000000
         0.000000000         0.000000000         0.000000000         0.000000000
         0.000000000         0.000000000         0.000000000         0.000000000
         0.000000000         0.000000000         0.000000000         0.000000000
         0.000000000         0.000000000         0.000000000         0.000000000
         0.000000000         0.000000000         0.000000000         0.000000000
         0.000000000         0.020326137         0.313735272         0.058162403
         0.059795076         0.312808747         0.020928411         0.261656550
         0.170049114        -0.062260324        -0.022099383         0.054801651
         0.261964541         0.170728946        -0.062626902        -0.021920710
         0.054633474         0.059576294        -0.050799790         0.106354091
         0.000237370        -0.013309336        -0.051256691         0.060026021
         0.387475272        -0.344362983        -0.024342827         0.098495402
        -0.387430093        -0.098224230         0.025035647         0.343464319
         0.048686040        -0.004626029         0.000452150         0.004332801
        -0.048789896
          63           0.066391473    0    0
         0.000000000         0.000000000         0.000000000         0.000000000
         0.000000000         0.000000000         0.000000000         0.000000000
         0.000000000         0.000000000         0.000000000         0.000000000
         0.000000000         0.000000000         0.000000000         0.000000000
         0.000000000         0.000000000         0.000000000         0.000000000
         0.000000000         0.000000000         0.000000000         0.000000000
         0.000000000         0.000000000         0.000000000         0.000000000
         0.000000000         0.000000000         0.000000000         0.000000000
         0.000000000         0.000000000         0.000000000         0.000000000
         0.000000000         0.000000000         0.000000000         0.000000000
         0.000000000         0.000000000         0.000000000         0.000000000
         0.000000000         0.000000000         0.000000000         0.000000000
         0.000000000         0.000000000         0.000000000         0.000000000
         0.000000000         0.000000000         0.000000000         0.000000000
         0.000000000        -0.057884325        -0.104511873         0.327060314
         0.327258688        -0.104801301        -0.057710011        -0.198401697
        -0.151478297         0.182478048        -0.117439364         0.121669307
        -0.198308635        -0.151232784         0.182674918        -0.117032855
         0.121923349        -0.145056173        -0.082388268        -0.022593685
         0.000116065         0.015610369        -0.082380558        -0.144845066
        -0.089640854        -0.296313524         0.136019472         0.294850454
         0.089601618        -0.294769814        -0.136039903         0.296346359
         0.148968831        -0.053563559        -0.000149880         0.053584825
        -0.149032909
$user-defined bonds
$frag
 atom   1 fragment  1 symmetry  c1
 atom   2 fragment  1
 atom   3 fragment  1
 atom   4 fragment  1
 atom   5 fragment  1
 atom   6 fragment  1
 atom   7 fragment  2 symmetry  c1
 atom   8 fragment  2
 atom   9 fragment  2
 atom  10 fragment  2
 atom  11 fragment  2
 atom  12 fragment  2
 atom  13 fragment  2
 atom  14 fragment  2
 atom  15 fragment  2
 atom  16 fragment  2
 atom  17 fragment  2
   iteration     5
$end
