$hessapprox internal
  0.798437798638D-02  0.743060694588D-04  0.431756388328D+00  0.389392156373D-03
 -0.208795462427D-02  0.431994267029D+00  0.210801849601D-03 -0.333211764769D-02
 -0.322620108432D-02  0.426948642406D+00 -0.134415133142D-03  0.370951249663D-02
  0.375754817604D-02  0.378982649051D-02  0.309091285076D+00  0.165646780053D-03
  0.228340436602D-02  0.257250593464D-02  0.254760308916D-02 -0.645161987889D-02
  0.321401609456D+00  0.810303566485D-04 -0.210826683322D-03 -0.119736361819D-03
 -0.193652365614D-03  0.141454160957D-02  0.524434856679D-03  0.320916244027D+00
  0.437256033818D-04 -0.315434326413D-02 -0.317922065769D-02 -0.342795175902D-02
  0.775371790547D-02  0.282858889241D-02 -0.547708181286D-03  0.330298569569D+00
 -0.276991268103D-03 -0.463645960556D-03 -0.845777407850D-03 -0.595953480420D-03
  0.163747386885D-02  0.322779964508D-03 -0.217546921112D-03 -0.694319576001D-03
  0.336549324410D+00  0.531796688715D-03 -0.157099195174D-02 -0.103868745695D-02
 -0.249615781428D-02  0.368174539790D-02  0.254206396694D-02 -0.764364978130D-04
 -0.293101925822D-02 -0.100695857156D-02  0.433425686859D+00 -0.115806954262D-03
 -0.179179601423D-02 -0.215372736050D-02 -0.304219055259D-02  0.818495435297D-02
  0.339079103487D-02 -0.627650577469D-03 -0.457757509340D-02 -0.548946726289D-03
 -0.193833369912D-02  0.411237494649D+00 -0.158729830040D-03  0.482051507991D-02
  0.468837265230D-02  0.451259216667D-02 -0.926839340463D-02 -0.340396055943D-02
  0.687489781017D-03  0.417890631834D-02  0.845353645006D-03  0.430734982043D-02
  0.668581456796D-02  0.337402733138D+00 -0.759721062095D-03  0.285528245525D-03
 -0.730681769257D-03 -0.501220287281D-04  0.584963834603D-03 -0.528018821232D-03
 -0.288651293188D-03 -0.111010716009D-03  0.896328990616D-03 -0.125697669619D-02
  0.727453466035D-03  0.408479731510D-03  0.343657978524D+00 -0.350676679821D-03
  0.260851854675D-02  0.231936439131D-02  0.252174539884D-02 -0.157123570825D-01
 -0.551822231235D-02  0.110511081975D-02  0.636120142045D-02  0.161773014051D-02
  0.217054852464D-02  0.651470105639D-02 -0.759599386480D-02  0.126137415997D-02
  0.306768190925D+00  0.221537317197D-03 -0.273244593116D-02 -0.245577977174D-02
 -0.296664425860D-02  0.294544575588D-02  0.144391589393D-02 -0.110100539546D-03
 -0.168955022671D-02 -0.561207934107D-03 -0.202716881360D-02 -0.308896258983D-02
  0.193682693927D-02 -0.632697844733D-03  0.216677790384D-02  0.340128469192D+00
  0.547904052074D-03 -0.154062853491D-02 -0.985442952157D-03 -0.246055185684D-02
  0.359152660963D-02  0.253252691684D-02 -0.656288044513D-04 -0.290404502787D-02
 -0.101744966333D-02 -0.262514292209D-03 -0.189207800244D-02  0.427469677344D-02
 -0.130433748999D-02  0.206984639036D-02 -0.201105056021D-02  0.433551881348D+00
 -0.120350799188D-03 -0.179513568431D-02 -0.216658315625D-02 -0.305297001233D-02
  0.822908110085D-02  0.339470812694D-02 -0.630000529672D-03 -0.458598637986D-02
 -0.552139012373D-03 -0.195236750012D-02 -0.272339824047D-02  0.670634785797D-02
  0.737720693234D-03  0.657187244254D-02 -0.308741075739D-02 -0.190771124152D-02
  0.411186363993D+00 -0.156162141208D-03  0.490934636695D-02  0.478909683535D-02
  0.460298859496D-02 -0.970730289199D-02 -0.352998499224D-02  0.718099280684D-03
  0.433153161963D-02  0.884237508299D-03  0.440864665067D-02  0.690492873569D-02
 -0.383560910708D-02  0.414072581655D-03 -0.799265229993D-02  0.197478533902D-02
  0.437690866048D-02  0.692139774149D-02  0.337030803730D+00 -0.763445535832D-03
  0.281682233516D-03 -0.745945301729D-03 -0.539395182845D-04  0.752259513377D-03
 -0.493567786376D-03 -0.299514652800D-03 -0.152289888602D-03  0.880577666240D-03
 -0.127631839929D-02  0.651752486573D-03  0.463681557316D-03  0.241606265105D-02
  0.143334095965D-02 -0.628053171540D-03 -0.132564478079D-02  0.666634373639D-03
  0.465031255548D-03  0.343666739127D+00 -0.352197066156D-03  0.264165001958D-02
  0.235231692216D-02  0.255747823235D-02 -0.157801062221D-01 -0.554174522896D-02
  0.110871267267D-02  0.638953395655D-02  0.162704605003D-02  0.219928085713D-02
  0.656686699556D-02 -0.762846621997D-02  0.126703077952D-02 -0.126959695627D-01
  0.217720009242D-02  0.209889141252D-02  0.662292790623D-02 -0.802444556277D-02
  0.143737469991D-02  0.306646436278D+00  0.220550108181D-03 -0.276087538989D-02
 -0.248244413486D-02 -0.299603172663D-02  0.280113820772D-02  0.140715864859D-02
 -0.100647065710D-03 -0.165131260921D-02 -0.545772648662D-03 -0.204807799047D-02
 -0.306190762897D-02  0.187470946687D-02 -0.620719014074D-03  0.203755582396D-02
 -0.880523569454D-03 -0.203206540346D-02 -0.306156538163D-02  0.191154205554D-02
 -0.616833076669D-03  0.204826957706D-02  0.340116432484D+00  0.240318062115D-03
  0.836229277146D-04  0.401909599486D-03  0.223952364267D-03 -0.123985422703D-03
  0.170383299149D-03  0.800079726589D-04  0.407698141340D-04 -0.278363327847D-03
  0.543076584619D-03 -0.108989865034D-03 -0.156440784245D-03 -0.765755203610D-03
 -0.347943633615D-03  0.223237478008D-03  0.559833531554D-03 -0.114520392313D-03
 -0.152009928364D-03 -0.771210406500D-03 -0.349085896362D-03  0.222922336697D-03
  0.798813553032D-02  0.684849985211D-04 -0.200195476462D-02 -0.209538972467D-02
 -0.333554552966D-02  0.368023044781D-02  0.227219099282D-02 -0.211251422756D-03
 -0.314752807541D-02 -0.452259807095D-03 -0.158194093388D-02 -0.177298428024D-02
  0.481153304158D-02  0.306425716227D-03  0.258316476666D-02 -0.273977555872D-02
 -0.155151089982D-02 -0.177738640722D-02  0.490157470743D-02  0.300980490533D-03
  0.261676141005D-02 -0.276784593121D-02  0.781694888853D-04  0.431754438419D+00
  0.395817430198D-03 -0.207364341988D-02 -0.172662816852D-02 -0.321034514562D-02
  0.373342924427D-02  0.257306848014D-02 -0.116454482519D-03 -0.317375148174D-02
 -0.850642293170D-03 -0.101217432110D-02 -0.213525099404D-02  0.468321741246D-02
 -0.749445020516D-03  0.228799960206D-02 -0.245189562027D-02 -0.958127800918D-03
 -0.214894693463D-02  0.478491522629D-02 -0.765908491796D-03  0.232119889122D-02
 -0.247842226674D-02  0.408638508660D-03 -0.208095732362D-02  0.432041859887D+00
  0.209820698556D-03 -0.331106930190D-02 -0.320437822964D-02 -0.445201225269D-02
  0.373838931420D-02  0.253228204674D-02 -0.191225637247D-03 -0.340994143828D-02
 -0.588164963544D-03 -0.247718765295D-02 -0.300166281097D-02  0.449217097816D-02
 -0.452725108032D-04  0.247127363331D-02 -0.296303079181D-02 -0.244099702473D-02
 -0.301396652614D-02  0.458418835961D-02 -0.514000182252D-04  0.250751697872D-02
 -0.299192215500D-02  0.223482056977D-03 -0.331387568213D-02 -0.318815311061D-02
  0.426995104665D+00 -0.127494437823D-03  0.372461483830D-02  0.378247782439D-02
  0.381142785627D-02 -0.190434134684D-01 -0.643997352244D-02  0.141439689418D-02
  0.774767219786D-02  0.162975892287D-02  0.370791445959D-02  0.819158680168D-02
 -0.926354731258D-02  0.562813010368D-03 -0.157106968328D-01  0.294981381601D-02
  0.361884660462D-02  0.823443968334D-02 -0.969999513026D-02  0.727914413984D-03
 -0.157779935258D-01  0.280632500401D-02 -0.116730147946D-03  0.369566309663D-02
  0.375887180249D-02  0.376060316927D-02  0.309124735244D+00  0.180709316885D-03
  0.220138476393D-02  0.250910102311D-02  0.247255321757D-02 -0.625856106514D-02
 -0.202976187432D-02  0.513605578409D-03  0.273723785032D-02  0.291270447371D-03
  0.249256874535D-02  0.326441470852D-02 -0.331432791481D-02 -0.573359994122D-03
 -0.537788323686D-02  0.140920697065D-02  0.248509205815D-02  0.326684731662D-02
 -0.343466874641D-02 -0.541754978818D-03 -0.540037394873D-02  0.137401657594D-02
  0.185753689216D-03  0.219042027041D-02  0.251039385084D-02  0.245814404163D-02
 -0.624633834252D-02  0.321569344871D+00  0.800164016425D-04 -0.175918936955D-03
 -0.846846897570D-04 -0.157516238813D-03  0.134963850820D-02  0.501971520594D-03
 -0.741024763398D-04 -0.520047266060D-03 -0.209743765050D-03 -0.451391511068D-04
 -0.575977353858D-03  0.658787371393D-03 -0.285033992082D-03  0.104722411918D-02
 -0.988698225171D-04 -0.340841889713D-04 -0.579175446361D-03  0.689723727006D-03
 -0.297121969338D-03  0.105099329526D-02 -0.892745926393D-04  0.792947513190D-04
 -0.175999772406D-03 -0.811960117422D-04 -0.154712324577D-03  0.134986630321D-02
  0.492076837154D-03  0.320924117121D+00  0.374430092330D-04 -0.312620518761D-02
 -0.316195915492D-02 -0.340426339823D-02  0.787670948322D-02  0.285430648127D-02
 -0.557936578376D-03 -0.357123550393D-02 -0.698765222817D-03 -0.292330562302D-02
 -0.458930390584D-02  0.423847607980D-02 -0.982350118268D-04  0.647720494921D-02
 -0.169186721039D-02 -0.289661178545D-02 -0.459671466947D-02  0.439224237210D-02
 -0.139038859099D-03  0.650540692822D-02 -0.165293336404D-02  0.339189345192D-04
 -0.311945571349D-02 -0.315673514039D-02 -0.338654698857D-02  0.786983616957D-02
  0.276122681495D-02 -0.530302136225D-03  0.330231799921D+00 -0.289555677154D-03
 -0.457834173613D-03 -0.856192852683D-03 -0.596653052855D-03  0.150679520906D-02
  0.265866113684D-03 -0.210205542908D-03 -0.638191946573D-03  0.248905917062D-03
 -0.102214262339D-02 -0.507591793146D-03  0.779572283266D-03  0.936408270001D-03
  0.153017678663D-02 -0.547689860591D-03 -0.103494181289D-02 -0.508658920386D-03
  0.812405717891D-03  0.924746242722D-03  0.153841286525D-02 -0.534095438815D-03
 -0.291402628393D-03 -0.447036576452D-03 -0.861998133395D-03 -0.590068462829D-03
  0.149829911653D-02  0.234617531750D-03 -0.203358935493D-03 -0.640838061660D-03
  0.336595555397D+00  0.521396262987D-03 -0.159049488681D-02 -0.107769136358D-02
 -0.252427893624D-02  0.378737367937D-02  0.255187604352D-02 -0.833808976094D-04
 -0.295041044269D-02 -0.101187215827D-02 -0.368056270112D-03 -0.200576500550D-02
  0.434255222944D-02 -0.123397889349D-02  0.229978857631D-02 -0.202182958691D-02
 -0.308786169622D-03 -0.201424725462D-02  0.443676101427D-02 -0.124505614381D-02
  0.232649358442D-02 -0.204457841453D-02  0.530802154776D-03 -0.160328958076D-02
 -0.105282381915D-02 -0.250809399524D-02  0.381105074113D-02  0.249947316588D-02
 -0.536548022223D-04 -0.294115587392D-02 -0.102278290345D-02  0.433349145308D+00
 -0.124537263083D-03 -0.183132438013D-02 -0.220965478032D-02 -0.309376697754D-02
  0.834149883608D-02  0.342981204841D-02 -0.639606281215D-03 -0.463425915738D-02
 -0.556123679337D-03 -0.199616864949D-02 -0.277903022266D-02  0.676455853014D-02
  0.750927881445D-03  0.666984714573D-02 -0.311256608445D-02 -0.195145181384D-02
 -0.280185027283D-02  0.698172281270D-02  0.679321654392D-03  0.672128737360D-02
 -0.308606000751D-02 -0.118823555665D-03 -0.181336429534D-02 -0.219207322046D-02
 -0.305452517678D-02  0.834659028223D-02  0.330042200592D-02 -0.588414088490D-03
 -0.464541726238D-02 -0.511555993527D-03 -0.205808869368D-02  0.411077035939D+00
 -0.178329803107D-03  0.484528462806D-02  0.468683742152D-02  0.452602183487D-02
 -0.927756410820D-02 -0.342973070924D-02  0.683097827402D-03  0.419284945961D-02
  0.868019926670D-03  0.429128190236D-02  0.672102493293D-02 -0.364897404763D-02
  0.467407206626D-03 -0.757934957481D-02  0.193470116808D-02  0.425695217039D-02
  0.674272127635D-02 -0.383573829094D-02  0.524067287492D-03 -0.761214681730D-02
  0.187230484734D-02 -0.176453807798D-03  0.483646377127D-02  0.468098527472D-02
  0.450520834114D-02 -0.927359011365D-02 -0.334120017106D-02  0.654118170827D-03
  0.425320936166D-02  0.803521805650D-03  0.432871468580D-02  0.680147720924D-02
  0.337407552662D+00 -0.765663822163D-03  0.284689492895D-03 -0.741849763430D-03
 -0.562640212020D-04  0.609005317490D-03 -0.528701780454D-03 -0.291166668874D-03
 -0.116183032898D-03  0.898947868508D-03 -0.127077107736D-02  0.716173436954D-03
  0.418986688049D-03  0.243228537583D-02  0.129720513351D-02 -0.636418915961D-03
 -0.131933709488D-02  0.728358239067D-03  0.421998771839D-03  0.243652055204D-02
  0.130219753509D-02 -0.625169018054D-03 -0.772322035454D-03  0.305012566918D-03
 -0.761212244235D-03 -0.523438766740D-04  0.585996624199D-03 -0.575092228125D-03
 -0.288067203202D-03 -0.102712158142D-03  0.940458956051D-03 -0.124425499144D-02
  0.741646488348D-03  0.478857587882D-03  0.343694255093D+00 -0.358347868588D-03
  0.255115508199D-02  0.224777560029D-02  0.246139614254D-02 -0.154208004611D-01
 -0.543509476519D-02  0.108152856037D-02  0.625361166725D-02  0.160227793856D-02
  0.209374633569D-02  0.638627776078D-02 -0.746555210764D-02  0.127947953153D-02
 -0.123756952352D-01  0.212775908347D-02  0.199296604943D-02  0.644440547629D-02
 -0.785817738773D-02  0.145135826908D-02 -0.124361961372D-01  0.200021450202D-02
 -0.356325928577D-03  0.252590085567D-02  0.221609401292D-02  0.241089217337D-02
 -0.154202611523D-01 -0.529843853099D-02  0.102407845060D-02  0.636836160716D-02
  0.151803743202D-02  0.222451552425D-02  0.654099236404D-02 -0.744772050284D-02
  0.131605361437D-02  0.307283600522D+00  0.213415522683D-03 -0.291307284776D-02
 -0.265597757403D-02 -0.315509085740D-02  0.349714927922D-02  0.161139905111D-02
 -0.151079066915D-03 -0.190381128571D-02 -0.601287658186D-03 -0.222340541180D-02
 -0.340370597596D-02  0.218253256003D-02 -0.616251972926D-03  0.265878562975D-02
 -0.957055096115D-03 -0.220817619225D-02 -0.339861241007D-02  0.222468747294D-02
 -0.608339529873D-03  0.266925602200D-02 -0.960819941080D-03  0.213396272929D-03
 -0.292118718253D-02 -0.265311524790D-02 -0.315253615317D-02  0.349904503900D-02
  0.156934116811D-02 -0.139549380311D-03 -0.190760831359D-02 -0.580855767330D-03
 -0.221174457444D-02 -0.342653756884D-02  0.218279125482D-02 -0.617612342544D-03
  0.261435360580D-02  0.339956652105D+00  0.247042098913D-03  0.109161614265D-03
  0.438837320933D-03  0.253222340177D-03 -0.233094264511D-03  0.144892034652D-03
  0.892653140179D-04  0.780502115872D-04 -0.275605733040D-03  0.583291466003D-03
 -0.549793626795D-04 -0.202917779146D-03 -0.783786098752D-03 -0.454710172609D-03
  0.237494115963D-03  0.600899940814D-03 -0.620163666839D-04 -0.198107468240D-03
 -0.791055111492D-03 -0.455554395217D-03  0.237086631418D-03  0.249696046955D-03
  0.104020455396D-03  0.446078591239D-03  0.253346958396D-03 -0.224921542601D-03
  0.162113587139D-03  0.887459364396D-04  0.711683582213D-04 -0.290647722047D-03
  0.568276666274D-03 -0.659381000989D-04 -0.223942567773D-03 -0.791386670982D-03
 -0.462525836756D-03  0.227809522526D-03  0.800332954882D-02  0.811927157683D-04
 -0.201625724235D-02 -0.209889148518D-02 -0.334543555186D-02  0.378049702111D-02
  0.230345067321D-02 -0.211560227517D-03 -0.317047340250D-02 -0.483444886391D-03
 -0.157554472721D-02 -0.185191307126D-02  0.483776290731D-02  0.258101784589D-03
  0.268212326860D-02 -0.272109553558D-02 -0.154637416552D-02 -0.185166651444D-02
  0.492191456311D-02  0.259827096014D-03  0.271379595033D-02 -0.275085703251D-02
  0.893186476546D-04 -0.201919010057D-02 -0.208534624407D-02 -0.332636814548D-02
  0.379428767692D-02  0.222020929950D-02 -0.177773398401D-03 -0.314164317371D-02
 -0.475363661419D-03 -0.158855873136D-02 -0.188817842816D-02  0.486293694348D-02
  0.259383932366D-03  0.262530677904D-02 -0.289799662348D-02  0.113363630625D-03
  0.431729629604D+00  0.413079668607D-03 -0.205698664084D-02 -0.168539804719D-02
 -0.318043689838D-02  0.366731717438D-02  0.256818664599D-02 -0.107303080151D-03
 -0.315009465814D-02 -0.864171106632D-03 -0.961684793365D-03 -0.211440275953D-02
  0.464259599602D-02 -0.802687655284D-03  0.221016366882D-02 -0.243023219573D-02
 -0.906164866635D-03 -0.212944628150D-02  0.474505854928D-02 -0.820785377742D-03
  0.224351702128D-02 -0.245662687238D-02  0.426398530087D-03 -0.206434811300D-02
 -0.166099278128D-02 -0.315786037860D-02  0.369371720014D-02  0.250751795479D-02
 -0.719513719804D-04 -0.313365624461D-02 -0.877420558228D-03 -0.100488371187D-02
 -0.217260209211D-02  0.463858052862D-02 -0.815509336799D-03  0.213800559455D-02
 -0.263209594354D-02  0.464614010600D-03 -0.206941456149D-02  0.432127080685D+00
  0.222935746112D-03 -0.333751250532D-02 -0.321581597796D-02 -0.447036523723D-02
  0.378297722982D-02  0.255464040918D-02 -0.189444576006D-03 -0.342415167389D-02
 -0.610327628286D-03 -0.247776385111D-02 -0.305973189957D-02  0.449633624847D-02
 -0.890709508756D-04  0.250707468918D-02 -0.295362023093D-02 -0.244164302396D-02
 -0.307028081612D-02  0.458599687835D-02 -0.922575051079D-04  0.254251121591D-02
 -0.298324148096D-02  0.236030169137D-03 -0.334142819753D-02 -0.319979498354D-02
 -0.444827082538D-02  0.380474614664D-02  0.248030119940D-02 -0.153552118282D-03
 -0.340067563121D-02 -0.611376114495D-03 -0.250550173031D-02 -0.311125603094D-02
  0.450884692919D-02 -0.952207636029D-04  0.244660786751D-02 -0.314159682456D-02
  0.265357330514D-03 -0.334982800743D-02 -0.316917247703D-02  0.426957331906D+00
 -0.122050735825D-03  0.375181129273D-02  0.382037903994D-02  0.384053184388D-02
 -0.191882838941D-01 -0.647463473303D-02  0.142545618493D-02  0.779365552049D-02
  0.163810148626D-02  0.374893551749D-02  0.826355075913D-02 -0.932034085218D-02
  0.551327606005D-03 -0.158511050341D-01  0.296086963035D-02  0.366089772832D-02
  0.830417312552D-02 -0.975589060669D-02  0.713661937988D-03 -0.159178308568D-01
  0.281732810045D-02 -0.110377130328D-03  0.372347189086D-02  0.379743632388D-02
  0.379068653441D-02 -0.191700203559D-01 -0.627872958077D-02  0.136132260884D-02
  0.791584328829D-02  0.150397298568D-02  0.384805230846D-02  0.841686563285D-02
 -0.933147999233D-02  0.573048233486D-03 -0.155599029781D-01  0.350994837541D-02
 -0.217866654851D-03  0.381902223048D-02  0.373317253198D-02  0.383369805330D-02
  0.308838444128D+00  0.179549346641D-03  0.237002061191D-02  0.268429630991D-02
  0.264255964813D-02 -0.672884578179D-02 -0.218101423015D-02  0.546188441241D-03
  0.292340332360D-02  0.335191240801D-03  0.265744816205D-02  0.355393000450D-02
 -0.351691143094D-02 -0.563178166103D-03 -0.579110790865D-02  0.147718826322D-02
  0.265042319777D-02  0.355313933801D-02 -0.364030014635D-02 -0.534949229315D-03
 -0.581347527732D-02  0.144077248527D-02  0.186090270638D-03  0.236007754088D-02
  0.268636829751D-02  0.262928162001D-02 -0.671463695844D-02 -0.209184861094D-02
  0.524537641584D-03  0.294872314524D-02  0.272827956095D-03  0.265859644181D-02
  0.358924513309D-02 -0.354525913914D-02 -0.566969204405D-03 -0.570696438054D-02
  0.164365727058D-02  0.162300408269D-03  0.238492052613D-02  0.268356027172D-02
  0.264939630937D-02 -0.674674566189D-02  0.321273710893D+00  0.858775009956D-04
 -0.236316971458D-03 -0.139778717840D-03 -0.216609304580D-03  0.157112268795D-02
  0.581249450014D-03 -0.889319195562D-04 -0.611700226247D-03 -0.234437487091D-03
 -0.948121744510D-04 -0.690498980663D-03  0.763136013299D-03 -0.305477952158D-03
  0.122654830531D-02 -0.131009879807D-03 -0.826090190567D-04 -0.694056430024D-03
  0.798723828609D-03 -0.319095960435D-03  0.123099763846D-02 -0.119945472743D-03
  0.850185437881D-04 -0.236269528896D-03 -0.135994572633D-03 -0.213353792797D-03
  0.157121057932D-02  0.569267040568D-03 -0.842924818066D-04 -0.623365056615D-03
 -0.226604348868D-03 -0.104222359424D-03 -0.704692053941D-03  0.758315494454D-03
 -0.308768374854D-03  0.120003576894D-02 -0.177846027881D-03  0.957073382371D-04
 -0.238533128800D-03 -0.125743723574D-03 -0.212284101451D-03  0.158420004904D-02
  0.606815585292D-03  0.320893283962D+00  0.356331361083D-04 -0.321146065676D-02
 -0.325178959687D-02 -0.349176902602D-02  0.796418063073D-02  0.288427102366D-02
 -0.564017185533D-03 -0.361396763770D-02 -0.705561666441D-03 -0.300565573286D-02
 -0.469037035032D-02  0.427190127685D-02 -0.907564391871D-04  0.656077901420D-02
 -0.171765681507D-02 -0.297993202724D-02 -0.469609324254D-02  0.442406835366D-02
 -0.128762154827D-03  0.658860827812D-02 -0.167930601165D-02  0.315871633684D-04
 -0.320532387807D-02 -0.324714201011D-02 -0.347482971925D-02  0.795658444846D-02
  0.278956798825D-02 -0.536658390890D-03 -0.364706191059D-02 -0.645902262801D-03
 -0.302018563202D-02 -0.474523714911D-02  0.428742781140D-02 -0.941394842350D-04
  0.645186805639D-02 -0.193274077968D-02  0.681329906242D-04 -0.322473918031D-02
 -0.322456911537D-02 -0.348786066740D-02  0.800142127722D-02  0.297635553912D-02
 -0.630646815199D-03  0.330147795972D+00 -0.297335514958D-03 -0.488884521780D-03
 -0.902140835612D-03 -0.630854741067D-03  0.169730198156D-02  0.309982611650D-03
 -0.224777995921D-03 -0.696969599642D-03  0.238380987162D-03 -0.107310759381D-02
 -0.598287471878D-03  0.854959543230D-03  0.952727941919D-03  0.171588723825D-02
 -0.560335870613D-03 -0.108732116299D-02 -0.596333490110D-03  0.886503862777D-03
  0.944790923712D-03  0.172333287336D-02 -0.546687546009D-03 -0.300413626514D-03
 -0.478904531308D-03 -0.908845515117D-03 -0.625597279963D-03  0.168710025614D-02
  0.275709759291D-03 -0.218482629828D-03 -0.699615854789D-03  0.265376503848D-03
 -0.106831256836D-02 -0.599918333137D-03  0.880413741583D-03  0.958754892136D-03
  0.170278252473D-02 -0.593158240039D-03 -0.300630275702D-03 -0.503113379530D-03
 -0.925519773869D-03 -0.645408735964D-03  0.169131574174D-02  0.313443431382D-03
 -0.243742441388D-03 -0.703082026461D-03  0.336583557637D+00 -0.972033115611D-03
  0.322933071343D-03 -0.941205576971D-03 -0.187865196742D-03 -0.141538641081D-02
 -0.131922915381D-02 -0.193166254623D-03  0.611969718935D-03  0.130187530283D-02
 -0.155012162212D-02  0.153654908881D-02 -0.328585703612D-03  0.313004583995D-02
 -0.234119160255D-03 -0.611212382186D-03 -0.161952440108D-02  0.155194382305D-02
 -0.369625833772D-03  0.314922780778D-02 -0.232024002742D-03 -0.616613185487D-03
 -0.976311019466D-03  0.346515147411D-03 -0.967133216761D-03 -0.185267023686D-03
 -0.143908057993D-02 -0.135743062441D-02 -0.193478519046D-03  0.645763451055D-03
  0.133511565758D-02 -0.151233754948D-02  0.158008885178D-02 -0.253413178386D-03
  0.315251255924D-02 -0.178001524802D-03 -0.534457798676D-03 -0.101023878021D-02
  0.292923191294D-03 -0.104052149049D-02 -0.238510528138D-03 -0.146903488364D-02
 -0.139016100914D-02 -0.195122031688D-03  0.658357551866D-03  0.137658106525D-02
  0.143920540376D-01 -0.259184387686D-03 -0.257309373254D-02 -0.313468101875D-02
 -0.449800253901D-02 -0.301512559540D-02  0.442559485878D-03  0.173001995465D-03
 -0.162516643864D-02  0.503868237964D-03 -0.243916245671D-02  0.196437177028D-03
  0.267868681445D-02  0.191963466327D-02 -0.280399690513D-02 -0.367007804625D-02
 -0.246403719319D-02  0.220620890484D-03  0.259451669460D-02  0.201550380938D-02
 -0.278271949848D-02 -0.378036111667D-02 -0.242472209557D-03 -0.258305495847D-02
 -0.313650350996D-02 -0.449180306801D-02 -0.299328001979D-02  0.386955695532D-03
  0.195800215355D-03 -0.151790192070D-02  0.472915851079D-03 -0.239643368546D-02
  0.221903591842D-03  0.273639069164D-02  0.194389815568D-02 -0.273993010800D-02
 -0.366888745501D-02 -0.268426491738D-03 -0.256212936251D-02 -0.316317743462D-02
 -0.451960920999D-02 -0.303475229091D-02  0.413279477389D-03  0.197728011898D-03
 -0.159690317023D-02  0.534116428405D-03  0.118418615184D-02  0.377758868247D+00
 -0.125216656058D-02  0.255268019515D-02  0.783768473249D-03  0.290740453644D-02
  0.797536653807D-02  0.824063465065D-03 -0.111912501447D-02 -0.194848943239D-02
  0.108943007115D-02 -0.638019051111D-03  0.586974088898D-03  0.218290652189D-02
  0.369454556245D-02  0.813994623529D-02 -0.842390847549D-03 -0.673865452916D-03
  0.570500607087D-03  0.239893881232D-02  0.358348912660D-02  0.816691735338D-02
 -0.712067692135D-03 -0.127288286815D-02  0.261037796558D-02  0.764778251617D-03
  0.293524057925D-02  0.792426255772D-02  0.713129133786D-03 -0.109899867244D-02
 -0.202076355564D-02  0.120829244248D-02 -0.679347566581D-03  0.560906955823D-03
  0.226008751265D-02  0.371002600012D-02  0.804478997964D-02 -0.101156297389D-02
 -0.125366826568D-02  0.246039669608D-02  0.702556088963D-03  0.284505223239D-02
  0.797981493632D-02  0.884780131689D-03 -0.120809311121D-02 -0.200197551043D-02
  0.113187263642D-02  0.587550170092D-02  0.111219040176D-01  0.371169609524D+00
 -0.100024242459D-02  0.259123549541D-03 -0.104899661342D-02 -0.265217583875D-03
 -0.123115667695D-02 -0.129961047436D-02 -0.211721086886D-03  0.561043784063D-03
  0.131281040361D-02 -0.167065723003D-02  0.142232177006D-02 -0.264222203484D-03
  0.321016354442D-02 -0.179450237336D-04 -0.634907334851D-03 -0.174446206226D-02
  0.144390597725D-02 -0.311965336688D-03  0.323823500741D-02 -0.177377596163D-04
 -0.641716043786D-03 -0.100670494445D-02  0.281216838596D-03 -0.107719017290D-02
 -0.265449844364D-03 -0.125811550070D-02 -0.134258421362D-02 -0.213510230168D-03
  0.596481580800D-03  0.135208855043D-02 -0.162125346101D-02  0.147196071802D-02
 -0.185233465836D-03  0.323683122156D-02  0.395885429476D-04 -0.552145126791D-03
 -0.104382889286D-02  0.235537864324D-03 -0.115435556613D-02 -0.316208922991D-03
 -0.129249008990D-02 -0.138032968577D-02 -0.217215221585D-03  0.612740850975D-03
  0.139955262040D-02  0.390446139507D-02  0.123148174618D-02  0.591674991212D-02
  0.146394841358D-01 -0.265909389511D-03 -0.262534653158D-02 -0.319764532896D-02
 -0.456013966536D-02 -0.288393104134D-02  0.483675707789D-03  0.161700176235D-03
 -0.168458843814D-02  0.500652873546D-03 -0.250223771682D-02  0.125552575462D-03
  0.275358338682D-02  0.194160392697D-02 -0.268753164878D-02 -0.370492331415D-02
 -0.252730053114D-02  0.150037100233D-03  0.267137516468D-02  0.203739665209D-02
 -0.266585462863D-02 -0.381472098712D-02 -0.249386634916D-03 -0.263513653024D-02
 -0.319964260278D-02 -0.455376717453D-02 -0.286249656769D-02  0.426006979862D-03
  0.184899360039D-03 -0.157753558150D-02  0.471153282157D-03 -0.245897507935D-02
  0.150668054147D-03  0.281220964930D-02  0.196615463621D-02 -0.262485790706D-02
 -0.370660667565D-02 -0.275089912548D-03 -0.261449147162D-02 -0.322657708028D-02
 -0.458202446148D-02 -0.290361444522D-02  0.455059890304D-03  0.185152139491D-03
 -0.165704084062D-02  0.531943258012D-03  0.122407645626D-02 -0.586413916137D-02
  0.111295012052D-01  0.127197406047D-02  0.377725421515D+00 -0.128963989906D-02
  0.248979398947D-02  0.670730728311D-03  0.283324324477D-02  0.790886973568D-02
  0.758648965107D-03 -0.112283259903D-02 -0.190745469021D-02  0.113475513028D-02
 -0.766443795798D-03  0.557017724605D-03  0.212240393937D-02  0.380987228744D-02
  0.814609359628D-02 -0.847178431748D-03 -0.807609634780D-03  0.545376219120D-03
  0.232881505616D-02  0.370696701966D-02  0.817121326850D-02 -0.719236144812D-03
 -0.131177353084D-02  0.254662028523D-02  0.649362236270D-03  0.285869928870D-02
  0.785527749304D-02  0.645554305434D-03 -0.110434377888D-02 -0.197695792853D-02
  0.125726984834D-02 -0.798015232519D-03  0.537193783832D-03  0.220342205326D-02
  0.382877602355D-02  0.805570176202D-02 -0.100552202177D-02 -0.129642123523D-02
  0.240212875214D-02  0.582746472849D-03  0.276983854766D-02  0.790579196833D-02
  0.808583633250D-03 -0.121285109465D-02 -0.195447637998D-02  0.118763461510D-02
  0.600809682734D-02  0.110651801999D-01  0.761380438029D-03  0.606333952143D-02
  0.110749394118D-01  0.371631117175D+00 -0.103222626092D-02  0.168657800576D-03
 -0.119238537953D-02 -0.371865949626D-03 -0.998068704915D-03 -0.127630314668D-02
 -0.232444046724D-03  0.502380579519D-03  0.131849018707D-02 -0.182547121853D-02
  0.125306269959D-02 -0.192599655708D-03  0.329739098404D-02  0.264823553086D-03
 -0.654128341442D-03 -0.190583673039D-02  0.128480073979D-02 -0.252788240569D-03
  0.334061015421D-02  0.261605844071D-03 -0.663936920852D-03 -0.104214834260D-02
  0.187792832256D-03 -0.122399396474D-02 -0.377015717915D-03 -0.102991895459D-02
 -0.132567771809D-02 -0.236927663985D-03  0.540666284477D-03  0.136651610818D-02
 -0.175706859454D-02  0.131279057981D-02 -0.108508562965D-03  0.333074659775D-02
  0.325200719662D-03 -0.560185183367D-03 -0.108451168247D-02  0.156420353029D-03
 -0.130654910596D-02 -0.422695226956D-03 -0.107177861136D-02 -0.137326440101D-02
 -0.242968138516D-03  0.563059877070D-03  0.142410200438D-02  0.403118604237D-02
  0.127799496477D-02  0.593937794902D-02  0.418479130924D-02  0.131945193676D-02
  0.610644255475D-02  0.149746733780D-01 -0.268347847203D-03 -0.262577469833D-02
 -0.320659582168D-02 -0.456192696717D-02 -0.284045468571D-02  0.477256357599D-03
  0.161945851265D-03 -0.167498544932D-02  0.490635301157D-03 -0.251150379317D-02
  0.795655820071D-04  0.274894410332D-02  0.193843936254D-02 -0.261526506307D-02
 -0.367763744262D-02 -0.253954088290D-02  0.109916673006D-03  0.265785641735D-02
  0.204337833259D-02 -0.259606035260D-02 -0.378980173518D-02 -0.253737142300D-03
 -0.263783454027D-02 -0.321018548896D-02 -0.455874287833D-02 -0.282138004539D-02
  0.417795437246D-03  0.183182611851D-03 -0.156622159671D-02  0.464791308938D-03
 -0.245743403252D-02  0.110744006408D-03  0.280911342864D-02  0.196658561133D-02
 -0.255029885717D-02 -0.367097401056D-02 -0.282462628814D-03 -0.260751966143D-02
 -0.323939515261D-02 -0.458295205750D-02 -0.286703426161D-02  0.439000882789D-03
  0.183471956791D-03 -0.164185812289D-02  0.531671287206D-03  0.122234931936D-02
 -0.582777268479D-02  0.110578794881D-01  0.128216456429D-02 -0.584324579278D-02
  0.110121304539D-01  0.134944710699D-02  0.377811738452D+00 -0.134098815560D-02
  0.228225522239D-02  0.372251530288D-03  0.259713210820D-02  0.871474541820D-02
  0.928733483831D-03 -0.118718280508D-02 -0.215964159678D-02  0.110656027959D-02
 -0.108595493743D-02  0.106976201571D-03  0.243819478971D-02  0.393897861686D-02
  0.897060376768D-02 -0.922900635717D-03 -0.113672955997D-02  0.112608073906D-03
  0.263140690392D-02  0.385949483849D-02  0.899084199785D-02 -0.797221194001D-03
 -0.136958607038D-02  0.233431075477D-02  0.345373926238D-03  0.261477695508D-02
  0.865204912904D-02  0.800554857830D-03 -0.117228470773D-02 -0.222677621395D-02
  0.124728751791D-02 -0.108579515094D-02  0.102019257139D-03  0.252822708849D-02
  0.396925689324D-02  0.887915219432D-02 -0.107244960707D-02 -0.136126420559D-02
  0.221353152140D-02  0.270627741223D-03  0.253427235139D-02  0.869227278218D-02
  0.955432597272D-03 -0.128935978258D-02 -0.219496774395D-02  0.119167948052D-02
  0.624907026563D-02  0.112435816155D-01  0.577740764557D-03  0.634071124164D-02
  0.112524819503D-01  0.852132391343D-03  0.644361728385D-02  0.112241554438D-01
  0.371428623598D+00 -0.146078244735D-03 -0.302139619295D-02 -0.325703438862D-02
 -0.301162160173D-02 -0.158793595082D-01 -0.394871997761D-02  0.984583603359D-03
  0.374963538279D-02  0.170747497103D-02 -0.243458698434D-02  0.226052715472D-02
 -0.769117306022D-02  0.189901635630D-02 -0.132245125905D-01 -0.159135692544D-02
 -0.253379837032D-02  0.230003222447D-02 -0.808802104937D-02  0.211730374490D-02
 -0.132586438761D-01 -0.175496005114D-02 -0.124314722792D-03 -0.305175351364D-02
 -0.328582136699D-02 -0.305142371729D-02 -0.158477966387D-01 -0.382493978933D-02
  0.945742021537D-03  0.388677301361D-02  0.159801258175D-02 -0.232588506160D-02
  0.237878754710D-02 -0.768288884843D-02  0.194027698668D-02 -0.129585429796D-01
 -0.116078393632D-02 -0.229560651493D-03 -0.294002539667D-02 -0.333375039121D-02
 -0.300565513034D-02 -0.159960979815D-01 -0.419759392232D-02  0.111104000315D-02
  0.393156747688D-02  0.179158430302D-02 -0.514693651594D-03 -0.932460707826D-02
  0.178021162023D-01 -0.309469812054D-03 -0.925786725311D-02  0.177714779558D-01
 -0.440298431158D-04 -0.918418805924D-02  0.185636303056D-01  0.414498470953D+00
 -0.122576776409D-03 -0.299901363154D-02 -0.319965743636D-02 -0.297458463788D-02
 -0.159619543359D-01 -0.394337912907D-02  0.994769025691D-03  0.376485656907D-02
  0.169230586967D-02 -0.236484821026D-02  0.230420534086D-02 -0.772388993857D-02
  0.183179459541D-02 -0.133394668940D-01 -0.158173208481D-02 -0.246069481018D-02
  0.233935798703D-02 -0.811528439354D-02  0.204377283122D-02 -0.133722023406D-01
 -0.174404366116D-02 -0.993315234145D-04 -0.302840896150D-02 -0.322679788478D-02
 -0.301240684391D-02 -0.159281116914D-01 -0.381652808418D-02  0.957027279855D-03
  0.390044492439D-02  0.157890278196D-02 -0.226433116789D-02  0.241783994186D-02
 -0.771853040914D-02  0.187009924072D-02 -0.130751934249D-01 -0.115646959300D-02
 -0.202102985538D-03 -0.292193526621D-02 -0.327170888456D-02 -0.296809796160D-02
 -0.160730795457D-01 -0.418492264896D-02  0.112331595633D-02  0.394265124899D-02
  0.176794090975D-02 -0.606544438136D-03 -0.936659951508D-02  0.177479900567D-01
 -0.411742614520D-03 -0.930072276217D-02  0.177076788411D-01 -0.162382113759D-03
 -0.923511424222D-02  0.184730294759D-01 -0.921325228895D-02  0.414338332481D+00
 -0.121697311714D-03 -0.296961150508D-02 -0.316555810120D-02 -0.294669923692D-02
 -0.159673794957D-01 -0.393371250519D-02  0.992533717584D-03  0.375331729549D-02
  0.169816996164D-02 -0.233481265597D-02  0.235675371341D-02 -0.770113286043D-02
  0.183419766971D-02 -0.133701657092D-01 -0.159785666850D-02 -0.242820018231D-02
  0.238743534836D-02 -0.808495218498D-02  0.203876349900D-02 -0.134009730777D-01
 -0.175803892536D-02 -0.970790371124D-04 -0.299719823124D-02 -0.319141320775D-02
 -0.298202277268D-02 -0.159318521061D-01 -0.380579139612D-02  0.956358594070D-03
  0.388738993200D-02  0.158221633868D-02 -0.224271157149D-02  0.246566807513D-02
 -0.769686906041D-02  0.186975426023D-02 -0.131081436159D-01 -0.117978106245D-02
 -0.197366264572D-03 -0.289836694188D-02 -0.323462932565D-02 -0.294098540076D-02
 -0.160730672272D-01 -0.416744675980D-02  0.112229012085D-02  0.392655355401D-02
  0.176622997611D-02 -0.599229460263D-03 -0.934143910727D-02  0.177658486119D-01
 -0.413854119284D-03 -0.927618567249D-02  0.177188227601D-01 -0.180057829772D-03
 -0.921954597958D-02  0.184564435956D-01 -0.924139430640D-02 -0.931145258031D-02
  0.414301182339D+00 -0.737926867437D-04 -0.244356519054D-03 -0.368581508188D-03
 -0.280251893509D-03  0.931003307648D-03  0.176028594819D-03 -0.777605316917D-04
 -0.278789447818D-03 -0.170055687479D-04 -0.402353161684D-03 -0.522262050663D-03
  0.352257645592D-03  0.190666894840D-03  0.975705220626D-03 -0.833919004196D-04
 -0.415181584745D-03 -0.500773454207D-03  0.334479301956D-03  0.219970788854D-03
  0.969486835151D-03 -0.864016846359D-04 -0.817952976208D-04 -0.250024744627D-03
 -0.375734297201D-03 -0.289993381698D-03  0.919531951427D-03  0.157695306224D-03
 -0.824168850563D-04 -0.275396799943D-03  0.550263770226D-05 -0.362652159466D-03
 -0.503119398011D-03  0.364041164867D-03  0.204907753360D-03  0.975711690036D-03
 -0.701361456585D-04 -0.910789867236D-04 -0.221199334873D-03 -0.386672592374D-03
 -0.280102733918D-03  0.906203618791D-03  0.145899264557D-03 -0.923663958423D-04
 -0.263347313142D-03  0.236496838600D-04  0.331855208918D-03  0.223543149610D-03
 -0.163286249872D-03  0.378398363817D-03  0.223312835427D-03 -0.115628412382D-03
  0.454015380659D-03  0.265815745724D-03 -0.553528244224D-06  0.936279767003D-03
  0.902105925414D-03  0.867948968686D-03  0.374807881453D+00  0.143471003711D-04
 -0.340779593442D-04 -0.206736486561D-04 -0.234096793557D-04  0.238607600315D-03
  0.795924115000D-04 -0.120160482344D-04 -0.794789835615D-04 -0.403974395081D-04
 -0.128249895050D-04 -0.126016532969D-03  0.869953920695D-04 -0.540500279879D-04
  0.203811309462D-03 -0.252731776041D-05 -0.124794038433D-04 -0.123580779617D-03
  0.873958729550D-04 -0.512323720264D-04  0.203101488500D-03 -0.203547209313D-05
  0.132434429810D-04 -0.353165881749D-04 -0.209084067089D-04 -0.246582704924D-04
  0.237481760171D-03  0.773676015680D-04 -0.124589818665D-04 -0.805033555466D-04
 -0.375494207277D-04 -0.873712431758D-05 -0.125001292738D-03  0.867066338605D-04
 -0.526857893702D-04  0.201203603589D-03 -0.469238500398D-05  0.132392145136D-04
 -0.303960957099D-04 -0.203640493812D-04 -0.221026728963D-04  0.237000158069D-03
  0.782637437612D-04 -0.146439425628D-04 -0.793031124695D-04 -0.369044828482D-04
 -0.420708262677D-04  0.547648616314D-04 -0.212439044839D-03 -0.392446489785D-04
  0.533263440547D-04 -0.208842035215D-03 -0.328064095948D-04  0.589880624570D-04
 -0.202171716479D-03  0.249771032452D-03  0.247688240923D-03  0.242769913983D-03
  0.830198340406D-05  0.374661435341D+00  0.171713894373D-02  0.402504861910D-02
  0.597470428691D-02  0.675050190893D-02  0.148809602020D-01  0.570543392284D-02
 -0.942298782732D-03 -0.486830834589D-02 -0.275306606957D-02  0.602625601003D-02
 -0.273467989548D-02  0.311255463903D-02 -0.556861600241D-02  0.109121279209D-01
  0.316577419766D-03  0.624958486997D-02 -0.286496896567D-02  0.363793180629D-02
 -0.586538548757D-02  0.109622958647D-01  0.549414369007D-03  0.171829562724D-02
  0.404281359801D-02  0.605598340753D-02  0.680531299137D-02  0.149155316110D-01
  0.571749160549D-02 -0.899682963192D-03 -0.511341875347D-02 -0.274238783271D-02
  0.572954540782D-02 -0.297454873843D-02  0.292914968439D-02 -0.564816329685D-02
  0.105654120244D-01 -0.254568734091D-03  0.188876398419D-02  0.394140741694D-02
  0.624953223911D-02  0.683880212132D-02  0.151377469527D-01  0.612205707325D-02
 -0.104050954707D-02 -0.515104243128D-02 -0.305150252568D-02 -0.508487762962D-02
  0.148019301125D-01 -0.174291513781D-01 -0.553911166960D-02  0.146684011459D-01
 -0.176714111223D-01 -0.612185981449D-02  0.144603857108D-01 -0.190770263551D-01
  0.329138778836D-01  0.332446502984D-01  0.333221151967D-01 -0.178271479638D-02
 -0.188460962993D-03  0.376411830433D+00
$end
