$hessapprox internal
  0.104376596658D+01 -0.523720154621D-02  0.458273239726D+00  0.854215052668D-03
 -0.668129930823D-03  0.188660262868D+00 -0.108626512558D-02 -0.762586074459D-03
 -0.507508684677D-02  0.268247145224D-01 -0.143538419932D-02 -0.470984378595D-02
  0.370944924626D-02 -0.109033874061D-02  0.579688714767D+00  0.376897329265D-02
  0.205975769103D-02  0.701704929503D-04  0.151457823780D-03  0.281197004371D-02
  0.380342880228D+00 -0.214486989752D-01 -0.453515169229D-02  0.126941832953D-02
 -0.989346939300D-03  0.726025089145D-03  0.367996794001D-02  0.108311331715D+01
  0.121430204161D-02 -0.123663873899D-02  0.177321445016D-02  0.832237341959D-03
 -0.181974044337D-02  0.383607042879D-04  0.197978417797D-02  0.457394059063D+00
 -0.264605847131D-02  0.967472525216D-03 -0.587340586763D-02 -0.270234258921D-02
  0.468981334139D-03  0.888385008464D-03 -0.346358899696D-02 -0.480483754599D-02
  0.206509773029D+00  0.937268624426D-03 -0.208035716466D-02  0.166422625728D-02
 -0.237797681457D-03 -0.549435000013D-02  0.999798176022D-03  0.233314898538D-02
 -0.144681801203D-02  0.598930357857D-03  0.430531367351D+00 -0.799135697297D-03
 -0.274102248117D-03 -0.524163298848D-03 -0.305555328783D-03 -0.954633516797D-04
  0.194581681517D-04 -0.835971871164D-03 -0.298047596493D-03  0.257871111978D-03
  0.499462958182D-04  0.368816888773D+00 -0.417967017632D-02 -0.124896754052D-02
 -0.125092454333D-02 -0.168292678427D-04 -0.186699591276D-02  0.123495904254D-02
 -0.511562694219D-02 -0.169867063778D-02 -0.196384766860D-02 -0.431968008682D-03
 -0.275217596943D-03  0.832721777528D-01  0.100250160224D-02 -0.208287813667D-02
  0.160056234177D-02 -0.353966585231D-03 -0.519396913084D-02  0.100764495512D-02
  0.235587296660D-02 -0.155072625088D-02  0.936444535626D-03 -0.470160727582D-02
  0.470862497636D-04 -0.330530297206D-03  0.429784488059D+00 -0.224683481669D-03
  0.803303936175D-06 -0.163321601712D-03  0.151087381225D-05 -0.165098643218D-03
  0.249829466551D-04 -0.183142281225D-03  0.154091071745D-04 -0.117775974510D-03
 -0.725079964703D-04 -0.707520569418D-04 -0.207942521257D-03 -0.780044746944D-04
  0.368198170043D+00 -0.956898870907D-03  0.492076579531D-03  0.257149358328D-02
 -0.238748705400D-02  0.510282189140D-03  0.167141272712D-03 -0.110755399354D-02
  0.141670301971D-03  0.543500384018D-03  0.538965174242D-03  0.189504639194D-03
 -0.252627041343D-01  0.504332991490D-03  0.149345169280D-03  0.855169373916D-01
  0.107596088577D-02 -0.201807587036D-02  0.151404887323D-02 -0.249404765740D-03
 -0.525608647908D-02  0.987171095865D-03  0.242705587567D-02 -0.149228599196D-02
  0.882080589177D-03 -0.473655971392D-02  0.638966051610D-04 -0.286103960796D-03
 -0.456603102749D-02 -0.762921869624D-04  0.491400915585D-03  0.430585585729D+00
 -0.593969195982D-03 -0.243240981021D-03 -0.178578843753D-03 -0.154779118064D-03
 -0.528745290143D-04  0.221437461504D-03 -0.596865859913D-03 -0.110996630891D-03
  0.455183161792D-04  0.591641208669D-04 -0.999386403743D-04 -0.226045162800D-03
  0.565810533757D-04 -0.265737915276D-04  0.153008942811D-04  0.657582627575D-04
  0.368482944107D+00 -0.368456971725D-02 -0.103454568633D-03  0.845615367326D-02
 -0.329417240386D-02 -0.261265221242D-03 -0.554071190461D-03 -0.390773686481D-02
  0.240496598030D-02 -0.359202652260D-02  0.111795405924D-03 -0.130564243928D-04
 -0.119520113131D-01  0.644640365469D-04 -0.560371702704D-05  0.207910435881D-01
 -0.495246854413D-04  0.301841630287D-04  0.793481540514D-01 -0.252025197848D-03
 -0.264925366967D-02  0.142019336428D-02 -0.564013644289D-04 -0.549436692605D-02
  0.132433113966D-02  0.973759831036D-03 -0.136669923431D-02  0.138501972828D-03
 -0.455227591377D-02  0.734275147071D-05 -0.511176649814D-03 -0.441011145408D-02
 -0.654296200911D-04  0.348669686657D-05 -0.441794008236D-02 -0.392012690376D-05
  0.221622529971D-03  0.433985478972D+00 -0.605904268612D-03 -0.241851861686D-03
  0.411472486018D-03 -0.170049224465D-03 -0.470412596574D-03 -0.578013731083D-03
 -0.791829303412D-03 -0.139330316957D-03 -0.579783224623D-03 -0.740137170318D-04
 -0.887530242193D-04  0.281846951128D-03 -0.984607721045D-04  0.874988119642D-05
 -0.272816005326D-04 -0.622867113751D-04 -0.195045712300D-04  0.628145896980D-03
 -0.907285982551D-04  0.367921642906D+00 -0.210407226403D-02  0.257607278567D-02
  0.142106273497D-01 -0.793849607101D-02  0.164460355501D-02 -0.109186708820D-02
 -0.122567946964D-02  0.311420652111D-02 -0.275972673731D-03  0.533185967634D-03
 -0.145258794001D-03 -0.187754268549D-02  0.543433561123D-03 -0.112285971470D-03
  0.254910413078D-02  0.293002938643D-03  0.110594505995D-03  0.291471525470D-01
  0.576897332778D-03  0.706513846727D-03  0.977404709711D-01 -0.796446722487D-03
 -0.680113739079D-03  0.120430484394D-02 -0.624217700931D-03 -0.474842576934D-03
  0.449611182193D-03 -0.867393962040D-03 -0.214628350043D-03  0.567507301942D-04
 -0.176112232095D-03  0.133675564729D-03 -0.405054825243D-03 -0.167387000653D-03
  0.555628323315D-04  0.345231760479D-03 -0.148067857514D-03 -0.709359586907D-05
  0.108876200559D-02 -0.387304486080D-03 -0.390410688022D-04  0.203082647675D-02
  0.833890066173D-02  0.105122580555D-02 -0.204212349018D-02  0.127767228352D-02
 -0.289285404365D-03 -0.528445098330D-02  0.987507036483D-03  0.228352335747D-02
 -0.164547906687D-02  0.139290862641D-02 -0.470581709480D-02  0.858351532553D-04
 -0.191323289593D-03 -0.452260534439D-02 -0.877761403456D-04  0.331881518373D-03
 -0.456918503214D-02  0.731798919021D-04 -0.136049433563D-03 -0.435422913455D-02
 -0.104726946880D-04  0.159830189022D-03 -0.939614817099D-04  0.422735843173D+00
  0.184731204725D-03 -0.195379319787D-02  0.109513256924D-02 -0.325203759471D-03
 -0.580344001126D-02  0.109157244894D-02  0.145746252120D-02 -0.159334276651D-02
  0.111330423204D-02 -0.485596096911D-02  0.116715069584D-04 -0.395439577085D-03
 -0.468654323211D-02 -0.104672447185D-03  0.448113407622D-03 -0.472815251356D-02
  0.350110378119D-04 -0.209230782016D-03 -0.452537102162D-02  0.488550237751D-04
 -0.141276975985D-03 -0.554952487485D-04 -0.467155062370D-02  0.418511496096D+00
  0.141775516274D-02 -0.204379851303D-02  0.202840849392D-02  0.487447699151D-05
 -0.651481176770D-02  0.939199254161D-03  0.300192264565D-02 -0.135513854877D-02
 -0.314547125624D-03 -0.553168392907D-02  0.831835552009D-04 -0.421177446648D-04
 -0.539216210101D-02 -0.315300162571D-04  0.688718827546D-03 -0.540939829405D-02
  0.734984434948D-04  0.498612700829D-03 -0.519965784790D-02 -0.961234510569D-04
  0.100971104733D-02 -0.324418388818D-03 -0.540298462527D-02 -0.548346645928D-02
  0.414948421798D+00  0.317312293235D-02  0.172779122344D-02 -0.110413782886D-02
  0.135620899094D-02 -0.283352141257D-03 -0.160775298154D-02  0.346750654053D-02
  0.336370729591D-03 -0.285151937710D-03 -0.840291729963D-03  0.511918171763D-04
  0.167645724905D-02 -0.837914437814D-03 -0.906513541774D-05 -0.493080583270D-03
 -0.880080446045D-03  0.189443070326D-03 -0.147553857085D-02 -0.276294757865D-03
 -0.126426695692D-04 -0.309957093411D-02  0.444628782609D-03 -0.963982310129D-03
 -0.890007742066D-03 -0.738218552030D-03  0.327395457241D+00  0.174648071117D-02
  0.106665133246D-02  0.392841693476D-03  0.935214785858D-03 -0.853757377346D-03
 -0.924637784796D-03  0.184967231900D-02  0.606377618244D-03 -0.127387750507D-02
 -0.766093885418D-03  0.273811906763D-03  0.104805221943D-02 -0.782262713096D-03
  0.741914521676D-04 -0.678313918724D-04 -0.813115857135D-03  0.190116192600D-03
 -0.260944449260D-03 -0.419960581903D-03  0.185538283574D-03 -0.137455981724D-02
  0.133580174519D-03 -0.873360591595D-03 -0.703123347237D-03 -0.693893826869D-03
 -0.802065498923D-03  0.322005370683D+00 -0.969553909045D-03  0.105808344786D-03
 -0.212112886291D-02  0.288148569704D-03  0.745735855110D-03  0.362530240501D-03
 -0.100136616826D-02 -0.392877140902D-04  0.664501060344D-03  0.613163829090D-03
 -0.344083427511D-03 -0.291462075486D-03  0.607969737131D-03 -0.127646995471D-03
 -0.527234019791D-03  0.603124608100D-03 -0.144562385526D-03 -0.132112226461D-02
  0.630612019117D-03  0.746058980997D-04 -0.205858163096D-02  0.281377676981D-03
  0.573038131001D-03  0.399183716155D-03  0.816162456573D-03  0.157786775762D-03
  0.333767230335D-03  0.318623342476D+00  0.324439426672D-03  0.586583703574D-04
 -0.167013106614D-04  0.349585192645D-03 -0.713522708818D-03  0.132813777978D-04
  0.531082591389D-03  0.227869398938D-03 -0.872242594249D-03 -0.517707901006D-03
 -0.406466491244D-04 -0.526740477723D-04 -0.536579574551D-03 -0.214430803888D-05
  0.388515365090D-04 -0.534841128443D-03 -0.748134715546D-05  0.605834174895D-04
 -0.442809390425D-03  0.618882273715D-04 -0.114632214563D-03  0.249605635450D-04
 -0.584050723800D-03 -0.567796031531D-03 -0.448031695729D-03 -0.437568411099D-04
  0.556442396190D-04 -0.523858563571D-04  0.335063966932D+00  0.171952990145D-02
  0.228420872802D-02 -0.348773893975D-02  0.215209250706D-02  0.186395146893D-02
 -0.325160846234D-03  0.206489649792D-02  0.138296653623D-02 -0.564178790079D-03
  0.903368376658D-03 -0.193177181691D-03  0.466726005677D-03  0.855723564258D-03
 -0.933553025843D-04 -0.105671427562D-02  0.785890656425D-03  0.208791386639D-04
 -0.324419162064D-02  0.132979014466D-02  0.366292716554D-03 -0.527059688163D-02
  0.593104853568D-03  0.532066788046D-03  0.406171425275D-03  0.150782437806D-02
 -0.572895487486D-03 -0.270948448746D-03 -0.733283824419D-03  0.898173570420D-04
  0.336769069720D+00  0.332096344500D-03 -0.375575520726D-02  0.329931026360D-02
 -0.166068006690D-02  0.141070084324D-02  0.712917552782D-03  0.421733948954D-03
 -0.688298318016D-04 -0.605693390551D-02  0.587108382777D-03 -0.102823735386D-02
  0.745288776015D-03  0.540244593392D-03 -0.295394075895D-03  0.285647301024D-03
  0.579587157409D-03 -0.429716659287D-03  0.330739063303D-02  0.545986442486D-03
 -0.861685795197D-04  0.285592341373D-02  0.665082745121D-03  0.477730364761D-03
  0.224902068423D-03  0.648492664345D-03  0.269510632298D-03  0.141654591891D-02
 -0.173654653251D-02 -0.156349141869D-03 -0.116304371084D-02  0.865342600019D-02
  0.348423279719D-02  0.139604830689D-02  0.355050687015D-03  0.150593374141D-02
 -0.521185596646D-03 -0.596403793929D-04  0.474654842064D-02  0.581552450595D-03
  0.262372728755D-03 -0.209348941036D-02  0.464198641263D-03  0.643762905173D-03
 -0.195671407843D-02  0.236395967246D-04  0.306734566078D-05 -0.210403682988D-02
  0.347632641592D-03 -0.292753641701D-02 -0.151269187006D-02  0.174943615833D-03
 -0.398045653936D-02  0.255015091999D-03 -0.234120665485D-02 -0.240788352700D-02
 -0.221596927794D-02 -0.162571334890D-02 -0.175160224230D-02  0.672665506694D-03
 -0.246769566132D-03 -0.393404646861D-03  0.228661333621D-02  0.614529248575D+00
 -0.103934287546D-02  0.568310357460D-02 -0.144548252446D-03 -0.365945409032D-02
  0.670087660474D-02  0.459286889122D-03 -0.315910141320D-03 -0.230288495601D-03
  0.588384883915D-02  0.409556803118D-02 -0.244885326034D-03 -0.318691083958D-02
  0.414129039950D-02 -0.422628125603D-04  0.408049139282D-02  0.401795161707D-02
 -0.262132961706D-04 -0.231570871709D-02  0.322383592108D-02 -0.451769055978D-03
  0.204803282384D-02  0.668776843575D-03  0.373053444851D-02  0.372830655885D-02
  0.460765061454D-02 -0.203517705148D-03 -0.334982672784D-03 -0.103320570904D-02
  0.353949034617D-04 -0.152104801023D-02 -0.308909679948D-02  0.340059705717D-02
  0.413951889552D+00 -0.700494326121D-02 -0.166158899233D-02  0.894770216268D-02
  0.320252762672D-02  0.781756504248D-05  0.109304684475D-02 -0.582906791134D-02
  0.860020750465D-02 -0.262028060876D-01  0.173242127822D-02 -0.487322578841D-03
 -0.681753170921D-03  0.114448672302D-02  0.277404971065D-03 -0.279993189217D-03
  0.127329103297D-02 -0.322368891222D-03  0.271978779576D-02  0.131977625051D-02
  0.627501486321D-03  0.143338261148D-02 -0.867100960521D-03  0.342838668530D-03
  0.664519367926D-03  0.380099475746D-02  0.329623489247D-02  0.315236816157D-02
 -0.121669274226D-02  0.189155328881D-02  0.277757145145D-02  0.713735605325D-02
  0.271848618055D-02 -0.629622371749D-02  0.526173658546D-01  0.511143018140D-02
 -0.263414107742D-02  0.234329700283D-02 -0.593562325979D-03 -0.599471605812D-02
  0.940775679675D-03  0.674819512194D-02 -0.257413189729D-02  0.205526558259D-02
 -0.618961303160D-02  0.198600141000D-03  0.997336631949D-03 -0.593372625827D-02
 -0.887498499941D-04  0.651500126917D-03 -0.599705798432D-02  0.157357222286D-03
  0.809063478206D-03 -0.565962684093D-02 -0.124658954550D-03  0.159860910378D-02
 -0.104774493927D-03 -0.593062251501D-02 -0.607777235148D-02 -0.727504092693D-02
 -0.153945980400D-02 -0.137435918683D-02  0.101725097748D-02 -0.826184827722D-03
  0.913088851523D-03  0.642905904920D-03 -0.277733700987D-02  0.548463289033D-02
  0.149566757589D-02  0.400069530969D+00 -0.194141315758D-02 -0.390041218310D-03
  0.888757528500D-04 -0.269748295312D-02  0.262632707992D-02  0.381787172288D-03
 -0.298777343118D-02 -0.194299084723D-02  0.597098930519D-02  0.186507383240D-02
  0.198452328617D-03  0.155962644402D-02  0.203479040589D-02 -0.750057780269D-04
  0.118008978644D-04  0.198368525241D-02  0.280908394604D-04 -0.913358711685D-03
  0.154793459421D-02 -0.640246665327D-04  0.988082679765D-04  0.185849571125D-03
  0.225903928596D-02  0.209686338976D-02  0.144686305874D-02 -0.231831433451D-03
 -0.510653377479D-03 -0.883178399505D-04 -0.437019373558D-03 -0.159820288330D-02
  0.480196636991D-03  0.206681707723D-03  0.555852934127D-03 -0.116000923079D-01
  0.349274075490D-02  0.398481289892D+00  0.104031014454D-01 -0.348854089561D-02
  0.516081082736D-02 -0.117401501276D-02 -0.421650174606D-02  0.149586080390D-03
  0.122228017915D-01 -0.258012195339D-02  0.786003204230D-03 -0.628887333195D-02
  0.273802655808D-03  0.110260280638D-02 -0.599849895504D-02 -0.857540760994D-04
  0.146987178629D-02 -0.608730249628D-02  0.263315119491D-03  0.295188920753D-02
 -0.555232803033D-02 -0.267991564199D-03  0.418139898917D-02  0.170490407315D-03
 -0.606923234464D-02 -0.618859100273D-02 -0.769481227232D-02 -0.257193859286D-02
 -0.193784022779D-02  0.115729034763D-02 -0.966315419423D-03  0.477557012332D-03
  0.231178016105D-02 -0.296007224748D-02  0.534927784532D-02  0.500191091809D-02
 -0.890554117984D-02  0.427256671950D-02  0.419820428672D+00  0.290873680764D-02
 -0.106553935346D-01  0.445015057420D-02 -0.174871581165D-02  0.218448775957D-02
  0.571687210023D-03  0.111151113011D-02 -0.165502302067D-02 -0.451886427528D-02
  0.684180622259D-03 -0.681754592776D-03  0.330624595314D-03  0.730351425160D-03
 -0.291739434716D-03 -0.242337965706D-02  0.894078258432D-03 -0.476456158373D-03
  0.723533032221D-02  0.749739841383D-03 -0.147496910206D-03  0.517058646670D-02
 -0.114572996709D-03  0.142759029715D-02  0.896725498918D-03 -0.520410433834D-03
  0.692063627978D-03  0.149327956266D-02 -0.752593357963D-03 -0.524894997635D-03
 -0.740476387822D-03  0.323005314125D-02  0.217173200815D-02 -0.132622378063D-01
  0.469170175920D-03  0.148827314700D-02  0.344452662155D-02  0.504725817955D-02
  0.422684020635D+00  0.165286940179D-02  0.139766528169D-01 -0.840856503831D-02
 -0.135012308173D-02  0.958663000709D-03 -0.134342094450D-02  0.477764616557D-02
  0.651808072736D-03  0.213868228800D-01  0.339499311963D-03  0.256089145958D-03
 -0.687186382084D-02  0.349250797750D-03  0.235210711882D-03  0.374729963636D-02
  0.212386241048D-03  0.348404496072D-03  0.398766804227D-02 -0.248459944747D-03
 -0.905252187233D-03  0.229005622267D-01  0.294136121276D-03 -0.395845545773D-04
 -0.378945149704D-03  0.123120284473D-02 -0.144159599480D-02 -0.293084254935D-02
  0.853978132500D-03  0.300959712465D-03  0.190053224458D-02 -0.117488808402D-01
  0.377515024338D-03  0.191440648630D-01 -0.157718826758D-01  0.256771116426D-03
 -0.235967391020D-02 -0.441706527194D-02 -0.322476281057D-01  0.137319370758D+00
  0.299915212730D-02 -0.507189061520D-02  0.113036462294D-01  0.666764941334D-03
  0.319486490868D-02  0.751217415566D-03  0.238965824077D-02  0.329081978075D-02
 -0.154457264660D-01  0.146604479581D-02  0.928054079919D-03  0.256300551666D-02
  0.134751866288D-02  0.343411821418D-03 -0.485993355003D-03  0.134928802450D-02
  0.249084711880D-03  0.501150385436D-02  0.147758524655D-02  0.599696500279D-03
  0.907527621217D-03 -0.105835830352D-02  0.119159582622D-02  0.161821728387D-02
  0.118359130302D-02  0.122598513972D-02  0.497258890933D-03  0.110580541935D-02
  0.509247456907D-03  0.116681174189D-02  0.125553860396D-01  0.223285599668D-04
 -0.658402837492D-02  0.156263371734D-01  0.133280988078D-02 -0.208005828926D-02
  0.460009243465D-02  0.166068586576D-01 -0.384436640274D-01  0.324615120698D-01
  0.707714465324D-02 -0.174387545170D-02  0.145867403802D-02  0.109732911060D-02
 -0.161469314099D-02  0.824560878200D-03  0.813000160159D-02 -0.979055217962D-03
  0.200681478814D-03 -0.371492690177D-02  0.460641139863D-03  0.237856644599D-02
 -0.346019214127D-02 -0.116063915890D-03 -0.157531511719D-02 -0.363360126310D-02
  0.304573301333D-03 -0.102463752027D-02 -0.277576975915D-02  0.549238922858D-03
 -0.334540344458D-02  0.390072863834D-03 -0.370670792594D-02 -0.386655106340D-02
 -0.450201357417D-02 -0.204737390889D-02 -0.182494406995D-02  0.559541564249D-03
 -0.798662733536D-03 -0.144857251219D-02  0.337104863304D-02 -0.360748402870D-02
  0.986548997506D-03  0.229060652167D-02 -0.504777433369D-02  0.285924325944D-02
 -0.493288056599D-02  0.875556232452D-02 -0.121939722460D-01  0.572737128243D-02
  0.569970190007D+00 -0.434812316046D-02 -0.562930292754D-02 -0.164061168755D-02
 -0.372009946491D-02  0.654642313786D-02  0.128234896286D-02 -0.499529745266D-02
 -0.212344176729D-02  0.334913244755D-04  0.446067208954D-02 -0.241226154701D-02
 -0.206054396394D-02  0.439939306310D-02 -0.613282381153D-03 -0.104040014325D-02
  0.461765814452D-02 -0.111463502025D-02  0.262663833014D-02  0.342763749536D-02
 -0.143562927148D-02  0.522155660523D-02  0.438983275418D-03  0.479923273271D-02
  0.388750720992D-02  0.446194177295D-02  0.231073705881D-02  0.330387280135D-02
 -0.297278659549D-02 -0.150448686218D-03  0.829872409611D-05 -0.733409884886D-02
  0.966926184474D-02 -0.411824537104D-02 -0.363888994013D-02  0.696744088033D-02
  0.141048009772D-02  0.965510847036D-02 -0.406184038338D-02  0.347077293480D-03
  0.110310671105D-01  0.114324019955D-01  0.390092911453D+00  0.425038755864D-02
 -0.153811810916D-02  0.137266168793D-02  0.788353190432D-03 -0.255626517583D-02
  0.986618891991D-03  0.505080095515D-02 -0.123623621461D-02  0.132494337582D-02
 -0.348523545843D-02  0.657144618260D-03  0.276643374713D-02 -0.325277676378D-02
  0.161313290444D-04 -0.110222635707D-02 -0.336839520942D-02  0.312888206794D-03
 -0.147549564765D-02 -0.294007179416D-02  0.262568082265D-03 -0.255791953189D-02
 -0.218087263157D-03 -0.336779811001D-02 -0.342387575885D-02 -0.425448466330D-02
 -0.110660905203D-02 -0.159753845820D-02  0.120477462739D-02 -0.588502281937D-03
  0.199446152855D-03  0.301870487912D-02 -0.287777659632D-02  0.257267732850D-02
 -0.429571452917D-03 -0.451445950290D-02  0.247917066732D-02 -0.467648460209D-02
  0.538756605643D-02 -0.539528399294D-02  0.555592491786D-03 -0.304538183215D-02
  0.108316351888D-01  0.549054242909D+00  0.146291333201D-02 -0.711055569260D-02
 -0.445089852143D-02 -0.805319531704D-03  0.186728057166D-02 -0.580880323405D-03
  0.665480371153D-03 -0.157591698736D-02 -0.240535128789D-02  0.205986248330D-03
 -0.262463099142D-02 -0.398359240764D-03  0.229321855564D-03 -0.101803543244D-02
 -0.206618842114D-02  0.292399411938D-03 -0.972701839714D-03  0.112252125319D-02
  0.115588894767D-02  0.221285414752D-03 -0.451605236824D-02  0.270236423766D-02
  0.456762239405D-03 -0.749007389194D-03  0.287438526882D-03 -0.197078534570D-02
  0.189169414636D-02 -0.479485245769D-02 -0.971761319326D-03 -0.651866455937D-02
 -0.617024426440D-02  0.124306411100D-02 -0.151677119873D-01  0.296765199634D-02
  0.119051137137D-02  0.310220908529D-02  0.401364483280D-02  0.145273995696D-01
 -0.252450954380D-01  0.254642591506D-01  0.465655853677D-02 -0.174960390669D-01
  0.714103410723D-02  0.401322156332D+00 -0.702343349676D-02 -0.686029868404D-02
  0.946177618060D-02 -0.616312353905D-02 -0.278473451124D-02  0.213080965172D-02
 -0.994638279635D-02 -0.366343175175D-02 -0.981208388520D-02 -0.781238698795D-03
 -0.171354846400D-03  0.303179462080D-01 -0.561697268402D-03 -0.332452375164D-03
 -0.424873823519D-02 -0.553778607540D-03 -0.346233126468D-03 -0.160132188271D-02
 -0.121440086351D-02  0.105119840145D-02 -0.664954601998D-02  0.541024197009D-03
 -0.400494101454D-03 -0.303226101248D-03 -0.750620316574D-03  0.807224647188D-03
  0.199601668876D-02 -0.192571206319D-02 -0.589023671035D-03 -0.408147465027D-02
  0.763250301197D-02 -0.146039011726D-02 -0.574904427375D-02  0.358390549448D-02
  0.141815569174D-02  0.619071642143D-02  0.490098614958D-02  0.146886819702D-01
 -0.512021055757D-01  0.220977144514D-01  0.575777495321D-02 -0.197779228003D-02
  0.406509962074D-02  0.738829671988D-02  0.136768537124D+00  0.204561567290D-02
 -0.851935963449D-02  0.425437290349D-02 -0.111160639651D-02 -0.262036396913D-02
  0.877345940007D-03  0.237351527238D-02 -0.218592848013D-02 -0.126382821438D-02
 -0.404395396010D-02 -0.323300632497D-03  0.208976135835D-03 -0.376601068218D-02
 -0.310119807665D-03 -0.938034394489D-03 -0.375975926997D-02 -0.133740775621D-03
  0.244967441130D-02 -0.353358159782D-02 -0.331389376290D-03  0.102752291677D-02
  0.100256227470D-03 -0.346466014266D-02 -0.414196950067D-02 -0.542157969961D-02
 -0.125955093006D-02 -0.637073418551D-03  0.141463034564D-03 -0.942154230065D-03
 -0.303690846521D-03  0.346534871117D-02 -0.130205516521D-02 -0.425297277299D-02
  0.129865505377D-03 -0.406907528987D-02  0.437978819246D-02 -0.118673386443D-02
  0.164430944466D-01 -0.202483206170D-01  0.124076489184D-01  0.222101959039D-02
  0.539857853440D-02  0.438442974872D-03  0.103493436054D-01  0.845800628967D-02
  0.598266467944D+00 -0.362768770482D-02 -0.491783477631D-02  0.196469474538D-02
 -0.111630290621D-02 -0.422614448782D-02  0.227612896576D-02 -0.254125387592D-02
 -0.175207343497D-02  0.152999142779D-03 -0.386654437544D-02 -0.400321872375D-03
 -0.101722626101D-02 -0.365354378032D-02 -0.235427065169D-03 -0.155748222954D-03
 -0.365777479874D-02 -0.221042978133D-03 -0.253429296824D-03 -0.391575877185D-02
 -0.337595463844D-03  0.515924297412D-03 -0.235473076234D-03 -0.358415290754D-02
 -0.410684937072D-02 -0.456437281734D-02  0.141091194619D-03 -0.249742236887D-04
 -0.977888968385D-05 -0.581944126121D-03  0.930792101255D-03  0.676942978780D-04
 -0.354516056449D-04  0.231851025290D-02 -0.147876655951D-02 -0.373820490040D-02
  0.230115684690D-02 -0.194087203671D-02  0.334730590912D-02 -0.235933334881D-02
  0.465114920942D-02  0.105363812578D-03  0.138688197164D-02 -0.636010941771D-03
  0.222708621365D-03 -0.467294040646D-03 -0.700747841510D-03  0.614210543326D+00
 -0.350892384872D-02 -0.188773370466D-02  0.127223446296D-02  0.256899108245D-03
 -0.520426378836D-02  0.167183026059D-02 -0.197374264599D-02 -0.473830275948D-03
 -0.331462586001D-03 -0.433946656600D-02 -0.235430803542D-06 -0.643339033152D-03
 -0.416288578971D-02 -0.107938249663D-03 -0.180726093163D-03 -0.423537822432D-02
  0.278111566685D-04 -0.241887380740D-02 -0.412809513824D-02 -0.739514799720D-05
 -0.201672294214D-02 -0.130357008153D-03 -0.434663251166D-02 -0.464274487742D-02
 -0.464203063010D-02 -0.512089452000D-03 -0.750676358273D-03  0.317429307050D-03
 -0.387264884405D-03  0.667688672815D-03  0.950707939333D-03 -0.206467065274D-02
  0.416678553753D-02  0.107305402811D-02 -0.474235003681D-02  0.793803572636D-03
 -0.385831431146D-02  0.127516265519D-02  0.166659384132D-02  0.167564300128D-02
 -0.321321401803D-02  0.550617047666D-02 -0.309735789235D-02 -0.520463105810D-03
 -0.300365241634D-02 -0.398954540872D-02 -0.426659261367D-02  0.603780851386D+00
 -0.550488935454D-02 -0.176595925340D-02  0.170134815174D-02 -0.216668301978D-03
 -0.618071762321D-02  0.203778576846D-02 -0.388610359346D-02 -0.591825621580D-03
 -0.834777558122D-04 -0.458568137625D-02  0.200439915075D-04 -0.170635112054D-02
 -0.441574377167D-02 -0.724679758045D-04  0.619817501472D-03 -0.447460228098D-02
  0.184701660380D-05 -0.188432090577D-02 -0.457531053583D-02 -0.762494263408D-04
 -0.722790338987D-03 -0.332857587860D-03 -0.457378196511D-02 -0.481731385683D-02
 -0.487234212337D-02 -0.110146366624D-03 -0.556343653645D-03  0.425230648287D-03
 -0.327427611586D-03  0.120251107713D-02  0.633005925670D-03 -0.185265011166D-02
  0.568207004252D-02  0.231632700221D-03 -0.494803958572D-02  0.628203495106D-03
 -0.410540264318D-02 -0.918624207778D-03  0.479465701723D-02  0.390746621483D-04
 -0.338544463929D-02  0.473937542397D-02 -0.346838143080D-02 -0.983832176428D-03
 -0.456687878873D-02 -0.576878217575D-02 -0.526532492150D-02 -0.561689601001D-02
  0.598665102125D+00 -0.330202756449D-02 -0.212951852887D-02  0.221481813307D-02
 -0.339858228496D-03 -0.487480543688D-02  0.199668671090D-02 -0.159685205407D-02
 -0.544475435724D-03 -0.642686240656D-03 -0.423856323340D-02 -0.618528416744D-04
 -0.139035666597D-02 -0.406553471764D-02 -0.103812995338D-03  0.543801591828D-03
 -0.413138830371D-02 -0.171373836238D-04 -0.150766375774D-02 -0.418654591924D-02
 -0.102394316505D-03 -0.238133012202D-03 -0.200527033694D-03 -0.427458673939D-02
 -0.456512608207D-02 -0.457620806196D-02 -0.285402152625D-03 -0.583248629991D-03
  0.263978370207D-03 -0.371432488899D-03  0.947513742459D-03  0.787603215935D-03
 -0.136103081210D-02  0.532732052855D-02  0.169325266126D-02 -0.469888343799D-02
  0.786357605156D-03 -0.365457389133D-02 -0.112490069850D-03  0.328334634276D-02
  0.168716742936D-02 -0.294884635357D-02  0.466463586173D-02 -0.297763786483D-02
 -0.132273973866D-02 -0.352385575046D-02 -0.437677138356D-02 -0.431593151256D-02
 -0.477812912649D-02 -0.519298816013D-02  0.608397263370D+00 -0.123376727182D-02
 -0.342148105484D-02  0.304160741623D-02 -0.140319836252D-02 -0.365981389361D-02
  0.138450834555D-02  0.782756159837D-04 -0.166878002209D-02  0.132399573173D-02
 -0.412535535795D-02 -0.284128926853D-04 -0.720955648951D-03 -0.386240097494D-02
 -0.155929810735D-03  0.122386576399D-02 -0.392742649327D-02  0.223568608430D-04
 -0.424292685184D-03 -0.400255411824D-02 -0.341741746457D-03  0.318117626460D-03
 -0.329457826521D-04 -0.388674720511D-02 -0.430668271215D-02 -0.493239988200D-02
 -0.989827430989D-03 -0.103640954876D-02  0.437833222440D-03 -0.662929173184D-03
  0.438210027072D-03  0.162337510473D-02 -0.141700582672D-02  0.431149837278D-02
 -0.141889206840D-02 -0.423225640898D-02  0.289267542555D-02 -0.274688751748D-02
  0.424477574645D-02 -0.203492654705D-02  0.322498160357D-02 -0.137130359817D-02
  0.602406063651D-02 -0.182442398593D-02  0.224238317909D-02  0.134759233348D-02
 -0.782196607700D-03 -0.279121043039D-02 -0.440396092829D-02 -0.511121665300D-02
 -0.405187932189D-02  0.585651425734D+00 -0.338446125323D-02 -0.367623499496D-03
  0.332649432718D-03  0.625774393786D-04 -0.319851365902D-02  0.108546752481D-02
 -0.324507687792D-02 -0.259216885436D-03 -0.635864354380D-04 -0.128531210789D-02
  0.220684409099D-03 -0.676821861536D-03 -0.129234669435D-02  0.106704338736D-03
 -0.162055874594D-03 -0.126051672902D-02 -0.980252308750D-05  0.777369848842D-04
 -0.154392191995D-02  0.552468494852D-04  0.110063496520D-02 -0.656047803248D-03
 -0.121831160770D-02 -0.106685895252D-02 -0.134430844913D-02  0.104380943739D-02
  0.355397208243D-03  0.575301290178D-03  0.104059179713D-03  0.151649451488D-02
 -0.147667604837D-03 -0.245070665420D-03  0.205172226825D-02 -0.109834877653D-02
 -0.159468249588D-02 -0.451606158945D-03 -0.193301350002D-02 -0.311727415847D-02
  0.428974013140D-02 -0.357898059300D-02 -0.108933992236D-02  0.212617335246D-03
 -0.163986913192D-02  0.190331589682D-02 -0.263038434064D-02 -0.345247811838D-02
 -0.242451287853D-02 -0.156608831297D-02 -0.172901216809D-02 -0.174289639189D-02
 -0.224044061872D-02  0.428456637819D+00 -0.216088377428D-02  0.272749811418D-02
  0.644538532089D-03  0.731136415044D-03 -0.233004230554D-02  0.459399891061D-03
 -0.149894793756D-02  0.128851252415D-02 -0.884939489175D-03 -0.816427458801D-03
  0.512518543768D-03 -0.127227739819D-02 -0.880256568488D-03  0.230266787614D-03
  0.856322828129D-03 -0.915319914956D-03  0.194299130159D-03 -0.654784227009D-03
 -0.973672335358D-03  0.253641069156D-03  0.107891820431D-02 -0.455604036694D-03
 -0.111821253966D-02 -0.777691183425D-03 -0.427749746670D-03  0.455084269570D-03
 -0.258149945773D-03  0.678011982743D-03  0.364553802658D-03  0.118123843263D-02
  0.557137282562D-03 -0.119616462291D-02  0.437754128993D-02  0.227467691353D-02
 -0.147540146475D-02 -0.217911941542D-02 -0.237985830548D-02 -0.604570994429D-02
  0.103388954380D-01 -0.628084600826D-02 -0.357152289588D-02  0.324749355337D-02
 -0.331099441803D-02  0.622361228786D-04 -0.594452273492D-02 -0.583569727266D-02
 -0.196439407592D-02 -0.116736656777D-02 -0.688362139121D-03 -0.769686744651D-03
 -0.241904861413D-02  0.168880352999D-03  0.432090294535D+00 -0.484302243395D-03
 -0.523223290041D-03 -0.521078368274D-03  0.219265972655D-03 -0.234319144971D-02
  0.381498093947D-03 -0.403133136416D-03 -0.731871007542D-03  0.870470629911D-03
 -0.153797069444D-02  0.800422619452D-04  0.812510445925D-03 -0.148022533524D-02
 -0.288466532084D-04 -0.527566714032D-03 -0.149274943120D-02  0.236679854166D-04
 -0.463694475147D-03 -0.138203031293D-02  0.143718666163D-03 -0.977502316301D-03
 -0.389547650001D-04 -0.143091155961D-02 -0.142958262770D-02 -0.171685050517D-02
 -0.160462617762D-03 -0.170667907811D-03  0.178989230107D-03 -0.194650378958D-03
 -0.200566954596D-04 -0.229572736615D-03 -0.117763755822D-02  0.369211052085D-03
 -0.125396476271D-02 -0.190089007849D-02  0.821341721234D-03 -0.224703278368D-02
  0.621152521691D-03 -0.814120264522D-03 -0.245181661376D-03 -0.136712337808D-02
  0.119208903326D-02 -0.117631825419D-02  0.345973023678D-03  0.768079672588D-03
 -0.133724743212D-02 -0.145281422636D-02 -0.174187166114D-02 -0.180052225850D-02
 -0.186856586001D-02 -0.165270168520D-02 -0.231972139332D-03 -0.511400291556D-03
  0.429691075728D+00  0.727971319702D-02  0.247004758591D-02 -0.151646859533D-01
  0.707433851807D-02 -0.505522915520D-03 -0.860458774170D-03  0.849102576795D-02
 -0.161915369896D-02  0.936536911140D-02 -0.100050279515D-02  0.108200319075D-03
 -0.200054532282D-01 -0.106851689838D-02  0.199608766809D-03  0.265052320813D-02
 -0.906584528740D-03  0.117293734579D-03 -0.216071626467D-01 -0.825918938848D-03
 -0.123556875630D-02 -0.321165522737D-01 -0.130845313027D-02 -0.806096831055D-03
 -0.639805060065D-03 -0.168017181743D-02  0.688421374277D-03 -0.530040115800D-03
  0.231466173096D-02  0.915727726677D-04  0.509101925601D-02 -0.806951825134D-02
  0.301922049114D-02  0.474587070011D-02 -0.538844355233D-02 -0.348168411321D-02
 -0.165952386587D-02 -0.780968416067D-02 -0.140472619621D-01  0.147375171958D-01
 -0.140812409756D-01 -0.267277468042D-02 -0.417071368873D-02 -0.141239399519D-02
 -0.512601901595D-02 -0.362750332332D-01 -0.758167105098D-02 -0.906257054075D-03
  0.254028722780D-02  0.300263796582D-02  0.169683924752D-02 -0.136229281491D-02
  0.126517721779D-02  0.354166678001D-02  0.406756463519D-04  0.655508077812D-01
  0.138186151499D-02  0.832673805209D-02 -0.670371991704D-02  0.861432820920D-03
 -0.455285438724D-03 -0.129466181616D-02  0.346843199133D-02  0.833172646304D-03
  0.122777651749D-01 -0.647543705257D-03 -0.122938521394D-03  0.152727461473D-01
 -0.659173207283D-03  0.469282605709D-05 -0.286989172331D-01 -0.715216630193D-03
  0.145782969377D-03 -0.111586719164D-01 -0.547326366402D-03 -0.443591422375D-03
  0.169724195739D-01 -0.301685547012D-04 -0.724722330817D-03 -0.108373219676D-02
 -0.116871603445D-03 -0.659885936902D-03 -0.157086563860D-02  0.662466192192D-03
  0.249862952980D-03  0.171702168690D-02 -0.714614394899D-02 -0.102663572257D-03
  0.728702895626D-02 -0.756018578787D-02 -0.805659644727D-03 -0.223333199864D-02
 -0.411984566232D-02 -0.177202940660D-01  0.538353261661D-01 -0.223346413391D-01
 -0.674071158882D-02 -0.268119668345D-03 -0.283392595170D-02 -0.148639355520D-01
 -0.299629269765D-01 -0.121721015533D-01 -0.186946186736D-02  0.743597530493D-03
  0.209452005796D-02  0.118443798383D-02 -0.290258428551D-02  0.304090053279D-02
  0.620935309289D-02 -0.112838181731D-03  0.388906473267D-02  0.753364501062D-01
  0.282889072476D-02  0.804342928929D-02  0.254158980945D-02 -0.313078509311D-02
  0.137103097995D-02 -0.232829080163D-02  0.508226329649D-02  0.325259885079D-02
  0.102388775148D-01 -0.286312823809D-04  0.165448118436D-03 -0.350907988627D-01
 -0.142842835833D-03  0.214067266653D-03  0.308058896993D-01 -0.310789275377D-03
  0.316329536729D-03  0.336674284098D-01 -0.735645916043D-04 -0.208586339648D-03
  0.377574310143D-01  0.126409327591D-02 -0.530358702282D-03 -0.703740746136D-03
  0.386170252987D-03 -0.326247412454D-02 -0.241749739726D-02 -0.436276309481D-03
  0.214325188055D-03 -0.178274704845D-02 -0.430798801449D-02 -0.241803353910D-02
  0.955902116628D-02 -0.398195479636D-02 -0.826765877391D-03 -0.308400780029D-02
 -0.195188615720D-02 -0.118599144910D-01  0.556152757495D-01 -0.172595008945D-01
 -0.922135374114D-02  0.240488676323D-02 -0.597882776417D-02 -0.134026156533D-01
 -0.497581994845D-01 -0.916010280442D-02 -0.825385336031D-03 -0.382324596061D-03
  0.241395070873D-02  0.154103392486D-02 -0.116820940841D-02  0.305812317755D-02
  0.626681604303D-02 -0.135437778435D-02  0.304764931011D-02  0.124860856445D-01
  0.952240232232D-01
$end
