$vibrational normal modes
 1  1   0.0391811515   0.1516394385  -0.0617932795   0.0064255725  -0.0080161242
 1  2  -0.1170155679   0.0270163128  -0.0315567444  -0.0019458621  -0.0461227063
 1  3   0.0226479895   0.0389247666  -0.1474598353   0.1353319825  -0.0481399582
 1  4   0.0681449487   0.0806200807  -0.0724480734  -0.0582577024   0.0940846456
 1  5   0.0423928646  -0.0186188880   0.0198680971  -0.1519610297   0.0481357802
 1  6  -0.0296101647  -0.0361879706   0.0235158623   0.0770079148  -0.0626905408
 1  7   0.0503681920  -0.0146608646  -0.0125466198   0.0042780705  -0.0023350609
 1  8  -0.0041725794  -0.0244149657   0.0616395561  -0.0491155644  -0.0130405062
 1  9   0.0511929033  -0.0607121330  -0.1103525972  -0.0861967115   0.2779094927
 1 10   0.0363997291  -0.0117364737   0.0002306112   0.0247038580  -0.1196539516
 1 11  -0.0547688167  -0.2999246733   0.0436162757  -0.0994967449  -0.0217072324
 1 12  -0.0000069740   0.0000167366  -0.0000385854  -0.0001482243   0.0000370108
 1 13   0.0007950138   0.0025803026   0.0000276149
 2  1  -0.1603419214  -0.0583215872  -0.0017723470   0.0345757030  -0.0091428740
 2  2  -0.1253892028   0.0347353532  -0.0433320613   0.0066270763  -0.0105849920
 2  3   0.0142592438   0.0084359595   0.0134074069   0.0100028206   0.0600237054
 2  4   0.0617487135   0.0019782043  -0.0260583123  -0.0427965913   0.0910969688
 2  5  -0.0181217459  -0.0473795952   0.0166685492   0.1301538783   0.0910392025
 2  6  -0.0191277583   0.0108384975  -0.0372097230   0.0160243330  -0.0554297316
 2  7   0.0250315138  -0.0198940655  -0.0027658338  -0.0003461433   0.0001309760
 2  8   0.0096255573   0.0602561996   0.2336204811   0.0634231529  -0.0123582945
 2  9  -0.1872743054   0.0160077701   0.0399046097   0.0242535996   0.0069959195
 2 10   0.1214238845  -0.0006866082   0.0001022291  -0.0072452360   0.0537756601
 2 11  -0.1904806942  -0.0909589749  -0.2178761816   0.0838145085  -0.0062192798
 2 12  -0.0000116244  -0.0000047116   0.0000003215   0.0003674659  -0.0004077196
 2 13  -0.0003245703  -0.0016394036  -0.0005696730
 3  1   0.0719992317  -0.1118065306  -0.1494846359   0.0932898529  -0.0295799419
 3  2  -0.0213174684  -0.0168944522  -0.0321600687   0.0330907500  -0.0277279157
 3  3   0.0413818469   0.1949277284   0.1022318664   0.2600063514   0.0079050312
 3  4  -0.0221942098   0.2019653237  -0.1717561859  -0.0089014758  -0.0433953785
 3  5  -0.0163867874   0.0205363685   0.0392367533  -0.0499570869   0.1584097093
 3  6   0.1115344106   0.0576667691   0.0577966888   0.1970237493   0.0283379263
 3  7   0.0450111152   0.0796458032  -0.0282733820   0.0133211599  -0.0014233575
 3  8   0.0028227150   0.0050571390  -0.0444025485   0.0143850896   0.0060448753
 3  9  -0.0050952677   0.0270783749   0.0413358714   0.0311606878  -0.1096125733
 3 10  -0.0238541093   0.0043431512  -0.0000576952  -0.0089469842   0.0422302681
 3 11   0.0371908445   0.1256509734   0.0019966931   0.0333314738   0.0116394414
 3 12   0.0000027800   0.0000018172   0.0000230814   0.0000320729   0.0000245077
 3 13  -0.0002847016  -0.0008549432   0.0000439974
 4  1  -0.0106342594   0.1544419278  -0.0845312678  -0.0569902321  -0.0366393871
 4  2  -0.1129337162   0.0156029056  -0.0149546465   0.0021705852   0.0059746161
 4  3   0.0013906730   0.0241261681  -0.0855908287   0.0682157194   0.0073260521
 4  4   0.0109571046   0.0666371069   0.0400461327   0.0407726196   0.1600753272
 4  5  -0.0503055224  -0.0221718075   0.0274332156   0.0026279103   0.0171793659
 4  6  -0.1445838146  -0.0006255679  -0.1319203673  -0.0046362301   0.0010637733
 4  7  -0.0333342217   0.0109270138  -0.0055089298  -0.0087836747   0.0434306748
 4  8  -0.0135890122   0.0256268807   0.0731018846  -0.0386058397   0.0007613714
 4  9  -0.0461085185  -0.1639177750  -0.2389456716   0.0297742858  -0.1208638066
 4 10   0.0109437027   0.0030822500   0.0001644587  -0.0129105553   0.0597762144
 4 11   0.1725196910   0.2025614291  -0.0123504361   0.0617307262   0.0403166161
 4 12   0.0000960991   0.0000429532   0.0002220820   0.0005109444   0.0010229858
 4 13  -0.0014831487   0.0006707998   0.0000503633
 5  1  -0.0922612400  -0.0758282901   0.0522135439   0.0332658257   0.0049678409
 5  2  -0.1604178380   0.0593418574  -0.0855912536  -0.0010891518  -0.0142818461
 5  3   0.0126593464  -0.0071619593  -0.0874173897   0.0207135467  -0.0063272852
 5  4   0.0194845956  -0.0728175253  -0.0859783170  -0.0241281868   0.1262830289
 5  5   0.1337885350  -0.0454853703   0.0222529841   0.0959305165  -0.0477270663
 5  6   0.0470282729   0.0486275554  -0.0609639729   0.0004458831  -0.0236687684
 5  7   0.0086338624  -0.0592363468  -0.0069759987  -0.0031610155  -0.0069351118
 5  8   0.0055649392   0.0260805142   0.0214383525  -0.0209867499  -0.0174588249
 5  9  -0.0418690758   0.0757574512   0.0729796801  -0.1559823710  -0.2249559080
 5 10  -0.0234264808   0.0058465987   0.0003324156   0.0207844491  -0.1231195600
 5 11   0.0117021315   0.1487593308   0.3286930533  -0.0365813266  -0.0035783954
 5 12  -0.0001263372   0.0000695545  -0.0001116480  -0.0009319406  -0.0017629131
 5 13   0.0037070652   0.0000422674   0.0000945428
 6  1   0.0931624601  -0.1385279199  -0.0970561911  -0.0440006915  -0.0641024572
 6  2  -0.0780274043   0.0027723175  -0.0687843338   0.0270588301   0.0767398326
 6  3  -0.0056910456   0.1273354044   0.0713762417   0.1456437959  -0.0138420729
 6  4  -0.0171430170   0.0131329403  -0.0719279828   0.2958145020   0.0409399419
 6  5   0.0323394415   0.0304058289   0.0580697800   0.0545971091  -0.1708804063
 6  6  -0.1613107108  -0.0627994764  -0.1085874020  -0.0156234783   0.1065574401
 6  7  -0.0739463226  -0.1336446404  -0.0314409566  -0.0227626918   0.0106585423
 6  8  -0.0060015678  -0.0143011852  -0.0383559334   0.0178133862   0.0027681706
 6  9   0.0237482168   0.0610385843   0.0782433068   0.0087922913   0.0783609588
 6 10  -0.0001238615  -0.0040694841  -0.0006290003   0.0024105851  -0.0079396207
 6 11  -0.0648315692  -0.0917878944  -0.0327020268  -0.0193658378  -0.0399112598
 6 12   0.0000868512  -0.0000612687  -0.0000206297  -0.0000946118  -0.0001882988
 6 13   0.0001831231  -0.0002509656  -0.0000276347
 7  1  -0.0853360619   0.1517607842  -0.1500506087  -0.1141209197  -0.0331349436
 7  2  -0.1009895710  -0.0263796360   0.0548978668  -0.0066119439   0.0481097386
 7  3  -0.0293043372  -0.0720349127   0.0803405276   0.1191864819  -0.0741555525
 7  4   0.0245053714  -0.0042469374   0.1158280597   0.0365587541   0.0097195287
 7  5   0.1296079664  -0.0386712448  -0.0095596368   0.1504177529   0.0738953050
 7  6   0.0572094916   0.0771147678  -0.0626337342  -0.0165436139  -0.0474983722
 7  7   0.0652465582  -0.0008583792   0.0332547670  -0.0089931900  -0.0087503888
 7  8  -0.0172566850  -0.1539463634  -0.1174584219   0.0584143245   0.0113694857
 7  9   0.0157059309  -0.0233459805  -0.0475348419   0.0585434498  -0.1400629305
 7 10  -0.0774798757  -0.0012422926  -0.0004203600  -0.0065970350   0.0482725946
 7 11  -0.0989718797  -0.2134567934   0.1477051364  -0.0294008024  -0.0236900134
 7 12   0.0000138326  -0.0000112406  -0.0001035164   0.0178940358   0.0318048744
 7 13  -0.0523427647   0.0052581893   0.0000483122
 8  1  -0.1025024218  -0.0783737376   0.0421026095   0.0205707299   0.0080291139
 8  2  -0.1611739545   0.0525354009  -0.0752825804  -0.0025427257  -0.0041479080
 8  3   0.0064690116  -0.0287202041  -0.0717273506   0.0246606422  -0.0113593913
 8  4   0.0181108171  -0.1208820661  -0.0938470460  -0.0622531623   0.1423418158
 8  5   0.1513201629  -0.0668910210   0.0156814718   0.0790756781  -0.0725436511
 8  6   0.1322968437   0.0967103980  -0.0475001398  -0.0021115406   0.0145486782
 8  7  -0.0008109090   0.0485110926   0.0113096296  -0.0011604509  -0.0137528607
 8  8  -0.0027711913  -0.0273234406  -0.1535162342  -0.0159555155   0.0258409003
 8  9   0.0678394212   0.0014591994   0.0474644417  -0.0011644841   0.2056050878
 8 10   0.0426303923   0.0027651777  -0.0000044318  -0.0175487106   0.0783854003
 8 11   0.1492638614   0.0288285978  -0.3079557362   0.0247690033   0.0165256399
 8 12   0.0000105596   0.0000098725   0.0000039650   0.0174523316   0.0277827213
 8 13  -0.0403980100   0.0036462225  -0.0000388291
 9  1   0.1359185167  -0.1989199900  -0.0916472416  -0.1495726499   0.0072761968
 9  2  -0.1529239583  -0.0200317860  -0.0439818321  -0.0118966392   0.1488094815
 9  3  -0.0709045696  -0.1152113783   0.0052697872   0.2410115418   0.0214589200
 9  4   0.0062453214  -0.1688177970   0.1584110392   0.0450125242   0.0146889778
 9  5  -0.0533119489  -0.0330078702  -0.0548154933  -0.1368886245   0.1030600400
 9  6   0.0166042459   0.0045498887   0.0711848031  -0.0469881374   0.0713961526
 9  7   0.0997031636   0.0542335727   0.0839274898  -0.0260431931  -0.0016777905
 9  8   0.0087355309   0.0641886085   0.0589091968  -0.0216061173  -0.0068893436
 9  9  -0.0123680072   0.0128501012   0.0158079158  -0.0235534661   0.0335471106
 9 10   0.0255170381   0.0001116605   0.0001868245   0.0043228511  -0.0268018159
 9 11   0.0241440649   0.0814803449  -0.0274178489   0.0084058091   0.0103278542
 9 12  -0.0000163707   0.0000041537   0.0000300271  -0.0086063230  -0.0150364772
 9 13   0.0242161308  -0.0024049365  -0.0000199745
10  1  -0.1116937282   0.1461470573  -0.1944751842  -0.1085347372  -0.0004169438
10  2  -0.0928266535  -0.0609807628   0.1102118450  -0.0155486086   0.0151478596
10  3  -0.0249050297  -0.1137334513   0.1180147963  -0.0018622330  -0.1031351124
10  4  -0.0353911340   0.1123149018  -0.0016292748  -0.0091948894  -0.1119376491
10  5   0.0832056672   0.0397305877   0.0183950401   0.1285950489  -0.0168127703
10  6  -0.0213382858   0.0289725097   0.0056095614  -0.0347924385  -0.0195749535
10  7   0.0289540968  -0.0301891438  -0.0331987712   0.0327420650  -0.0104107969
10  8  -0.0001142051  -0.0076963524   0.0437405095  -0.0568409477   0.0439089023
10  9   0.0070258070   0.0069194974   0.0475257786   0.0246993749   0.1958738443
10 10   0.0737486634  -0.0042672128   0.0006879980   0.0257386365  -0.1362127482
10 11  -0.0539054307   0.3734906810  -0.0466648098   0.0251253060   0.0186883672
10 12  -0.0000064042   0.0000037747  -0.0000031084   0.0106157369   0.0004689589
10 13   0.0091331970  -0.0003950403  -0.0000224027
11  1  -0.1814233278  -0.0631595433  -0.0224312373   0.0094432259  -0.0032434805
11  2  -0.1264781575   0.0199718096  -0.0154336542   0.0038292264   0.0032200470
11  3   0.0050335177  -0.0329499540   0.0545743349  -0.0089582080  -0.0522896991
11  4  -0.1064012483  -0.1227746840  -0.1493668195  -0.0441743948   0.0196633060
11  5  -0.0313244869   0.0068666344   0.0031376160  -0.1657223947  -0.1283451765
11  6   0.0475185851  -0.0098040910   0.0893075562  -0.0086890068   0.1575082404
11  7  -0.0729888358   0.1638720907   0.0029947516   0.0099316400   0.0420893471
11  8  -0.0269236959  -0.1448259123   0.1348382410  -0.0225101687   0.0111450382
11  9  -0.0176826050  -0.0412249086  -0.0703150468   0.0539891972   0.0186153418
11 10   0.0020006427  -0.0043047565  -0.0003976918  -0.0046697036   0.0393376520
11 11  -0.1023993753   0.0627820974   0.1553070566  -0.0000358323   0.0012995824
11 12  -0.0000014553   0.0000102021   0.0001578445  -0.0661167917  -0.0289816822
11 13  -0.0466519470   0.0098051217  -0.0000086344
12  1   0.1583924189  -0.2338439087  -0.1386923665  -0.1197952665   0.1148407505
12  2  -0.1725998562  -0.0782094544   0.0373984946  -0.0472871565   0.0433909575
12  3  -0.0572053836  -0.2288320863  -0.0646895503  -0.0637450185   0.0502515625
12  4   0.0233072065   0.1372373547  -0.1327502607  -0.1745772533  -0.0341394542
12  5  -0.0493428672   0.0397885529   0.0545549949   0.0295618477  -0.1019314544
12  6  -0.1095341868   0.0420441005   0.0217623373  -0.0876079573  -0.0034226591
12  7   0.0304430836   0.0466810179  -0.0759839400   0.0857598960  -0.0026489512
12  8   0.0028163066   0.0177645935  -0.0279230103   0.0239601543  -0.0185444445
12  9  -0.0011853514   0.0012186016  -0.0116222954  -0.0150604661  -0.0796759849
12 10  -0.0294294656   0.0022100710  -0.0002266185  -0.0096753039   0.0497822459
12 11   0.0310629612  -0.1533052576   0.0033956425  -0.0100628238  -0.0066504756
12 12  -0.0000045117  -0.0000062933  -0.0000150732   0.0021148198   0.0025789016
12 13   0.0008852403  -0.0007801582   0.0000099124
13  1  -0.0631213734   0.1431933051  -0.1733142727  -0.0454813998   0.0289839239
13  2  -0.0966195348  -0.0491111118   0.0963631780  -0.0185164887  -0.0680696368
13  3   0.0129451790  -0.0377540483   0.0220214244  -0.0496920159  -0.1240475625
13  4  -0.0270008720   0.0188971553   0.0079072275   0.1166934645   0.0016644601
13  5   0.2144653681  -0.0127794221  -0.0134461835  -0.0379930688  -0.0499214055
13  6   0.0932075845  -0.0077215781   0.1321776217  -0.0105940881   0.0965774193
13  7  -0.0633813717   0.0541379354  -0.0176408709  -0.0356206860   0.0078201005
13  8   0.0238612901   0.1968913485   0.0375610716   0.0232954157  -0.0214934924
13  9  -0.0463084779   0.0133748427   0.0121144255   0.0188793211  -0.0895957685
13 10   0.0142207085   0.0025894689   0.0001428842   0.0001702852  -0.0087235859
13 11   0.1045326213  -0.1973087638  -0.0186037695  -0.0149791682  -0.0069812669
13 12  -0.0000110578  -0.0000085371  -0.0000086684  -0.0375323987   0.0582642916
13 13   0.0211134657  -0.0250009104  -0.0000292142
14  1  -0.2500765145  -0.0452707528  -0.0767808590   0.0113487904  -0.0177079511
14  2  -0.0908817018  -0.0041725152   0.0289758150   0.0115274428  -0.0014973085
14  3   0.0105591416  -0.0041937992   0.1582366509  -0.0354417426  -0.0274678812
14  4  -0.1399762379  -0.0906819431  -0.0851039578   0.0191808305  -0.0205670373
14  5  -0.1900719477   0.0173763777  -0.0131652769  -0.0748192535   0.0544262692
14  6  -0.0450133832   0.0113137053  -0.0402528988  -0.0020766949  -0.0557052417
14  7   0.0124831822  -0.0260949222  -0.0058848930  -0.0084947873   0.0020575850
14  8  -0.0024666502  -0.0203515502  -0.0120535111  -0.0499765106  -0.0581165703
14  9   0.0530002982   0.0087437301  -0.0039564700   0.0046090892  -0.2126093558
14 10  -0.0927720189   0.0023156631   0.0005499481   0.0283456588  -0.1672056043
14 11   0.0519263766  -0.1317309928  -0.3201438983  -0.0147800058  -0.0040661631
14 12   0.0000018896   0.0000033981  -0.0000128805   0.0181806625  -0.0230779702
14 13  -0.0060204890   0.0137511505   0.0000201704
15  1   0.1379801081  -0.2081876771  -0.1910964371   0.0157618430   0.1507160349
15  2  -0.1171774399  -0.0977627044   0.0863959744  -0.0397434676  -0.1394892295
15  3   0.0318137462  -0.0183869607  -0.0606273359  -0.2171237257   0.0477456397
15  4   0.0026658854  -0.0130083560  -0.0088506875   0.2085255089   0.1095644298
15  5  -0.0394234603  -0.0542733063  -0.0391259179  -0.0628578850   0.1557749420
15  6   0.0254393455   0.0578816083   0.0307198958  -0.0256816630  -0.1089535373
15  7  -0.0319623394  -0.0134356882  -0.0475615473  -0.0899783249   0.0005365107
15  8  -0.0100897441  -0.0766405153  -0.0141722400  -0.0044744483   0.0141603068
15  9   0.0134738107  -0.0068679259  -0.0046515460  -0.0078620584   0.0562312190
15 10   0.0033256484  -0.0012250477  -0.0001379407  -0.0028093476   0.0194535158
15 11  -0.0462774109   0.0905796940   0.0379231404   0.0072158581   0.0027374039
15 12   0.0000015618   0.0000033512   0.0000062130   0.0131286360  -0.0208712840
15 13  -0.0077848947   0.0085838965   0.0000102149
16  1   0.0115789977   0.1459312691  -0.1075365829   0.0113345248   0.0250959741
16  2  -0.1086115608  -0.0008037737   0.0224319088  -0.0107751004  -0.0906041118
16  3   0.0342344409   0.0397737049  -0.1200237789   0.0832769376  -0.0762932640
16  4   0.0227527791  -0.0529182724   0.0549502311  -0.1075829538   0.0741028605
16  5   0.0722316012  -0.0038901356   0.0121363421  -0.2185892169  -0.1143269625
16  6  -0.1241142832  -0.1059824290   0.0801666446  -0.0088463582  -0.0966505436
16  7   0.0130698449  -0.1210780920   0.0350322632   0.0167870028  -0.0335584819
16  8   0.0068917556  -0.0104905925  -0.1013876191   0.0319693840  -0.0127398700
16  9   0.0123445232   0.0512074865   0.0924779548  -0.0012985245  -0.1234703379
16 10  -0.0723469822   0.0057365234  -0.0005568940  -0.0168881931   0.0874949593
16 11  -0.1068789177   0.1853327118  -0.1436860689   0.0329530439   0.0043059116
16 12  -0.0000031307   0.0000020487  -0.0000342946   0.0072069536  -0.0160396843
16 13  -0.0130059592  -0.0584571762   0.0000131688
17  1  -0.2393322882  -0.0429393618  -0.0663035717   0.0238233590  -0.0205801789
17  2  -0.0904829539   0.0045641121   0.0151392602   0.0142992471  -0.0052332865
17  3   0.0152972117   0.0157019249   0.1244963031  -0.0055355964  -0.0108503585
17  4  -0.1088215750  -0.0863502282  -0.0515494842  -0.0307407070  -0.0074702068
17  5  -0.1816763387   0.0162797630  -0.0054926219  -0.0804805469   0.0387904789
17  6  -0.0874165900  -0.0208595251  -0.0320470399  -0.0023448707  -0.0956546688
17  7   0.0339371060  -0.0825431310   0.0047872829   0.0034438592  -0.0298767372
17  8   0.0163722848   0.0861596474  -0.1376931313   0.1068227762   0.0352806274
17  9  -0.0258103533   0.0054744726   0.0300453136   0.0432783191   0.1731155641
17 10   0.0997737611  -0.0019113693   0.0001550563  -0.0060328980   0.0350926912
17 11   0.1249969467  -0.0510510964   0.3179137654  -0.0032046094  -0.0026944076
17 12  -0.0000033707   0.0000079196  -0.0000232845   0.0044753621  -0.0102831140
17 13  -0.0096195688  -0.0513816973  -0.0001615807
18  1   0.0951755011  -0.1477097008  -0.1962396590   0.1209889993   0.0788746093
18  2  -0.0423031525  -0.0587121032   0.0451467609   0.0006854033  -0.1561964664
18  3   0.0732429670   0.1915897334   0.0463438652   0.1182584287   0.0206923888
18  4   0.0145500239  -0.1361062537   0.1591328595  -0.1310609111  -0.1080327710
18  5  -0.0337652074   0.0403386621   0.0257702372   0.1667657458  -0.0875720455
18  6  -0.0442872775   0.0887230731   0.0109629292  -0.0213217945  -0.0140141068
18  7  -0.0984114651  -0.0228835606   0.1066933796   0.0441035538   0.0131521562
18  8  -0.0030732037  -0.0037706820   0.0528378733  -0.0229786063   0.0014309551
18  9  -0.0024696722  -0.0196128428  -0.0389168074  -0.0036676773   0.0324850784
18 10   0.0192817987  -0.0021008690   0.0002324705   0.0073438770  -0.0381474807
18 11   0.0304339637  -0.0686017836   0.0272157574  -0.0126012570  -0.0003238716
18 12   0.0000045737   0.0000004372   0.0000082937  -0.0032663391   0.0072657185
18 13   0.0060205215   0.0278015822   0.0000078424
19  1   0.1191637595   0.1547326931   0.0093737407   0.0663673465  -0.0132694721
19  2  -0.1299923502   0.0519698312  -0.0881503812  -0.0099887364  -0.0520686310
19  3   0.0143447031  -0.0630983650   0.0120733674   0.0535013803  -0.0391436059
19  4   0.1594956662  -0.0275997002  -0.1218135322   0.0207322058  -0.0996789043
19  5  -0.0818813602   0.0082697027  -0.0294699764  -0.0071113179   0.0291734482
19  6   0.0860528438  -0.0103936374  -0.0697570409  -0.1247048981  -0.0194962192
19  7  -0.0156400627  -0.0305325162   0.0084284989   0.0000069635  -0.0012418013
19  8   0.0063333993   0.0176628941   0.1374809787   0.0526416298   0.0149768298
19  9   0.0370390630   0.0294000549   0.0256131511   0.0177200621   0.0742989466
19 10  -0.1672346837  -0.0025570922   0.0009902948   0.0032675942  -0.0118704956
19 11   0.0358157735  -0.0189886801   0.0467552711   0.5363355156  -0.0007944900
19 12  -0.0000485583   0.0001211767   0.0000253069   0.0001271823  -0.0001415759
19 13  -0.0003001903  -0.0007979680   0.0000493347
20  1  -0.1500327740  -0.0565458727   0.0081034296   0.0453968681  -0.0114370814
20  2  -0.1255432601   0.0379568280  -0.0529164400   0.0059270166  -0.0105458448
20  3   0.0130036714  -0.0077849806   0.0369120343  -0.0127871731   0.1043714879
20  4   0.1313093495   0.0705682062   0.0571915269  -0.0162068858   0.0410796682
20  5   0.0164818495  -0.0333744058   0.0043780255   0.1310018694   0.0871362694
20  6  -0.0438276216  -0.0981168204   0.0865430329  -0.0244127669   0.0303308118
20  7  -0.0097499878  -0.0042330613   0.0014489058  -0.0003367170  -0.0027035279
20  8   0.0028945247   0.0107664609   0.1656273167   0.0671013176   0.0258656745
20  9   0.0762018773   0.0220334655   0.0209484755   0.0305359725   0.1002216392
20 10  -0.2402717642  -0.0055385926  -0.0019479132  -0.0040828069   0.0108019333
20 11   0.0684199833   0.0706558069   0.0052980491  -0.4072873808   0.0064209975
20 12   0.0000060970  -0.0001143602   0.0000282549  -0.0001672654  -0.0000444547
20 13   0.0001642279  -0.0002401075   0.0028357325
21  1   0.0262850283  -0.0473040274  -0.1563328823   0.2079864014  -0.1044016288
21  2   0.0591813324  -0.0215813115  -0.0336682278   0.0511889239   0.0168742405
21  3   0.0185381143  -0.0195230419   0.0076889675   0.0849828879   0.0058285189
21  4  -0.0767395328   0.1412178097  -0.0629465363  -0.0754124999   0.0177249500
21  5   0.0165624903  -0.0322823333  -0.0594158952  -0.0400764118   0.0692311344
21  6   0.1541471831  -0.1162071986  -0.0744629736  -0.3032092831  -0.0020077611
21  7  -0.0537545609  -0.0469371334   0.0212266978   0.0016702923   0.0014275861
21  8  -0.0039995004  -0.0077171581  -0.0675848535  -0.0259301038  -0.0076831884
21  9  -0.0201253861  -0.0165497626  -0.0122555964  -0.0090423226  -0.0398467596
21 10   0.0876593520   0.0018986729  -0.0003354799  -0.0011969139   0.0046851805
21 11  -0.0193576805   0.0036515736  -0.0194989516  -0.1924236571  -0.0033318660
21 12   0.0000205922  -0.0000406868  -0.0000246393  -0.0000388607   0.0000540382
21 13   0.0001105063   0.0003222601  -0.0002380184
22  1   0.0120086227   0.1606725656  -0.0399402145  -0.0695552507  -0.0742431198
22  2  -0.1211373236   0.0582052121  -0.0230870669   0.0018669793  -0.0032945506
22  3   0.0125996589   0.0320962985  -0.1671533740  -0.0448843007   0.0118274146
22  4  -0.1451754282   0.0917552842   0.1113935225  -0.0316472486   0.0652344058
22  5  -0.1682576359   0.0483473396  -0.0119921315   0.0082723154   0.0574163927
22  6  -0.0176105263   0.0464542271  -0.0580625551  -0.0025076200   0.0512918476
22  7  -0.0674514248   0.2434729069   0.0174073399   0.0047166359   0.0664832103
22  8  -0.0111174861   0.0102192520  -0.0627788481   0.0278270605  -0.0034130677
22  9   0.0082589447   0.1999306004   0.0798715126  -0.0214922351   0.0376623657
22 10  -0.0041708273  -0.0155040088  -0.0026335014   0.0045086016  -0.0144388882
22 11  -0.0295003530  -0.0069021609  -0.0011636598  -0.0155605609  -0.0342348755
22 12   0.0000317071  -0.0000784267   0.0001896312   0.0000038915  -0.0001888374
22 13   0.0003739233  -0.0001207177  -0.0000454313
23  1  -0.0114800725  -0.0941745171   0.1172028534   0.0377516344   0.0192822248
23  2  -0.1991581590   0.1134353680  -0.1257670708   0.0085442130  -0.0127745204
23  3   0.0322821254  -0.0003800610  -0.2348759480  -0.0158327770  -0.0755839492
23  4  -0.3249246143   0.0501466652   0.0556409931   0.0439280360  -0.1254362185
23  5   0.0735600326   0.1478410722  -0.0367900319   0.0635874146   0.0535927641
23  6   0.0022760062   0.0016477046   0.0398941981  -0.0015152238   0.0076573327
23  7   0.0311846818  -0.1270027163  -0.0083623440  -0.0022609228  -0.0342708271
23  8  -0.0210888575  -0.0095679411   0.0185740021  -0.0013820309   0.0053902426
23  9  -0.0016526161  -0.0868081497  -0.0238091936   0.0260281890  -0.0150532821
23 10  -0.0026042918   0.0065901265   0.0000163508  -0.0059095383   0.0160459572
23 11  -0.0017541410  -0.0149388887  -0.0143581391   0.0132624001   0.0142099992
23 12   0.0000197452   0.0000570646  -0.0001499667  -0.0000410417   0.0000846249
23 13  -0.0002612042   0.0000237572  -0.0000078302
24  1   0.0725822786  -0.1062709041  -0.0496469403  -0.0786668855  -0.1686804426
24  2  -0.0617179364   0.0596269035  -0.0636122247   0.0217737205   0.0487937765
24  3   0.0035099703   0.1488411357   0.0470424893  -0.1181792572  -0.0808933391
24  4   0.0388897823  -0.0096606211  -0.0125588895   0.0622707873  -0.0070545386
24  5   0.0139300194   0.0488025451   0.0059613961   0.0760555307  -0.1301889711
24  6   0.0623080653  -0.0993718590   0.0434945697  -0.0055928328  -0.2230301637
24  7   0.0451040374   0.2357385835   0.0292038560   0.0064770282  -0.0282061451
24  8   0.0126807909   0.0041037851   0.0215969791  -0.0120983038  -0.0035548327
24  9  -0.0106299652   0.0180046447  -0.0588936085   0.0027018166  -0.0097637890
24 10   0.0007625920  -0.0058455693  -0.0011066652   0.0013155767   0.0041578973
24 11   0.0159057037   0.0122035620   0.0017990519   0.0026425420   0.0371419637
24 12   0.0000442705  -0.0000643172   0.0002898611   0.0000225128   0.0000578861
24 13  -0.0000324463  -0.0000010675  -0.0000116187
25  1   0.1496317445   0.1599287355   0.0548233646   0.0670419926  -0.0423682336
25  2  -0.1383343429  -0.0854393776  -0.1435647488   0.0156242981  -0.0604344730
25  3   0.0237122399  -0.1534479589   0.1286186719  -0.0222463091  -0.0039412290
25  4   0.0890549469  -0.0359266297  -0.0084277166   0.0559128064  -0.1040340039
25  5  -0.0434283891   0.0417865468  -0.0140921053  -0.1203159323  -0.0923833071
25  6   0.0338911689   0.1068070304  -0.0870128969   0.0373815879  -0.0400250572
25  7   0.0166313047  -0.0077901768  -0.0022332457  -0.0006019437  -0.0032633638
25  8   0.0011880458   0.0196577293   0.0776349908   0.0370892581   0.0115111028
25  9   0.0308369521   0.0114989533  -0.0004753458   0.0112831403  -0.0672660944
25 10   0.0823765822   0.0014522156  -0.0009407375  -0.0056822015   0.0249471335
25 11  -0.0128477133   0.0348884756  -0.0347839976  -0.3418459499   0.0025106074
25 12  -0.0000362807  -0.0001737814  -0.0000474400  -0.0000480038   0.0000131122
25 13   0.0000907953   0.0000544386  -0.0007389821
26  1  -0.0851123505  -0.0699015223   0.0608661066   0.0524582293  -0.0013229885
26  2  -0.1550618581   0.0308859017  -0.0951977387   0.0016685592  -0.0244041948
26  3   0.0153585832  -0.0230031778   0.2788766122  -0.0569465687   0.1812832848
26  4  -0.0072373508   0.1906722409   0.2095247757  -0.0115640127   0.0340693699
26  5   0.1184580112   0.0011393444  -0.0029464355  -0.1399933242  -0.0856818690
26  6   0.0085356221   0.0018467019   0.0059556497   0.0053799315   0.0040427017
26  7  -0.0010084468   0.0049878562  -0.0000054389   0.0002457941   0.0013308621
26  8  -0.0017390358  -0.0163192766  -0.0630794060  -0.0333632010  -0.0082863017
26  9  -0.0074119358  -0.0121734480  -0.0099078795  -0.0166491228   0.0219837510
26 10   0.0009893343  -0.0001378675   0.0008022370   0.0046924664  -0.0205946932
26 11  -0.0017930956  -0.0344402358   0.0207604986   0.2159433015  -0.0025264072
26 12   0.0000049932   0.0000541246  -0.0000141519   0.0000230866   0.0000097370
26 13  -0.0000316856   0.0001690845  -0.0000688575
27  1   0.0028873367  -0.0117417903  -0.1198610571   0.1983622080  -0.1988270050
27  2   0.0846028453  -0.3791944510  -0.1101434700   0.1287899017   0.0195110637
27  3   0.0407290275  -0.2372490479  -0.0786795932  -0.0488295633  -0.0088055373
27  4  -0.0418775072  -0.0446525402   0.0285639040   0.0011106084   0.0447156047
27  5   0.0122450426  -0.0210190321  -0.0003229258   0.0785059040   0.0025966370
27  6  -0.0773026314  -0.0054583971   0.0636433981   0.0809163957   0.0157699940
27  7   0.0079448311   0.0189272450  -0.0039578170   0.0002440428   0.0012139976
27  8   0.0002812387  -0.0070375718  -0.0280404208  -0.0130769108  -0.0044184682
27  9  -0.0126706454  -0.0010516512   0.0005218619  -0.0035736439   0.0262436275
27 10  -0.0341647073  -0.0010643894   0.0005768596   0.0018625683  -0.0090261399
27 11   0.0050688231  -0.0124125715   0.0128260703   0.1266077369   0.0022931898
27 12   0.0000039226   0.0000223070   0.0000292786   0.0000161383  -0.0000083078
27 13  -0.0000339199  -0.0000334449   0.0003089444
28  1   0.1575889999   0.1511386825   0.0203746743   0.1231829383   0.0184693502
28  2  -0.1319292671   0.2468617580  -0.0752623158  -0.0554618097  -0.0379434833
28  3  -0.0164424578  -0.0912865188   0.1699628635  -0.0160688087  -0.0153918849
28  4   0.0407606354  -0.0693064923  -0.0655312320   0.0115541140  -0.0067165882
28  5  -0.0763882649  -0.0226386338  -0.0169164063   0.1551246270   0.0754861610
28  6  -0.0755708087  -0.0670222276   0.0981926533   0.0264112178   0.0510678403
28  7  -0.0125648827   0.0273598467  -0.0008683138   0.0008885291   0.0045126079
28  8  -0.0044814132  -0.0214662990  -0.1879617432  -0.0660972459  -0.0264345862
28  9  -0.1042493225  -0.0327308173  -0.0000564373  -0.0067203944   0.0223141866
28 10  -0.0047109574   0.0007314295   0.0003754182   0.0004506604  -0.0016209106
28 11  -0.0031944384   0.0007626143  -0.0017087410  -0.0571934787  -0.0008306442
28 12   0.0000097563  -0.0000485160  -0.0000259094  -0.0000295503   0.0000776966
28 13   0.0000630687   0.0003408420  -0.0135994652
29  1  -0.2237977357  -0.0380185861  -0.0505594159   0.0457180406  -0.0262844138
29  2  -0.0881031721   0.0519799980   0.0007470020   0.0112694548   0.0138928882
29  3   0.0067021908  -0.0059310990  -0.2338778415   0.0057534609   0.0665109579
29  4   0.3997916921   0.0256218142   0.0167828826   0.0895923313  -0.1703289516
29  5  -0.0665591419   0.0414912964  -0.0161429120  -0.0054481110  -0.0023525600
29  6  -0.0023722555  -0.0147027502   0.0380316163   0.0048309218   0.0359450523
29  7  -0.0121627824   0.0187573437   0.0002651199   0.0007131340   0.0028010024
29  8  -0.0032818769  -0.0183794617  -0.1028866872  -0.0281714221  -0.0054260104
29  9   0.0153888225  -0.0046503041  -0.0111496797  -0.0052955449  -0.0659130736
29 10   0.0898098787   0.0028900003   0.0003871584  -0.0002814328   0.0019314346
29 11  -0.0049737160   0.0016140648  -0.0007047306   0.0287064773  -0.0006781055
29 12   0.0000000587   0.0000120785  -0.0000011512   0.0000839367  -0.0001168930
29 13  -0.0001411657  -0.0004182474   0.0597805697
30  1   0.0120454939  -0.0305168905  -0.2103119860   0.3323286545  -0.0549134109
30  2   0.1047207268   0.4176711942   0.0712962126  -0.0380977101   0.0830819941
30  3  -0.0567916225  -0.0746673506  -0.0491965236  -0.0381714334   0.0026533010
30  4  -0.0460217424   0.0133824187   0.0319234301   0.0063148022   0.0250481559
30  5   0.0344503919  -0.0188482851  -0.0503269541  -0.0303860615  -0.0949645160
30  6  -0.0399622454   0.0650714271  -0.0205635356   0.0734774150  -0.0216153134
30  7   0.0185285417  -0.0020116104  -0.0042987757  -0.0010118647  -0.0021475174
30  8   0.0020913673   0.0103439566   0.0856138109   0.0294327696   0.0113152555
30  9   0.0416030285   0.0141479373   0.0008910285   0.0031553653  -0.0036197020
30 10  -0.0053192223  -0.0005583967  -0.0002216093  -0.0001537673   0.0004853936
30 11   0.0017000321  -0.0004865907   0.0007404762   0.0213136133   0.0004861993
30 12  -0.0000036557   0.0000229246   0.0000138917   0.0000046712  -0.0000186277
30 13  -0.0000141307  -0.0000968509   0.0006760911
31  1   0.0444969425   0.1521868520  -0.0555030287   0.0085241004  -0.0106707507
31  2  -0.1181671932  -0.0474587568   0.0106526830   0.0170543461   0.0731370723
31  3  -0.0110129033   0.1184243924  -0.0718502422  -0.0610040420   0.0726531682
31  4  -0.0861635995   0.0311308287   0.0393068721   0.0108055357  -0.0141167210
31  5  -0.1757918869  -0.1285156150   0.0381198096   0.0267699999  -0.0768149148
31  6   0.0650840785   0.0113378105   0.0207338637   0.0028630584   0.0289131895
31  7  -0.0159221534   0.0414519445   0.0018362988  -0.0020691456  -0.0741005972
31  8   0.0974886689  -0.0094781346   0.0174291670   0.0099833338   0.0101942130
31  9   0.0274659226  -0.3162641041   0.1741545131  -0.0233331122  -0.0278505944
31 10   0.0014860314   0.0637790448   0.0219565618  -0.0051665889  -0.0186088221
31 11  -0.0258125715  -0.0299425479   0.0222471703  -0.0031611533   0.2046066583
31 12  -0.0019620426   0.0002872037   0.0000190772  -0.0001101255  -0.0001069886
31 13   0.0000560458   0.0000475860   0.0001033547
32  1   0.0076849577  -0.0524725051   0.1503176874   0.1534615564  -0.0234205838
32  2  -0.1547674203  -0.0859594240   0.0700939535  -0.0361032437   0.0150862419
32  3  -0.0235856865   0.0244554903  -0.0711603085   0.0155407287  -0.0743823630
32  4  -0.1193864789   0.0459317496   0.0396271715   0.0377165373  -0.1837124623
32  5  -0.0200924750  -0.2570069741   0.0576276661  -0.0143363264  -0.0307198125
32  6  -0.0016571537  -0.0162486184   0.0023638359   0.0029334413  -0.0279832731
32  7   0.0153795966  -0.0403311657  -0.0021461805   0.0008365333   0.0762594377
32  8   0.1593921818  -0.0297131051  -0.0091077872  -0.0090107086  -0.0045116286
32  9  -0.0169365782   0.1541732634  -0.1006494032   0.0133072383   0.0130834791
32 10   0.0000911445  -0.0282690511   0.0049274486   0.0246798424   0.0203726652
32 11   0.0173868414   0.0199282273  -0.0135342090  -0.0088456465  -0.1168014762
32 12   0.0008588376  -0.0015922948  -0.0002678890   0.0001029851   0.0000777547
32 13  -0.0000865818  -0.0000238995   0.0000102328
33  1   0.0525441724  -0.0757335105  -0.0171349034  -0.0890919396  -0.2513407019
33  2  -0.0404506877   0.0486987875   0.0014904574  -0.0158442496  -0.0170053595
33  3  -0.0024837040   0.0806381624   0.0285790250  -0.1193320829  -0.1064740174
33  4   0.0950293532   0.0238121639   0.0429398182  -0.0756308872   0.0503719753
33  5  -0.0782488859  -0.0102093405  -0.0025864390  -0.0132635357   0.0109073879
33  6   0.0345552453   0.0420097941   0.0290201164   0.0020121323   0.0645695654
33  7   0.0119869751  -0.1244242508  -0.0087778788  -0.0017077758   0.0190483700
33  8  -0.0101351617   0.0024042279   0.0078045326   0.0027448494   0.0042624539
33  9   0.0072456796  -0.1110555721   0.0384649699  -0.0023741377  -0.0092777642
33 10   0.0014456110   0.0257455537  -0.0055876932  -0.0026590540  -0.0007501756
33 11   0.0062249085   0.0226867804  -0.0040298724   0.0053733962  -0.7519791284
33 12   0.0001783181  -0.0002491121  -0.0030569300  -0.0001010114  -0.0000108064
33 13  -0.0001383288   0.0000869457   0.0000298377
34  1   0.2083429098   0.1535590988   0.0676231606   0.1586961245   0.0120497882
34  2  -0.1405508976   0.2321488890  -0.1197318243  -0.0563174475  -0.0441638649
34  3  -0.0214541050  -0.1851650513   0.3719191751  -0.1202911185   0.0114470692
34  4  -0.2118802137  -0.1982788047   0.0791452379  -0.0751111958   0.2680652670
34  5   0.0396146559   0.0247751374   0.3916468657   0.3242384387   0.4926838536
34  6  -0.0556586673  -0.3296730099   0.2768827991  -0.0695331726   0.1016997330
34  7  -0.0310526380   0.0068771890   0.0025486720   0.0027481684  -0.0004893725
34  8   0.0117745656  -0.0066293522   0.2370700596   0.1655027231   0.1250958974
34  9   0.7290929991   0.1604725703  -0.1140059647  -0.0394593546  -0.5404902558
34 10   0.7111248934   0.0147896309   0.0014680366   0.0008212641   0.0080610638
34 11  -0.0525639699  -0.0444579785   0.0089789385   0.4737433724  -0.0034457147
34 12  -0.0000513696   0.0001746548   0.0000643945  -0.0002529437   0.0006781413
34 13   0.0004254077   0.0015456579   0.2254620528
35  1  -0.2097574486  -0.0384662302  -0.0382106143   0.0533211135  -0.0265401640
35  2  -0.0916474449   0.0501934857  -0.0105679837   0.0104682117   0.0115456105
35  3   0.0057822857  -0.0250654473  -0.1798406520  -0.0163741169   0.0741424842
35  4   0.3343117047   0.0014127535   0.0477451061   0.0646644370  -0.0985077444
35  5  -0.0380803532   0.0436431634   0.0673703126   0.0478221194   0.0924109276
35  6  -0.0067780392  -0.0800030783   0.0864070199  -0.0144667241   0.0496920331
35  7  -0.0164009943   0.0143226542   0.0008856332   0.0010307785   0.0015735726
35  8   0.0008406132  -0.0155551575   0.0028158630   0.0278688901   0.0308433904
35  9   0.2154719011   0.0412866335  -0.0369212833  -0.0119553551  -0.1943754638
35 10   0.2469391993   0.0062214657   0.0007181062  -0.0000481750   0.0034829517
35 11  -0.0123387981  -0.0066689449   0.0043740691   0.1441440451  -0.0010560073
35 12   0.0000583132  -0.0000861999  -0.0001506382   0.0002144136  -0.0003035988
35 13  -0.0003593042  -0.0002338467  -0.9722288913
36  1  -0.0176986233   0.0117707353  -0.2097659346   0.3984071355  -0.1106193378
36  2   0.1551232111   0.3352861534   0.0605237163  -0.0136521658   0.1110823896
36  3  -0.0698388914  -0.2863636014  -0.1599254071  -0.2316662012  -0.0004921864
36  4   0.0654758574  -0.3304242009   0.3226960270   0.1569512097  -0.0983681673
36  5   0.0849934750   0.4308870456   0.8541387110  -0.4993974047   0.3828851212
36  6   0.4134027062   0.0291158552  -0.1715764804  -0.1535110131  -0.0495451272
36  7  -0.0084693703  -0.0255550813   0.0064438272   0.0058786167  -0.0009130085
36  8  -0.0055271717   0.0039980582  -0.0989565626  -0.0706255318  -0.0534412352
36  9  -0.3159803711  -0.0751682466   0.0495807445   0.0173332741   0.2363778426
36 10  -0.3091505804  -0.0058810548  -0.0008289040  -0.0000301349  -0.0030368690
36 11   0.0229641405   0.0192175055  -0.0044786738  -0.2063240269  -0.0033082659
36 12   0.0000322618  -0.0000275675  -0.0000616692   0.0000865923  -0.0002445256
36 13  -0.0001268317  -0.0005682808  -0.0129792745
37  1   0.0453193999   0.1396966663  -0.1119306581   0.0782036402   0.0737300390
37  2  -0.1077078954  -0.1593956577  -0.0794552570   0.0117357214   0.1447737406
37  3  -0.0700109901   0.2726799203   0.0085789586  -0.1846395908   0.0937290483
37  4   0.0064833691  -0.0962140808  -0.0682278069  -0.0834402598  -0.0915914522
37  5   0.1865516591   0.0125441517  -0.0252645395  -0.0545884198   0.1120148400
37  6  -0.0712599296   0.0141387068  -0.0277437515  -0.0009239125   0.0258257663
37  7  -0.0101943650  -0.0088368154  -0.0022704454  -0.0004049883  -0.0119437685
37  8  -0.0129751383   0.0000937458  -0.0008092853  -0.0012376853  -0.0016506663
37  9  -0.0039050767   0.0431290108  -0.0230775989   0.0032237422   0.0021692843
37 10  -0.0010295483  -0.0057670707  -0.0065549126   0.0023985592   0.0030277592
37 11   0.0032409414   0.0055094912  -0.0031999231   0.0006996208  -0.0840177822
37 12   0.0000471716  -0.0001151901  -0.0000252773   0.0000057235   0.0000090342
37 13  -0.0000009806  -0.0000111318  -0.0000303842
38  1  -0.0379142314  -0.0025541488   0.1288343780   0.2494136063  -0.0711010717
38  2  -0.0868709929  -0.3129556124   0.0767120120  -0.1548874704  -0.0273800751
38  3  -0.1557555768   0.0762786556   0.0007613481   0.0703000362  -0.0461956512
38  4   0.0285759626   0.0304239571   0.0198761615   0.0289165302   0.1091697332
38  5  -0.0633130989   0.1166484276  -0.0158383358   0.0349406823  -0.0346987463
38  6   0.0319236788  -0.0058458500   0.0144232838  -0.0020626470  -0.0119588708
38  7   0.0051346177   0.0112740275   0.0018459055   0.0003793181   0.0009541155
38  8  -0.0341923756   0.0062648745  -0.0006267971   0.0019220169   0.0007381756
38  9   0.0028095335  -0.0192463770   0.0147358371  -0.0010655352  -0.0004417539
38 10   0.0000366266   0.0020808186   0.0013108322  -0.0031787997  -0.0022329008
38 11  -0.0031161652  -0.0047806138   0.0009985567   0.0026846551   0.0468692652
38 12  -0.0000188537  -0.0000923234   0.0000474537  -0.0000140065  -0.0000124286
38 13   0.0000154786   0.0000020858  -0.0000087188
39  1   0.0565579356  -0.0818542885  -0.0237090729  -0.0868981101  -0.2346965475
39  2  -0.0446862636   0.0519056855  -0.0104269555  -0.0081370115  -0.0025308418
39  3  -0.0007729758   0.0993407450   0.0364046371  -0.1396611591  -0.1080548436
39  4   0.0986373942   0.0070471844   0.0285598026  -0.0872296546   0.0154194417
39  5  -0.0217051855  -0.0226173461  -0.0045204092  -0.0309775645   0.0352236672
39  6   0.0167034741   0.0447345262   0.0240643304   0.0000092885   0.0718448222
39  7   0.0201824180  -0.1954482108  -0.0146759924  -0.0012084433   0.1045682939
39  8  -0.0219445699   0.0001320634  -0.0136923407   0.0027549127   0.0004070028
39  9   0.0007779970   0.0270203622  -0.0069248640   0.0048235144   0.0046302459
39 10  -0.0011292606  -0.0173176371   0.0166664819  -0.0060198611  -0.0009149044
39 11  -0.0068642263  -0.0204044983   0.0021187848  -0.0022807691   0.4906524428
39 12   0.0002417498   0.0000909725   0.0009718249   0.0000541067   0.0000216618
39 13   0.0000221540  -0.0000322287  -0.0000130884
40  1   0.0768101419   0.1608436667   0.0070601527  -0.0081121647  -0.0627506464
40  2  -0.1296757687   0.0027106660   0.1863310614   0.0674186577   0.0574654181
40  3   0.0389782112   0.0256930607  -0.0370566410   0.0118947848   0.2278532528
40  4  -0.0798962109  -0.0404312646  -0.0386712942   0.0267376518   0.0500949270
40  5  -0.1159367564   0.0236876016   0.0085094751   0.0678369642  -0.1246280583
40  6   0.1400606088   0.0034183428   0.0910087387   0.0010660142   0.0037940580
40  7   0.0450476208  -0.1699396283  -0.0109494039  -0.0014636534  -0.0375630329
40  8  -0.0811549211   0.0051620152   0.0065576489  -0.0107810945  -0.0044831119
40  9  -0.0124886361   0.0797099395  -0.0627377428   0.0062699048  -0.0100657867
40 10   0.0021434306  -0.1268538432   0.0431458665   0.0175408777   0.0144047876
40 11   0.0116609867   0.0102148234  -0.0048301853   0.0017080551  -0.0575696828
40 12   0.0287151035  -0.0437192292  -0.0495103326  -0.0000776657  -0.0000310089
40 13  -0.0000044289   0.0000173337   0.0000047789
41  1   0.0912322958  -0.0790369799   0.2146159630   0.1392067994  -0.0010187197
41  2  -0.2036648506   0.0175138742   0.2692675116   0.1257913556   0.0757793330
41  3   0.0635796046  -0.0169618549   0.0547530478  -0.0028946824  -0.1161885649
41  4   0.0770881088   0.0148934416   0.0141836475  -0.0187024127  -0.0243445270
41  5   0.0646618021  -0.0390081271   0.0011864168  -0.0389071723   0.0654925386
41  6  -0.0786255473  -0.0057891669  -0.0514398762   0.0016410064  -0.0077771985
41  7  -0.0266882286   0.1069677337   0.0070604235   0.0012849115  -0.0182851764
41  8  -0.1400106950   0.0274330119  -0.0024497794   0.0068959207   0.0012891203
41  9   0.0072345002  -0.0331695048   0.0357237331  -0.0053022450   0.0046171213
41 10  -0.0023787794   0.0835185941   0.0079917227   0.0377036359   0.0084584570
41 11  -0.0052080555  -0.0046409103   0.0040558833  -0.0002443260   0.0331590873
41 12  -0.0255801396  -0.0795768185   0.0133555745   0.0000274572   0.0000079004
41 13  -0.0000111008   0.0000126035   0.0000099403
42  1   0.0262878118  -0.0357019721   0.0257445662  -0.1032276980  -0.3600428911
42  2  -0.0126935870   0.0333731607   0.1023075512  -0.0908422466  -0.1071259342
42  3  -0.0027204320  -0.0429606059  -0.0317513996   0.0348429901   0.1507129812
42  4  -0.0672707932  -0.0563177512  -0.0591682154  -0.0126796479  -0.0797663749
42  5   0.1214682745  -0.0183630020  -0.0060530234  -0.0403634027   0.0753078641
42  6  -0.0752673299   0.0079997699  -0.0461560440   0.0004345901   0.0427115985
42  7  -0.0387907980   0.0576865295  -0.0021470311  -0.0040155251  -0.1725345199
42  8   0.0348151002  -0.0127080362   0.0126285694  -0.0088155184  -0.0036217610
42  9  -0.0078752859   0.0618533263  -0.0409366398   0.0040281248   0.0087239668
42 10  -0.0020471968   0.0674456746   0.0278615209  -0.0292831553  -0.0127051923
42 11  -0.0026536814  -0.0025918136   0.0026593732  -0.0016060140   0.0673935043
42 12  -0.0331857983   0.0151442819  -0.0783154138  -0.0001317250  -0.0000850312
42 13   0.0000151140   0.0000229109   0.0000116815
43  1  -0.1218093730   0.1541142812  -0.1653219405  -0.1622154533  -0.0561261670
43  2  -0.0982560980  -0.0309474324   0.0720824809  -0.0066854829   0.0968219570
43  3  -0.0523937682  -0.1202727790   0.1558414612   0.1498194580  -0.1337164396
43  4  -0.0301154755  -0.0846915359   0.1915728791  -0.0086941982  -0.1283814136
43  5   0.1508525773   0.0081485899  -0.0600238802   0.1274376174   0.0485677643
43  6   0.2454528045  -0.0865190601  -0.0235133777   0.1863794762  -0.1347804404
43  7  -0.2493536580  -0.1171740623  -0.1816584431   0.0903078558   0.0011427936
43  8  -0.0591716640  -0.4956008108   0.0092471692   0.3603302637  -0.1522908106
43  9  -0.0916130561  -0.0363742126  -0.0104230861  -0.3187978537   0.1110946798
43 10   0.0847569811   0.0134772278   0.0001851691  -0.0326641650   0.1435127422
43 11   0.3199990105  -0.0471949652  -0.2681489322   0.0352358432   0.0122358973
43 12   0.0001235131  -0.0002272038   0.0006308889  -0.2309399169  -0.3767292256
43 13   0.5762586871  -0.0540288407  -0.0000807334
44  1  -0.0481376789  -0.0922475432   0.0852528711   0.0197883522   0.0191910056
44  2  -0.1890223126   0.0727106518  -0.1125832307  -0.0094864308  -0.0042346972
44  3   0.0029992222  -0.0424306161  -0.1810501436   0.0271939626   0.0658788200
44  4   0.0956292815  -0.1283458009  -0.0542949176  -0.1547985133   0.2786006872
44  5   0.0936962629  -0.1231045764   0.0182409976   0.1229776635   0.0002437272
44  6   0.1303332984   0.1182816426  -0.1967649014   0.0533602260  -0.1459052364
44  7  -0.0481359934   0.0188221333  -0.0423550235   0.0245975590  -0.0067080554
44  8   0.0497325867   0.4220058876  -0.3314792087  -0.4300332291   0.2560842509
44  9   0.2188651838  -0.0099671945  -0.0298915746   0.5369490716  -0.1398985261
44 10  -0.1851653466  -0.0170376304  -0.0011055276   0.0112326603  -0.0130105567
44 11  -0.4170851108  -0.2426720583   0.2403879897  -0.0538877422  -0.0434644397
44 12   0.0000762410  -0.0001100102   0.0003656125  -0.1900527697  -0.3074300072
44 13   0.4640808830  -0.0430652462  -0.0000602761
45  1   0.1509703337  -0.2176709945  -0.0503753428  -0.2540257010  -0.0228700941
45  2  -0.1948298533   0.0047518441  -0.0713260647  -0.0240853022   0.2529688103
45  3  -0.1265225009  -0.2422327365  -0.0189801212   0.3113653028   0.0245172860
45  4   0.0224141924  -0.3507114638   0.3915510225  -0.2058397066  -0.0562941604
45  5  -0.1021580682  -0.0251141273  -0.1593646702  -0.1051036247   0.1771235816
45  6   0.4127349293  -0.3165025080  -0.0963385671   0.4834895044  -0.3987257737
45  7  -0.6511673867  -0.2672630016  -0.4715655392   0.2311269432   0.0265895683
45  8   0.0151929497   0.1439234569   0.0418819587  -0.0976846748   0.0357539309
45  9   0.0125325850  -0.0072448901  -0.0027485436   0.0746758933  -0.0242129869
45 10  -0.0117219174  -0.0030475834  -0.0003668336   0.0109013043  -0.0508461073
45 11  -0.0789651898   0.0437171715   0.0757598864  -0.0054349651  -0.0140146726
45 12  -0.0000042077   0.0000828293  -0.0002723342   0.1081156697   0.1761145965
45 13  -0.2687579686   0.0251987659   0.0000373067
46  1  -0.1699991201   0.1440550714  -0.2456105310  -0.1531294166   0.0023137893
46  2  -0.0835047130  -0.0948388341   0.1662035083  -0.0212532888   0.0462438502
46  3  -0.0474937375  -0.1972943598   0.2044259314  -0.0727740070  -0.0965029913
46  4  -0.1096638909   0.1836616799  -0.0323926136  -0.1143027700  -0.2474253715
46  5  -0.1685822890   0.1183603211  -0.0016703647   0.0458813998   0.0615008366
46  6  -0.0543887959  -0.2133944875  -0.1561443966   0.2155132568  -0.1132471339
46  7  -0.0016368948  -0.2581009255   0.1655830191  -0.2301831645   0.0088733290
46  8  -0.0184038214  -0.1194048007   0.4167698552  -0.5756359031   0.4490754406
46  9  -0.0702797661   0.2672905032   0.3582019927  -0.3600626012  -0.1470606684
46 10  -0.0275781445   0.0250017668  -0.0015621650  -0.1008088375   0.5074502687
46 11   0.2737769849  -0.4790128084  -0.0076695155  -0.0139819056  -0.0208851791
46 12   0.0000232971  -0.0000142866   0.0002273003  -0.1189559023  -0.0439916542
46 13  -0.0801176751   0.0139322391   0.0000061852
47  1  -0.1891639506  -0.0651382666  -0.0300944678  -0.0002885374  -0.0008748267
47  2  -0.1271134002   0.0138626499  -0.0058827953   0.0016954970   0.0093837201
47  3  -0.0002157412  -0.0539603139   0.0655649840  -0.0251989859  -0.0504189866
47  4  -0.1166840475  -0.1071906547  -0.1589286078  -0.0731951200  -0.0033248348
47  5  -0.0696727192   0.0202695177   0.0003158296  -0.1738081828  -0.1201438012
47  6   0.0562637845  -0.0590833735   0.0506323526   0.0519893778   0.1467114511
47  7  -0.0868513633   0.1250318468   0.0521643584  -0.0532551506   0.0469838128
47  8  -0.0323309970  -0.1786420030   0.1868508801  -0.0952140689   0.0690402482
47  9  -0.0258168072  -0.0114355877  -0.0353756925   0.0069829605  -0.0283697701
47 10  -0.0170660877  -0.0005754857  -0.0007765294  -0.0241600779   0.1411985163
47 11  -0.0782845579  -0.0525905057   0.1878464864  -0.0058354113  -0.0069132733
47 12   0.0000035103  -0.0000116086  -0.0017614154   0.7717750556   0.3179501203
47 13   0.5093856250  -0.0994538082  -0.0001072293
48  1   0.1917390931  -0.2809324554  -0.1342704506  -0.2024813809   0.1702255354
48  2  -0.2310940813  -0.1047478398   0.0680276927  -0.0833158932   0.0844285925
48  3  -0.1082990548  -0.4634290454  -0.1275371701  -0.2126855629   0.0545144236
48  4   0.0440962903   0.2896278600  -0.2539187454  -0.5157621134  -0.1444445044
48  5  -0.0000068267   0.0972923719   0.0569886327   0.1571791770  -0.2022270870
48  6   0.2559287687  -0.3597522632  -0.3262199621   0.5483105587   0.0726396333
48  7  -0.1977835979  -0.1997972521   0.4442755065  -0.5700289025   0.0101953993
48  8   0.0074370703   0.0647853869  -0.1976882809   0.2384013456  -0.1848287403
48  9   0.0310364744  -0.1016968012  -0.1388530225   0.1426088728   0.0617500956
48 10   0.0127116859  -0.0100302199   0.0006127032   0.0421995613  -0.2143778013
48 11  -0.1009342608   0.1936077522  -0.0168207899   0.0074408703   0.0059254110
48 12  -0.0000047599   0.0000135244   0.0000805044  -0.0267782263  -0.0129582160
48 13  -0.0170672694   0.0039977879   0.0000139196
49  1  -0.0832614530   0.1387848728  -0.2078023512  -0.0405569417   0.0547861980
49  2  -0.0902815735  -0.0755227542   0.1405506296  -0.0269717059  -0.1074289220
49  3   0.0217363925  -0.0528967736   0.0462721478  -0.1750144792  -0.1243193804
49  4  -0.0413400209   0.0150803873   0.0380729058   0.1766261038  -0.0176524704
49  5   0.2155898303  -0.0137975613  -0.0421761784   0.0778629654  -0.0269399211
49  6   0.2126224158  -0.1783249193  -0.1365668599   0.1506038543   0.2785821038
49  7   0.0795268253   0.0123927854   0.1000742812   0.2310452142  -0.0007347766
49  8   0.0383984427   0.2979583318   0.0743299383  -0.0606389061  -0.2223622099
49  9   0.0694483312  -0.0020913341   0.0125172041  -0.0454322944   0.0996034634
49 10   0.0187588038   0.0021839397  -0.0011718864  -0.0447746450   0.2452807258
49 11  -0.0041717759  -0.0875757259   0.2031830352  -0.0033860509  -0.0062490875
49 12   0.0001227026   0.0000859403  -0.0000824302   0.4516937215  -0.6548965495
49 13  -0.2225372036   0.2740143464   0.0002901267
50  1  -0.3116705839  -0.0332080409  -0.1270739775   0.0031341487  -0.0266946103
50  2  -0.0635836632  -0.0306300235   0.0742762455   0.0147803605  -0.0009200996
50  3   0.0096459218  -0.0023833287   0.2756243697  -0.0728898096  -0.0285217290
50  4  -0.1563865758  -0.0507187905  -0.0348707044   0.0832081060  -0.1111466130
50  5  -0.1903342752   0.0295963809  -0.0201124938   0.2183865706   0.1587669567
50  6   0.0343328048   0.0785410792  -0.2125480638   0.0384034205  -0.0506532716
50  7   0.0628820099  -0.0757883569   0.0193225832   0.0546167798   0.0057473577
50  8   0.0270415277   0.2214503388   0.1056377857  -0.3138978650  -0.6426262416
50  9   0.4036929297  -0.0498617602  -0.0251003600  -0.1837113517   0.3396392592
50 10  -0.0966541317  -0.0001655561  -0.0032025269  -0.0961910050   0.5411746641
50 11  -0.3268817264   0.2625064093   0.2769166870   0.0251701562   0.0011560597
50 12  -0.0000496346  -0.0000209097   0.0000341703  -0.1950958050   0.2773012063
50 13   0.0913884711  -0.1201510149  -0.0001544461
51  1   0.1552791341  -0.2351005740  -0.2277891722   0.0395035620   0.2341869640
51  2  -0.1321331509  -0.1405001124   0.1565915058  -0.0674851355  -0.2510171388
51  3   0.0576352663  -0.0634007146  -0.1318608103  -0.5250158605   0.0478885508
51  4  -0.0191208320  -0.0753072807   0.0124730734   0.3008980388   0.1621879182
51  5  -0.0422884464  -0.0715941805  -0.1118660839  -0.0872569081   0.0953183725
51  6   0.2711264672  -0.4954322452  -0.5249196423   0.3797287157   0.4023097259
51  7   0.3059920361  -0.0583209990   0.2548584978   0.5853701967  -0.0214592236
51  8  -0.0127822541  -0.1367939372  -0.0324402045   0.0538558926   0.1498421719
51  9  -0.0672355291   0.0048253888  -0.0024923733   0.0353687941  -0.0699198870
51 10   0.0031829875  -0.0008982758   0.0008015253   0.0270640352  -0.1493254073
51 11   0.0339191903   0.0106182882  -0.1068121126  -0.0009423070   0.0010023247
51 12  -0.0000329716  -0.0000325453   0.0000261082  -0.1601229410   0.2327701359
51 13   0.0793826850  -0.0970211982  -0.0001016369
52  1   0.0495379139   0.1436952538  -0.0906693797   0.0602113518   0.0475847664
52  2  -0.1116368447   0.0099102645   0.0089092478  -0.0140271685  -0.1418203257
52  3   0.0558523456   0.0705217194  -0.1946887697   0.0821304066  -0.0325722527
52  4   0.0776868045  -0.1247435784   0.1843467776  -0.2377352675   0.1070313497
52  5   0.0501303758  -0.0241190112  -0.0013505313  -0.1538121497  -0.1202890215
52  6  -0.1197578009  -0.2811879408  -0.1213619067  -0.0138613881  -0.0374025490
52  7   0.2748368927  -0.0054884023  -0.2397470444  -0.1364877284  -0.0305799739
52  8  -0.0176848159  -0.2310158597   0.1641896646  -0.0858178991  -0.2244691959
52  9  -0.0433270187   0.1936172590   0.4708829021   0.3827754033  -0.0265680383
52 10   0.2082944538   0.0102255716   0.0004222446  -0.0065974307   0.0129510361
52 11   0.3370879328  -0.0280995067   0.3030180527   0.0088667553  -0.0060306057
52 12   0.0000069691   0.0000926573   0.0001728822  -0.0834227170   0.1789420778
52 13   0.1467849222   0.6671902295   0.0002634554
53  1  -0.2923056401  -0.0292298957  -0.1082761696   0.0250605342  -0.0316473222
53  2  -0.0631254199  -0.0147821177   0.0517342923   0.0198956682  -0.0060440480
53  3   0.0177858890   0.0257948418   0.2077172319  -0.0009356240  -0.0700032214
53  4  -0.1639779889  -0.1386410757  -0.0612621780  -0.0042643091  -0.1214957809
53  5  -0.1679257607   0.0570684011  -0.0186831784  -0.1015989312  -0.0470908273
53  6   0.0075378532  -0.0305255643  -0.0144706919  -0.0033397057   0.0829549115
53  7   0.0242222125   0.0471188890  -0.0567582763  -0.0301798870  -0.0244077534
53  8   0.0476351519   0.3857679871  -0.4918923250   0.2763793864   0.3137364708
53  9   0.0375546787  -0.1721642226  -0.4489490425  -0.4527982114   0.0486562011
53 10  -0.2674129383  -0.0072082051  -0.0012955803  -0.0253372828   0.1651141056
53 11  -0.4661232673   0.2539401040  -0.2512759525   0.0468350727   0.0110455764
53 12  -0.0000008749   0.0000120855   0.0002353082  -0.0701975551   0.1503395884
53 13   0.1246130335   0.5766522500  -0.0009078401
54  1   0.0791568687  -0.1275414917  -0.2368243973   0.2264457317   0.1062703220
54  2   0.0009768141  -0.0710671504   0.0830535295   0.0037769957  -0.2659465749
54  3   0.1232947329   0.2747593246   0.0583835677   0.1227242212   0.0031126600
54  4   0.0066533684  -0.3884997724   0.4097727346  -0.3604973227  -0.2431632521
54  5  -0.0682538681   0.0724826247  -0.0267274026   0.2718862801  -0.2499290013
54  6   0.1387414421  -0.2899224259  -0.3908736223  -0.0331319117   0.4396458585
54  7   0.4328362092   0.4672854176  -0.5845906689  -0.3404078392   0.0353989730
54  8  -0.0028419331   0.0536782980  -0.0241443960   0.0096005858   0.0589796514
54  9   0.0143127835  -0.0598478301  -0.1441849176  -0.1082317125   0.0005809632
54 10  -0.0598117532  -0.0032110777  -0.0000786625   0.0048646678  -0.0200221174
54 11  -0.0897078321  -0.0123268512  -0.0983938887  -0.0072744264  -0.0002585887
54 12  -0.0000137187  -0.0000297824  -0.0000878750   0.0393866030  -0.0843775511
54 13  -0.0693733631  -0.3162433984  -0.0000038391
55  1   0.0381224378   0.1676422027   0.0104997902  -0.0828545147  -0.1161536690
55  2  -0.1304156610   0.1126448649   0.1693624579   0.2793883472  -0.2526824838
55  3  -0.3105315370   0.0079460909  -0.1427881694   0.1085498212   0.4659280734
55  4  -0.3287019729  -0.1135430561  -0.1316800740   0.1217751909  -0.2344527740
55  5   0.0528883903  -0.1948036049   0.0568186419   0.0726638690  -0.1739603192
55  6   0.1197784874  -0.0884142882   0.1051085593   0.0037849143  -0.2162186504
55  7   0.1210390446  -0.0879755258   0.0147902775   0.0151316537   0.5139324499
55  8  -0.3482831539   0.0796022960  -0.0356817176   0.0265353122   0.0084721723
55  9   0.0154339634  -0.0666351612   0.0404803052   0.0060641183   0.0401173789
55 10  -0.0027895613   0.3151301352  -0.4626317964  -0.3135245918  -0.1310837971
55 11  -0.0191751963  -0.0082525127   0.0077035208   0.0133500985  -0.0508279549
55 12  -0.2090779490   0.2449949259  -0.1366202067  -0.0002861192  -0.0001904063
55 13   0.0000427912   0.0000424514  -0.0000665252
56  1   0.1362688023  -0.1121071012   0.2420713783   0.0848464310   0.0298255493
56  2  -0.2518382027   0.1734198025   0.3591549514   0.4509957297  -0.0688118865
56  3  -0.1502081916   0.0121788579   0.1338065725  -0.0376321479  -0.1934328969
56  4   0.2539647763   0.0137104170   0.0228951190  -0.0866492581   0.2329893706
56  5   0.0563840501   0.3083942346  -0.0790663925  -0.0312472589   0.1394170259
56  6  -0.0879013674   0.0508473916  -0.0643388594  -0.0063659096   0.1149042663
56  7  -0.0628053205   0.0541623420  -0.0056366149  -0.0071638842  -0.1529519190
56  8   0.4221885576  -0.0738383508   0.0129682109  -0.0060960708   0.0036614208
56  9   0.0076060557  -0.1800461183   0.0965156629  -0.0196330649  -0.0660649586
56 10   0.0125637067  -0.4549229886  -0.2805560816   0.2735200310   0.1106461010
56 11   0.0170302511  -0.0001222151  -0.0074400205   0.0045677554   0.1166552862
56 12  -0.3519997803   0.4033819076  -0.2166753193  -0.0003717998  -0.0002273618
56 13   0.0000379908   0.0000370503  -0.0000596405
57  1   0.0434924012  -0.0586509763   0.0491336005  -0.1819653270  -0.3611043859
57  2  -0.0512042524   0.2093044579   0.1650962196   0.2650402997  -0.3670600823
57  3  -0.3346331793  -0.0290218612  -0.0205785302   0.0528862031   0.2026100918
57  4  -0.0472231185  -0.0918389967  -0.0962867850  -0.0214440891  -0.0162974404
57  5   0.1957919262   0.1444238137  -0.0449653861  -0.0334237711   0.1109663742
57  6  -0.0940402013   0.0081434574  -0.0510672263  -0.0043834748   0.0323625722
57  7  -0.0317087373   0.0632270112   0.0010049675  -0.0025221398  -0.0137258685
57  8   0.3308700636  -0.0525282061   0.0051991204   0.0002908191   0.0052406884
57  9   0.0084635297  -0.1491121810   0.0723153504  -0.0098597238  -0.0263865206
57 10   0.0075151292  -0.1477873008  -0.4463854488   0.0160482447   0.0034151746
57 11  -0.0007777107  -0.0090114254   0.0016319069   0.0106123427   0.1299341800
57 12   0.4357043583  -0.5255193353   0.2633941683   0.0004817344   0.0003166211
57 13  -0.0000501292  -0.0000822711   0.0000357150
58  1   0.0922987537   0.1538552162  -0.0137930208   0.0453430241  -0.0125942064
58  2  -0.1257702561  -0.0837335674   0.1432662818  -0.0839888590   0.2629522904
58  3   0.2483524898   0.0670388254   0.0214994337  -0.0770982044   0.0148384330
58  4   0.0798772518   0.0431358500   0.0613073186  -0.0358183625   0.2273189157
58  5  -0.3145482324   0.0886571609  -0.0016981318   0.0710607775  -0.1325076387
58  6   0.1959632793   0.0755088573   0.1067104636   0.0009874379   0.1721124066
58  7   0.0062810682  -0.3139763898  -0.0358544623  -0.0139080665  -0.4165802118
58  8   0.1301831638  -0.0590363418   0.0282645161  -0.0465751288  -0.0203461925
58  9  -0.0546384048   0.4394957379  -0.2943677915   0.0350895246   0.0443791317
58 10  -0.0039440055   0.1825567126  -0.3203988667  -0.2064951445  -0.0764471227
58 11   0.0043593899   0.0053681170   0.0016617539   0.0036824842   0.1061212037
58 12  -0.3292663693   0.0526183376   0.6390495020   0.0011132018   0.0004579420
58 13   0.0002517893  -0.0002711554  -0.0001630845
59  1   0.1117161836  -0.0464848719   0.2453910956   0.2329583276  -0.0346289445
59  2  -0.1702034795  -0.1642619086   0.3774485061  -0.2575252937   0.4100534153
59  3   0.5398750435  -0.1132517913   0.1169406886   0.0417587584  -0.0117326957
59  4   0.1391928085  -0.0727571489  -0.0789998913  -0.0244715417   0.0780720209
59  5   0.2655267146   0.2669001686  -0.0722321782  -0.0300085100   0.1387778486
59  6  -0.1354274272  -0.0255960135  -0.0728811135  -0.0071189745  -0.0699027086
59  7  -0.0104632353   0.1630945574   0.0175636147   0.0062040735   0.2861762332
59  8   0.3309095187  -0.0341330056  -0.0182159246   0.0207621576   0.0129642161
59  9   0.0249602841  -0.2586858562   0.1484283297  -0.0156391057  -0.0259701921
59 10   0.0124361185  -0.2718022782  -0.0729362056  -0.6292099092  -0.2368821446
59 11  -0.0206690668  -0.0065258394   0.0105674093   0.0165435437  -0.0859874443
59 12   0.0887713272  -0.0280615232  -0.1747574871  -0.0003158709  -0.0001097024
59 13  -0.0001051388   0.0000956891  -0.0000153967
60  1   0.0156215768  -0.0185352641   0.0573540192  -0.1332243406  -0.4241254431
60  2  -0.0070189557   0.0728686547   0.1804592258  -0.0413924880  -0.2297131075
60  3  -0.0870664064  -0.1162933369  -0.0767254696   0.1441787869   0.4145367877
60  4  -0.2229217856  -0.1742611862  -0.1963173942   0.0537855359  -0.2408167060
60  5   0.3963225631   0.0052348021  -0.0172446612  -0.0390275963   0.1020133501
60  6  -0.1476483902  -0.0764882806  -0.0648960086  -0.0021840178  -0.1615381957
60  7   0.0128715729   0.2187991780   0.0278078577   0.0113050346   0.3492115910
60  8  -0.0525656141   0.0387503082  -0.0170386668   0.0346920405   0.0174552859
60  9   0.0435727152  -0.4014756365   0.2460775148  -0.0301029381  -0.0596944009
60 10   0.0091791818  -0.3711586071   0.3824365121   0.0231312981   0.0159201871
60 11   0.0010958713   0.0029787869  -0.0029175892   0.0002832030  -0.1996627298
60 12  -0.3089238208   0.0560522035   0.5861814259   0.0009828722   0.0004578888
60 13   0.0000839228  -0.0001827931  -0.0001026408
61  1   0.1249557122   0.1675536619   0.0720289957   0.0012313554  -0.0986103854
61  2  -0.1415882284   0.0161665017   0.3947192985   0.0691451998   0.1355204013
61  3   0.1949684759  -0.0700955362   0.0503355225   0.0799495427   0.3981075126
61  4   0.0209959591  -0.1768825434  -0.1813430869   0.0084372426   0.2474371882
61  5   0.1795472317   0.5450113770  -0.1157806519   0.0869032841  -0.0187182225
61  6   0.0748028753  -0.0138257612   0.0740620350  -0.0118046894  -0.0730463984
61  7   0.0816118206  -0.1644906442  -0.0013670360   0.0054925737   0.4296377280
61  8   0.4799625787  -0.0693684943  -0.0243348195   0.0049191803   0.0031028790
61  9  -0.0045362473   0.0945581349  -0.0731343461   0.0204531625   0.0691529998
61 10  -0.0163555620   0.5912526269   0.1479730406   0.3216428958   0.1154656309
61 11   0.0005132391   0.0027109327  -0.0076160851  -0.0346741640  -0.0534963583
61 12   0.2180911103   0.2244315314   0.0841541513   0.0001649283   0.0001059271
61 13  -0.0000262700  -0.0000606529   0.0001614080
62  1   0.0849013827  -0.0985784688   0.2014614293   0.0866305492   0.0188589098
62  2  -0.2250368828   0.1247224737   0.2225231232   0.3582600176  -0.1162845773
62  3  -0.2134223711   0.0396884228   0.0359320454  -0.0310520354  -0.1837560812
62  4   0.0750297020   0.0618599655   0.0657742836  -0.0292876800  -0.0311495113
62  5  -0.0419014157  -0.1317842386   0.0238096329  -0.0454397871   0.0493117421
62  6  -0.0572396318   0.0195715709  -0.0496702795   0.0037779944   0.0663784339
62  7  -0.0538400315   0.0763553549  -0.0029866744  -0.0050112150  -0.2768665442
62  8  -0.1471574826   0.0133955047   0.0145315932  -0.0107049253  -0.0064531833
62  9  -0.0109020161   0.0977887717  -0.0501378795   0.0022398003   0.0004520551
62 10   0.0012306704  -0.0761502560   0.1796850135  -0.2927449932  -0.1092250400
62 11  -0.0077004802  -0.0002734289   0.0071983484   0.0044075907  -0.0049891678
62 12   0.5591104790   0.5918466695   0.2381173548   0.0003056524   0.0002330119
62 13   0.0001755890  -0.0001851295  -0.0001203110
63  1   0.0000000000   0.0000000000   0.0000000000   0.0000000000  -0.3724513833
63  2   0.0422045317  -0.2042716346   0.0275626091  -0.5796544466   0.2296900274
63  3   0.4474643742  -0.0830760415  -0.0618642432   0.0379174667   0.1542196631
63  4  -0.1419983795  -0.0461438634  -0.0533806741   0.0230957037  -0.2210931320
63  5   0.1107380692  -0.2330708126   0.0438189539  -0.0421401160   0.0274788044
63  6  -0.0696591273  -0.0303450038  -0.0378003787   0.0059470943  -0.0511915358
63  7  -0.0116079194   0.1218998676   0.0117488913   0.0036983857   0.0077824559
63  8  -0.3597539879   0.0709895154   0.0019112752   0.0168898716   0.0076785467
63  9   0.0258617123  -0.2514332205   0.1624657693  -0.0251271585  -0.0497773588
63 10   0.0061962931  -0.1889636836  -0.4426997615   0.4058951200   0.1471789861
63 11   0.0098726456  -0.0063823504  -0.0008759843   0.0135205678   0.1203001785
63 12   0.2608839464   0.2919997450   0.0995884965   0.0001158614   0.0001088263
63 13   0.0001090670  -0.0000945965  -0.0000914744
