$coord
    1.89571473149194      0.47388853677275     -0.20075425834081  c
    0.01853753955516     -1.17110207108429      0.67343888312247  c
    0.42460032706264     -3.75778958641659      0.75700905040605  c
    2.72011811101906     -4.75131258918415     -0.04455680406416  c
    4.60693916740855     -3.15048045932888     -0.93427562542341  c
    4.19085271354216     -0.56144094325532     -1.00830226194306  c
    1.50389991004577      3.25276992477559     -0.25882211146256  c
   -2.25764569059267     -0.28996088989204      1.61826319310156  o
   -0.36949310185618      4.37369281455160      0.41681968364224  o
    3.55092097189158      4.49649294325160     -1.16810072389338  o
   -3.91721159269338      0.65216826300337     -0.14167056638469  c
    3.08723062526844      6.26323623078763     -1.12721223569998  h
   -3.59643089607684      0.44554433337394     -2.37709003203296  o
   -6.08923678182731      1.92241728812326      1.15497677293207  c
   -1.06961751562251     -4.95721578851622      1.44843862369458  h
    3.02661522082378     -6.76543448704295      0.02137909777736  h
    6.38925139993204     -3.90977385845132     -1.56434167387467  h
    5.64479184786824      0.68743794915022     -1.68970301674950  h
   -6.76518744741764      0.77627510960122      2.71674555890951  h
   -7.58726568580932      2.26133200586300     -0.19844748271264  h
   -5.40738385401353      3.70925527391760      1.90620592899574  h
$user-defined bonds
$redundant
     number_of_atoms            21
     degrees_of_freedom         57
     internal_coordinates       57
     frozen_coordinates          0
# definitions of redundant internals
   1 k  1.0000000000000 stre   7    9           val=   2.28529
   2 k  0.7071068523722 bend  10    9    7      val=  -2.49057
       -0.7071067100009 bend   1    9    7
   3 k  1.0000000000000 outp   9    1   10    7 val=   0.40199
   4 k  1.0000000000000 tors  12   10    7    1 val= 179.77490
   5 k  1.0000000000000 stre  10   12           val=   1.82704
   6 k  1.0000000000000 bend   7   12   10      val= 104.99329
   7 k  1.0000000000000 stre  11   13           val=   2.26775
   8 k  0.7071067890844 bend   8   13   11      val=  -1.96487
       -0.7071067732886 bend  14   13   11
   9 k  1.0000000000000 outp  13   14    8   11 val=   0.04582
  10 k  1.0000000000000 stre   3   15           val=   2.03700
  11 k -0.7071067699821 bend   2   15    3      val=   1.43660
        0.7071067923910 bend   4   15    3
  12 k  1.0000000000000 outp  15    4    2    3 val=  -0.07572
  13 k  1.0000000000000 stre   4   16           val=   2.03838
  14 k -0.7071067467112 bend   3   16    4      val=   0.30788
        0.7071068156619 bend   5   16    4
  15 k  1.0000000000000 outp  16    5    3    4 val=  -0.17517
  16 k  1.0000000000000 stre   5   17           val=   2.03719
  17 k -0.7071067754452 bend   6   17    5      val=   0.25280
        0.7071067869279 bend   4   17    5
  18 k  1.0000000000000 outp  17    4    6    5 val=  -0.04531
  19 k  1.0000000000000 stre   6   18           val=   2.03419
  20 k  0.7071068348920 bend   5   18    6      val=   0.64821
       -0.7071067274811 bend   1   18    6
  21 k  1.0000000000000 outp  18    1    5    6 val=   0.13093
  22 k  0.5773502691896 tors  20   14   11    8 val=  74.27042
        0.5773502691896 tors  19   14   11    8
        0.5773502691896 tors  21   14   11    8
  23 k  1.0000000000000 stre  14   20           val=   2.04712
  24 k  1.0000000000000 stre  14   19           val=   2.05175
  25 k  1.0000000000000 stre  14   21           val=   2.05476
  26 k -0.4600608259286 bend  19   20   14      val=   0.11307
       -0.4005571457390 bend  21   20   14
       -0.3557131946628 bend  21   19   14
        0.3901023642504 bend  11   20   14
        0.4145255779662 bend  11   19   14
        0.4211351602564 bend  11   21   14
  27 k -0.0901802279014 bend  19   20   14      val=   0.06048
       -0.5151976820272 bend  21   20   14
        0.6659281008272 bend  21   19   14
       -0.4244902190554 bend  11   20   14
        0.3155822630965 bend  11   19   14
        0.0565201610340 bend  11   21   14
  28 k -0.7052011353700 bend  19   20   14      val=   0.99170
        0.5077432951356 bend  21   20   14
        0.2896791199899 bend  21   19   14
       -0.1373155071848 bend  11   20   14
       -0.2230179607712 bend  11   19   14
        0.3039433385018 bend  11   21   14
  29 k  0.1126766083219 bend  19   20   14      val=   0.91584
        0.3035129086426 bend  21   20   14
       -0.4205053627574 bend  21   19   14
       -0.6686650505018 bend  11   20   14
        0.4789711674431 bend  11   19   14
        0.2045306996817 bend  11   21   14
  30 k  0.3076760411859 bend  19   20   14      val=  -0.22028
       -0.2472447519299 bend  21   20   14
       -0.0706824124907 bend  21   19   14
       -0.1744480718147 bend  11   20   14
       -0.5311822985559 bend  11   19   14
        0.7256877557385 bend  11   21   14
  31 k  0.7071067811865 tors  10    7    1    2 val=  90.27221
        0.7071067811865 tors  10    7    1    6
  32 k  1.0000000000000 stre   7   10           val=   2.56202
  33 k  1.0000000000000 bend   1   10    7      val= 112.11108
  34 k  1.0000000000000 tors  14   11    8    2 val= 189.41379
  35 k  1.0000000000000 stre  11   14           val=   2.83064
  36 k  1.0000000000000 bend   8   14   11      val= 110.05045
  37 k  1.0000000000000 stre   1    7           val=   2.80697
  38 k  0.7071069793809 bend   2    7    1      val=   0.70341
       -0.7071065829922 bend   6    7    1
  39 k  1.0000000000000 outp   7    6    2    1 val=  -0.51631
  40 k  0.7071067811865 tors  11    8    2    1 val= 161.19932
        0.7071067811865 tors  11    8    2    3
  41 k  1.0000000000000 stre   8   11           val=   2.59598
  42 k  1.0000000000000 bend   2   11    8      val= 115.68451
  43 k  1.0000000000000 stre   2    8           val=   2.61727
  44 k -0.7070571084252 bend   3    8    2      val=   2.36222
        0.7071564504587 bend   1    8    2
  45 k  1.0000000000000 outp   8    1    3    2 val=  -3.08158
  46 k  1.0000000000000 stre   1    2           val=   2.64462
  47 k  1.0000000000000 stre   2    3           val=   2.61970
  48 k  1.0000000000000 stre   3    4           val=   2.62659
  49 k  1.0000000000000 stre   4    5           val=   2.62952
  50 k  1.0000000000000 stre   5    6           val=   2.62331
  51 k  1.0000000000000 stre   6    1           val=   2.64418
  52 k -0.2886751345948 bend   1    3    2      val=  -0.64909
       -0.2886751345948 bend   2    4    3
        0.5773502691896 bend   3    5    4
       -0.2886751345948 bend   4    6    5
       -0.2886751345948 bend   5    1    6
        0.5773502691896 bend   6    2    1
  53 k  0.5000000000000 bend   1    3    2      val=  -0.05690
       -0.5000000000000 bend   2    4    3
        0.5000000000000 bend   4    6    5
       -0.5000000000000 bend   5    1    6
  54 k -0.4082482904639 bend   1    3    2      val=  -0.67140
        0.4082482904639 bend   2    4    3
       -0.4082482904639 bend   3    5    4
        0.4082482904639 bend   4    6    5
       -0.4082482904639 bend   5    1    6
        0.4082482904639 bend   6    2    1
  55 k -0.2886751345948 tors   2    3    4    5 val=  -0.10330
       -0.2886751345948 tors   3    4    5    6
        0.5773502691896 tors   4    5    6    1
       -0.2886751345948 tors   5    6    1    2
       -0.2886751345948 tors   6    1    2    3
        0.5773502691896 tors   1    2    3    4
  56 k  0.5000000000000 tors   2    3    4    5 val=  -0.29714
       -0.5000000000000 tors   3    4    5    6
        0.5000000000000 tors   5    6    1    2
       -0.5000000000000 tors   6    1    2    3
  57 k -0.4082482904639 tors   2    3    4    5 val=  -0.11653
        0.4082482904639 tors   3    4    5    6
       -0.4082482904639 tors   4    5    6    1
        0.4082482904639 tors   5    6    1    2
       -0.4082482904639 tors   6    1    2    3
        0.4082482904639 tors   1    2    3    4
        57 non zero eigenvalues  of BmBt
           1          10.899292610    1    0
         1
           2           5.386782499    2    0
         2
           3           5.084221700    3    0
         3
           4           4.478038747    4    0
         4
           5           4.389608811    5    0
         5
           6           4.277329977    6    0
         6
           7           3.797962172    7    0
         7
           8           3.687290228    8    0
         8
           9           3.673761257    9    0
         9
          10           3.646289979   10    0
        10
          11           3.549227071   11    0
        11
          12           3.322605654   12    0
        12
          13           3.025227605   13    0
        13
          14           2.956449933   14    0
        14
          15           2.788371588   15    0
        15
          16           2.720988899   16    0
        16
          17           2.539406993   17    0
        17
          18           2.440452982   18    0
        18
          19           2.183454477   19    0
        19
          20           2.017523883   20    0
        20
          21           1.844579571   21    0
        21
          22           1.798289662   22    0
        22
          23           1.686269957   23    0
        23
          24           1.480422345   24    0
        24
          25           1.265915591   25    0
        25
          26           1.203243669   26    0
        26
          27           1.068576172   27    0
        27
          28           0.992092208   28    0
        28
          29           0.886118330   29    0
        29
          30           0.767184284   30    0
        30
          31           0.712957900   31    0
        31
          32           0.705390556   32    0
        32
          33           0.693839040   33    0
        33
          34           0.616789096   34    0
        34
          35           0.568863639   35    0
        35
          36           0.443929541   36    0
        36
          37           0.382504132   37    0
        37
          38           0.371047525   38    0
        38
          39           0.335856656   39    0
        39
          40           0.324900358   40    0
        40
          41           0.288412145   41    0
        41
          42           0.283841420   42    0
        42
          43           0.275327851   43    0
        43
          44           0.265005451   44    0
        44
          45           0.260894211   45    0
        45
          46           0.228205773   46    0
        46
          47           0.200312629   47    0
        47
          48           0.133745294   48    0
        48
          49           0.120535642   49    0
        49
          50           0.103991048   50    0
        50
          51           0.087028186   51    0
        51
          52           0.054210596   52    0
        52
          53           0.048558001   53    0
        53
          54           0.035075397   54    0
        54
          55           0.025798014   55    0
        55
          56           0.009988584   56    0
        56
          57           0.008203730   57    0
        57
$end
