$energy      SCF               SCFKIN            SCFPOT            RIRPA
     1 -645.0857513232      0.00000000      0.00000000     -4.837827867399
     2 -645.0899979413      0.00000000      0.00000000     -4.834271605645
     3 -645.0956846514      0.00000000      0.00000000     -4.827611090971
     4 -645.0945968976      0.00000000      0.00000000     -4.829431091056
     5 -645.0926796004      0.00000000      0.00000000     -4.832088428454
     6 -645.0923890950      0.00000000      0.00000000     -4.832399110346
     7 -645.0923911606      0.00000000      0.00000000     -4.832400933070
     8 -645.0924752677      0.00000000      0.00000000     -4.832320043871
     9 -645.0924301261      0.00000000      0.00000000     -4.832368299578
    10 -645.0923978438      0.00000000      0.00000000     -4.832405982127
    11 -645.0924496902      0.00000000      0.00000000     -4.832357052240
    12 -645.0923705562      0.00000000      0.00000000     -4.832438650687
    13 -645.0923925524      0.00000000      0.00000000     -4.832418149272
    14 -645.0923890698      0.00000000      0.00000000     -4.832421999225
    15 -645.0923865579      0.00000000      0.00000000     -4.832424290523
    16 -645.0923867497      0.00000000      0.00000000     -4.832424160820
    17 -645.0923873540      0.00000000      0.00000000     -4.832423544913
$end
