$hessapprox internal
  0.979543977736D+00 -0.536437828811D-02  0.455379671818D+00 -0.105996707671D-01
 -0.453846964021D-02  0.191355692692D+00 -0.472021641610D-03  0.370664166476D-03
 -0.783702031336D-02  0.285582967058D-01 -0.858764808717D-02 -0.376565471394D-02
  0.110003235132D-02 -0.934058849076D-03  0.579308873937D+00  0.167161111792D-01
  0.113528104439D-02 -0.253508263197D-02 -0.528808369148D-03  0.356265455445D-02
  0.361961892804D+00 -0.779996563038D-01 -0.157739188476D-02 -0.115883760589D-01
 -0.130279505970D-02 -0.512816122076D-02  0.477762985116D-02  0.102732653053D+01
  0.191935575794D-01 -0.189025174526D-02  0.580386942096D-02  0.915159516401D-03
  0.541293313355D-03 -0.271112353876D-02  0.199491221330D-01  0.452429148643D+00
 -0.139071715201D-01 -0.237605513087D-02 -0.106190236027D-01  0.163237165759D-03
 -0.170238072197D-02  0.213123128202D-02 -0.124514400656D-01 -0.250007483691D-02
  0.199708501419D+00 -0.143018334003D-02 -0.343114001467D-02  0.604650346178D-03
 -0.184108738699D-03 -0.583166305100D-02  0.133762511736D-02  0.895902594917D-03
 -0.131039523645D-02 -0.918407052251D-03  0.429149205308D+00 -0.506767116377D-02
 -0.507734128735D-02  0.516691633816D-02 -0.154913648806D-04 -0.187627741258D-02
  0.145967767547D-01  0.537242242910D-02 -0.104276665157D-02 -0.363075222153D-02
 -0.173435497706D-02  0.355687336116D+00  0.119155196599D-02  0.808605126331D-03
 -0.730488640663D-02  0.513384365057D-02 -0.959451653710D-03  0.631866201367D-04
  0.238657574325D-03 -0.228974835247D-02 -0.343730528703D-02  0.118059668374D-03
 -0.334873316062D-02  0.926726128482D-01 -0.204092023496D-02 -0.316417959225D-02
 -0.307835282438D-03 -0.123498737505D-03 -0.559138704938D-02  0.123817674373D-02
 -0.341955081647D-04 -0.136920869963D-02 -0.414483336446D-03 -0.596435364019D-02
 -0.166991183622D-02  0.774180614002D-03  0.428690384721D+00 -0.138426771189D-02
 -0.170089504356D-03 -0.770736026936D-03 -0.764262122165D-04 -0.277634488973D-03
 -0.395081678515D-03 -0.161170309351D-02  0.136855668223D-03 -0.253181667882D-03
 -0.126554579164D-03  0.261854258908D-03  0.126742640988D-03 -0.132287119668D-03
  0.368125653687D+00  0.679450861815D-02  0.218136945464D-02 -0.537269453966D-02
  0.105918444934D-02  0.275039848386D-02 -0.457681398827D-02  0.675346258137D-02
 -0.175167675370D-02  0.270703634333D-02  0.840190926279D-03  0.236066934893D-02
 -0.215381209004D-01  0.781468873331D-03 -0.697533309364D-04  0.879618741398D-01
 -0.147198413223D-02 -0.314692862580D-02  0.293598646344D-04 -0.204755911560D-03
 -0.560209357349D-02  0.653262140507D-03  0.283182030536D-03 -0.121781004299D-02
 -0.466340535831D-03 -0.604734726541D-02 -0.977074115602D-03  0.371244137212D-03
 -0.576589859730D-02 -0.157444408141D-03  0.766807533686D-03  0.429307433208D+00
 -0.369276481350D-02 -0.107787548815D-02 -0.179173511687D-03  0.167758092674D-04
 -0.579967290370D-03  0.271517232027D-02 -0.189942874633D-02  0.270519448484D-03
 -0.975818105258D-03 -0.271408861178D-03 -0.243566823297D-02 -0.154282460867D-03
 -0.256825987006D-03 -0.372696830769D-04  0.319070446459D-03 -0.156853352906D-03
  0.367990461510D+00  0.228362672873D-02 -0.558026171581D-02  0.461391600841D-02
  0.895237286261D-03 -0.130954477770D-02 -0.694668185114D-02  0.133191365652D-02
  0.252233787127D-02 -0.483630579398D-02 -0.298667374224D-02  0.573792936894D-02
 -0.372755014196D-02 -0.382359529684D-02 -0.579088071773D-03  0.226889784080D-01
 -0.325993984970D-02  0.321670996937D-03  0.940611186719D-01 -0.525119212104D-02
 -0.365164308059D-02 -0.373034243943D-03  0.527530648831D-03 -0.619866813546D-02
  0.234791101736D-02 -0.286035921303D-02 -0.234817795964D-03 -0.115993155353D-02
 -0.606657522052D-02 -0.199144955444D-02  0.801829352484D-03 -0.582075289563D-02
 -0.163073242870D-03  0.479099573779D-03 -0.587749076844D-02 -0.414290501722D-03
 -0.224751976911D-02  0.432444273573D+00 -0.219348065828D-02 -0.312286407732D-02
  0.211809057289D-02  0.412132294143D-03 -0.133334477526D-02  0.446010144788D-02
  0.140956421082D-02 -0.515839828387D-03 -0.270914233349D-02 -0.111715418642D-02
 -0.501198190675D-02 -0.122879112906D-02 -0.112524824339D-02  0.838465321996D-04
 -0.356192352364D-03 -0.822324045245D-03 -0.931063052902D-03  0.146617584133D-02
 -0.103950898314D-02  0.366142767269D+00 -0.234503738933D-02 -0.496364896815D-02
  0.151863345640D-01 -0.947965170225D-02 -0.133539026953D-02 -0.337068375936D-02
 -0.322167811801D-02 -0.199339260156D-03 -0.171325017347D-04 -0.286604051313D-02
  0.273287303244D-02  0.260964815523D-02 -0.318090438619D-02 -0.360383118002D-03
 -0.497969119868D-02 -0.300079653440D-02  0.779420059747D-04  0.252559997964D-01
 -0.304372441937D-02 -0.895082982730D-04  0.961720155964D-01  0.347543706365D-03
 -0.135299312980D-02  0.158378228003D-02 -0.383842520918D-04 -0.550738481790D-03
  0.239136785520D-02  0.230808068373D-02 -0.573496338704D-03 -0.783906173103D-03
 -0.650522853280D-03 -0.241559784867D-02 -0.106638707489D-02 -0.660483118198D-03
  0.415030377686D-04  0.258226360792D-03 -0.496136006845D-03 -0.425482871678D-03
  0.148333167124D-02 -0.592038647176D-03 -0.905462777185D-03  0.593682703542D-03
  0.821878239749D-02  0.211499950356D-04 -0.222311272381D-02 -0.442176715223D-03
 -0.176554569978D-03 -0.514556172599D-02 -0.748185768309D-03  0.422633662379D-03
 -0.153053434210D-02  0.103665419811D-02 -0.553833239429D-02  0.525609147570D-03
  0.552337420693D-03 -0.525364948665D-02 -0.167724057633D-03  0.438709028511D-03
 -0.544662464516D-02  0.162977381492D-03 -0.317217263996D-02 -0.525187164340D-02
 -0.127414412805D-03 -0.250351443690D-02 -0.208754864127D-03  0.422035350599D+00
 -0.712905720647D-02 -0.333586594968D-02 -0.165802442973D-02 -0.289115583637D-03
 -0.630944228777D-02 -0.348636506461D-03 -0.647696926942D-02  0.378260081774D-03
 -0.108528917824D-02 -0.606397990115D-02  0.499980112481D-03  0.718746518515D-03
 -0.585607031656D-02 -0.303872059248D-03  0.985481725924D-04 -0.603475426425D-02
 -0.104891767714D-03 -0.444584128258D-02 -0.604262255823D-02 -0.213427770872D-03
 -0.336209133972D-02 -0.101932183291D-03 -0.556464908872D-02  0.416554938208D+00
  0.783424681182D-03 -0.350184518244D-02  0.152011723478D-02  0.989772510100D-04
 -0.604597500237D-02  0.448189110104D-02  0.553039587568D-02 -0.243275976712D-02
 -0.153486370187D-02 -0.652641562525D-02 -0.526099672269D-02  0.898971347749D-03
 -0.613644516957D-02  0.596226434733D-04  0.143544646028D-02 -0.612815661874D-02
 -0.727540530700D-03 -0.278718710649D-02 -0.637281613383D-02 -0.243264787774D-02
 -0.341826709604D-02 -0.141882613014D-02 -0.539880235646D-02 -0.551760076729D-02
  0.413583917500D+00  0.155922278904D-01  0.396505756135D-02  0.442342825408D-03
 -0.404301224266D-03  0.244014088728D-02 -0.779419633723D-02  0.106841001674D-01
 -0.260058086378D-02  0.422935868700D-02  0.934707609677D-03  0.644325830866D-02
  0.107336673649D-02  0.101755770015D-02  0.847902888923D-04 -0.216566969435D-03
  0.648966610336D-03  0.160433622632D-02 -0.111486832315D-02  0.142983649167D-02
  0.244176348640D-02  0.211249064379D-03  0.928759266013D-03 -0.464581389791D-03
  0.893806383859D-03  0.202968098032D-02  0.323607947392D+00  0.998082367347D-02
  0.146207213578D-02  0.630394971037D-03 -0.399508539831D-03  0.738225621842D-03
 -0.876521573991D-02  0.486981405840D-02 -0.109730767484D-02  0.848566231091D-03
 -0.736541530714D-04  0.707261586320D-02 -0.240558816729D-04 -0.205603050199D-03
 -0.133948616707D-03 -0.174124350108D-02 -0.438721097817D-03  0.139817374146D-02
 -0.114530338272D-02  0.445681991891D-03  0.269687333151D-02 -0.621320663687D-03
  0.121962485038D-02 -0.133385186470D-02 -0.628796982627D-03  0.130614484968D-02
 -0.460447982291D-02  0.318451449377D+00 -0.933801519710D-03  0.335946542322D-02
 -0.355775708275D-02 -0.117897816100D-03  0.131911912106D-02 -0.493663871494D-02
 -0.538727854114D-02  0.125933140507D-02  0.297098041694D-02  0.149951760195D-02
  0.568958600769D-02  0.196521579374D-02  0.152655714469D-02 -0.985612841704D-04
 -0.180084656321D-03  0.115996235164D-02  0.998414625171D-03 -0.269035394776D-02
  0.135001412879D-02  0.223532089750D-02 -0.613304003354D-03  0.108313494517D-02
  0.502996652594D-03  0.266148682409D-03  0.313883568108D-02 -0.227672737408D-02
 -0.280935845053D-02  0.316695723942D+00  0.747640475085D-02  0.112100217617D-02
  0.554579453600D-03 -0.182843001140D-03  0.539607113937D-03 -0.476767638094D-02
  0.504235478460D-02 -0.103993074856D-02  0.618623032055D-03 -0.144440757458D-03
  0.352932503864D-02 -0.152360046548D-03 -0.189592224929D-03 -0.269160657439D-04
 -0.505852107655D-03 -0.321271738981D-03  0.777206548513D-03 -0.702691854186D-03
  0.150886687366D-03  0.127975724982D-02 -0.552271493264D-03  0.533336599089D-03
 -0.856999550347D-03 -0.297857126968D-03  0.546305872810D-03 -0.259900314011D-02
 -0.231925784102D-02 -0.127696404616D-02  0.333744070637D+00  0.217117722880D-01
  0.141746192386D-01 -0.661666328682D-02 -0.183335097236D-02  0.785314771812D-02
 -0.266173084963D-01  0.283687497378D-02 -0.813319214502D-04  0.114734331660D-01
  0.581948111445D-02  0.258378666622D-01  0.400030789366D-02  0.566089622075D-02
 -0.339078959501D-03 -0.330263764798D-03  0.439158824040D-02  0.497512573049D-02
 -0.611584132014D-02  0.607640698850D-02  0.991513705059D-02 -0.579632913023D-03
  0.459229746670D-02  0.742055100650D-03  0.224542338824D-02  0.119544259435D-01
 -0.141234971918D-01 -0.142770675607D-01 -0.110221225905D-01 -0.714427314224D-02
  0.286525570014D+00  0.239517251853D-02 -0.264136751887D-02  0.417843378939D-02
 -0.176906632685D-02  0.184902527397D-02  0.108159120699D-03  0.253728200746D-02
 -0.474540050940D-03 -0.484503522958D-02  0.106686385986D-02  0.380455777557D-03
  0.520373457576D-03  0.842340208492D-03 -0.465716710747D-03 -0.820750570641D-03
  0.987460517220D-03 -0.300180441846D-03  0.366463715739D-02  0.113986682740D-02
  0.521940608894D-03  0.184959338952D-02  0.154810029782D-03  0.547081837958D-03
  0.114180243838D-02  0.647543663923D-03 -0.640829552861D-03  0.849051548162D-04
 -0.384532691450D-03 -0.229700577893D-03 -0.231905279240D-02  0.875611728913D-02
  0.299775310043D-01  0.494892694356D-02  0.655823151507D-02 -0.186682589483D-02
  0.302934499975D-02 -0.995030188577D-02  0.251791150855D-01 -0.520057466651D-02
  0.674678018154D-02 -0.960721548879D-03  0.873337760283D-02 -0.216072677668D-02
 -0.766890438821D-03  0.347658865939D-03  0.280734269795D-02 -0.118404383420D-02
  0.250787197007D-02  0.129830307660D-02 -0.223218044734D-03  0.286018115979D-02
  0.259140057884D-02  0.108731353272D-02 -0.284060474259D-02 -0.444966247232D-03
 -0.211192581690D-03 -0.788474903541D-02 -0.678598768261D-02 -0.259058551891D-02
 -0.396778835352D-02 -0.174179418814D-01  0.172786801063D-02  0.604603493068D+00
 -0.233593545706D-01 -0.143669227373D-02 -0.452649997070D-02 -0.601771174482D-02
  0.187840299196D-02  0.471892371452D-02 -0.163296549719D-01  0.380026382138D-02
 -0.622627159692D-02  0.158345793652D-02 -0.570270026592D-02 -0.454656861732D-02
  0.143492596687D-02 -0.538518257860D-03  0.855955946750D-02  0.169871384128D-02
 -0.222411187115D-02 -0.647839880682D-02 -0.117799256381D-02 -0.425311970118D-02
 -0.413930073438D-03 -0.102298580161D-02  0.257985064659D-02 -0.996097410924D-03
  0.269336639536D-02  0.981581748492D-02  0.460023573510D-02  0.268776531838D-02
  0.401714685141D-02  0.222778515073D-01 -0.148276895095D-02  0.216446922117D-01
  0.404228370974D+00 -0.699198353593D-02 -0.144736548720D-02  0.119293853559D-01
 -0.139522128491D-02  0.374987046268D-03 -0.123781685047D-02 -0.486214553625D-02
  0.108769763032D-01 -0.264052891996D-01  0.146794411627D-02  0.313454378037D-02
  0.462943949559D-03  0.204906251869D-03 -0.179809316098D-03 -0.844365608731D-03
  0.682156755429D-03 -0.164012765361D-03  0.549279950183D-02  0.931890965443D-04
  0.199972089543D-02 -0.143290324116D-02  0.111535165628D-02 -0.871823947378D-03
 -0.123894157120D-02  0.410846040653D-02  0.122626325078D-02  0.261730894594D-02
 -0.409826463408D-02  0.246420417900D-02 -0.333733686286D-02  0.733791455583D-02
  0.451550043917D-02  0.398753943293D-03  0.594868355919D-01  0.281081349978D-01
 -0.199810727103D-02  0.685385831823D-02  0.524108808871D-03 -0.169749704127D-02
  0.179586399517D-02  0.313361888572D-01 -0.991139516846D-02  0.446980982702D-02
 -0.467694958323D-02 -0.582845403807D-02 -0.151482216082D-03 -0.393915295372D-02
  0.638796296211D-03  0.509194284434D-03 -0.402659056056D-02  0.211108813301D-03
 -0.550422145588D-04 -0.324330255871D-02 -0.271369998854D-02  0.169762978991D-03
 -0.197248316170D-02 -0.371955245191D-02 -0.966455182835D-03 -0.744315282095D-02
 -0.240823102062D-02 -0.108741738036D-02  0.466215318475D-02 -0.159240727570D-02
  0.836560172547D-02  0.102898411976D-03 -0.881356343503D-02  0.110239312611D-01
  0.317084018890D-02  0.390804079607D+00 -0.178853784278D-01 -0.952620514034D-03
 -0.366710188917D-02 -0.105094332817D-02 -0.779863179996D-03  0.277774225338D-02
 -0.182585298943D-01  0.183267264908D-02  0.208535188278D-02  0.112642887935D-02
 -0.504550435419D-03  0.609759759434D-03  0.113765500920D-02 -0.259890739045D-03
  0.566916911040D-03  0.119369492196D-02 -0.602508003502D-03  0.181648069910D-03
  0.537588732597D-03 -0.148002850839D-03  0.190837206866D-02  0.294822519963D-03
  0.180148653167D-02  0.380157955019D-03  0.122028486146D-02  0.252862246950D-02
  0.160126693801D-02 -0.224365395537D-03  0.902816495172D-03  0.211861650236D-02
  0.124216704497D-03  0.507579602814D-02 -0.718575143538D-02 -0.117166524694D-01
  0.734947177911D-02  0.394723203231D+00  0.434897360433D-01  0.111619604135D-02
  0.956308095471D-02 -0.612482191881D-03  0.260342005977D-02 -0.660452956481D-02
  0.412761677154D-01 -0.110568524948D-01  0.666824389666D-02 -0.237664795927D-02
  0.202881528127D-02 -0.122301943356D-02 -0.182849907438D-02  0.607372739920D-03
 -0.117508709472D-02 -0.210324522369D-02  0.183435736495D-02  0.570271357595D-03
 -0.564212633754D-03  0.479975740482D-03  0.158310121544D-02 -0.528437041212D-03
 -0.310614055646D-02  0.876406268735D-03 -0.400177738803D-02 -0.792248863996D-02
 -0.542449199389D-02  0.128793939422D-02 -0.405798222899D-02 -0.859591063036D-02
  0.685121088141D-03 -0.153731751791D-01  0.185212703378D-01  0.753759769545D-02
 -0.181043172260D-01  0.902648415072D-02  0.405443398842D+00 -0.922090656445D-02
 -0.583397886460D-02  0.520583361316D-02  0.397118844866D-02 -0.284519785934D-03
  0.113523947899D-01 -0.834922671732D-02  0.364348647847D-02 -0.144296222992D-02
  0.148462492068D-02 -0.338236782512D-02  0.203902638030D-03  0.104347912842D-02
 -0.265741787529D-03 -0.930224908637D-02  0.167809554064D-02 -0.102487758976D-02
  0.134344434866D-01  0.278186195257D-02  0.173770186928D-02  0.474560074665D-02
  0.397298647482D-03  0.219883806607D-02  0.302441004336D-02 -0.179864793955D-02
 -0.668868726911D-03  0.423177792126D-02 -0.883612950560D-03  0.928411317295D-03
 -0.375182189280D-02  0.275139213570D-02 -0.109869515416D-02 -0.229560446629D-01
 -0.196681896149D-02  0.136272997600D-02  0.137735722834D-02  0.428436491614D-02
  0.428248924469D+00  0.622909051794D-02  0.103106898498D-01 -0.156631489351D-01
  0.607412974107D-03  0.256085818767D-03 -0.499604074982D-02  0.788911686499D-02
 -0.526508389463D-02  0.210799634938D-01 -0.111283521417D-02 -0.366573910352D-02
  0.646244231768D-02 -0.926836046415D-04  0.498184343534D-03  0.264687647096D-02
 -0.899270161431D-03  0.144002289790D-03 -0.449231479620D-02 -0.140361847444D-02
 -0.494080834476D-02  0.164746801839D-01 -0.218464332035D-02  0.235727638925D-04
 -0.927316528506D-03 -0.370440526123D-03  0.314133512834D-02 -0.336077854742D-02
  0.517311822409D-02 -0.228091756836D-03  0.150630680028D-01 -0.132144581628D-01
  0.349367733099D-02  0.172861871572D-01 -0.217271784101D-01 -0.159356995372D-02
 -0.135451848539D-02 -0.713031736980D-02 -0.362103316032D-01  0.145981776826D+00
 -0.255857914390D-02 -0.324483771921D-02  0.134533097740D-01  0.411132344041D-03
  0.211756865590D-02  0.422028134174D-02 -0.263912849541D-02  0.816240547747D-02
 -0.140539505601D-01  0.212688302176D-02  0.250257975784D-02  0.108650668221D-03
  0.143233937225D-02  0.369979300010D-03 -0.220548784097D-02  0.180742691463D-02
  0.370211948922D-03  0.908851287985D-02  0.198671162921D-02  0.256278039334D-02
  0.829045457336D-03  0.137446782654D-02  0.127809523444D-02  0.122312296686D-02
  0.188252374690D-02 -0.566469070052D-03  0.278873192597D-02 -0.372552234215D-02
  0.109653784276D-02 -0.686655073632D-02  0.123587628900D-01 -0.558665759396D-03
 -0.817339977667D-02  0.164031120203D-01  0.324578554580D-02 -0.267879728761D-02
  0.678048049209D-02  0.190439611852D-01 -0.421902640456D-01  0.329715406397D-01
  0.397466523763D-01  0.302885373907D-02  0.844501028758D-02 -0.393028279160D-03
  0.293167886916D-02 -0.991636931410D-02  0.327952259180D-01 -0.718727502534D-02
  0.102389623377D-01 -0.177907648566D-02  0.102227384312D-01 -0.110526152386D-02
 -0.151531297547D-02  0.281068149662D-03 -0.171479164530D-02 -0.200220064449D-02
  0.301807699825D-02  0.500986345295D-02  0.233850416064D-03  0.450969737906D-02
  0.544040054275D-02  0.146507344597D-02 -0.369356881828D-02 -0.276754630279D-03
 -0.221474489527D-02 -0.113172038551D-01 -0.823177009055D-02 -0.331400489819D-02
 -0.564668837582D-02 -0.252249378131D-01  0.231140804309D-02 -0.188621950048D-01
  0.167182704330D-01 -0.438418833002D-03 -0.120042639080D-01  0.964549099478D-02
 -0.206335854992D-01  0.122627697176D-01 -0.804292487663D-02  0.610595305271D-02
  0.551874424453D+00 -0.247106706760D-01 -0.915301837926D-02 -0.941658076624D-02
  0.194465813059D-02  0.172419857677D-02  0.661454080120D-02 -0.203202692399D-01
  0.221276569559D-02 -0.665186916619D-02  0.252204655882D-02 -0.822165801922D-02
  0.239367852638D-02  0.234838097494D-02 -0.131874781120D-02 -0.331285099309D-02
  0.282460871673D-02 -0.306486592138D-02  0.105514954324D-02  0.226151582993D-02
 -0.353601100654D-02 -0.249401305389D-02 -0.128741747554D-02  0.420797438780D-02
  0.174469806888D-02  0.115896600182D-02  0.793751590337D-02  0.507166746256D-02
  0.369275638643D-02  0.300409453302D-02  0.173823192800D-01 -0.554854589253D-02
  0.186337089298D-01 -0.250389444067D-01 -0.550974773298D-02  0.103468102622D-01
 -0.530884853553D-02  0.172329803608D-01  0.335998860737D-02 -0.433155623419D-02
  0.134171493834D-01  0.265748291810D-01  0.384642599839D+00  0.307920478108D-01
  0.419852523217D-02  0.528227939231D-02  0.239308598912D-03  0.104205943035D-02
 -0.715453357782D-02  0.260157024369D-01 -0.676623488540D-02  0.942144441992D-02
 -0.207517275380D-02  0.673876948405D-02  0.136533467231D-02 -0.164801659227D-02
  0.515927768853D-03  0.137316929507D-02 -0.210423925950D-02  0.243322609600D-02
  0.255841849335D-02 -0.681807219069D-03  0.275258815193D-02  0.145289000768D-02
  0.740358031412D-03 -0.334695577014D-02 -0.475129786454D-03 -0.226434313358D-02
 -0.842826032670D-02 -0.629228576211D-02 -0.176198169275D-02 -0.423849599460D-02
 -0.167440150396D-01  0.192501701527D-02 -0.160198168809D-01  0.176729336851D-01
 -0.708747266166D-03 -0.111968795156D-01  0.793180442135D-02 -0.181193120479D-01
  0.464151866441D-02 -0.181521128965D-02 -0.153134578464D-04 -0.197705734297D-01
  0.228330383580D-01  0.534901559732D+00 -0.210868533680D-01 -0.717668544759D-02
 -0.528324260223D-02  0.350646380461D-03 -0.113676533683D-02  0.617887483943D-03
 -0.252732380431D-01  0.399598317670D-02 -0.243993145278D-02  0.108604808771D-02
  0.491584474034D-02 -0.114886803239D-02  0.283492242867D-03 -0.211673742591D-02
 -0.992189650516D-02  0.606421729270D-03 -0.107599886492D-02  0.780421519719D-02
  0.185278854796D-02  0.453949099299D-02  0.391070682199D-02  0.182204470695D-02
  0.124805620936D-03 -0.508142033720D-03  0.102116537385D-02 -0.210190796399D-02
 -0.413118082262D-03 -0.399173347901D-02 -0.830201018250D-03 -0.170029763071D-01
 -0.708773919180D-02  0.386062959567D-02 -0.247680950222D-01 -0.391667836664D-02
  0.107584409853D-01 -0.161952215365D-02  0.107963382046D-01  0.181355063770D-01
 -0.235389524294D-01  0.272688856303D-01  0.129538973561D-01 -0.196166803912D-01
  0.107840350421D-01  0.394943334796D+00  0.322692477420D-02 -0.120518981011D-02
  0.327461846974D-02 -0.457752730528D-02  0.140515865972D-02  0.185945769665D-02
  0.259650833071D-02 -0.752640215993D-02 -0.824834098133D-02  0.115939960212D-02
 -0.358804661315D-02  0.274899592096D-01  0.195341071999D-02  0.875769959104D-04
 -0.415701441565D-03  0.162044582598D-02 -0.332617816221D-03 -0.242740959846D-02
  0.316569811564D-03 -0.130557335335D-02 -0.119576412829D-02 -0.909654684432D-03
  0.137148921815D-02  0.230629433461D-02  0.169396772859D-02  0.104508042678D-02
  0.903584250764D-03  0.215157987919D-02 -0.308289082468D-03  0.499084775586D-02
  0.625769532276D-02  0.478133058815D-03  0.642715389732D-02  0.628461935352D-02
 -0.758466967549D-03  0.603823115933D-02  0.827183977167D-03 -0.384647198201D-02
 -0.388927870645D-01  0.146463797102D-01 -0.620302561908D-03 -0.553297180462D-02
  0.315398436505D-02 -0.723403780069D-02  0.138903894167D+00 -0.945302656500D-03
 -0.167041264587D-02  0.103983230415D-02  0.167441325919D-02 -0.176761348763D-02
 -0.317282667134D-02 -0.678044397342D-02  0.103048685074D-02  0.259239591244D-02
 -0.155836160914D-02  0.715279977312D-02  0.170177356291D-02 -0.162416884154D-02
 -0.460096071924D-03 -0.561151204271D-02 -0.180635497518D-02  0.113589551629D-02
  0.364673662600D-02 -0.502470899284D-03  0.408583065276D-02  0.716891588101D-03
  0.161850244736D-02 -0.253103317371D-02 -0.192778494999D-02 -0.128197802236D-02
 -0.519798234481D-02 -0.328470688491D-02 -0.372946981987D-02 -0.249439180025D-02
 -0.186207152590D-01  0.192639687524D-02 -0.823110241546D-02 -0.520797470912D-02
 -0.306741620620D-02  0.113191114119D-02  0.239120127030D-02 -0.154576954294D-02
  0.178786556581D-01 -0.190273535989D-01  0.119325381019D-01 -0.216877142804D-02
  0.110251857362D-01 -0.464560368730D-02  0.679227859465D-02  0.865041400293D-03
  0.593532276353D+00 -0.217265920195D-01 -0.598310335915D-02  0.213831153986D-03
 -0.115555363144D-03 -0.582016841444D-02  0.111983259364D-01 -0.144271582813D-01
  0.304546549511D-02 -0.455767971618D-02 -0.459559773185D-02 -0.731692448638D-02
 -0.105767425335D-02 -0.460120382884D-02 -0.422550417671D-03  0.211536140773D-02
 -0.416213320265D-02 -0.204534362986D-02  0.285099385722D-02 -0.531962087077D-02
 -0.272513170085D-02 -0.442918148595D-03 -0.112216623099D-02 -0.297903079978D-02
 -0.481178620495D-02 -0.596841487827D-02  0.620095080969D-02  0.507992210761D-02
  0.266474039780D-02  0.287833957643D-02  0.171998130252D-01  0.997544876120D-03
  0.960907261173D-02 -0.825044792973D-02 -0.105166877039D-03  0.131357304645D-02
 -0.300543262751D-02  0.948599478600D-02  0.551084217741D-05 -0.477446802150D-02
  0.435928183736D-02  0.127678947757D-01 -0.748845143731D-02  0.883183027719D-02
 -0.237100995372D-02  0.485262043915D-04  0.327057695781D-02  0.607883110348D+00
 -0.126783367142D-02  0.175941046664D-02 -0.273652635386D-02 -0.117309128219D-02
 -0.242580370830D-02 -0.104286271245D-01 -0.735074042169D-02  0.759275215001D-03
  0.154154869065D-02 -0.276618720626D-02  0.100162791188D-01  0.109005443163D-02
 -0.273454133452D-02 -0.454831020164D-03  0.789459016356D-03 -0.325787102532D-02
  0.162858426622D-02 -0.482316389075D-02 -0.281766502098D-02  0.320513906120D-02
 -0.259014721401D-02  0.164458589065D-02 -0.426486282219D-02 -0.485228536810D-02
  0.398202615684D-04 -0.386974639454D-02 -0.550467234512D-02 -0.382255889384D-02
 -0.261524036645D-02 -0.160361966873D-01  0.439521845218D-03 -0.532184444369D-02
  0.773611694909D-02 -0.121642998443D-02  0.267907282799D-02 -0.595530005916D-04
 -0.114701243850D-02  0.940554967372D-03  0.492402107384D-02 -0.393929489064D-03
 -0.747957472602D-02  0.650263311967D-02 -0.546229699586D-02 -0.719902938114D-02
  0.278659434345D-02 -0.886915854371D-02  0.184565755279D-02  0.598801399993D+00
 -0.121459863641D-01 -0.408798976919D-02  0.196218001410D-02 -0.101020246797D-02
 -0.609217296898D-02  0.643291092397D-02 -0.604973737099D-02  0.642210954318D-03
 -0.382433220804D-02 -0.554563825046D-02 -0.571068300770D-02 -0.196956706661D-02
 -0.537394758435D-02 -0.681842560986D-04  0.416554458283D-02 -0.517824431721D-02
 -0.123816264951D-02 -0.430957596577D-03 -0.614391962516D-02 -0.295605852784D-02
 -0.963647380673D-03 -0.122840749490D-02 -0.424094190630D-02 -0.544801846013D-02
 -0.631957615208D-02  0.466338397488D-02  0.303291427211D-02  0.287383204752D-02
  0.186224704582D-02  0.158723008041D-01  0.160467384491D-02  0.549901652950D-02
  0.584765664910D-03  0.188804546217D-02 -0.278731514070D-02 -0.165483903919D-02
  0.310986196403D-02 -0.406507792714D-02  0.315822684766D-02 -0.465403305481D-03
  0.508702904330D-02 -0.288126612858D-02  0.307607210750D-02 -0.345342672065D-03
  0.605200316684D-04 -0.142211120271D-02 -0.830907468161D-02  0.840508069686D-03
  0.597586568301D+00 -0.361870066482D-02  0.117291764117D-02 -0.227498668567D-02
 -0.165634569803D-02 -0.263834647256D-02 -0.876250744695D-02 -0.800837853572D-02
  0.145299324273D-02 -0.118380663144D-03 -0.304040484829D-02  0.865488884977D-02
  0.397834607405D-03 -0.308682453141D-02 -0.502796153717D-03  0.173385522216D-02
 -0.348171654591D-02  0.123409980619D-02 -0.433636468044D-02 -0.338922725374D-02
  0.261233208007D-02 -0.275669203617D-02  0.143951784131D-02 -0.436266316802D-02
 -0.527160440066D-02 -0.343641265775D-03 -0.258146484181D-02 -0.443563905871D-02
 -0.338191543804D-02 -0.189826594283D-02 -0.123986942514D-01  0.549362517676D-03
 -0.277948368215D-02  0.751265585709D-02  0.117763934246D-02  0.294115042203D-02
 -0.111039152388D-02  0.634705814243D-03 -0.127458795842D-02  0.451834832920D-02
  0.411472640769D-05 -0.559890654757D-02  0.370467105060D-02 -0.373297696791D-02
 -0.908446318379D-02  0.320838013425D-02 -0.900923222011D-02  0.521555668954D-03
 -0.895443686895D-02  0.354389562744D-03  0.604996646763D+00 -0.980893033127D-02
 -0.494541052760D-02  0.289305687080D-02 -0.404758772452D-03 -0.432632504847D-02
  0.105471629163D-01 -0.239854343722D-02 -0.424207431841D-03 -0.285370161977D-02
 -0.427780659741D-02 -0.892695025348D-02 -0.981254687244D-03 -0.394867278858D-02
  0.538722530678D-04  0.308041397779D-02 -0.367551086475D-02 -0.168466815182D-02
  0.131803082627D-02 -0.470141634590D-02 -0.380050873601D-02  0.121276012079D-03
 -0.180331385639D-02 -0.251940265622D-02 -0.325332841762D-02 -0.627720317615D-02
  0.530050564532D-02  0.438889771455D-02  0.422143533556D-02  0.228525270298D-02
  0.195446608889D-01  0.183952572013D-02  0.647967550114D-02 -0.219998772333D-02
  0.800679014060D-03 -0.359834286813D-02 -0.702719530209D-03  0.337308013207D-02
 -0.201949188391D-02 -0.246249910865D-02  0.226485891786D-02  0.786329275299D-02
 -0.277182406127D-02  0.463984378025D-02  0.296058072186D-02  0.170863182660D-02
  0.326348773778D-02 -0.792443647903D-02  0.405991297251D-02 -0.732163155602D-02
  0.303569997845D-02  0.580743306660D+00 -0.533658616715D-02 -0.108338651029D-03
 -0.220650942622D-02  0.618018530976D-03 -0.233403935023D-02 -0.207784566268D-02
 -0.629705970094D-02  0.130494378880D-02 -0.623670897470D-03 -0.136865615211D-02
  0.155726183457D-02  0.340483457398D-03 -0.139344761992D-02 -0.236428745704D-04
  0.296142381542D-03 -0.148259347423D-02  0.206021601637D-03 -0.217927192369D-02
 -0.141394615017D-02  0.328161851212D-03 -0.224071529656D-02  0.305516829066D-03
 -0.132726913174D-02 -0.205085081843D-02 -0.543933824336D-03  0.259544332138D-03
 -0.477822261259D-03 -0.667309496007D-03 -0.734338745369D-04 -0.109733254611D-02
  0.435372989290D-03 -0.606626243592D-03 -0.124310839116D-02 -0.216032356178D-02
  0.142667829707D-02 -0.684670782328D-03  0.122260306835D-02  0.116586211891D-02
  0.313397216928D-02 -0.321966854802D-02 -0.138021624714D-03  0.104861734504D-02
  0.141233205228D-04  0.155906437247D-02 -0.854040917057D-03 -0.142813095329D-02
 -0.127414418793D-02 -0.253811995744D-02 -0.144749871998D-02 -0.259701032180D-02
 -0.811230002982D-03  0.428309322696D+00  0.697222575472D-02  0.393650964300D-02
  0.153771736599D-02 -0.142090272218D-02 -0.471916832302D-03 -0.531881935149D-02
  0.553220741806D-02 -0.299594077295D-03  0.561079819363D-03 -0.871467272497D-03
  0.387565125274D-02 -0.111523327656D-02 -0.905137055571D-03  0.311426076696D-03
  0.317365461478D-02 -0.110137792389D-02  0.106070601492D-02 -0.227584534431D-02
 -0.118768532773D-02  0.865509285418D-03 -0.468001983051D-03  0.489137404695D-03
 -0.173091038822D-02 -0.138528010526D-02  0.567021680975D-03 -0.197017072220D-02
 -0.233514336070D-02 -0.139000085927D-02 -0.869876527282D-03 -0.489816273452D-02
  0.747910542244D-03 -0.405634544615D-02  0.118472881435D-01  0.465154789645D-02
 -0.235278615611D-02 -0.143460754051D-03 -0.490687762565D-02 -0.748721840673D-02
  0.101698888200D-01 -0.709376219036D-02 -0.958387450512D-02  0.546797261342D-02
 -0.682283683876D-02 -0.102371681789D-02  0.217297923223D-03 -0.824741827932D-02
  0.189947048398D-02 -0.249370372834D-02  0.216911059429D-02 -0.102532524656D-02
  0.129710854637D-02 -0.509280473546D-03  0.431802478353D+00 -0.126290147605D-05
 -0.112313913693D-02 -0.526137113709D-03  0.620956766268D-03 -0.136576128146D-02
  0.125382213612D-03  0.585547074733D-04 -0.846417953218D-03  0.672128105880D-03
 -0.117935067522D-02 -0.578555554228D-03  0.422737465459D-03 -0.108208364801D-02
 -0.450386056677D-05 -0.305398947993D-03 -0.110554068779D-02 -0.409334713532D-04
 -0.752894247903D-04 -0.888929632314D-03 -0.265225813946D-03 -0.404729104106D-03
 -0.164242013714D-03 -0.859441476661D-03 -0.881528250492D-03 -0.146326520710D-02
 -0.512805925066D-05 -0.693288422556D-04  0.504036123123D-03 -0.205888377973D-03
  0.102121639493D-02 -0.329340276593D-04 -0.101367703799D-02 -0.154000392981D-02
 -0.256274592730D-02 -0.125713996720D-02  0.106733916101D-02 -0.114581338973D-02
  0.269387507408D-02 -0.459396136243D-03  0.176237737161D-03  0.436312289382D-04
  0.108037793674D-02 -0.278208124151D-03  0.245366262999D-02 -0.503969000609D-03
  0.111112148188D-02 -0.715766370824D-03 -0.624145565270D-03 -0.150015563554D-02
 -0.940917854150D-03 -0.106592444372D-02 -0.921573460239D-04 -0.998383071151D-03
  0.429989337667D+00 -0.253758741881D-02  0.604745541766D-02 -0.962607427404D-02
  0.304288311513D-02  0.145008738271D-03  0.306230601475D-02 -0.944011370662D-03
  0.204243346670D-02  0.931788761900D-02  0.122633347667D-02 -0.332778708267D-03
 -0.299696788231D-01  0.110703338270D-02  0.184662986181D-03  0.318863694112D-02
  0.115491615935D-02 -0.214590081384D-04 -0.296399554406D-01  0.821358704303D-03
  0.665398246564D-03 -0.348604676090D-01  0.262933391459D-04  0.880251117624D-03
  0.123684702882D-02  0.120117882214D-02 -0.688734270549D-03  0.994628268458D-04
 -0.437987633418D-03  0.672673195425D-03 -0.135191481508D-02 -0.674462595929D-02
 -0.877489953921D-03  0.474498749085D-02 -0.507469702260D-02  0.388207309610D-04
 -0.320169638875D-02 -0.142107820259D-02 -0.108329765538D-01  0.882662272774D-02
 -0.117316892238D-01 -0.573888920912D-02 -0.145917401196D-02 -0.378781610365D-02
 -0.824519452954D-02 -0.366297192192D-01 -0.652680942500D-02 -0.133335859876D-02
  0.866241923015D-03  0.164138607928D-02  0.114763988266D-02 -0.135466138665D-02
  0.266591172940D-02  0.331863890230D-02  0.128589833416D-03  0.761772589191D-01
 -0.382960227030D-02  0.422570644491D-02 -0.472145829942D-02 -0.338207605020D-03
 -0.325527012154D-02 -0.296025764799D-04 -0.354805914313D-02 -0.703249433281D-03
  0.104599198832D-01 -0.210915354890D-02 -0.318089626324D-02  0.213364599761D-01
 -0.160917980014D-02  0.249673526519D-03 -0.339215455505D-01 -0.202036690093D-02
 -0.133578988088D-03 -0.184707222712D-01 -0.182075740728D-02 -0.201473451574D-02
  0.183420891156D-01 -0.123250581878D-02 -0.118088702751D-02 -0.157554622351D-02
 -0.199720894292D-02  0.152768846876D-02 -0.700857180381D-03  0.254715297654D-02
  0.220237637637D-03  0.684767584327D-02 -0.712558670308D-02 -0.109467909817D-02
  0.602043738306D-03 -0.114658748664D-01 -0.117894887166D-02 -0.198125743822D-02
 -0.345015207322D-02 -0.121132438257D-01  0.583467088238D-01 -0.223653972826D-01
 -0.356544679509D-02 -0.795583850769D-03 -0.278056315662D-02 -0.609854698734D-02
 -0.274741160211D-01 -0.709362951575D-02 -0.502469541201D-02  0.716195230885D-03
 -0.204006407436D-02 -0.404355943887D-03 -0.452991430437D-02  0.179579358613D-02
  0.334836364479D-02  0.153522294276D-03  0.502420323335D-03  0.836876359959D-01
  0.156880970347D-02  0.626228449814D-03  0.129301324805D-02 -0.286885707465D-02
 -0.141318349144D-02 -0.748824190556D-02  0.191914503112D-02  0.186601233684D-02
  0.103461735361D-01 -0.369021502886D-02  0.513543636936D-02 -0.302200884715D-01
 -0.436895086426D-02 -0.350164398485D-03  0.273823372607D-01 -0.404326117668D-02
  0.391881724850D-03  0.343103916415D-01 -0.361430452525D-02 -0.195838778245D-04
  0.298061603853D-01  0.908379104165D-03 -0.355242112370D-02 -0.513461408902D-02
 -0.377334692558D-02 -0.382902955654D-03 -0.243706854939D-02 -0.123380381569D-02
 -0.500975373344D-03 -0.152678302949D-02 -0.454420586413D-02  0.345595738120D-02
  0.438210890494D-02 -0.686225803133D-02 -0.583987615622D-03 -0.162112967689D-02
 -0.249954951813D-02 -0.733429241524D-02  0.450625184500D-01 -0.142367445071D-01
  0.423776392903D-03 -0.393488257406D-02 -0.632749695246D-03 -0.578772043054D-02
 -0.464685508333D-01 -0.852343389508D-02 -0.517296173303D-03 -0.298949690001D-02
  0.203314326497D-02 -0.264430515372D-02 -0.465924726978D-03  0.144750611620D-03
  0.423312281058D-02 -0.300586631676D-03  0.226908440425D-02  0.749545480273D-02
  0.889339761419D-01
$end
