$hessapprox internal
  0.789462728722D-02  0.540588765774D-04  0.432273026818D+00  0.349933982574D-04
 -0.284946643204D-02  0.428980459094D+00  0.102511218789D-04 -0.314076891003D-02
 -0.333956953641D-02  0.428000703184D+00 -0.185955760312D-03  0.432389793425D-02
  0.122685906346D-02  0.114607746383D-02  0.299030950139D+00 -0.521707418099D-04
  0.124972673359D-02 -0.886781023213D-04 -0.202491691408D-03 -0.101111827981D-01
  0.320022646280D+00 -0.148204444675D-04 -0.980463914277D-04 -0.284833337183D-04
  0.387716401522D-04 -0.221098532558D-03 -0.119082288370D-03  0.322404311872D+00
 -0.199757667351D-04  0.243917566533D-03 -0.514407042538D-03 -0.576001412317D-03
 -0.189555661681D-02 -0.624469158089D-03 -0.478845161152D-04  0.334431923764D+00
  0.141976811185D-04 -0.818901293824D-04  0.100781272450D-03  0.990776038940D-04
  0.297797992086D-02  0.109531291264D-02  0.112659249718D-04  0.330754261596D-03
  0.335147238826D+00  0.777093833430D-05 -0.133989210063D-03 -0.632998781946D-04
 -0.728861878518D-04  0.762582904012D-03  0.262930435538D-03 -0.424648066090D-06
  0.440875252643D-04 -0.760570819532D-04  0.728769050374D-02  0.337973164013D-04
 -0.306563978634D-02 -0.332421805296D-02 -0.345946885538D-02  0.292325076199D-02
  0.500165660849D-03 -0.289135154463D-05 -0.317612412925D-03 -0.397557874966D-04
 -0.111761124114D-03  0.428859068142D+00  0.267388702474D-04 -0.230693511000D-02
 -0.286506350036D-02 -0.302669702974D-02  0.389386089223D-02  0.101832098834D-02
 -0.270195094139D-04  0.134561079006D-03 -0.683719630658D-04 -0.134115242873D-03
 -0.303857001261D-02  0.429038788489D+00  0.633284337221D-04 -0.280656115203D-02
 -0.294364880488D-02 -0.318333788152D-02  0.152613371648D-02  0.505250654629D-04
 -0.666915556403D-04 -0.590552348767D-03  0.144832393726D-04 -0.582302667440D-04
 -0.317996245952D-02 -0.288679396477D-02  0.428411976083D+00 -0.186723855425D-03
  0.530289185237D-02  0.157599099706D-02  0.132555296114D-02 -0.367363890741D-01
 -0.126347362432D-01 -0.352596819146D-03 -0.256790669919D-02  0.367156188418D-02
  0.970594950520D-03  0.358510851960D-02  0.463611380024D-02  0.217312694529D-02
  0.281399874954D+00 -0.246033775303D-04  0.988233398674D-03 -0.311665280818D-04
 -0.172505852238D-03 -0.739196803497D-02 -0.252683554953D-02 -0.119503556191D-03
 -0.452950814218D-03  0.800673956044D-03  0.198331512724D-03  0.379631935805D-03
  0.757973758652D-03  0.120361744284D-03 -0.915012537759D-02  0.320799139174D+00
  0.373897044307D-04 -0.294270723778D-03 -0.881997878437D-04 -0.181870615388D-03
  0.815931240359D-03  0.276599312061D-03 -0.427465666519D-04 -0.961197170663D-04
 -0.123757083576D-03 -0.890253797635D-05 -0.213921852527D-03 -0.363994596670D-03
  0.664548105567D-04  0.126672955744D-02  0.261571710582D-03  0.321821490489D+00
  0.292148572738D-04 -0.128555579184D-02  0.425903104245D-04  0.217413923929D-03
  0.689449439338D-02  0.226939127290D-02  0.141861802385D-03  0.175305601064D-03
 -0.827742157722D-03 -0.184751244977D-03 -0.406454772719D-03 -0.996665203736D-03
 -0.789375112136D-05  0.865907491441D-02  0.160441211496D-02 -0.146447287491D-03
  0.331144833493D+00 -0.222343417213D-04  0.565420806130D-03  0.414111991723D-03
  0.453285966380D-03 -0.896473323852D-03 -0.247221226080D-03  0.102804185338D-04
  0.785720461694D-04  0.100000127052D-03  0.198113209784D-04  0.509171903119D-03
  0.575653429884D-03  0.320446275482D-03 -0.123209559540D-02 -0.207054446871D-03
 -0.603466419375D-04  0.127836499213D-03  0.333203569530D+00  0.574520153469D-04
 -0.241437886869D-03 -0.171597044545D-02 -0.217755247206D-02  0.326406505791D-02
  0.126297135678D-02 -0.224911900577D-03  0.786241910599D-03  0.109396822482D-03
 -0.864703191935D-04 -0.177927413385D-02 -0.702711278893D-03 -0.179260950789D-02
  0.394601431563D-02  0.106452395526D-02 -0.303176271594D-03 -0.171269881720D-02
  0.501854604841D-03  0.429529999381D+00 -0.154427599268D-04  0.125149666554D-02
  0.319235421499D-03  0.141835086868D-03 -0.847691302453D-02 -0.288506899672D-02
 -0.144303464292D-03 -0.634643351317D-03  0.852522495141D-03  0.233746048502D-03
  0.734603074343D-03  0.982526710713D-03  0.568940717050D-03 -0.103375857363D-01
 -0.203003173849D-02  0.408816246912D-03  0.192547521805D-02 -0.317601167795D-03
  0.109302072264D-02  0.337796575858D+00  0.138192954669D-03 -0.135223578632D-02
 -0.354349674454D-04 -0.221540373063D-03  0.132029250432D-01  0.472104050951D-02
 -0.298854799163D-04  0.900210458617D-03 -0.137328628080D-02 -0.313898663973D-03
 -0.881154782739D-03 -0.140409332409D-02  0.225931794409D-04  0.168904483813D-01
  0.357375363229D-02 -0.100545856950D-03 -0.333534775662D-02  0.245482149760D-03
 -0.759636377067D-03  0.415489155262D-02  0.333674207656D+00  0.776970248292D-05
 -0.133847220519D-03 -0.631038891734D-04 -0.726854225144D-04  0.761943909044D-03
  0.262711207466D-03 -0.425396720648D-06  0.439936562993D-04 -0.760237090073D-04
 -0.187192041730D-04 -0.111549553432D-03 -0.133970996549D-03 -0.580044000906D-04
  0.969848734454D-03  0.198173122076D-03 -0.884721835462D-05 -0.184550082842D-03
  0.197591103018D-04 -0.864850114769D-04  0.233591093690D-03 -0.313614464901D-03
  0.728772939167D-02  0.337879610593D-04 -0.307256788683D-02 -0.332495066715D-02
 -0.345905450756D-02  0.292172744357D-02  0.497901276492D-03 -0.215423429065D-05
 -0.321792186737D-03 -0.408845135393D-04 -0.111765716378D-03 -0.353594672360D-02
 -0.304383607441D-02 -0.317955142502D-02  0.358451539798D-02  0.377654218961D-03
 -0.212756238829D-03 -0.401516868540D-03  0.508291573183D-03 -0.179239172846D-02
  0.734010865968D-03 -0.881372280823D-03 -0.111553320935D-03  0.428856014096D+00
  0.267110759453D-04 -0.230677768325D-02 -0.286399538895D-02 -0.302542867905D-02
  0.388801712568D-02  0.101607418291D-02 -0.269272544514D-04  0.133361650326D-03
 -0.681234304505D-04 -0.133962491178D-03 -0.303739096363D-02 -0.235030606193D-02
 -0.288541308096D-02  0.462922839945D-02  0.756285207223D-03 -0.363503179493D-03
 -0.994386555155D-03  0.575192356559D-03 -0.704347338840D-03  0.980944708045D-03
 -0.140166092016D-02 -0.133818198814D-03 -0.304264551909D-02  0.429039633455D+00
  0.633598903769D-04 -0.282174584163D-02 -0.294714641137D-02 -0.318472910509D-02
  0.153340342397D-02  0.497199147082D-04 -0.652742683939D-04 -0.597362334812D-03
  0.116010549573D-04 -0.585136249752D-04 -0.318542164333D-02 -0.289882060368D-02
 -0.259353165001D-02  0.218428197912D-02  0.119166003526D-03  0.680875259519D-04
 -0.139495276315D-05  0.319367091575D-03 -0.181788640515D-02  0.570524082906D-03
  0.177443528472D-04 -0.582860730288D-04 -0.318491833062D-02 -0.289741744622D-02
  0.428408903995D+00 -0.186746936061D-03  0.530052636514D-02  0.157668128823D-02
  0.132681306579D-02 -0.367419181364D-01 -0.126374786937D-01 -0.352257110463D-03
 -0.257049067139D-02  0.367135872941D-02  0.970723174066D-03  0.358557791060D-02
  0.463453765084D-02  0.217452093328D-02 -0.455929553879D-01 -0.915227973333D-02
  0.126759105241D-02  0.866282809716D-02 -0.123280655918D-02  0.393986457033D-02
 -0.103391139203D-01  0.168924714223D-01  0.969977310094D-03  0.358501390606D-02
  0.462765768258D-02  0.218572876595D-02  0.281387830257D+00 -0.246209928421D-04
  0.986644298381D-03 -0.313151639270D-04 -0.172348273332D-03 -0.739458675556D-02
 -0.252822010690D-02 -0.119318184267D-03 -0.454237752460D-03  0.800596838796D-03
  0.198385972443D-03  0.379388652048D-03  0.756807779663D-03  0.120542972202D-03
 -0.915305249524D-02 -0.179581769104D-02  0.261939399807D-03  0.160627815550D-02
 -0.207347495341D-03  0.106119363694D-02 -0.203083551552D-02  0.357468105618D-02
  0.198227760972D-03  0.377425051099D-03  0.755121927177D-03  0.119372726099D-03
 -0.915519935832D-02  0.320796942315D+00  0.374002737654D-04 -0.298545564766D-03
 -0.898501989408D-04 -0.183025182385D-03  0.819717469563D-03  0.277073821180D-03
 -0.423986389992D-04 -0.974844640929D-04 -0.124546760172D-03 -0.903100336851D-05
 -0.216092717798D-03 -0.367506858032D-03  0.651704881566D-04  0.127177610949D-02
  0.261762972363D-03  0.155906313000D-03 -0.145499330773D-03 -0.604210982739D-04
 -0.309340059263D-03  0.409671330713D-03 -0.102613432772D-03 -0.897526449277D-05
 -0.214907500555D-03 -0.367010187719D-03  0.668359371673D-04  0.127264922646D-02
  0.262136229268D-03  0.321821912888D+00  0.292280183545D-04 -0.128666072086D-02
  0.418512066945D-04  0.216729805759D-03  0.689710019666D-02  0.227015926635D-02
  0.141914676089D-03  0.175325336923D-03 -0.828006322910D-03 -0.184824853177D-03
 -0.407353777673D-03 -0.997660782800D-03 -0.862373379810D-05  0.866229891518D-02
  0.160495454854D-02 -0.146526350308D-03 -0.124368846961D-02  0.127942092750D-03
 -0.171373349253D-02  0.192614811869D-02 -0.333652761323D-02 -0.184623604291D-03
 -0.402414477747D-03 -0.995381266729D-03 -0.212347323699D-05  0.866605331609D-02
  0.160682114742D-02 -0.145578336684D-03  0.331143970256D+00 -0.222333584615D-04
  0.568408112063D-03  0.415127383784D-03  0.453911302289D-03 -0.897681113249D-03
 -0.246999982177D-03  0.100181990170D-04  0.797833307723D-04  0.100468997405D-03
  0.198643754536D-04  0.510509008131D-03  0.578061276789D-03  0.321143355178D-03
 -0.123389260308D-02 -0.206772220323D-03 -0.605870811000D-04  0.126650478641D-03
 -0.698337829960D-05  0.506508075874D-03 -0.317790068573D-03  0.246322201934D-03
  0.198118688144D-04  0.509612752467D-03  0.577596322290D-03  0.320036888494D-03
 -0.123461268974D-02 -0.207069656657D-03 -0.606671446666D-04  0.126755838482D-03
  0.333203872728D+00  0.528566838755D-05  0.537090137425D-04  0.346825343931D-04
  0.993632754259D-05 -0.184264002381D-03 -0.515973935760D-04 -0.148122505254D-04
 -0.198170660265D-04  0.140637300101D-04  0.772480159802D-05  0.334114519147D-04
  0.264013480543D-04  0.629783343892D-04 -0.184666937502D-03 -0.241860098755D-04
  0.373008169315D-04  0.287673561683D-04 -0.221421039707D-04  0.573248920532D-04
 -0.149891467633D-04  0.137443026036D-03  0.772359206273D-05  0.334012406365D-04
  0.263737120162D-04  0.630076717849D-04 -0.184690209809D-03 -0.242037352235D-04
  0.373107832904D-04  0.287803272907D-04 -0.221407460022D-04  0.789463881527D-02
  0.541118875101D-04 -0.213268303044D-02 -0.285228611093D-02 -0.314270628220D-02
  0.433354406197D-02  0.125155459654D-02 -0.974070817085D-04  0.241500151135D-03
 -0.836707794718D-04 -0.134286342213D-03 -0.306962393068D-02 -0.231363155772D-02
 -0.280865202119D-02  0.531569330833D-02  0.989312942358D-03 -0.293849021207D-03
 -0.128440433554D-02  0.565280840481D-03 -0.253101325279D-03  0.125396121504D-02
 -0.135714488286D-02 -0.134143504240D-03 -0.307651462945D-02 -0.231346368885D-02
 -0.282377502290D-02  0.531335037488D-02  0.987734651627D-03 -0.298111766546D-03
 -0.128550935241D-02  0.568257570467D-03  0.537607447528D-04  0.432256773748D+00
  0.349560924512D-04 -0.283695850222D-02 -0.316988908866D-02 -0.333888574377D-02
  0.122148180788D-02 -0.877698199498D-04 -0.296636226733D-04 -0.508498985769D-03
  0.103220046483D-03 -0.630897665161D-04 -0.332010109550D-02 -0.285519927326D-02
 -0.294290494184D-02  0.156733980583D-02 -0.300142998403D-04 -0.897345617126D-04
  0.368441510640D-04  0.415156417180D-03 -0.169460775963D-02  0.317995886296D-03
 -0.317487794871D-04 -0.628952076791D-04 -0.332091348759D-02 -0.285415018287D-02
 -0.294653990154D-02  0.156798462702D-02 -0.301849159286D-04 -0.914134748823D-04
  0.361036622623D-04  0.416195485441D-03  0.346469935288D-04 -0.283983198243D-02
  0.428985406552D+00  0.102907342123D-04 -0.315016962995D-02 -0.334294158927D-02
 -0.339026282430D-02  0.115605765348D-02 -0.200828877814D-03  0.395395486587D-04
 -0.578882466227D-03  0.971393239563D-04 -0.732056066943D-04 -0.346409626080D-02
 -0.303441515291D-02 -0.318590224045D-02  0.133878581642D-02 -0.171620021391D-03
 -0.181412048080D-03  0.219091937413D-03  0.453114798731D-03 -0.219117066788D-02
  0.144247482291D-03 -0.226812416217D-03 -0.730038880681D-04 -0.346363831082D-02
 -0.303313490089D-02 -0.318722105283D-02  0.134007196146D-02 -0.171449937586D-03
 -0.182552277988D-03  0.218407851968D-03  0.453727701422D-03  0.997452892123D-05
 -0.315208051978D-02 -0.334232086969D-02  0.427996114273D+00 -0.185990303967D-03
  0.432304434160D-02  0.122839024557D-02  0.114805323660D-02 -0.293839063178D-01
 -0.101152125010D-01 -0.220863817597D-03 -0.189819472164D-02  0.297822680694D-02
  0.762835370920D-03  0.292481597693D-02  0.389358344221D-02  0.152840494056D-02
 -0.367476863238D-01 -0.739501229129D-02  0.816959004736D-03  0.689895720072D-02
 -0.897361289344D-03  0.325943749994D-02 -0.847952832299D-02  0.132070037525D-01
  0.762196590085D-03  0.292331924334D-02  0.388774367446D-02  0.153572457041D-02
 -0.367532021141D-01 -0.739762451586D-02  0.820756620862D-03  0.690156458128D-02
 -0.898577716055D-03 -0.184298434142D-03  0.433271294061D-02  0.122297015461D-02
  0.115805914077D-02  0.299011322821D+00 -0.521789386166D-04  0.125045936245D-02
 -0.882656807330D-04 -0.202123237492D-03 -0.101121454100D-01 -0.349856207164D-02
 -0.119119829254D-03 -0.624328193591D-03  0.109544572988D-02  0.262958619341D-03
  0.500671499461D-03  0.101896948529D-02  0.508800954419D-04 -0.126359841475D-01
 -0.252698219332D-02  0.276581759465D-03  0.226940251451D-02 -0.247237307381D-03
  0.126383263832D-02 -0.288532213528D-02  0.472146675150D-02  0.262739326933D-03
  0.498404957399D-03  0.101672196198D-02  0.500715848608D-04 -0.126387279887D-01
 -0.252836739841D-02  0.277055676957D-03  0.227017056837D-02 -0.247015503007D-03
 -0.516054831432D-04  0.125228615459D-02 -0.873544257646D-04 -0.200461717550D-03
 -0.101161765865D-01  0.320022196381D+00 -0.148191542260D-04 -0.946421043647D-04
 -0.277598620564D-04  0.389888812550D-04 -0.221854248200D-03 -0.118562450972D-03
  0.363900678610D-04 -0.462144302887D-04  0.118536704468D-04 -0.381759909044D-06
 -0.176200482108D-05 -0.243586068172D-04 -0.664156765751D-04 -0.354019069572D-03
 -0.118974402530D-03 -0.431502858399D-04  0.140091983962D-03  0.105641222711D-04
 -0.219055463371D-03 -0.144391271895D-03 -0.291428584647D-04 -0.382885294435D-06
 -0.104675178900D-05 -0.242714363812D-04 -0.650362631772D-04 -0.353691709572D-03
 -0.118795001232D-03 -0.428102716060D-04  0.140144419707D-03  0.103084303560D-04
 -0.148105162131D-04 -0.940177803792D-04 -0.289073513231D-04  0.397392398806D-04
 -0.221631045971D-03 -0.118599160170D-03  0.322403638508D+00 -0.199940116713D-04
  0.246776846159D-03 -0.512847687021D-03 -0.574677865452D-03 -0.190039117770D-02
 -0.625690717981D-03 -0.480702390089D-04  0.130023784404D-03  0.331359682566D-03
  0.442331667433D-04 -0.315674373123D-03  0.137024113356D-03 -0.589101057208D-03
 -0.257397395113D-02 -0.453762673381D-03 -0.960470311822D-04  0.175631294035D-03
  0.784256368000D-04  0.789558745755D-03 -0.635837741895D-03  0.902533319710D-03
  0.441390468556D-04 -0.319861965402D-03  0.135821869918D-03 -0.595922825028D-03
 -0.257656313486D-02 -0.455052065105D-03 -0.974137762881D-04  0.175651354598D-03
  0.796389095249D-04 -0.198348572839D-04  0.244355998068D-03 -0.506929212420D-03
 -0.577563185782D-03 -0.190303493919D-02 -0.625549673038D-03 -0.463971807500D-04
  0.334432676302D+00  0.141918870700D-04 -0.812239685323D-04  0.101177543104D-03
  0.994238884789D-04  0.297608936581D-02  0.109473865566D-02  0.112232196846D-04
  0.330714193539D-03 -0.280562924172D-03 -0.760029086144D-04 -0.392503991372D-04
 -0.677918550206D-04  0.148959829568D-04  0.366924068798D-02  0.800274144572D-03
 -0.123683396023D-03 -0.827410849458D-03  0.999220779351D-04  0.110040463446D-03
  0.852041839437D-03 -0.137238940671D-02 -0.759695926896D-04 -0.403800469483D-04
 -0.675439078946D-04  0.120128615025D-04  0.366903671443D-02  0.800196642059D-03
 -0.124473108516D-03 -0.827674855577D-03  0.100391106690D-03  0.140580657594D-04
 -0.830045267880D-04  0.103617193459D-03  0.974856130807D-04  0.297633518867D-02
  0.109487143047D-02  0.118112542019D-04  0.331319394482D-03  0.335147603754D+00
  0.575449249968D-04 -0.238479856594D-03 -0.171868151264D-02 -0.218142101875D-02
  0.328275893768D-02  0.127099085025D-02 -0.225547863704D-03  0.791929170543D-03
  0.109139891404D-03 -0.869332874831D-04 -0.178194493571D-02 -0.701250134502D-03
 -0.179681505376D-02  0.396750770003D-02  0.107068704307D-02 -0.305204073766D-03
 -0.172205686436D-02  0.503642341626D-03  0.209347139066D-02  0.109819458143D-02
 -0.767014025847D-03 -0.869485190005D-04 -0.179512246472D-02 -0.702895813348D-03
 -0.182220342962D-02  0.396132757944D-02  0.106734183156D-02 -0.311393090923D-03
 -0.172309481266D-02  0.508315137597D-03  0.574177323829D-04 -0.250192741658D-03
 -0.169722314419D-02 -0.219509602005D-02  0.327810656061D-02  0.127185531881D-02
 -0.219665599056D-03  0.795258226396D-03  0.109785744082D-03  0.429552631088D+00
 -0.154634358791D-04  0.125589627335D-02  0.321396335439D-03  0.143576226500D-03
 -0.848361622526D-02 -0.288664450139D-02 -0.144619925656D-03 -0.633839733432D-03
  0.853447730450D-03  0.233953062740D-03  0.737343761133D-03  0.986247716296D-03
  0.570896970430D-03 -0.103460606494D-01 -0.203103992379D-02  0.408863421362D-03
  0.192561179935D-02 -0.317758586819D-03  0.109848866169D-02 -0.222864616230D-02
  0.415821688853D-02  0.233797703729D-03  0.736737156367D-03  0.984661019438D-03
  0.572457785266D-03 -0.103475980447D-01 -0.203184806919D-02  0.409714414760D-03
  0.192628506547D-02 -0.317943654336D-03 -0.150091320465D-04  0.125835356686D-02
  0.320176607376D-03  0.145979785569D-03 -0.848624118457D-02 -0.288689738776D-02
 -0.144702133479D-03 -0.635033451193D-03  0.852966828467D-03  0.110368356917D-02
  0.337793335296D+00  0.138205138087D-03 -0.136037542496D-02 -0.374437273148D-04
 -0.222426279951D-03  0.132067768293D-01  0.472059309769D-02 -0.291291804404D-04
  0.896611299755D-03 -0.137479143557D-02 -0.314052351692D-03 -0.884189657034D-03
 -0.141055045979D-02  0.215711273476D-04  0.168963112949D-01  0.357309655587D-02
 -0.997183779910D-04 -0.333190769058D-02  0.244945719032D-03 -0.773045843408D-03
  0.415569583735D-02 -0.548121707536D-02 -0.313767260837D-03 -0.884358638999D-03
 -0.140810630578D-02  0.168055069015D-04  0.168983621264D-01  0.357403738475D-02
 -0.101768786327D-03 -0.333308680324D-02  0.245771451141D-03  0.137454085278D-03
 -0.136525216938D-02 -0.338297025929D-04 -0.227660337768D-03  0.132108818337D-01
  0.472101759031D-02 -0.284064605543D-04  0.898928012556D-03 -0.137389504511D-02
 -0.780482216268D-03  0.415900937479D-02  0.333669072408D+00  0.640221962914D-04
 -0.166541118002D-02 -0.462994435880D-02 -0.540126442508D-02  0.559234663645D-02
  0.182198491203D-02 -0.335135409611D-03  0.111018584712D-02  0.402448558498D-03
 -0.194877793610D-03 -0.469390419964D-02 -0.234562649327D-02 -0.486455318088D-02
  0.644350148240D-02  0.149858853071D-02 -0.853929498341D-03 -0.275088642405D-02
  0.128963313031D-02  0.307476780536D-02  0.162326373643D-02 -0.140481424485D-02
 -0.194821686828D-03 -0.471845050952D-02 -0.234822844095D-02 -0.491274784163D-02
  0.643245602408D-02  0.149233017257D-02 -0.866039679658D-03 -0.275316509164D-02
  0.129871030784D-02  0.636779970464D-04 -0.168818686675D-02 -0.458935649426D-02
 -0.542788190676D-02  0.558432906203D-02  0.182381642961D-02 -0.324018041490D-03
  0.111699245702D-02  0.403771912053D-03  0.309454799325D-02  0.163423087951D-02
 -0.143041366241D-02  0.106280830526D+01  0.317194732912D-07 -0.918623613817D-05
 -0.259267479214D-05 -0.142723012431D-05  0.726508502758D-05  0.616788795623D-06
  0.808365084124D-06 -0.353176335038D-05 -0.185469379110D-05 -0.248468718880D-06
 -0.383433615123D-05 -0.739448649877D-05 -0.160586296058D-05  0.101248562860D-04
  0.105776683129D-06  0.730812971067D-06  0.279998458948D-05 -0.403919212289D-06
 -0.143709935665D-04  0.174227124103D-05 -0.412954623871D-05 -0.247468263625D-06
 -0.378442497274D-05 -0.738169674540D-05 -0.152152439826D-05  0.101540356922D-04
  0.119808624960D-06  0.747888720788D-06  0.280040430448D-05 -0.418406654248D-06
  0.303547692027D-07 -0.915431452099D-05 -0.266596696654D-05 -0.138959471496D-05
  0.729326091763D-05  0.615135450569D-06  0.788074442142D-06 -0.353741886089D-05
 -0.185495462229D-05 -0.144335381882D-04  0.173106780381D-05 -0.408526572358D-05
 -0.275414060771D-04  0.436554017254D+00  0.463143405325D-07  0.887953389221D-05
  0.111975686070D-05 -0.434976424732D-06  0.375601950753D-05  0.359937877337D-05
 -0.983733407187D-06  0.548959441573D-05  0.124293213214D-05 -0.284452612293D-07
  0.202905814735D-05  0.667636268627D-05 -0.282342084034D-06  0.318015484523D-05
  0.309524603482D-05 -0.142723616530D-05 -0.684414161169D-05  0.110995631944D-05
  0.168975632951D-04  0.142649882726D-05 -0.346661703252D-06 -0.294639054748D-07
  0.196157398421D-05  0.666191446522D-05 -0.401447472335D-06  0.314305426613D-05
  0.307725034730D-05 -0.145268053822D-05 -0.684608397674D-05  0.113051489410D-05
  0.473120493711D-07  0.883088741664D-05  0.122263654022D-05 -0.491658386522D-06
  0.372246967063D-05  0.360219082747D-05 -0.955559602904D-06  0.549994028975D-05
  0.124424400025D-05  0.169735233150D-04  0.144543587466D-05 -0.409293390372D-06
  0.315798754718D-04 -0.646236042189D-07  0.180413688955D+00 -0.176074086416D-03
 -0.669643054508D-03 -0.689066252754D-03 -0.264067892689D-04 -0.578094570529D-03
 -0.514082309871D-03  0.361228245316D-03  0.172210242522D-03  0.165463167417D-03
 -0.616140707202D-04 -0.337788153817D-03 -0.779570279994D-05 -0.138319779970D-02
 -0.194385126046D-02 -0.739457163873D-03 -0.828049733521D-03  0.543697556250D-03
  0.396922623042D-03 -0.103636605660D-02 -0.119601081916D-02 -0.121165359104D-02
 -0.617045839804D-04 -0.337398770483D-03 -0.811255784088D-05 -0.138181503449D-02
 -0.194410036238D-02 -0.739368989589D-03 -0.827396206163D-03  0.543886170815D-03
  0.396499559021D-03 -0.175962363138D-03 -0.668834429751D-03 -0.689800336979D-03
 -0.250971400569D-04 -0.578893862162D-03 -0.514081539715D-03  0.360854351572D-03
  0.171657636362D-03  0.165236656306D-03 -0.103565076806D-02 -0.119692169173D-02
 -0.121080243888D-02 -0.942844726709D-03  0.996715075504D-06 -0.108031059977D-05
  0.125445358651D-01 -0.339550313870D-04 -0.278276352029D-02 -0.407652439357D-02
 -0.427769752813D-02 -0.112576152069D-01 -0.481097396378D-02 -0.756645249292D-04
 -0.203934705846D-02  0.137844405550D-02  0.233611302132D-03 -0.364466459235D-02
 -0.284425612587D-02 -0.351701621643D-02 -0.138837575603D-01 -0.350213971462D-02
  0.296008532892D-03  0.356705876838D-02  0.207292697383D-03 -0.207483750604D-02
 -0.328610005231D-02  0.572285749317D-02  0.233720548396D-03 -0.364183294289D-02
 -0.284409648084D-02 -0.351125189435D-02 -0.138824370685D-01 -0.350226188304D-02
  0.296761208529D-03  0.356711609494D-02  0.206991293266D-03 -0.337802790039D-04
 -0.277973344940D-02 -0.408201316651D-02 -0.427489054451D-02 -0.112570781718D-01
 -0.481091726141D-02 -0.767781697458D-04 -0.203966078575D-02  0.137817020941D-02
 -0.207633305429D-02 -0.328687678226D-02  0.572565346682D-02 -0.580075244436D-02
  0.353221385926D-05 -0.258848727502D-05 -0.122520304807D-02  0.377359306790D+00
 -0.112117541896D-03 -0.264957790211D-02 -0.445408727042D-02 -0.443290975771D-02
 -0.910027060805D-02 -0.402774797437D-02  0.457805993408D-04 -0.129925575474D-02
  0.136988111490D-02  0.142197678749D-03 -0.386864993460D-02 -0.252397316933D-02
 -0.442413686492D-02 -0.119932113278D-01 -0.308458074608D-02 -0.347324680192D-03
  0.272973765691D-02  0.592666952748D-03 -0.131484044404D-02 -0.319392639339D-02
  0.407771223446D-02  0.142209307803D-03 -0.387177651434D-02 -0.252490642166D-02
 -0.442923208266D-02 -0.119950789629D-01 -0.308614089537D-02 -0.348859859465D-03
  0.272952781073D-02  0.594136898053D-03 -0.111911869705D-03 -0.265133512921D-02
 -0.445001172958D-02 -0.443538924677D-02 -0.910258038661D-02 -0.402735889010D-02
  0.471404889483D-04 -0.129855591069D-02  0.136974298918D-02 -0.131023279832D-02
 -0.319294911450D-02  0.407486244389D-02 -0.381458822756D-02 -0.246781570091D-05
  0.461500129810D-05  0.122943426555D-02 -0.103879820546D-01  0.362316621743D+00
 -0.106228317574D-03 -0.917956343557D-03 -0.181172261148D-03  0.344879122906D-03
 -0.426635731804D-03 -0.488739007960D-03  0.297339437303D-03 -0.332630230036D-03
 -0.548626038557D-04 -0.378013049781D-04 -0.711681456180D-04 -0.339448295823D-03
 -0.481146328984D-03 -0.109600909856D-02 -0.610045841228D-03 -0.357061081665D-03
  0.833918159490D-03  0.117769188848D-03 -0.191203206683D-02 -0.730285230374D-03
 -0.817604701229D-03 -0.377671155204D-04 -0.649458401622D-04 -0.338355627996D-03
 -0.469759749445D-03 -0.109285066833D-02 -0.608369180713D-03 -0.354396082286D-03
  0.834204285375D-03  0.115675767478D-03 -0.106252125579D-03 -0.913161739319D-03
 -0.190713679337D-03  0.350687653302D-03 -0.424109921521D-03 -0.488997251196D-03
  0.294613167660D-03 -0.333891946708D-03 -0.551080069948D-04 -0.191837162992D-02
 -0.732526741551D-03 -0.811530272227D-03 -0.277133330555D-02  0.633934143345D-05
 -0.835884951359D-05  0.279858189226D-02  0.149527741550D-03  0.928207649650D-03
  0.368824827132D+00  0.110276089583D-03 -0.204973136742D-03  0.214398345882D-02
  0.214514947442D-02  0.689690927625D-02  0.245564753257D-02  0.450580531504D-04
 -0.262359998250D-03 -0.114505471732D-02 -0.141486343117D-03  0.141307357663D-02
 -0.632222600472D-04  0.250003911282D-02  0.953406723155D-02  0.188246575592D-02
  0.460780560953D-03 -0.102076190424D-02 -0.318389193208D-03 -0.171462722906D-02
  0.255348823828D-02 -0.289937575316D-02 -0.141179733499D-03  0.142482189193D-02
 -0.595559621174D-04  0.251863101770D-02  0.954164056483D-02  0.188620919487D-02
  0.464359527611D-03 -0.102095733181D-02 -0.321681783472D-03  0.109738676227D-03
 -0.198705192287D-03  0.212773844834D-02  0.215258828838D-02  0.690493676147D-02
  0.245527072458D-02  0.404627623387D-04 -0.263162181145D-03 -0.114480888995D-02
 -0.173154829194D-02  0.255165550220D-02 -0.288955745455D-02 -0.203472210954D-02
  0.947869437919D-05 -0.153918145621D-04 -0.167327297666D-02  0.756156049690D-02
  0.472436821567D-02  0.196559251708D-03  0.367014414023D+00 -0.190424692898D-03
 -0.305261546202D-02  0.210418234911D-02  0.362837583205D-02 -0.322973424227D-02
 -0.238540668132D-02  0.891922914178D-03 -0.301091174340D-02 -0.752517543144D-03
 -0.106606180941D-04  0.183310590499D-02 -0.118207514561D-02  0.223280436973D-02
 -0.394313545713D-02 -0.233907345132D-02  0.248778978155D-03  0.454296282524D-02
 -0.550938645008D-03 -0.914533588508D-02 -0.175386837182D-02 -0.953198848174D-03
 -0.101688921152D-04  0.187574457610D-02 -0.117375191334D-02  0.230933441043D-02
 -0.392030363620D-02 -0.232765038208D-02  0.265783925355D-03  0.454453494715D-02
 -0.564451450681D-03 -0.190828767457D-03 -0.302064094047D-02  0.203876555338D-02
  0.366586188334D-02 -0.320990616065D-02 -0.238730959478D-02  0.873804512640D-03
 -0.301839709033D-02 -0.753639376000D-03 -0.919120711870D-02 -0.176727728073D-02
 -0.912703759675D-03 -0.138046133605D-01  0.422055314949D-04 -0.553773807966D-04
  0.461286895729D-02  0.615929642587D-02  0.375648724351D-02  0.751113720320D-02
  0.726680032595D-02  0.403952309922D+00 -0.176013619526D-03 -0.668965932383D-03
 -0.689702117268D-03 -0.274264311432D-04 -0.569887310115D-03 -0.510738960721D-03
  0.361031255008D-03  0.174042498624D-03  0.165079332733D-03 -0.618112861045D-04
 -0.338603483119D-03 -0.757462881207D-05 -0.138423642982D-02 -0.193400787693D-02
 -0.736891618394D-03 -0.828624270933D-03  0.540279019868D-03  0.397461236222D-03
 -0.103321195987D-02 -0.119359824456D-02 -0.121492890507D-02 -0.619018946094D-04
 -0.338231217150D-03 -0.789371788604D-05 -0.138288642813D-02 -0.193426520663D-02
 -0.736807481902D-03 -0.827978352207D-03  0.540466460990D-03  0.397043843015D-03
 -0.175902073498D-03 -0.668172409522D-03 -0.690408177764D-03 -0.261340573710D-04
 -0.570692807084D-03 -0.510737202193D-03  0.360664872423D-03  0.173493849532D-03
  0.164853642472D-03 -0.103248175229D-02 -0.119450243413D-02 -0.121409501652D-02
 -0.937290504088D-03  0.978040405404D-06 -0.105874443093D-05  0.461184468517D-02
 -0.122416441520D-02  0.123179580719D-02  0.279652431762D-02 -0.167876120776D-02
  0.459939262644D-02  0.125442022903D-01 -0.339490145850D-04 -0.279550324621D-02
 -0.407800675019D-02 -0.427717061348D-02 -0.112586067480D-01 -0.481443854038D-02
 -0.743554276088D-04 -0.204676744217D-02  0.137625102841D-02  0.233560776083D-03
 -0.364773995973D-02 -0.285403585757D-02 -0.351641352912D-02 -0.138825691468D-01
 -0.350522619662D-02  0.298095927418D-03  0.357548871889D-02  0.205764605497D-03
 -0.209852654051D-02 -0.328659629936D-02  0.572180130337D-02  0.233671551896D-03
 -0.364481416053D-02 -0.285385519623D-02 -0.351048458472D-02 -0.138811961301D-01
 -0.350532294435D-02  0.298883378453D-03  0.357554834685D-02  0.205434821900D-03
 -0.337759136313D-04 -0.279240691783D-02 -0.408363795445D-02 -0.427428634635D-02
 -0.112580214065D-01 -0.481438562659D-02 -0.755081348975D-04 -0.204709478589D-02
  0.137597567253D-02 -0.210013069319D-02 -0.328739827113D-02  0.572468381150D-02
 -0.584515965636D-02  0.362101826272D-05 -0.270946185436D-05 -0.122478976789D-02
 -0.102576193773D-01 -0.103933366961D-01  0.160519558296D-03  0.758244170609D-02
  0.623570998418D-02 -0.122378228374D-02  0.377370571983D+00 -0.112106724453D-03
 -0.266784413439D-02 -0.445634608734D-02 -0.443230875014D-02 -0.910278515770D-02
 -0.403308325059D-02  0.476356153386D-04 -0.130994952482D-02  0.136684112903D-02
  0.142160323709D-03 -0.387313292359D-02 -0.253803923647D-02 -0.442335333044D-02
 -0.119928396228D-01 -0.308925671323D-02 -0.344250471430D-03  0.274205974370D-02
  0.590399664533D-03 -0.134882050134D-02 -0.319493473662D-02  0.407677441777D-02
  0.142174113886D-03 -0.387612457290D-02 -0.253894261913D-02 -0.442821213758D-02
 -0.119946322295D-01 -0.309078052757D-02 -0.345735595485D-03  0.274185334089D-02
  0.591828838796D-03 -0.111903347277D-03 -0.266950589219D-02 -0.445247506305D-02
 -0.443467692283D-02 -0.910502612517D-02 -0.403269965938D-02  0.489394554090D-04
 -0.130926944188D-02  0.136670075311D-02 -0.134436770364D-02 -0.319399395832D-02
  0.407404888567D-02 -0.387865088730D-02 -0.234017824483D-05  0.444173117190D-05
  0.122980279933D-02 -0.103807903965D-01 -0.866903593225D-02  0.943808922414D-03
  0.475452572113D-02  0.386539994475D-02  0.123212006137D-02 -0.103859033347D-01
  0.362299935815D+00 -0.106265774640D-03 -0.912706879606D-03 -0.178806031141D-03
  0.346745955398D-03 -0.436767834878D-03 -0.491407479800D-03  0.296953349280D-03
 -0.331871646878D-03 -0.535361314251D-04 -0.375010592010D-04 -0.679928878203D-04
 -0.335021880908D-03 -0.478980167073D-03 -0.110879530346D-02 -0.611828271183D-03
 -0.356944161994D-03  0.834643566796D-03  0.117531723065D-03 -0.190555700017D-02
 -0.732864802712D-03 -0.812656385521D-03 -0.374673846362D-04 -0.617875073950D-04
 -0.333935109724D-03 -0.467619407853D-03 -0.110564803367D-02 -0.610156922003D-03
 -0.354283688744D-03  0.834930303057D-03  0.115442709592D-03 -0.106288654486D-03
 -0.907920060889D-03 -0.188324719738D-03  0.352544870285D-03 -0.434254018927D-03
 -0.491665490542D-03  0.294233571070D-03 -0.333132907122D-03 -0.537819598164D-04
 -0.191187063226D-02 -0.735104553314D-03 -0.806595473600D-03 -0.275856825117D-02
  0.632676211050D-05 -0.833643331315D-05  0.279745221796D-02  0.147323739638D-03
  0.928210031479D-03  0.236287538513D-02  0.195074192401D-03  0.749531107079D-02
  0.279540307405D-02  0.158286000091D-03  0.943768495876D-03  0.368819513433D+00
  0.110315007979D-03 -0.204179375347D-03  0.214367160925D-02  0.214452889807D-02
  0.690075937480D-02  0.245734358032D-02  0.448884210920D-04 -0.261232016708D-03
 -0.114513731834D-02 -0.141572535121D-03  0.141272395279D-02 -0.628057716714D-04
  0.249950243097D-02  0.953865737025D-02  0.188380791447D-02  0.460472577482D-03
 -0.102271536050D-02 -0.318083549593D-03 -0.171215768985D-02  0.255468764971D-02
 -0.290074478088D-02 -0.141266022990D-03  0.142446028650D-02 -0.591413542395D-04
  0.251807196834D-02  0.954622469129D-02  0.188754838624D-02  0.464046448612D-03
 -0.102291146359D-02 -0.321372245782D-03  0.109777567966D-03 -0.197921374864D-03
  0.212744575344D-02  0.215195624228D-02  0.690878201848D-02  0.245696740513D-02
  0.402983167237D-04 -0.262031705956D-03 -0.114489102228D-02 -0.172906733516D-02
  0.255285920363D-02 -0.289093827284D-02 -0.203037104099D-02  0.946613095634D-05
 -0.153765720989D-04 -0.167366551877D-02  0.756168943157D-02  0.472542264151D-02
  0.194968182388D-03  0.648555852077D-03  0.725712426015D-02 -0.167915077518D-02
  0.758254896912D-02  0.475554925676D-02  0.193488417855D-03  0.367007936199D+00
 -0.190405566613D-03 -0.305497699578D-02  0.210442781209D-02  0.362896267239D-02
 -0.323955453732D-02 -0.238961947238D-02  0.892111612794D-03 -0.301393835060D-02
 -0.752322656948D-03 -0.103903925132D-04  0.183326110272D-02 -0.118392387883D-02
  0.223412593159D-02 -0.395410854629D-02 -0.234216720219D-02  0.250109942028D-03
  0.454769050549D-02 -0.551954077910D-03 -0.915146121011D-02 -0.175632935162D-02
 -0.948618114854D-03 -0.989836925670D-05  0.187592937912D-02 -0.117559580602D-02
  0.231071096934D-02 -0.393126169862D-02 -0.233073687532D-02  0.267127188650D-03
  0.454926423862D-02 -0.565476317886D-03 -0.190809630981D-03 -0.302297807503D-02
  0.203896357458D-02  0.366647662781D-02 -0.321971402982D-02 -0.239152396972D-02
  0.873980516270D-03 -0.302142958933D-02 -0.753445543803D-03 -0.919736110897D-02
 -0.176974839276D-02 -0.908094158932D-03 -0.138169135696D-01  0.422362259877D-04
 -0.554145688401D-04  0.461077917980D-02  0.615775140671D-02  0.375105449294D-02
  0.751325747388D-02  0.727627771260D-02  0.379992389031D-01  0.459729573070D-02
  0.623421867809D-02  0.386004403172D-02  0.749741877848D-02  0.726659617438D-02
  0.403994190421D+00 -0.382934383278D-04 -0.476786550841D-02 -0.399319135294D-02
 -0.367476676878D-02  0.522381805429D-02  0.852341458993D-03  0.287800838419D-03
 -0.691340354197D-03 -0.349391023292D-03 -0.224982275413D-03 -0.431438561015D-02
 -0.415801509609D-02 -0.407119158967D-02  0.603713145001D-02  0.411663957394D-03
 -0.593137490556D-03 -0.110515234172D-03  0.768968501212D-03 -0.422462894702D-02
  0.886519139220D-03 -0.274332957855D-02 -0.224613634257D-03 -0.430906192563D-02
 -0.415480206469D-02 -0.406558463721D-02  0.604186091230D-02  0.413482231107D-03
 -0.593155027089D-03 -0.111544086961D-03  0.768386721853D-03 -0.389410073375D-04
 -0.476812150739D-02 -0.399857836653D-02 -0.367479267772D-02  0.522957592371D-02
  0.852748113625D-03  0.286172773016D-03 -0.689930487944D-03 -0.348864615267D-03
 -0.423681436426D-02  0.887982596008D-03 -0.274049692111D-02 -0.847564010308D-02
  0.190195723100D-05 -0.725059984869D-05  0.202878847482D-02 -0.276377924902D-02
 -0.273253795157D-02  0.218845686450D-02  0.187187021647D-02  0.106046500931D-01
  0.202481671365D-02 -0.275483099829D-02 -0.271995631669D-02  0.219025754730D-02
  0.186939128719D-02  0.106082497624D-01  0.385735699477D+00 -0.382665417940D-04
 -0.478340550372D-02 -0.399637618672D-02 -0.367574873254D-02  0.522655562657D-02
  0.849729293056D-03  0.289264042956D-03 -0.699191944380D-03 -0.352064390729D-03
 -0.225144711209D-03 -0.431947997432D-02 -0.417026125285D-02 -0.407213647886D-02
  0.604303700579D-02  0.409141482655D-03 -0.591057185327D-03 -0.102204763327D-03
  0.767538082308D-03 -0.425150299428D-02  0.886928527171D-03 -0.274610754420D-02
 -0.224774320196D-03 -0.431405490586D-02 -0.416702472076D-02 -0.406635376233D-02
  0.604782369025D-02  0.410987378382D-03 -0.591038009961D-03 -0.103231545591D-03
  0.766926052577D-03 -0.389161460093D-04 -0.478359181039D-02 -0.400191549119D-02
 -0.367569314389D-02  0.523236682794D-02  0.850132057413D-03  0.287594137329D-03
 -0.697795902993D-03 -0.351539332313D-03 -0.426380792014D-02  0.888365982725D-03
 -0.274318255496D-02 -0.852690673702D-02  0.199616657906D-05 -0.738105904615D-05
  0.202949715587D-02 -0.275870717043D-02 -0.273942190649D-02  0.220049003722D-02
  0.189378945814D-02  0.106876718250D-01  0.202549080649D-02 -0.274957767390D-02
 -0.272658019120D-02  0.220226052196D-02  0.189128665076D-02  0.106913305958D-01
 -0.307747350762D-02  0.385750276089D+00 -0.310392676085D-04  0.535904276177D-03
  0.793980605898D-03  0.899771646175D-03 -0.257264535665D-02 -0.949274790133D-03
  0.510030566370D-04 -0.413838048720D-03  0.152742190738D-03  0.574746705879D-04
  0.885074629636D-03  0.649580931036D-03  0.813710625996D-03 -0.315622282179D-02
 -0.742880868631D-03  0.881156394428D-04  0.907902378380D-03 -0.115424036767D-03
 -0.151106002699D-03 -0.749773465749D-03  0.918677063874D-03  0.574754559336D-04
  0.888686717508D-03  0.649881309411D-03  0.820880091785D-03 -0.315457482723D-02
 -0.742064315305D-03  0.898576546504D-04  0.908203013802D-03 -0.116668992972D-03
 -0.309483177273D-04  0.539378547117D-03  0.787925499479D-03  0.903705942477D-03
 -0.257158024522D-02 -0.949504281879D-03  0.493746781571D-04 -0.414828855057D-03
  0.152515240035D-03 -0.153797538705D-03 -0.751428555282D-03  0.922489931446D-03
  0.465029275846D-03  0.425272263922D-05 -0.456888304241D-05  0.294122908374D-03
  0.649369582114D-03  0.569414796330D-03  0.596599567112D-03  0.122910588685D-02
  0.328732579223D-02  0.293527695249D-03  0.656018672086D-03  0.578685923412D-03
  0.594467315861D-03  0.122855750484D-02  0.328828339259D-02  0.203859215393D-02
  0.204601022547D-02  0.368616769402D+00
$end
