$energy      SCF               SCFKIN            SCFPOT            RIRPA
     1 -387.9745005437      0.00000000      0.00000000     -3.439398838211
     2 -387.9773396899      0.00000000      0.00000000     -3.437598976052
     3 -387.9768787526      0.00000000      0.00000000     -3.437478006202
     4 -387.9777583334      0.00000000      0.00000000     -3.437218612171
     5 -387.9778101451      0.00000000      0.00000000     -3.437178739767
     6 -387.9777721208      0.00000000      0.00000000     -3.437217833165
     7 -387.9777598300      0.00000000      0.00000000     -3.437230622109
     8 -387.9777620024      0.00000000      0.00000000     -3.437228711403
     9 -387.9777632407      0.00000000      0.00000000     -3.437227394905
    10 -387.9777638629      0.00000000      0.00000000     -3.437226689928
$end
