$vibrational normal modes
 1  1  -0.0686154690  -0.0151854917   0.1380014166   0.0534928607   0.0905534167
 1  2  -0.0748143015  -0.0052240015   0.0016604264  -0.0002061987  -0.0128327579
 1  3   0.0019377452  -0.0076353095   0.0529543311  -0.0745828441  -0.1071668447
 1  4   0.0221473413  -0.0144578729   0.0709025452   0.0324330168   0.0177856360
 1  5  -0.0269656417  -0.0791706490  -0.0028224338  -0.0476729372   0.0143217986
 1  6   0.0152508607  -0.0113104409  -0.0070573480  -0.0111746061  -0.0189907791
 1  7   0.0022308372  -0.0071150274  -0.0070902792  -0.0555511064  -0.0197246947
 1  8   0.0103075817  -0.0563800119   0.0309371539   0.0493867979   0.0331877833
 1  9   0.1673281194   0.0489167202   0.0240693732   0.0300432012  -0.0047248876
 1 10  -0.0169442754   0.0473834796   0.0201789152   0.0119105756   0.0094060677
 1 11   0.0174618776  -0.0307033439   0.0001316228  -0.0071954116   0.0099657625
 1 12   0.0009239216  -0.0024271830   0.0014180978   0.0088783111  -0.0009277233
 1 13  -0.0033627818  -0.4817373254   0.0012607533  -0.0001443430   0.0002755987
 1 14  -0.0006181196   0.0000182581  -0.0000341959   0.0005613362  -0.0000605407
 1 15  -0.0001501347   0.0001076523  -0.0000123097   0.0023229213   0.0000605842
 1 16   0.0000780091   0.0053416097   0.0000110189
 2  1   0.0648165623   0.1131170958   0.1438996644   0.0314010470  -0.1543888025
 2  2   0.0231680337  -0.0043885087  -0.0200318096   0.0063354908  -0.0356424388
 2  3  -0.0131363424  -0.0598040594   0.0742847117   0.0844116832  -0.0106088499
 2  4  -0.0419995835  -0.2163215525   0.0332422855   0.1543153508  -0.0581121649
 2  5  -0.0706726111  -0.0259741570   0.0021245125  -0.0055539349   0.0526342048
 2  6  -0.0072234697  -0.0143971194  -0.0029909329  -0.0130614386   0.0467257181
 2  7  -0.0012708183  -0.0046899853   0.0152622809  -0.0061417347  -0.0709339241
 2  8  -0.0090790616   0.0389005733   0.0858063016  -0.0491494583   0.0658015119
 2  9   0.0471941179  -0.0282256246  -0.0048370093   0.0203800537   0.0200652449
 2 10   0.0071696163  -0.0329791021  -0.0073276822   0.0155629475   0.0451745251
 2 11   0.0171367111  -0.0254897371   0.0005983990   0.0044627915   0.0027250822
 2 12   0.0160211494  -0.0081280246  -0.0023494715   0.0064387520  -0.0004566508
 2 13   0.0008863098   0.1630923545   0.0000947683   0.0000064958  -0.0003741096
 2 14  -0.0000442072  -0.0003824912  -0.0001267632  -0.0006990255   0.0000791417
 2 15  -0.0007210270   0.0003966495  -0.0000147285  -0.0009231203  -0.0000146826
 2 16  -0.0000214041  -0.0011938157   0.0000023100
 3  1  -0.0241014821  -0.0171157079  -0.0223853136   0.0639464478  -0.0768536172
 3  2  -0.1922338615  -0.0069786872  -0.0080148274   0.0067154389  -0.0134567992
 3  3   0.0022654853  -0.0223219397  -0.0000305651   0.0916081426  -0.0520573983
 3  4   0.1231353117  -0.1034148324  -0.0386410367  -0.0047712805   0.0244111355
 3  5   0.0019694320   0.0288492780  -0.0089032191  -0.0510750911   0.0308203479
 3  6   0.0172880860  -0.0127841258  -0.0100281019  -0.0019024081  -0.0769766073
 3  7   0.0259098315  -0.0023058911   0.0072903706   0.0147690721  -0.0245656076
 3  8  -0.0109790547   0.0086541706   0.0510280451  -0.0220565181   0.0051827305
 3  9  -0.1575963527  -0.0732296526  -0.0229573717  -0.0297277456  -0.0137615672
 3 10   0.0292047571   0.0788972092  -0.0007929068  -0.0385315159  -0.1280742388
 3 11  -0.0568801821   0.0831965404  -0.0021721388   0.0037953493  -0.0059957849
 3 12   0.0052010673  -0.0089095052   0.0046765721  -0.0218557986   0.0022169671
 3 13  -0.0007988042  -0.1997665085   0.0000604347  -0.0002790148   0.0008111172
 3 14   0.0008046527  -0.0000643409  -0.0001309987  -0.0007977021   0.0001908167
 3 15  -0.0004175773  -0.0001833665   0.0000409944   0.0012136859   0.0000160862
 3 16   0.0000175419   0.0005677849  -0.0000016232
 4  1  -0.1014946510   0.0145737977   0.1192542524   0.0680320040   0.1075858831
 4  2  -0.0988413910   0.0078554835   0.0019765051   0.0363286878  -0.0138462994
 4  3   0.0005412050   0.0063978858   0.0775367520  -0.0523620212  -0.0783251736
 4  4   0.0532846854   0.0536090184   0.0042414458   0.0202187791   0.0062857759
 4  5  -0.0499596666   0.0925296454  -0.0182664243  -0.0646777086  -0.0207881144
 4  6   0.0119498579  -0.0174698450  -0.0133764465  -0.0223371478  -0.0476403895
 4  7   0.0247847276  -0.0068992575  -0.0084011688  -0.0840535226  -0.0071804823
 4  8   0.0165100463  -0.0949134220   0.0112347799   0.0886020323   0.0344533026
 4  9   0.0249049833   0.0282441545   0.0448482578  -0.0175111103  -0.0057751155
 4 10   0.0272115513   0.0745127961  -0.0033405480  -0.0197333040  -0.0352136041
 4 11  -0.0063241363   0.0125742213  -0.0022380230   0.0126152103  -0.0036673496
 4 12   0.0009499719   0.0003868469  -0.0017817100  -0.0352015821   0.0022410570
 4 13   0.0037076294   0.4711340441  -0.0008071201   0.0000558241  -0.0003336496
 4 14  -0.0004696208  -0.0001151246  -0.0001001140  -0.0002884417   0.0007109103
 4 15   0.0000114979   0.0001131216   0.0000546006  -0.0007194151  -0.0000505295
 4 16  -0.0000995215  -0.0043889406   0.0000001827
 5  1  -0.0600530621   0.1674771150   0.0780022404   0.0985997633  -0.1637406150
 5  2   0.0663671538   0.0945801809  -0.0038830910   0.0280393724  -0.0356459068
 5  3  -0.0280334867   0.0021166397   0.2005175653   0.1139485208   0.0621712129
 5  4  -0.0330892676   0.1164994256  -0.0534675024  -0.0191588398   0.0152665217
 5  5   0.0106595939   0.0322833499  -0.0039873976   0.0968735125  -0.0680281488
 5  6   0.0311587765   0.0498343525   0.0157582120  -0.0673709111   0.0056251112
 5  7   0.0892742456   0.0108504351  -0.0150472037  -0.0104014045   0.0091880619
 5  8   0.0063540286  -0.0114733297  -0.0908594942  -0.0128174920   0.0449458025
 5  9  -0.0275434613   0.0192997106  -0.0243745221  -0.0201980041   0.0084254371
 5 10   0.0134549402  -0.0033920638  -0.0013437414  -0.0101365523  -0.0082061305
 5 11  -0.0060480547   0.0086225096  -0.0005123767  -0.0032353179   0.0006710503
 5 12  -0.0008652551  -0.0015831237   0.0006399461   0.0056987525  -0.0003644198
 5 13  -0.0002192440  -0.1370056383  -0.0001065241   0.0008434455  -0.0007459925
 5 14   0.0003017720   0.0002619456   0.0003076769  -0.0003522327  -0.0006217822
 5 15  -0.0002118432  -0.0001668990  -0.0000211761   0.0022995553   0.0002037366
 5 16   0.0004554112   0.0293891188   0.0000275281
 6  1  -0.0493607278  -0.0398739481  -0.0326649861   0.0844340971  -0.1213482836
 6  2  -0.1061304190   0.0421922797   0.0051674768  -0.0634824895  -0.0096988115
 6  3  -0.0094053416  -0.0035588211   0.0441544008   0.0664324727  -0.0581100233
 6  4   0.0689159182   0.0148751644   0.0300776124  -0.0967026377   0.0640886088
 6  5   0.0989827637  -0.1763611318   0.0305408617  -0.1466828426  -0.0196037337
 6  6   0.0695458855   0.0576028547   0.0236671916  -0.0747579008   0.0164235683
 6  7  -0.1396280420   0.0142019918   0.0442041844   0.0557372412   0.0300635172
 6  8   0.0174629165  -0.0120290932   0.0039341149  -0.0487883612   0.0019120910
 6  9  -0.0040720877   0.0308782726  -0.0185105188   0.0318039777   0.0018443055
 6 10  -0.0349183689  -0.0348202826   0.0261136174   0.0361447444   0.0392692709
 6 11   0.0131860053  -0.0345307456   0.0023727577  -0.0006275753   0.0065707761
 6 12  -0.0006862480   0.0013939847  -0.0013344838   0.0024998194  -0.0011596858
 6 13  -0.0013849016   0.1294802781   0.0004987802  -0.0013288100   0.0016287330
 6 14  -0.0003137922  -0.0009375648  -0.0009170099   0.0007249451   0.0032161014
 6 15   0.0003342927   0.0007229330   0.0000593449  -0.0060873439  -0.0005231400
 6 16  -0.0012431567  -0.0805995756  -0.0000529127
 7  1  -0.1279704567   0.0614641565   0.1034759547   0.0906663395   0.1375854508
 7  2  -0.1523030419   0.0044945791  -0.0252136238   0.1044287053  -0.0144025479
 7  3  -0.0025137555   0.0259911274   0.0952165160  -0.0157563142  -0.0695829615
 7  4   0.1633587016   0.0762785067  -0.1054461256  -0.0283742208   0.1172038712
 7  5  -0.0261588424   0.1815017897  -0.0670889025  -0.0797133762   0.1372689865
 7  6  -0.1034724242  -0.1449130189  -0.0753617647   0.0711037563  -0.2835788384
 7  7   0.0012054008  -0.0221210713   0.0977795663  -0.2615158630  -0.0319850550
 7  8   0.0253269651  -0.4206066468   0.2441126653   0.1408955008  -0.0435531729
 7  9  -0.4888272601  -0.0906651144  -0.0270320216  -0.0212093857   0.1428356935
 7 10   0.0153026813  -0.6558631144  -0.2119841048   0.0308320497   0.4447181698
 7 11   0.1237415795  -0.1117211560   0.0017610987  -0.0218894562   0.0349709534
 7 12  -0.0020134927   0.0070017632   0.0080156595   0.1103312825  -0.0069479303
 7 13   0.0017657991  -0.3248870038   0.0007864519   0.0032023211  -0.0026705300
 7 14   0.0019944108   0.0011026585   0.0014650805  -0.0000954712  -0.0025063432
 7 15  -0.0001146397  -0.0004908924   0.0001168673  -0.0014738041   0.0000392978
 7 16   0.0003267523   0.0086327307  -0.0000090182
 8  1  -0.1105643787   0.2178226751   0.0559365479   0.2003398823  -0.1968626634
 8  2   0.1137379103   0.1425331219  -0.1161682741   0.0225184523  -0.0217645744
 8  3  -0.0768231210   0.0754307658   0.3003277485   0.1394065987   0.1047959626
 8  4  -0.0491814497   0.3425665846  -0.0970867395  -0.1005545520   0.1022349727
 8  5   0.0694203657  -0.1013661740  -0.0206184584  -0.2666221752   0.3755977195
 8  6  -0.6532393954  -0.1571893107  -0.0315489624   0.4575088742  -0.0030761974
 8  7  -0.2005572662   0.0598405697   0.0299248731   0.0303122293  -0.2205954655
 8  8  -0.0376083007   0.1472042300   0.0333409005   0.0151556090  -0.1114432536
 8  9   0.1096522174   0.0032864862   0.0367367735  -0.0001669424  -0.0426714414
 8 10  -0.0077650151   0.1296397263   0.0199437326  -0.0210979559  -0.0878887227
 8 11  -0.0227417109   0.0348944057  -0.0029216336   0.0009469120  -0.0108541355
 8 12  -0.0065936996   0.0037029985  -0.0000236014  -0.0168998736   0.0021802637
 8 13  -0.0011606745  -0.0321343471   0.0028359564  -0.0058223261   0.0087861329
 8 14  -0.0008470352  -0.0038088066  -0.0036980573   0.0034018410   0.0128907803
 8 15   0.0012144183   0.0038024929   0.0005557291  -0.0229813048  -0.0023111614
 8 16  -0.0050111933  -0.3328069036  -0.0002214777
 9  1  -0.0670607569  -0.0224020257  -0.0403622475   0.1203401210  -0.1333475880
 9  2  -0.0888816094   0.0591304029  -0.0347485953  -0.0661631719  -0.0047073897
 9  3  -0.0268283269   0.0223442384   0.0794730782   0.0764882229  -0.0429010512
 9  4   0.0628311457   0.0953705444   0.0137682671  -0.1257562476   0.0917391822
 9  5   0.1193249569  -0.2199838936   0.0257544323  -0.2819706223   0.1363213013
 9  6  -0.1719388425  -0.0135327418   0.0082094586   0.1109848432   0.0184417338
 9  7  -0.2472256671   0.0322739252   0.0607341192   0.0751112007  -0.0504483156
 9  8   0.0020847170   0.0478113290   0.0491890590  -0.0386219470  -0.0535063366
 9  9   0.0382268791   0.0245599014   0.0003038386   0.0392274896  -0.0191868521
 9 10  -0.0444042314   0.0166689045   0.0361122628   0.0342006127   0.0033557722
 9 11   0.0055417420  -0.0265658764   0.0024046652   0.0000860396   0.0041951448
 9 12  -0.0031435987   0.0027425970  -0.0006235934  -0.0105889467  -0.0003110126
 9 13  -0.0016390262   0.2402618581  -0.0075137024   0.0158109309  -0.0255516491
 9 14   0.0030278554   0.0119723816   0.0107620629  -0.0107866392  -0.0390491776
 9 15  -0.0049744407  -0.0093414535  -0.0015998094   0.0654729055   0.0063875046
 9 16   0.0138118091   0.9345002070   0.0005227332
10  1  -0.0976914226  -0.0727737315   0.1239195519   0.0263616255   0.0460203009
10  2   0.0287845098   0.0284637789  -0.0015099383  -0.0750306210   0.0078402674
10  3   0.0003949488  -0.0004838839  -0.0440331726   0.0303237981   0.0181499336
10  4  -0.0378539296  -0.0201750000  -0.1039861072  -0.0359967783  -0.1002899668
10  5  -0.0354163112   0.0426683510  -0.0069435663   0.0473238174   0.0827967805
10  6  -0.0012167715   0.1109954060   0.0427653459   0.0124542025  -0.0465542786
10  7   0.0439173365   0.0531271778   0.0668171153   0.0871975505   0.0146005760
10  8   0.0326618749  -0.0946214943   0.0470755846  -0.1012739385  -0.0343953150
10  9   0.0188886356   0.0510647778   0.0042603409   0.0737628500   0.0856683803
10 10  -0.0067435805   0.0190322960   0.0411718886  -0.1024076958   0.0054865174
10 11   0.0498337968   0.0432446476  -0.0511407997  -0.0106517280   0.0144445238
10 12  -0.0060566725  -0.0061046991   0.0129421560  -0.0034796586   0.0136453290
10 13  -0.0537919767   0.0146580808  -0.0021570680  -0.0261863903  -0.0105745431
10 14   0.0049675021   0.0172604126   0.0008431785  -0.0022900860   0.0055754770
10 15   0.0009818270   0.0046752584   0.0000606994   0.0000643329  -0.0008503274
10 16  -0.0008301213   0.0001825799  -0.0001142014
11  1  -0.0466216232   0.0849129579   0.0726705865  -0.1103411732  -0.0833585884
11  2  -0.0191626993   0.0115972389   0.0796825533   0.0708744035   0.0268598406
11  3  -0.0143062881   0.0890493450  -0.0227567098  -0.0115916476  -0.0537171357
11  4  -0.0038411087  -0.0371388101   0.0337496383  -0.1542680044  -0.0852040802
11  5  -0.0332118103   0.0302126987   0.0016130115   0.0524709803   0.1217903485
11  6   0.0112403730  -0.0149363402  -0.0061918122  -0.0627126738   0.0002651359
11  7  -0.0513733757   0.0262359587   0.0116705793   0.0377683516  -0.0407590451
11  8   0.0072005869  -0.0000939135  -0.1233180543   0.1025174797   0.0421749074
11  9  -0.0023961767  -0.0859715314   0.0403321753   0.0507938895  -0.0137424720
11 10  -0.0829345211   0.0001000702  -0.0639304509   0.0139390157  -0.0120004553
11 11   0.0056979208   0.0062303854   0.0126732807   0.0097598242  -0.0058450094
11 12   0.0012942990   0.0021276333   0.0020202646  -0.0006722723  -0.0008937042
11 13   0.0302570326  -0.0023178366  -0.0039084406  -0.0530645688  -0.0220968522
11 14   0.0103924436   0.0332537017   0.0019978300  -0.0027924082   0.0127765711
11 15   0.0023399660   0.0103635860   0.0001807191   0.0000669857  -0.0011943060
11 16  -0.0012276522   0.0003518740  -0.0006523101
12  1  -0.0464923387  -0.0893680357  -0.0307279281   0.0485261460  -0.1461837829
12  2  -0.0487646130   0.0590054104   0.0403996470  -0.1255222404   0.0070963353
12  3  -0.0007324273   0.0021888465  -0.0286155075  -0.0194530467  -0.0179073135
12  4  -0.0827985875   0.0180223773   0.0904869794  -0.0037771030  -0.0981911810
12  5  -0.0160922982   0.0452261981  -0.0121868812   0.0184680383  -0.0073619655
12  6  -0.0316356095  -0.0799899558  -0.0404683505  -0.0442613791  -0.0701593131
12  7   0.0076258561  -0.0243141576   0.0473822194  -0.1127779819  -0.0023418122
12  8  -0.0135317067  -0.0228493329  -0.0752785996  -0.1557507312  -0.0401641037
12  9   0.0179874116  -0.0600190874   0.0861426797  -0.0251233020   0.0099995114
12 10   0.0461855132  -0.0280158450   0.1138967723   0.0393695686  -0.0154622123
12 11  -0.0260921054  -0.0200840891   0.0323093158  -0.0042745353  -0.0037025919
12 12   0.0017345677   0.0004443286  -0.0078194911   0.0000042078  -0.0093020595
12 13   0.0435103591  -0.0023976529  -0.0018312169  -0.0219818986  -0.0082712955
12 14   0.0039358270   0.0132939949   0.0007150091  -0.0011940493   0.0051977368
12 15   0.0011919051   0.0051592430   0.0001144369   0.0001088382  -0.0002240570
12 16  -0.0002544900   0.0008276962  -0.0005155854
13  1  -0.1053968666  -0.0125742811   0.1179422172   0.0551356910   0.0878162428
13  2  -0.0560427199   0.0259243050   0.0230579388  -0.0200766496  -0.0035785337
13  3   0.0075794306   0.0025294595   0.0219252469  -0.0681005190  -0.0380131411
13  4   0.0165981081   0.0416740731  -0.0026335349   0.0529395891  -0.1390900748
13  5  -0.0700460580   0.2106355005   0.0211947484  -0.1160899404  -0.0504196592
13  6  -0.0022206297   0.0297594382   0.0217297710   0.0209285640   0.1361990729
13  7  -0.0371289642   0.0086496679  -0.0080367276   0.0667036833   0.0094722016
13  8  -0.0089460997   0.0977096966  -0.0041668778  -0.0098521941  -0.0150200367
13  9  -0.0639344736  -0.0299983053  -0.0516017922   0.0104389345  -0.0135672572
13 10  -0.0381424743  -0.0340955736   0.0437844195   0.0657423323  -0.0027004259
13 11  -0.0204709758  -0.0228537029   0.0213313432  -0.0234242384   0.0656979259
13 12  -0.0045998202  -0.0011063142   0.0202209484   0.0052189756  -0.0079714275
13 13  -0.0036697855  -0.0617740281   0.0003998279   0.0299347407  -0.0413581504
13 14   0.0192272496   0.0192243450   0.0143080410  -0.0028869779  -0.0139085011
13 15  -0.0003066397  -0.0010209776   0.0024290457  -0.0004820193  -0.0007838466
13 16   0.0000302401  -0.0041966732  -0.0000382361
14  1  -0.1365437976   0.1636166722   0.0316199974   0.0420595287  -0.1310217298
14  2   0.0536519495   0.1376768021   0.1170794180   0.0562237470  -0.0093358574
14  3   0.0651319993  -0.0017306066  -0.0578098349  -0.1067339767   0.0861249758
14  4   0.0805269824  -0.0168095842  -0.0196383170  -0.0086936368   0.0319171816
14  5   0.0034390223   0.0100638060  -0.0047871647   0.0843745650   0.0248027604
14  6   0.0843618428  -0.0725272912  -0.0290930871   0.0666525347  -0.0337945983
14  7  -0.0740479757  -0.0326500367  -0.0003139256   0.0234285180   0.0381865982
14  8  -0.0102120146   0.0280822823   0.0980829326   0.0238073232  -0.0409179722
14  9   0.0419147297   0.0087260400  -0.0150946628  -0.0219931197   0.0213654537
14 10   0.0178694391   0.0059946296   0.0458443241   0.0059313378  -0.0032470416
14 11  -0.0025069166  -0.0057636722   0.0026247989   0.0001145669  -0.0060876501
14 12   0.0009988375   0.0013637192  -0.0043636642  -0.0015438550  -0.0004445398
14 13  -0.0005800136   0.0133972998   0.0005860679   0.0237552688  -0.0110203180
14 14   0.0048339886  -0.0026504172  -0.0019435545   0.0025761026   0.0867299019
14 15   0.0030760079   0.0088749394   0.0064083479   0.0004828430  -0.0023253663
14 16  -0.0001416267   0.0030092544  -0.0001125116
15  1  -0.0556120649  -0.0881871369  -0.0345782503   0.0619829351  -0.1568549813
15  2  -0.0297935570   0.0715692682   0.0393008429  -0.1367484325   0.0035083562
15  3   0.0062443082  -0.0093408861  -0.0388513419  -0.0001674199   0.0029214572
15  4  -0.0628329047   0.0074304733   0.0842523590  -0.0348250436  -0.1190952263
15  5   0.0316978742  -0.0834048674   0.0477664313  -0.0564370609  -0.0282689654
15  6   0.0144480960   0.0295948494   0.0186468857   0.0609631286   0.0532768373
15  7   0.0776329281  -0.0045479429  -0.0734162949   0.0049473020  -0.0199984738
15  8  -0.0066823096   0.0072444253   0.0324399026   0.1495367671   0.0123880639
15  9   0.0048926036  -0.0171229641   0.0470330843  -0.0595860631   0.0386539218
15 10   0.0767919938  -0.0150974726  -0.1093908721  -0.0878738071   0.0236930048
15 11   0.0191962497   0.0388896475  -0.0100514464  -0.0071086646   0.0319900985
15 12  -0.0034080890  -0.0023554917   0.0182536207   0.0002006751   0.0024096254
15 13   0.0037260851  -0.0027542438   0.0003315031   0.0178742268  -0.0217096089
15 14   0.0101446147   0.0096175869   0.0073648037  -0.0014781206  -0.0003520082
15 15  -0.0000223935  -0.0003027434   0.0019195081  -0.0001825795  -0.0005658849
15 16  -0.0000884016  -0.0007130932  -0.0000752259
16  1  -0.1782962705  -0.0641926341   0.0798756132   0.0313242727   0.0420523825
16  2   0.0656679604   0.0472703467  -0.0617845198  -0.0586196997   0.0043731790
16  3   0.0298269394  -0.0301157573  -0.1060280464   0.0923022576  -0.0338340928
16  4  -0.0727816531   0.0127147810  -0.1764752809   0.0648070782  -0.0739262642
16  5  -0.0655991749  -0.0078108643   0.0082782660   0.0569579309   0.1459980809
16  6   0.0812381441   0.2294967949   0.0904404329   0.1689936809  -0.0888556652
16  7  -0.0587913879   0.2020609237   0.0213720281   0.0721119657   0.0739498783
16  8   0.1308161190  -0.2561969485  -0.0199898871  -0.2738343737   0.0818294511
16  9   0.1920706669  -0.2236905887   0.0963987192  -0.5662293881   0.0893381624
16 10  -0.4005436044   0.0833158576  -0.2935178197   0.3103597925  -0.0333160191
16 11  -0.0614695926  -0.0609529946   0.2251644320   0.0587433937  -0.0343022231
16 12   0.0081229250   0.0131669708  -0.0180067404   0.0006477107  -0.0379995870
16 13   0.1841120478  -0.0048524425   0.0252859575   0.3128787403   0.1273248965
16 14  -0.0598396479  -0.1965554143  -0.0093228526   0.0179959424  -0.0684060495
16 15  -0.0121742403  -0.0539970781  -0.0005308922  -0.0004929610   0.0053691603
16 16   0.0066665011  -0.0021446048   0.0074249070
17  1   0.0107830787   0.0551898904   0.1021985534  -0.1536776705  -0.0741625164
17  2  -0.0440119328  -0.0294652583   0.0888872635   0.0648680140   0.0359468960
17  3  -0.0472632476   0.1171020152   0.0153722672  -0.0081144595  -0.0398157403
17  4   0.0010898412  -0.0563559562   0.0454978314  -0.1971613591  -0.0436770963
17  5  -0.0195558278   0.0220586558  -0.0252579483   0.0372932123   0.0862874574
17  6  -0.0758978169   0.0219622275  -0.0022775337  -0.2365280694   0.0116040498
17  7   0.0237912708  -0.0088322737   0.0430909312   0.0638984417  -0.0872643699
17  8  -0.0484046314   0.0849867367  -0.0498706787   0.3139727096  -0.1047886818
17  9  -0.0013744652  -0.0852451899   0.0591492884   0.1743183971   0.1891942815
17 10   0.1982717270  -0.0925516692   0.3473349223  -0.1269161348  -0.0192218802
17 11   0.0275004153   0.0338417214  -0.0559948178  -0.0314935277   0.0199795612
17 12  -0.0001574799  -0.0025633178   0.0059840201  -0.0033655687   0.0104426165
17 13  -0.0290469608   0.0068035331   0.0468799363   0.6455465629   0.2622053307
17 14  -0.1240001930  -0.3998326313  -0.0198922126   0.0405452640  -0.1416257103
17 15  -0.0258259761  -0.1155178390  -0.0013608599  -0.0010007518   0.0111842408
17 16   0.0130740591  -0.0044120246   0.0098385729
18  1  -0.0892383789  -0.0273573408  -0.0496098921   0.1480176700  -0.1637901350
18  2  -0.0326559861   0.1354037662   0.0892851417  -0.1304625744  -0.0111862192
18  3   0.0441219465  -0.0319490228  -0.0451251908  -0.1033145401   0.0114812528
18  4  -0.0530674905   0.0271915314   0.1413723155  -0.0122186035  -0.2214653894
18  5  -0.0116660504   0.1283798227   0.0309346313   0.0423879047   0.0012390551
18  6   0.0847083835  -0.2996376067  -0.1036087091   0.1971920360  -0.0479879383
18  7  -0.0524943845  -0.1147940917   0.0267217629  -0.1527274815   0.0450429488
18  8   0.0023518714  -0.0335894174  -0.1609577693  -0.4646842042   0.1758702835
18  9  -0.1865384075   0.2645492834  -0.0593937548   0.4312658072  -0.4932182772
18 10  -0.1789922000   0.1170781089  -0.4859830971  -0.0954214178   0.0371393556
18 11   0.0497208326   0.0359394380  -0.1432475603   0.0188600125  -0.0067622560
18 12  -0.0105773998  -0.0081440590   0.0161597996  -0.0001180041   0.0272300580
18 13  -0.1263417686   0.0039864394   0.0199352411   0.2661792174   0.1078215936
18 14  -0.0508907736  -0.1643492635  -0.0088475857   0.0160850022  -0.0606207105
18 15  -0.0105922223  -0.0472386788  -0.0008006284  -0.0004953955   0.0044255094
18 16   0.0050052473  -0.0020833737   0.0024861316
19  1  -0.1849287799   0.0176167869   0.0738381037   0.0703858710   0.0993311980
19  2  -0.0519747139   0.0901189627   0.1005861353   0.0092002411   0.0079828671
19  3   0.1022053203  -0.0286572458  -0.1954515937  -0.2997302675   0.0449579267
19  4   0.1698472740  -0.0668401770  -0.0059515840   0.2137849720   0.0300719970
19  5  -0.0654117142   0.0666297342   0.0101140602  -0.3909078566  -0.0414295929
19  6  -0.2547312771   0.1725172097   0.0790527009  -0.1958302646   0.2124831315
19  7  -0.0352843453   0.0948829593   0.0395424498   0.0400360440  -0.0674650217
19  8   0.0376674804   0.0876741083  -0.3878619071  -0.1565076151   0.2231270708
19  9  -0.0981479707   0.1019306079  -0.0133721319  -0.1470568508   0.1178642531
19 10   0.1765199935  -0.0860954642  -0.0854291910  -0.1737515890   0.0853798198
19 11   0.0606831941   0.0572552271  -0.0801435633   0.1370365473  -0.4678818790
19 12   0.0400945774   0.0134509156  -0.1579272183   0.0410017836   0.0343559714
19 13   0.0106854754  -0.1930795898   0.0009779993  -0.0457850990   0.1535479830
19 14  -0.0710869335  -0.1037103399  -0.0761419584   0.0240570826   0.4184305395
19 15   0.0134522672   0.0394037037   0.0142067518   0.0031180274  -0.0056308102
19 16  -0.0001508706   0.0280182469  -0.0001772860
20  1  -0.1909603141   0.1859598214   0.0026848373   0.0678041971  -0.1337042410
20  2   0.0710582197   0.1900852238   0.1642037774   0.0632845561  -0.0061661191
20  3   0.1273734976  -0.0319581170  -0.1902084029  -0.2452165087   0.1683857457
20  4   0.1767922116  -0.0775894752  -0.0428030750   0.1210259023   0.1460254612
20  5   0.0111555479  -0.0892533625  -0.0111454260  -0.0666073941   0.0018797542
20  6  -0.0943557729   0.0566403927   0.0194794560  -0.0890501463  -0.0004377111
20  7   0.0138975323   0.0249290056   0.0173075990  -0.0104622284  -0.0182803500
20  8   0.0124734976  -0.0202176560  -0.0735888609  -0.0233793722   0.0432247364
20  9   0.0030088745   0.0292403795  -0.0005492409  -0.0179760076   0.0291538775
20 10   0.0285377701  -0.0053708255   0.0181517210  -0.0422724630   0.0216513977
20 11   0.0299688350   0.0085637137  -0.0456069746   0.1042936032  -0.3452765521
20 12   0.0302497345   0.0132699794  -0.1209632787   0.0162781411   0.0222877786
20 13   0.0064448381  -0.0401034392  -0.0007942477   0.1045436483  -0.2998639426
20 14   0.1398779916   0.1939096966   0.1432572512  -0.0439470972  -0.7452086743
20 15  -0.0243779201  -0.0713763627  -0.0239457416  -0.0054418911   0.0101871743
20 16   0.0003166105  -0.0443710588   0.0001429710
21  1  -0.1036480006  -0.0617229804  -0.0551580917   0.1459171358  -0.2014447011
21  2   0.0440316698   0.1534307846   0.0546028817  -0.1820961760  -0.0126396665
21  3   0.0480696609  -0.0694994272  -0.0821880114  -0.0329753571   0.1709191395
21  4  -0.0191728890   0.0153625507  -0.0200850989   0.1395244383  -0.0366051643
21  5   0.0596095055  -0.1669657559   0.0463814385  -0.0395598487  -0.1625447116
21  6  -0.1491988644   0.2596173384   0.0940792594  -0.0707867833   0.0064700649
21  7   0.4888245670   0.0329409752  -0.1170753523  -0.0746958952  -0.0750974627
21  8  -0.0255937116  -0.2002114025   0.2898552708   0.3228503913  -0.2469258506
21  9  -0.1007516376  -0.2665966929  -0.0040237885   0.3946505366  -0.2842011301
21 10  -0.4568230770   0.0556448591   0.1102128693   0.3164114901  -0.0676340921
21 11  -0.0304919775  -0.1157476221   0.0148397670   0.0899540135  -0.2616941037
21 12   0.0247052485   0.0193418149  -0.1012859281  -0.0012914187   0.0068967319
21 13  -0.0002673300   0.0978708747  -0.0001057637  -0.0178727403   0.0517613775
21 14  -0.0249041371  -0.0358567217  -0.0269892836   0.0090143461   0.1532186157
21 15   0.0051635757   0.0151325377   0.0053317640   0.0010100073  -0.0024294537
21 16  -0.0003335124   0.0071935275  -0.0003126313
22  1  -0.0354817390  -0.0176835989   0.1560756547   0.0519434392   0.0929155449
22  2  -0.0915072527  -0.0459275873  -0.0499205364  -0.0116057833  -0.0201315347
22  3  -0.0789789085   0.0321433468   0.2530915871   0.1394206804  -0.1548998860
22  4  -0.0826989273   0.1514135247   0.0201816230  -0.0999490470  -0.1849552950
22  5  -0.0658618910   0.3065846878   0.0178461140   0.0398147645  -0.1037345392
22  6   0.2642349240  -0.1087480331  -0.0353859927   0.1364307670   0.1144779309
22  7  -0.2127734204  -0.0703513297  -0.0029453126   0.1246046718   0.1049453900
22  8  -0.0511967153   0.2273468460   0.2805316292  -0.0205058119  -0.2955249682
22  9   0.1271112703  -0.1962826464   0.1846471156   0.0029764202   0.0113763461
22 10   0.0466223303  -0.0430295021  -0.1167699641  -0.1225417185   0.0667668302
22 11   0.0772462566   0.0556010553  -0.0649130271   0.1231364561  -0.4082436933
22 12   0.0386581398   0.0249866226  -0.1293324738   0.0300467856   0.0333734978
22 13   0.0036344071  -0.1248136245  -0.0058627765  -0.3183484179   0.3413971056
22 14  -0.1560251086  -0.1249682870  -0.0962205488   0.0110194489  -0.2601939748
22 15  -0.0104197769  -0.0313562373  -0.0460141725   0.0004311728   0.0160528835
22 16   0.0012117589   0.0085124250   0.0011274102
23  1  -0.2106381014   0.1984964830  -0.0070569687   0.0888328324  -0.1392858239
23  2   0.0820516813   0.2165775623   0.1827033168   0.0587065428  -0.0060430299
23  3   0.1482501064  -0.0480263950  -0.2254767390  -0.2917022630   0.2128090543
23  4   0.2077723780  -0.0836348820  -0.0530009616   0.1903762433   0.1825643188
23  5   0.0122330410  -0.1070006450  -0.0083367452  -0.1194860582  -0.0391383011
23  6  -0.1632877708   0.1104404130   0.0401523478  -0.1516064107   0.0337777538
23  7   0.0762715231   0.0364763029   0.0113126721  -0.0239802297  -0.0419889335
23  8   0.0073691377  -0.0075674047  -0.1099668782  -0.0260983834   0.0122510099
23  9  -0.0069739451  -0.0400871182   0.0491175804   0.0171693277  -0.0177021198
23 10  -0.0049541136   0.0043020580  -0.0813846542   0.0051103550  -0.0230490876
23 11  -0.0240032074   0.0130511893   0.0493756346  -0.1315572530   0.4398810227
23 12  -0.0376112609  -0.0173382554   0.1616266327  -0.0202788542  -0.0275243554
23 13  -0.0044901697   0.0397840997  -0.0070300639  -0.3991048913   0.4372453638
23 14  -0.2007808079  -0.1628498455  -0.1241306845   0.0144495989  -0.3011592450
23 15  -0.0123132068  -0.0356181506  -0.0564271384   0.0004241673   0.0190704543
23 16   0.0014283103   0.0092958903   0.0016024736
24  1  -0.0198170510  -0.1510629088  -0.0186049008  -0.0283900798  -0.1483952181
24  2  -0.0291667334   0.0266642010   0.0277656183  -0.1595978506   0.0274460054
24  3  -0.0216360097   0.0382841737  -0.0858857746   0.0383699941  -0.0616913320
24  4  -0.1606895445  -0.0395898239   0.1132349091  -0.1873421159  -0.3437401235
24  5   0.0047164884  -0.0142043169   0.0600544676   0.0946876202   0.1973564524
24  6   0.0658550217  -0.1033337783  -0.0244978086   0.3057438936  -0.0522076531
24  7   0.0743609109  -0.0078785754  -0.1045231163   0.0037995762  -0.0217981131
24  8   0.0316382214  -0.1510225018  -0.0331964968   0.2813737179   0.3880432573
24  9  -0.2245349961   0.3621479096  -0.4840313763  -0.1245860098   0.0734630192
24 10  -0.0238126964  -0.0072901473   0.4237750012   0.2240178091  -0.0436450015
24 11  -0.0933466948  -0.1327952239   0.0310227015   0.0380172206  -0.1488050609
24 12   0.0061494621  -0.0071796163  -0.0893411589   0.0007165891  -0.0059512215
24 13   0.0011123678   0.0603419466  -0.0038223510  -0.1872413807   0.2022273086
24 14  -0.0933884902  -0.0772151594  -0.0566083155   0.0070112990  -0.1519410163
24 15  -0.0066427662  -0.0195139621  -0.0262524690   0.0000918325   0.0094034289
24 16   0.0008097711   0.0018809163   0.0011054490
25  1  -0.0011144902  -0.1102183804   0.1774992180   0.0074698428   0.0314812639
25  2   0.0250099195  -0.0099100141   0.0379610070  -0.1202637911  -0.0042284352
25  3  -0.0218550894  -0.0178685843   0.0182231101  -0.0351504363   0.0615749131
25  4  -0.0414204688  -0.0390408651  -0.0654241134  -0.0114429124   0.0842466562
25  5   0.1370941685   0.0724539724   0.0080274604   0.0018117175   0.0276425314
25  6   0.0000436321  -0.0140035097  -0.0101824285  -0.0236563208  -0.0813811712
25  7   0.0334752938   0.0031166963   0.0852369917   0.0444655132   0.0292337191
25  8  -0.0709483098   0.1017946984   0.0087749108   0.0709766344   0.0344228077
25  9  -0.0224314546   0.0695167926   0.0727724800   0.0227424264   0.0343826924
25 10   0.0505054461  -0.0029700935  -0.0746635243   0.1231693324  -0.0335692301
25 11  -0.0372983397  -0.0293820097   0.0234786279   0.0185768252  -0.0133707557
25 12  -0.0050334703  -0.0074191862   0.0102002615  -0.0015937834   0.0008182291
25 13  -0.0059297769  -0.0114146587  -0.0021264585   0.0062059356   0.0098656366
25 14  -0.0053980537   0.0137072235   0.0028733728  -0.0037647318  -0.0013874363
25 15   0.0042495936   0.0192101123  -0.0010766923   0.0001552931  -0.0007799034
25 16   0.0000456125   0.0000622722   0.0000077215
26  1   0.0501712016   0.0482592126   0.1246387750  -0.1480125528  -0.0817830685
26  2  -0.0468672749  -0.0384071446   0.1175604701   0.0420232203   0.0230397312
26  3  -0.0451209760   0.0865020132   0.0433450865  -0.0578517563   0.0369017744
26  4   0.0301983655  -0.0472781145   0.0744162207  -0.1401828451   0.0129852192
26  5  -0.0044787163  -0.0033801083  -0.0214755271  -0.0841736695  -0.0654576317
26  6  -0.0380689871   0.0391131630   0.0141525022   0.0245012927   0.0151900513
26  7   0.1144167513  -0.0208143314   0.0188517465  -0.0119005939   0.0318076758
26  8  -0.0110651098   0.0096142130   0.0928780349  -0.1010802131  -0.0055659426
26  9  -0.0116839734   0.0446461237   0.0080233179  -0.0763362745  -0.0492033586
26 10  -0.0444928733   0.0095177265   0.0229027972  -0.0257695150   0.0323111425
26 11   0.0147728148  -0.0025232716  -0.0001184881   0.0243831155  -0.0097539153
26 12  -0.0317890094  -0.0296320396   0.0508295065  -0.0010102647   0.0077671764
26 13  -0.0018168657   0.0044227045   0.0004967559   0.0183102881   0.0316449382
26 14  -0.0156824728   0.0461855663   0.0114726772  -0.0185430272  -0.0008054147
26 15   0.0053358645   0.0251070200  -0.0027558722   0.0001896573  -0.0015626858
26 16  -0.0000211555  -0.0001448186  -0.0001387364
27  1   0.0134588353  -0.1086827425  -0.0052459799  -0.0473847948  -0.0826631762
27  2  -0.1585830043  -0.0254413274   0.0597447351  -0.0929282379   0.0354963252
27  3  -0.0595463207   0.0682419948   0.0323734976  -0.0076505551   0.1119527990
27  4   0.0718308457   0.0487495880  -0.0300087845   0.1282247485  -0.0518204883
27  5  -0.0614767823   0.0024841841   0.0055565068   0.1368611051  -0.0197387960
27  6  -0.0649614322  -0.0161499922  -0.0073715494  -0.0885477209  -0.0144899167
27  7  -0.1146460995  -0.0297798677  -0.0296421087   0.0352544299   0.0059453197
27  8   0.0259174691  -0.0186694304   0.0738844969   0.0354203246   0.0198201580
27  9   0.0365092207   0.0397189755  -0.0264349549  -0.0280762034  -0.0225660118
27 10  -0.0432619944  -0.0201750672  -0.0272610173  -0.0284725008  -0.0287703735
27 11  -0.0015448657   0.0151172106  -0.0031200206  -0.0106586371   0.0079888949
27 12   0.0150547627   0.0176141627  -0.0277240210  -0.0006076859  -0.0063792958
27 13   0.0042138221  -0.0094062903  -0.0082288365   0.0048134464  -0.0038985135
27 14  -0.0001904765  -0.0135548866  -0.0050291515   0.0172396798  -0.0116540090
27 15   0.0189648499   0.0818212424  -0.0027102079   0.0002668637  -0.0019277496
27 16  -0.0004287442   0.0006638210   0.0000136536
28  1  -0.0287914503  -0.0805381518   0.1615805139   0.0219149657   0.0491070282
28  2  -0.0021040421  -0.0049393153   0.0272362160  -0.0873007815  -0.0063081739
28  3  -0.0113442175  -0.0121682040   0.0230811043  -0.0437194539  -0.0267311370
28  4   0.0150197241  -0.0706427862  -0.0316693979  -0.0632277192   0.1246953214
28  5   0.1751050182   0.0348000610   0.0157153913   0.0990464836   0.0382322426
28  6  -0.0001264053  -0.0449806219  -0.0088244670   0.0026182556   0.1355722969
28  7   0.0119066434  -0.0148321213  -0.0945170648  -0.0548637479  -0.0495500741
28  8   0.0389879517  -0.0385671241  -0.0432524542  -0.0567102532  -0.0555404905
28  9   0.0319213581  -0.0308717257  -0.0721513416  -0.0170332115  -0.0092039763
28 10  -0.0156533757  -0.0532623161   0.0020002605  -0.0402661650  -0.0480983640
28 11  -0.0085506804   0.0229810715  -0.0079145716   0.0625362283   0.0250593675
28 12   0.0060629558   0.0237067801  -0.0168924881  -0.0078781192  -0.0026499890
28 13   0.0034646133   0.0425792506   0.0523840052  -0.0015565181   0.0035971743
28 14   0.0037301456   0.0070584770   0.0030497282   0.0293515172  -0.0004700813
28 15   0.0016565515   0.0016128368  -0.0000248909   0.0005410362  -0.0001312040
28 16  -0.0000500560   0.0006132014   0.0000084395
29  1   0.1400270006   0.0423342702   0.1774319186  -0.1090955200  -0.1093963876
29  2  -0.0429583195  -0.0699737855   0.1346123945   0.0147093539  -0.0512635668
29  3   0.0264844515  -0.1347624517  -0.0181926429  -0.0014058366   0.0142958900
29  4  -0.0564005319   0.0362750388   0.0148829133   0.0055665515  -0.0223839076
29  5  -0.0080163854   0.0117935269   0.0045393707  -0.0495616716  -0.0942834593
29  6  -0.0061850481   0.0335064269   0.0114776601   0.0520092975  -0.0776808825
29  7  -0.1084106171   0.0390777957  -0.0078044096  -0.0055553104  -0.0246306483
29  8   0.0313714334  -0.0707178587  -0.0692151553   0.0334116873  -0.0651284580
29  9   0.0054811449   0.0073966016  -0.0395367217   0.0225672240   0.0272320086
29 10   0.0151679122  -0.0162994482  -0.0207539210   0.0009700918  -0.0568050137
29 11  -0.0193580131   0.0186469180   0.0003570580  -0.0026667353  -0.0057171579
29 12  -0.0038920958  -0.0019619170   0.0055205233  -0.0044268813   0.0025659028
29 13  -0.0000745984  -0.0198482516   0.0221778071  -0.0045503650  -0.0075685982
29 14   0.0091794308  -0.0231262820  -0.0096718206  -0.0760669655  -0.0006093738
29 15  -0.0005780748   0.0141736691  -0.0005376799  -0.0008940797  -0.0002490460
29 16  -0.0000528676  -0.0003900442  -0.0000384801
30  1   0.0024818448  -0.0405386582  -0.0108665944   0.0118368695  -0.0572149475
30  2  -0.2217724179  -0.0325222214   0.0497832215   0.0101676842  -0.0206765940
30  3   0.0188970115  -0.0551275318  -0.0302603618   0.0602400133  -0.0570143874
30  4   0.1296463916   0.0117518858  -0.0409054281  -0.0238455754   0.0088229907
30  5  -0.0217098046  -0.0080922058  -0.0108522405   0.1934847807  -0.0293493273
30  6  -0.0405594091   0.0221986516   0.0142695474   0.0769197485   0.0610638942
30  7   0.0544350057   0.0265646434   0.0530594433  -0.0088233565   0.0112720435
30  8  -0.0309845746   0.0473000944  -0.0675947141   0.0144753845  -0.0053602492
30  9   0.0070502864  -0.0033306138   0.0200409315   0.0103625466   0.0154277143
30 10   0.0302894371   0.0739627150   0.0094988863   0.0380534418   0.1434055162
30 11   0.0419856602  -0.0578519735  -0.0015148587   0.0281062892   0.0183514653
30 12   0.0030246055   0.0139279718  -0.0115426531   0.0091299283  -0.0002626658
30 13  -0.0012172305   0.0306738296   0.0425963560  -0.0025549188  -0.0005386813
30 14   0.0062038756  -0.0051329032  -0.0022098652  -0.0163931648  -0.0006866781
30 15   0.0008665967   0.0075936292  -0.0002933996  -0.0004211958  -0.0001946120
30 16  -0.0000023289   0.0009237119  -0.0000174039
31  1   0.0790281245  -0.1145914953   0.2211668317   0.0045176951   0.0383802827
31  2  -0.0178500630  -0.0559085803   0.0698701159  -0.1186711460  -0.0466272602
31  3   0.0039664572  -0.1172262757   0.0152794126  -0.0233437906   0.0752919925
31  4  -0.0069717338  -0.0183507539  -0.0970565442   0.0613245337   0.2125605137
31  5   0.2516712168   0.0808226081   0.0245632983   0.0444193043  -0.1839560050
31  6  -0.0222971008   0.0053997644   0.0073982403   0.2465421232  -0.1466808507
31  7  -0.1050206043   0.0570292569   0.0250730270   0.0660833860   0.1880099615
31  8  -0.0662012345   0.1074181547  -0.0328074057   0.1367729622   0.4805347066
31  9  -0.0013455012  -0.2228064984   0.3399070542  -0.0392119286  -0.3036048472
31 10  -0.3683224330  -0.2083180361   0.3853532673  -0.3850530484   0.0098110520
31 11   0.1113605918   0.1026079185  -0.0623141120  -0.0459901885   0.0250913777
31 12  -0.0150234831  -0.0050588689   0.0012760506   0.0008126749  -0.0167937370
31 13   0.0111147475   0.0022840637   0.0058630425  -0.0874639813  -0.1403204475
31 14   0.0713475500  -0.1920701852  -0.0462758361   0.0648330316   0.0139205405
31 15  -0.0392820783  -0.1822293346   0.0159739513  -0.0012197270   0.0077461816
31 16   0.0005986960  -0.0001068009   0.0004038827
32  1  -0.0047407821   0.0809864565   0.0970883193  -0.0952653647  -0.0950235386
32  2  -0.0185689884   0.0023692773   0.0942371527   0.0669302900   0.0040608696
32  3  -0.0024210516   0.0546870435  -0.0152367186  -0.0189744408  -0.1003562075
32  4  -0.0330185042  -0.0889856302   0.1252617209  -0.3033227985  -0.0846587954
32  5   0.0116208014   0.1015112156  -0.0245632346   0.0547304468  -0.0945381428
32  6  -0.1958718482   0.0465300090   0.0107017729  -0.1883418431  -0.0029378616
32  7   0.0867451978  -0.0843274679   0.0294656628   0.0467568666   0.0135799625
32  8  -0.0035398324   0.0149221149   0.2501722913  -0.1059944292  -0.1240771585
32  9  -0.0037042494   0.2249767245  -0.0716006584  -0.1008716897   0.0331926294
32 10   0.0500762339   0.0712772914  -0.1873756794   0.1230242287  -0.0217817062
32 11  -0.0471968392  -0.0238491428   0.0226713811  -0.1053068328   0.0402037187
32 12   0.1130231206   0.1149645365  -0.2025577441   0.0129744172  -0.0416813364
32 13  -0.0054777041  -0.0028023612   0.0177648332  -0.2166028282  -0.3429497134
32 14   0.1756727009  -0.4796206916  -0.1161612323   0.1554624496   0.0298410918
32 15  -0.0995684539  -0.4558571268   0.0369629516  -0.0025642725   0.0217825627
32 16   0.0020003879  -0.0006209345   0.0026777375
33  1   0.0560738842  -0.1668387883   0.0135239590  -0.1442084014  -0.0630076224
33  2  -0.1793669798  -0.0672144378   0.0799683858  -0.1404255389   0.1031009507
33  3  -0.1598542674   0.2070926408   0.1431805912  -0.0866987189   0.3629330026
33  4   0.1665691287   0.1145981934  -0.1051277136   0.3904560784   0.0333041594
33  5  -0.1842385128  -0.2076735750  -0.0015103715  -0.1628010139   0.2057818378
33  6   0.2609744738  -0.0435952389  -0.0137951308   0.1166105090   0.0685541471
33  7   0.0479170338   0.0559105636   0.0028942865  -0.0963909903  -0.0860005498
33  8   0.0080147693  -0.0371248603  -0.2090047808  -0.0093001794  -0.1036918155
33  9   0.0020232945  -0.0828824823  -0.0685718824   0.0699549812   0.0775246048
33 10   0.1018777278   0.0261341884   0.0233597034   0.0742393475   0.0464178815
33 11   0.0065451652  -0.0433175886   0.0168805160   0.2664696313  -0.1068349848
33 12  -0.2399693037  -0.2464299293   0.4385208705  -0.0270477501   0.0922028325
33 13  -0.0023011622  -0.0083982526   0.0054100009  -0.1147721714  -0.1878558093
33 14   0.0957270055  -0.2639728357  -0.0639782414   0.0870990472   0.0152057505
33 15  -0.0501082147  -0.2292909434   0.0199472468  -0.0011880956   0.0113021804
33 16   0.0010011225  -0.0001976266   0.0011799719
34  1   0.0118134131  -0.1550177632   0.1858553953  -0.0140212237   0.0012755163
34  2   0.0837056614   0.0047552605   0.0376549928  -0.2029519007   0.0232214110
34  3  -0.0610303084   0.0291026838   0.0605600895  -0.0988341199   0.1472943606
34  4  -0.1328236361   0.0097297373  -0.0127990546   0.1410873854   0.0292166298
34  5   0.0890980094   0.0431517390   0.0137377394  -0.2997607855   0.1023677296
34  6   0.1064877011  -0.0799092194  -0.0620938717  -0.1275047962  -0.3206710247
34  7   0.0970808933   0.0181954588   0.3620654904  -0.1411932296   0.0132601262
34  8  -0.2609647220   0.1741199244  -0.1813151398   0.1872391079  -0.1684146146
34  9   0.1286651074  -0.2610304020  -0.5656564466  -0.2006969414  -0.1413782565
34 10  -0.1574947280   0.2555095318  -0.0358556743  -0.2686668594   0.3374761290
34 11   0.1555855502   0.0129864008  -0.0563158613  -0.1046763011   0.0696785305
34 12   0.0866907298   0.0969630448  -0.1700107399   0.0277329116  -0.0227166334
34 13   0.0041973065   0.0730118771   0.0111974514   0.0068950288   0.0193056722
34 14  -0.0069181213   0.0327636206   0.0098883369  -0.0209552856   0.0079261240
34 15  -0.0122303786  -0.0518822595  -0.0001750186  -0.0004771469   0.0008623075
34 16   0.0001942402  -0.0004648769  -0.0000720396
35  1   0.1086032298  -0.0059947483   0.1508099537  -0.2552253352  -0.0475916206
35  2  -0.0974634696  -0.1021317712   0.1474334722   0.0146646328   0.0822206850
35  3  -0.1393482254   0.2055585876   0.1468104142  -0.1176093440   0.3041210472
35  4   0.1724490078   0.0308197457  -0.0494659363   0.1422963831   0.1295790052
35  5  -0.1269784052  -0.2411443708  -0.0234253967  -0.3333278926   0.1567510030
35  6   0.3164997849   0.0496015273   0.0357371399   0.3451976141   0.1652146095
35  7   0.2467985525   0.0982623105  -0.0382449817  -0.0687739956  -0.0550198071
35  8   0.0429219158  -0.0635960386  -0.1855836045  -0.1617314938  -0.0169182875
35  9  -0.1259396249  -0.0035328940   0.2449509740   0.1289358446   0.0836934684
35 10   0.1169578252  -0.0223541573   0.0486993420   0.0823063252  -0.0682708024
35 11  -0.0518585272   0.0003925647   0.0030650916  -0.2651539067   0.0965704232
35 12   0.2484321244   0.2484884607  -0.4400895465   0.0270136643  -0.0850435142
35 13  -0.0021497992   0.0140870208  -0.0195132948  -0.0076143043  -0.0361688136
35 14   0.0139662320  -0.0689671926  -0.0206459586   0.0524810255  -0.0241683358
35 15   0.0346411607   0.1475207638  -0.0035077532   0.0002779112  -0.0026321848
35 16  -0.0007016155   0.0015190192  -0.0000724936
36  1   0.0238830462  -0.1160807931  -0.0007555151  -0.0666664857  -0.0739366988
36  2  -0.1724698299  -0.0386258772   0.0657473109  -0.0926138698   0.0449486936
36  3  -0.0751505010   0.0883918546   0.0498130645  -0.0152479373   0.1587738105
36  4   0.1064049525   0.0616504847  -0.0573653354   0.1747497189  -0.0246786694
36  5  -0.0825189531  -0.0438850135   0.0043484289   0.1103313789   0.0209468995
36  6  -0.0010214916  -0.0124305534  -0.0009924286  -0.0177223928   0.0330372892
36  7  -0.0929631780  -0.0072423724  -0.0593178950   0.0324372507  -0.0114724219
36  8   0.0502128214  -0.0383617300   0.0260592926   0.0135030807   0.0305561036
36  9   0.0072524107   0.0492185157   0.0629379193   0.0286142638   0.0169120356
36 10   0.0009123332  -0.0469071102  -0.0230007896   0.0228315806  -0.0746482265
36 11  -0.0291171697   0.0106034696   0.0041817365  -0.0476077168   0.0200140526
36 12   0.0572057372   0.0593124020  -0.0981420739   0.0016969067  -0.0212459732
36 13   0.0060612305  -0.0108737053   0.0982341650   0.0529945017   0.2288810779
36 14  -0.0923805761   0.4202348692   0.1231149187  -0.2913349252   0.1269132742
36 15  -0.1770780622  -0.7513867078   0.0116835299  -0.0016951826   0.0115584532
36 16   0.0030249310  -0.0066757480  -0.0005747784
37  1   0.0465992875  -0.1024618055   0.2031889204   0.0106498238   0.0429471844
37  2  -0.0159226193  -0.0437705853   0.0710281718  -0.0952494707  -0.0590307789
37  3   0.0418675540  -0.1854947522  -0.0572170589  -0.0092119581  -0.0060549928
37  4  -0.0440550330   0.1639445101  -0.1521992969  -0.0170989959   0.1002720215
37  5   0.1350530517   0.0008987157   0.0233748768   0.0588585486   0.3840120561
37  6   0.0862942359  -0.1595119281  -0.0540155565  -0.2441515645   0.2612890141
37  7   0.0740689001  -0.1029614700  -0.2261494476   0.0204991929  -0.1700956667
37  8   0.0798529490   0.0332964522   0.0765883272  -0.0500855929  -0.0753040499
37  9  -0.2237091518   0.1100057680   0.1647784072  -0.1783988720  -0.1736571327
37 10  -0.1113013943   0.1649030692   0.1003589221  -0.0377348055   0.2247867581
37 11   0.0622933999  -0.0309619084   0.0258068024  -0.3772731605  -0.1424889407
37 12  -0.0419309054  -0.1218987831   0.0842738344   0.0474679278   0.0076485180
37 13  -0.0043714369   0.0137397229  -0.2321774897  -0.0089338392  -0.0553252591
37 14   0.0180069519  -0.1471906207  -0.0604009616  -0.5087502130  -0.0000383490
37 15  -0.0125802984   0.0523262632  -0.0027231787  -0.0082699819  -0.0006201177
37 16   0.0006885430  -0.0056725994  -0.0002508723
38  1   0.1960619707   0.0259876859   0.2083060410  -0.1180918014  -0.1135260699
38  2  -0.0538594541  -0.0989992065   0.1682793293   0.0091239081  -0.0905113364
38  3   0.0672237772  -0.2645687896  -0.0775105285   0.0249099172   0.0297070080
38  4  -0.0998795511   0.2172885551  -0.0765412277   0.0374334341  -0.0406881313
38  5  -0.0392955162  -0.0169418217   0.0096901543  -0.0844458416   0.1701113515
38  6   0.0585685058  -0.0517352034  -0.0222000786  -0.1341703903   0.0187989130
38  7  -0.0518002412  -0.0288922785  -0.1029369413   0.0510751233  -0.1109849818
38  8   0.0591498991  -0.0138775218   0.0301290275   0.0283821351  -0.0727783788
38  9  -0.1834821584   0.1082981837   0.1335710953  -0.0965544285  -0.0917436811
38 10  -0.0525419206   0.1399205587   0.0504561305   0.0025243108   0.1360742429
38 11   0.0318945356  -0.0220263896   0.0244132809  -0.3085075124  -0.1233713860
38 12  -0.0373517589  -0.1071142321   0.0792146605   0.0325367097   0.0102479021
38 13  -0.0052987725  -0.0276267142   0.3428894527   0.0143871915   0.0796128935
38 14  -0.0222399507   0.2021403184   0.0833251884   0.6886609062  -0.0004254647
38 15   0.0170064869  -0.0697973183   0.0033920323   0.0128927634   0.0006499562
38 16  -0.0004927321   0.0069556962   0.0003064149
39  1   0.0482514425  -0.0595719812   0.0086509153  -0.0641508497  -0.0111809315
39  2  -0.3000851997  -0.0822791643   0.1477575748   0.0531770279  -0.0471842655
39  3   0.0622367335  -0.1444917208  -0.0908479426  -0.0071601708  -0.0969086714
39  4   0.1398344094   0.3826242856  -0.0527771384  -0.1505000548   0.0299300592
39  5  -0.0585387875  -0.1577203725  -0.0249259669   0.0327871651   0.1802806580
39  6  -0.0416106920  -0.0293847809  -0.0074817837   0.0038621382   0.1742435181
39  7   0.3383549831  -0.0729050311   0.1573583563  -0.1122271546   0.2354460761
39  8  -0.1425335864   0.1039486090   0.1577091669  -0.1764746903   0.2575882134
39  9   0.4223064530  -0.2685245923  -0.3059920455   0.1566010851   0.1707132858
39 10   0.0630852470  -0.2969263988  -0.1652426246   0.0216106082  -0.3077514260
39 11  -0.1059410553   0.0985704187   0.0364855786  -0.3506856650  -0.1705005368
39 12  -0.0049364201  -0.1335919715   0.0810056682   0.0101962033   0.0131843819
39 13  -0.0017530784   0.2465768935   0.0080228738  -0.0010726851  -0.0024071109
39 14   0.0012875996  -0.0047739356  -0.0017187982  -0.0076121001  -0.0000559711
39 15  -0.0014339915   0.0018928575   0.0000171176  -0.0016796717  -0.0000334592
39 16  -0.0001222652  -0.0010562639   0.0000437848
40  1  -0.0952918740  -0.0860599185   0.1256184632   0.0200035393   0.0368830757
40  2   0.0470755800   0.0387024382  -0.0204351269  -0.1218013190   0.0633253949
40  3  -0.0959288152   0.2026889874   0.1155492290  -0.0784031213   0.0428482347
40  4   0.0422397752  -0.3508198273   0.0578596689  -0.0730765181   0.1494776684
40  5   0.2606271265   0.1671013920   0.0192233490   0.1908932591  -0.3651025365
40  6  -0.1296979101   0.0519696183   0.0287921829   0.1968689641  -0.0667730688
40  7  -0.2581743438   0.0534885003  -0.1840775170  -0.0003031853   0.0412321861
40  8   0.1337244866  -0.1897076869  -0.1198881215  -0.0423156607   0.0434901473
40  9  -0.0026892295  -0.2642675877  -0.1265453205   0.1415154032   0.1690864777
40 10   0.1897956775   0.2401647320  -0.0564807457   0.1079740643   0.1839046907
40 11   0.0192251436  -0.0463978792   0.0374253463  -0.4334062409  -0.1748827428
40 12  -0.0204359204  -0.1470196440   0.0936393985   0.0457107018   0.0226637304
40 13  -0.0073936761   0.0392971092  -0.3862139586   0.0294643914   0.0122490390
40 14  -0.0594751289   0.0549192512   0.0228315906   0.1664719606   0.0041006201
40 15  -0.0066075103  -0.0683336069   0.0026107742   0.0007138537   0.0023288984
40 16   0.0003591411  -0.0027848243   0.0003136939
41  1   0.2131465213  -0.0010737184   0.2141451237  -0.1788832357  -0.0919424558
41  2  -0.0804595332  -0.1202067626   0.2260164836   0.0145761289  -0.0854535242
41  3   0.0660261802  -0.2573706776  -0.0986627844  -0.0257733823   0.0478923388
41  4  -0.0894150502   0.3776558534  -0.0827915738  -0.0750971911   0.0004373573
41  5   0.0039154863  -0.0345286222   0.0045552950  -0.1159130518   0.1703988043
41  6  -0.0122946296  -0.0584264543  -0.0226266830  -0.1206118551   0.0535138315
41  7   0.0233247614  -0.0833140545  -0.1396029039   0.0459471360   0.0741363732
41  8   0.0554051168  -0.0285466232   0.1738379093  -0.1343930121   0.1641459861
41  9  -0.0578441985  -0.1872410020  -0.0256633817   0.0591736196   0.0746164691
41 10   0.1178653940   0.1412805447   0.0276825245   0.0201947555   0.1127184820
41 11   0.0384802047  -0.0513097293  -0.0345525744   0.4008513139   0.1748807279
41 12   0.0488949444   0.1309862068  -0.0963479999  -0.0285845293  -0.0103887518
41 13   0.0051362852  -0.0958005912  -0.6122160077   0.0412461829   0.0127651574
41 14  -0.0889167559   0.0764267861   0.0319455511   0.2306586756   0.0070776901
41 15  -0.0095026845  -0.0999397892   0.0038049765   0.0006396105   0.0031172341
41 16   0.0005005254  -0.0040289823   0.0002129747
42  1  -0.0314254276   0.0140161401  -0.0259235739   0.0942164535  -0.0681010047
42  2  -0.2159132793  -0.0077366622  -0.0201214203   0.0366498124  -0.0341149234
42  3   0.0380398353  -0.0774674051  -0.0079637804   0.1142866591  -0.1480655187
42  4   0.1455817473  -0.1631541617   0.0032021341   0.0765225083  -0.0373926724
42  5  -0.1025756929  -0.0588057629  -0.0139049838   0.1941539922  -0.0167051126
42  6   0.0652989099   0.0511650991   0.0232624321   0.1183757848   0.0666410245
42  7   0.1127240117   0.1111041132   0.2699458672  -0.1103744323  -0.1732096440
42  8  -0.1297907083   0.1139056944  -0.2779997257   0.1883804372  -0.3404369078
42  9   0.1108684392   0.3943535640   0.0399657742  -0.1595879999  -0.1777369355
42 10  -0.2509980574  -0.3276794808  -0.0062067763  -0.0975180432  -0.2240886052
42 11  -0.0460915699   0.0792786843   0.0072738262  -0.0895475167  -0.0492296606
42 12  -0.0371890419  -0.0209770901   0.0280416661  -0.0009321941  -0.0043210614
42 13   0.0024948376   0.1083668079  -0.5223843964   0.0360243278   0.0121923410
42 14  -0.0785851572   0.0712502197   0.0296610132   0.2108442249   0.0062500607
42 15  -0.0057292806  -0.0862729414   0.0029835333  -0.0003035631   0.0023530802
42 16   0.0003584701  -0.0040139243   0.0002106158
43  1  -0.1720709449  -0.1072643754   0.0845392053   0.0107291771   0.0122369689
43  2   0.1259217731  -0.1464933717  -0.0618741628   0.0583046344   0.0084078190
43  3   0.0083536600  -0.0731756380   0.0011330568   0.0830388703   0.1406784874
43  4   0.1196369226  -0.0018688305   0.0909127799  -0.0572581244  -0.0710561845
43  5  -0.0084132397  -0.0401808932   0.0030536035  -0.0057165872  -0.0217491876
43  6  -0.0045836891  -0.0462594008   0.0707360239  -0.0003225253  -0.0105277145
43  7  -0.0155428683  -0.1065062806   0.0069532118  -0.0276178379  -0.0215739758
43  8  -0.0124223850   0.0067620102  -0.0381605031   0.0016670571   0.0033975071
43  9  -0.0071972263  -0.0123910887   0.0127012943  -0.0067645678   0.0559652573
43 10  -0.0424094324   0.0064513970  -0.0000425187   0.0064863149  -0.0059470154
43 11   0.0094694137   0.0071850600   0.0157501845   0.0032313426  -0.0029214680
43 12   0.0010937807   0.0013173890  -0.0000868204  -0.0008235812  -0.0103341249
43 13  -0.1571523627   0.0019369649   0.0000495010   0.0001923262   0.0002553466
43 14  -0.0000736210  -0.0006469354  -0.0003319927   0.0002893363  -0.0001253963
43 15  -0.0000078648  -0.0000979080  -0.0000085213  -0.0000133892  -0.0030296905
43 16   0.0257169296  -0.0002735124  -0.0788927895
44  1  -0.1337156049   0.0589504516   0.0163672754  -0.2314252290  -0.0237897045
44  2  -0.0563786422   0.0452694197  -0.1223744066  -0.0621409293  -0.0151329543
44  3   0.0062303130  -0.0244470300  -0.0255819949   0.0589292570   0.0026172841
44  4  -0.0022366275   0.0324911666   0.1187575093   0.0595653556   0.0848068269
44  5   0.0332839444   0.0756841383  -0.0043397261   0.0142021639   0.0428588419
44  6   0.0071064537   0.1285876674  -0.0191348359   0.0192319445  -0.0122398485
44  7  -0.0248344377  -0.0495040187  -0.0226359686  -0.0602097921   0.0078427466
44  8  -0.0146352894   0.0417724847   0.0092435630  -0.0061335151  -0.0006595212
44  9  -0.0221617705   0.0260673310  -0.0044236756   0.0239818071   0.0383077872
44 10  -0.0228434770   0.0087550383  -0.0021860149  -0.0075081282  -0.0017356491
44 11   0.0135996660   0.0097160868  -0.0192850282  -0.0040364949   0.0052647269
44 12  -0.0000719793   0.0003877959   0.0001332125   0.0005390503   0.0288905795
44 13   0.2914881734  -0.0014116235   0.0000630254   0.0011231356   0.0005319861
44 14  -0.0002567290  -0.0011177762   0.0002231976   0.0001037505  -0.0004997207
44 15  -0.0001021254  -0.0005125637  -0.0000823137   0.0000220975   0.0015082130
44 16  -0.0512832711   0.0007999706  -0.0564423859
45  1  -0.0933262184  -0.1189402898  -0.0499743479   0.0946534091  -0.2214373370
45  2   0.0946058138  -0.1741385010   0.0869702422   0.1332374192   0.0453840163
45  3  -0.0081649429   0.0210466058   0.0081783461  -0.0427479959  -0.0890252214
45  4  -0.0419162169   0.0231581112  -0.0015105388   0.0823791200   0.0389625728
45  5   0.0597580914   0.0584898493  -0.0044924724   0.0099453140   0.0299189213
45  6   0.0067058073  -0.0244107447   0.1447004866  -0.0001720692  -0.0151802936
45  7   0.0012421599   0.0395158733  -0.0164559212  -0.0091354302   0.0148291661
45  8  -0.0188830337   0.0045348824   0.0263815805  -0.0092134239  -0.0044276536
45  9  -0.0040544443   0.0182133128  -0.0083103386   0.0136143797  -0.0143991095
45 10   0.0151044925   0.0003730559   0.0015011356  -0.0070280074   0.0028766602
45 11   0.0006339421  -0.0001045958  -0.0172974756  -0.0036398307   0.0040519710
45 12  -0.0010282515  -0.0010206217   0.0000248469   0.0006924939   0.0189043638
45 13   0.2208981353  -0.0012826713  -0.0000090982   0.0003840027   0.0001792216
45 14  -0.0001188998  -0.0001496338   0.0003431083  -0.0001304824  -0.0000800490
45 15  -0.0000489046  -0.0002121751   0.0000837515   0.0000124917   0.0023705916
45 16  -0.0376541530   0.0005121638   0.0211089900
46  1  -0.0847640518  -0.1038282926   0.1318664361   0.0114212455   0.0255770296
46  2   0.0670289896   0.0008120391  -0.0151602984  -0.0088969250   0.0047088858
46  3   0.0025750173   0.0024586265  -0.0497155055   0.0766130516   0.0343532284
46  4  -0.0194778538  -0.0333040326  -0.1224887191  -0.1013572348   0.0235278533
46  5  -0.1813288241  -0.0835129685  -0.0253681787  -0.0094488730  -0.0168784323
46  6  -0.0007977708   0.0558526837  -0.0029496585   0.0041072350  -0.0079608549
46  7  -0.0357158526  -0.0249129328  -0.0044975493  -0.0371412960   0.0061105895
46  8   0.0564393370   0.0325954007   0.0025508445   0.0255940037   0.0035370134
46  9   0.0194564018  -0.0173612675  -0.0202632751   0.0006565706  -0.1794799650
46 10   0.1151966228  -0.0292558341   0.0015461547  -0.0114022326   0.0175587618
46 11  -0.0546617049  -0.0384826491   0.0256209035   0.0001453636  -0.0058231862
46 12   0.0032786911   0.0034224248   0.0019077471   0.0013802779  -0.0173364176
46 13   0.1868990689  -0.0056889514   0.0000393466   0.0007906098  -0.0000674987
46 14  -0.0000176853   0.0000614306  -0.0005185916   0.0000015294  -0.0001167035
46 15  -0.0000129539  -0.0000555033   0.0002448088  -0.0000234464   0.0011874575
46 16  -0.0034018188  -0.0000553774  -0.0017136650
47  1  -0.1246693596   0.0823380988   0.0255650600  -0.1644454958  -0.0513851449
47  2  -0.0306984799  -0.0103405584  -0.0245301089   0.0190541945   0.0216409911
47  3  -0.0066555242   0.0312296875  -0.0397358437   0.0384082589  -0.0856357381
47  4  -0.0315963201   0.0248460216  -0.0517775076   0.0912844817  -0.0341912850
47  5   0.1121186919  -0.0076150465   0.0228306331   0.0078213020   0.0260208093
47  6   0.0014944380   0.0693349973   0.0456808261   0.0043587438  -0.0252608945
47  7  -0.0218070907  -0.0142623621  -0.0193593513  -0.0217175328   0.0030954045
47  8  -0.0459405526  -0.0204975276   0.0012375573  -0.0130689227  -0.0026986880
47  9   0.0250960427  -0.0226336263   0.0043102953  -0.0378869814  -0.1241236031
47 10   0.0892299130  -0.0236318315   0.0080385640   0.0459909041  -0.0008659278
47 11  -0.0251507658  -0.0226383669  -0.0760961349  -0.0048804403   0.0036960981
47 12  -0.0062572036  -0.0085379480  -0.0074362456   0.0013089300   0.0004931494
47 13  -0.3539239613   0.0013682596  -0.0001563281  -0.0008561346  -0.0003718288
47 14   0.0001732678   0.0012280880  -0.0006138721  -0.0001572657   0.0002569723
47 15   0.0000132897   0.0000524823  -0.0004291202   0.0000185088  -0.0016898204
47 16   0.0063614356  -0.0000893030  -0.0015622997
48  1  -0.0432685094  -0.1474142110  -0.0285150847   0.0066088104  -0.1754850667
48  2   0.0188284640   0.0047609993  -0.0088671385  -0.0210988603  -0.0052622748
48  3   0.0047557881   0.0011561955  -0.0115509130  -0.0123800756  -0.0368944214
48  4  -0.0929041461   0.0057927460   0.0616269537  -0.0156173070   0.2317774549
48  5  -0.1877268633   0.0816276000  -0.0540348072  -0.0009861964   0.0039017939
48  6   0.0075643667   0.0192587172  -0.0349444487   0.0093005133   0.0218556682
48  7   0.0008794550   0.0122358372   0.0120371864  -0.0087805638   0.0068088608
48  8   0.0991508365   0.0540929535   0.0055732011   0.0349311613   0.0070638527
48  9  -0.0133195900  -0.0038171664  -0.0106378101  -0.0065144757   0.0409110651
48 10  -0.0449675888   0.0030498912  -0.0072187494   0.0273317655  -0.0103427092
48 11   0.0207600743   0.0115827605  -0.0518732197  -0.0034551559   0.0021255367
48 12   0.0061844474   0.0088095167   0.0088204575  -0.0002228742   0.0100621002
48 13  -0.2668340368  -0.0005969907  -0.0000265253  -0.0008643927  -0.0004756491
48 14   0.0002235095   0.0005171210   0.0000557064   0.0000490823   0.0002863672
48 15   0.0000130628   0.0000564542   0.0006123420  -0.0000270175  -0.0014040739
48 16   0.0047955464  -0.0001078646   0.0003375788
49  1  -0.1641657259  -0.1288496602   0.0894760283   0.0003561749  -0.0021075261
49  2   0.1531700443  -0.1859704656  -0.0662760527   0.1597768325   0.0005566476
49  3   0.0131743047  -0.0588517323   0.0211490472   0.0754247942   0.1453863307
49  4   0.1741176689   0.0055340837   0.1163901947  -0.0477031005  -0.0585859370
49  5  -0.0205281631   0.0033362240   0.3473784824   0.0237255471   0.0050199688
49  6  -0.0276356507   0.1343475758  -0.3138650277   0.0032742632  -0.0327563777
49  7   0.0260718263  -0.0541811665   0.0455287823  -0.0469995648  -0.0040727869
49  8   0.0637307259   0.0173731331  -0.0230616829  -0.0260717155  -0.0082546306
49  9   0.0027426945  -0.0101802392   0.0221895124  -0.0045590566   0.0341531987
49 10  -0.0107212064   0.0031763057   0.0142154543  -0.0094363763  -0.0007513760
49 11  -0.0007490806   0.0019086690   0.0483222625   0.0057444772  -0.0068686341
49 12  -0.0000571751  -0.0007195849  -0.0011716426  -0.0014180745  -0.0293859124
49 13  -0.2590734665   0.0037891157  -0.0001577654   0.0013916772   0.0016373295
49 14  -0.0010653629  -0.0021284550   0.0090865032  -0.0016783742   0.0008629895
49 15  -0.0001444909  -0.0004515276   0.0006662691   0.0003121968   0.0385807180
49 16  -0.6095717304   0.0087251014   0.6281266653
50  1  -0.1908054988   0.0576926553  -0.0179879081  -0.2693561186  -0.0010492924
50  2  -0.0641571436   0.0375776451  -0.2107279291  -0.1611994609  -0.0342897530
50  3   0.0157185111  -0.1192286423  -0.0045307215   0.0990336744   0.1562801707
50  4   0.0846912350   0.0568865414   0.4738722273   0.0281489511   0.1027388878
50  5   0.0874714296   0.2038384442  -0.2779713962   0.0370389726   0.0979679573
50  6   0.0287445788  -0.2133199693   0.1917168678  -0.0700098172   0.0431047941
50  7   0.0396865059   0.5096803420  -0.0533229804   0.1554374591   0.0725121536
50  8  -0.0257662819  -0.0665830063   0.1241007641   0.0162519369  -0.0068571627
50  9   0.0287767060   0.0502315457  -0.0584757856   0.1135506892  -0.2154669939
50 10   0.1567516479  -0.0137756917  -0.0132796652  -0.2632837994   0.0856734059
50 11  -0.1322528094  -0.0674388816   0.5445361929   0.0454206509  -0.0534352570
50 12   0.0132739489   0.0131873430   0.0116377005  -0.0035184248  -0.2027268531
50 13  -0.3891797299  -0.0032976759   0.0000814641   0.0021558406   0.0008349463
50 14  -0.0004728839  -0.0012826080   0.0018594163  -0.0002740957  -0.0003446669
50 15  -0.0001294518  -0.0005811626  -0.0001688408  -0.0000024271   0.0066820581
50 16  -0.0863534205   0.0010730591   0.0734608151
51  1  -0.0918487603  -0.1600902735  -0.0487452007   0.0660622080  -0.2432150184
51  2   0.1443394198  -0.2507918759   0.0578827573   0.3022029616   0.0264251476
51  3   0.0030212423   0.0257466634   0.0514092529  -0.0487262590  -0.0451109228
51  4   0.0807508876   0.0430507051   0.1293636375   0.0953218319   0.0694902470
51  5   0.0510670247   0.1750032627   0.5822194405   0.0725066363   0.0974698689
51  6  -0.0310867835   0.2482255731  -0.5294288446  -0.0119758228  -0.0457366835
51  7   0.0931793370   0.2667579654   0.0462110580  -0.0007854934   0.0650833693
51  8   0.1199627592   0.0044221812   0.0865077851  -0.0580022386  -0.0285906207
51  9   0.0216828234   0.0382407365  -0.0057890342   0.0523176864  -0.0965662049
51 10   0.1060965484  -0.0057760827   0.0233116497  -0.1200113407   0.0373913652
51 11  -0.0580355420  -0.0292541972   0.2105713680   0.0147747446  -0.0188148740
51 12   0.0007329611  -0.0009338325   0.0007412280  -0.0016272304  -0.0729673542
51 13  -0.0165487707   0.0019814375   0.0000409732   0.0007193211   0.0001964913
51 14   0.0000833065   0.0002917076  -0.0042672437   0.0007863203  -0.0007523887
51 15   0.0000855541   0.0002572398   0.0001869536  -0.0000729956  -0.0190259258
51 16   0.3176522436  -0.0044558170  -0.3337176852
52  1  -0.2539242969  -0.0884744827   0.0395132341   0.0205707824   0.0153641928
52  2   0.1483841241  -0.2313433742  -0.0978471066   0.0122397508   0.0189458308
52  3   0.0091743220  -0.1572149977   0.0228784252   0.1124525245   0.2567038135
52  4   0.2112424986   0.0265235601   0.3676042291  -0.0374395175  -0.1756889655
52  5   0.1846987831   0.0141605338  -0.3071773757  -0.0008238404   0.0042487003
52  6   0.0071458179  -0.0146376933  -0.3931850724  -0.0499413711   0.1000418695
52  7   0.0281318263   0.3281912281  -0.0136112499   0.1830909049   0.0148650839
52  8  -0.0300793769  -0.1107453639   0.0245735045   0.0253736656   0.0090743307
52  9   0.0557692133  -0.0565474722  -0.0034029122  -0.1051108504  -0.1563182223
52 10   0.0876892021  -0.0362551266  -0.0015125870   0.2089695013  -0.0443125788
52 11   0.0432496145   0.0075311944  -0.4571616618  -0.0396501371   0.0440818840
52 12  -0.0132398627  -0.0143424721  -0.0098074399   0.0053208076   0.1529996344
52 13   0.4120956118  -0.0035653870  -0.0002146067  -0.0066701398  -0.0039822285
52 14   0.0019337917   0.0073740247  -0.0046912657  -0.0003735412   0.0020970524
52 15   0.0005705294   0.0029433100   0.0000876427  -0.0001330230  -0.0103675493
52 16   0.3436676004  -0.0053329420   0.3199277874
53  1  -0.0842233200   0.0404855225   0.0429845778  -0.2499592897  -0.0232706368
53  2  -0.0702526263   0.1006229710  -0.1174756847  -0.0326681287  -0.0291383658
53  3   0.0088721444   0.0188185480  -0.0341163019   0.0467040067  -0.0468953075
53  4  -0.0402868395   0.0189306387   0.0012755032   0.0399503812   0.1713120798
53  5  -0.1018192794   0.0714433266   0.2271059699   0.0202328669   0.0377046076
53  6  -0.0011253900   0.0461310380   0.3093799281   0.0350767640  -0.0848754010
53  7  -0.0327014129  -0.2320188036  -0.0049963105  -0.1657432995  -0.0027324595
53  8   0.0126915021   0.1007472355  -0.0120462706  -0.0222666702  -0.0073165809
53  9  -0.0485777102   0.0486896028   0.0026088046   0.0745177456   0.1235308388
53 10  -0.0701938184   0.0268389108   0.0026273309  -0.1074791856   0.0182125190
53 11  -0.0061752449   0.0068812546   0.1996722351   0.0152118799  -0.0167169373
53 12   0.0065627038   0.0076168487   0.0050593795  -0.0023351729  -0.0467389921
53 13   0.1010159330   0.0014460592  -0.0003314737  -0.0093731806  -0.0052900628
53 14   0.0026383149   0.0103117428  -0.0059816863  -0.0003465648   0.0034375219
53 15   0.0009528628   0.0048471565   0.0006231598  -0.0002606036  -0.0154313193
53 16   0.6237894211  -0.0095540903   0.6076309483
54  1  -0.1371986929  -0.0535744241  -0.0693793228   0.1978765035  -0.2385199080
54  2   0.1089199857  -0.2495131399   0.1980717230   0.0945460160   0.1087449539
54  3  -0.0311972006   0.0349431137  -0.0175962127  -0.0686938334  -0.1867767408
54  4  -0.1278594894   0.0133384536  -0.2289996536   0.1588392941  -0.1878581617
54  5   0.3099836468  -0.1145046987  -0.5133169052  -0.0480340236  -0.0137348029
54  6   0.0260874443   0.5143845890  -0.4608199241   0.0834843859   0.0822527112
54  7  -0.1223224430  -0.3004943087  -0.0808316138  -0.0677126747  -0.0387753153
54  8  -0.1641580304   0.0387846986  -0.0402125100   0.0134404889   0.0195309673
54  9  -0.0628217100   0.0565122955  -0.0147735285   0.0950215536   0.1291519658
54 10  -0.0992032474   0.0339985495  -0.0306288894  -0.1645216715   0.0340170758
54 11  -0.0266685055   0.0001686065   0.3564187556   0.0316235870  -0.0308611381
54 12   0.0094846371   0.0103990403   0.0055284676  -0.0033666857  -0.1084917093
54 13  -0.2009889066  -0.0013030033   0.0000511995  -0.0010451254  -0.0007958572
54 14   0.0004289781   0.0009271266  -0.0002384897   0.0000473388   0.0000309363
54 15   0.0001186335   0.0006328863   0.0000060887  -0.0000427431  -0.0010099700
54 16   0.0748747748  -0.0012221461   0.0818432146
55  1   0.0293631782  -0.1307415943   0.1946669223  -0.0026414463   0.0207091021
55  2   0.0367735075   0.1249853663   0.0311013940   0.1180470199   0.0202858878
55  3   0.0038670997   0.0830311914  -0.1170305148   0.1824933998  -0.0297021993
55  4  -0.0008463824   0.0366685062   0.0065681377   0.0606636066   0.0178209939
55  5   0.0033808570  -0.0494805381   0.0012817525  -0.0211019449  -0.0481152928
55  6  -0.0051438014  -0.0629378150  -0.0304810488  -0.0137656200   0.0141702967
55  7  -0.0149011229   0.0633058840  -0.0623407568  -0.0536875417   0.0151094695
55  8  -0.0902485212   0.0147920147   0.0135137217  -0.0179612135   0.0002472561
55  9  -0.0217474342   0.0238225117  -0.0038793813   0.0075340745   0.0446153639
55 10  -0.0233797376   0.0086674430   0.0029116142   0.0238420034  -0.0110151692
55 11   0.0650602436   0.0427483866  -0.0022617148  -0.0003515721  -0.0060919262
55 12   0.0115589298   0.0153905262   0.0214764735  -0.0029631279  -0.0404940483
55 13   0.0009521182   0.0004762326   0.0000343835  -0.0021187796   0.0025106313
55 14  -0.0010733253  -0.0015745146   0.0114560237  -0.0011205530  -0.0001762325
55 15   0.0008117356   0.0040051362   0.0407383111  -0.0001032049   0.0741884438
55 16   0.0034343085  -0.0004418176  -0.0012283211
56  1  -0.1916778290   0.1068583371  -0.0105502386  -0.1406133236  -0.0515915390
56  2  -0.0124200557  -0.0872607796  -0.0340091936  -0.0648105816   0.0172446758
56  3  -0.0090130508  -0.0087513273  -0.0215839066   0.0100936437  -0.0595568821
56  4  -0.0561588952  -0.0028875605  -0.1299942503   0.0282061440   0.0047725551
56  5   0.0012655940  -0.0874880802   0.0103924646  -0.0430566023  -0.1001759534
56  6  -0.0113178650  -0.1587483419  -0.0555817147  -0.0037511848   0.0295462598
56  7   0.0539634591   0.0159525089   0.0398785654   0.0477156653  -0.0069709765
56  8   0.0591002896  -0.0020987724   0.0002439661   0.0079799605   0.0018198334
56  9  -0.0081408747   0.0119988051  -0.0082595996   0.0090198334   0.0160972804
56 10  -0.0046723488   0.0028370454   0.0062717304   0.0322499615  -0.0154689259
56 11   0.1063813625   0.0720535294   0.0550282824   0.0027138515   0.0026105862
56 12  -0.0027903571  -0.0035167798  -0.0076796231   0.0003164803   0.0072132511
56 13   0.0524876792  -0.0002352883  -0.0003625040  -0.0066383038   0.0023500428
56 14  -0.0008842904  -0.0145941749   0.0473036950  -0.0014119666   0.0041542328
56 15   0.0001831117   0.0004703513  -0.0265800043  -0.0000205852  -0.0251037816
56 16  -0.0002722248   0.0000871527   0.0008075258
57  1   0.0180078100  -0.2381279743  -0.0014209229  -0.1371866114  -0.1512918553
57  2  -0.0019146329   0.1085148610  -0.1536588485   0.1215881030  -0.0525633340
57  3   0.0289022906  -0.0252197956   0.0820438347  -0.1283333828  -0.0090048823
57  4   0.0086844035  -0.0150259640  -0.0613545307  -0.0141434839  -0.0166297314
57  5  -0.0110487396   0.0001255963  -0.0006874443  -0.0061533816  -0.0188486926
57  6  -0.0001523326  -0.0232701944  -0.0166909853   0.0047877962   0.0245260650
57  7   0.0070649668  -0.0348825298   0.0092021518   0.0952780708  -0.0257816874
57  8  -0.0905858757  -0.0853134873  -0.0181631583  -0.0106065915   0.0033706683
57  9   0.0118950741  -0.0054945584   0.0022527616  -0.0039913026  -0.0202690750
57 10   0.0127740529  -0.0026326475   0.0031197103  -0.0000558657   0.0010984010
57 11   0.0031447812   0.0014755222   0.0199267913  -0.0022121195  -0.0065765629
57 12   0.0233190297   0.0313810690   0.0257355018  -0.0005702624   0.0254734442
57 13   0.0226675352  -0.0003580044  -0.0000981183  -0.0037749319   0.0049200745
57 14  -0.0023988064  -0.0025560386   0.0066784084  -0.0008854777  -0.0056017989
57 15   0.0000585509   0.0010571697   0.0769448898   0.0003991862  -0.0481436399
57 16  -0.0020062596   0.0003695993   0.0008083197
58  1   0.0249634905  -0.1471664263   0.1927655443  -0.0104217512   0.0084937637
58  2   0.0639229741   0.0389849647   0.0101471527   0.0869911463  -0.1817953653
58  3   0.0568227806   0.2181277253  -0.1275040880   0.1653386392  -0.0133836273
58  4   0.0281264085   0.0340368270  -0.0327781671   0.0643186042  -0.0826532192
58  5   0.0648755247  -0.0960620018  -0.0327709060  -0.0235841820  -0.0431357520
58  6  -0.0051211548  -0.0656542193  -0.0211859463  -0.0285008972  -0.0083139966
58  7  -0.0220073019   0.1252592800  -0.0720608843  -0.1726352769   0.0497400192
58  8   0.0370953573   0.1319046523   0.0385345516  -0.0037254728  -0.0103645414
58  9  -0.0362285650   0.0236960848   0.0033169524   0.0205370619   0.0940000720
58 10  -0.0586744332   0.0147254446  -0.0153464294  -0.0188634386  -0.0028969003
58 11  -0.0064687927   0.0024143501  -0.0001828262   0.0143628173   0.0487472541
58 12  -0.1326660046  -0.1774274709  -0.1746129792   0.0097100934   0.0102495362
58 13  -0.0301551828   0.0024683504   0.0019645913   0.0578164739  -0.0245835532
58 14   0.0089425796   0.0985910754  -0.3956224606   0.0185189785  -0.0399512114
58 15  -0.0093497959  -0.0416415887  -0.0530780836   0.0024201696  -0.8005858086
58 16  -0.0393979605   0.0056656540   0.0167471183
59  1  -0.2538218056   0.1085390315  -0.0474530917  -0.1738831975  -0.0299935057
59  2  -0.0176717094  -0.0827880518  -0.1014315945  -0.0952832096   0.1370836999
59  3  -0.0427292819  -0.1767536816   0.0876088268  -0.1381131530  -0.0044290432
59  4  -0.0574898188  -0.1022349744  -0.3500120674  -0.2100907640  -0.1099916761
59  5  -0.2120567100  -0.2226205598   0.0471264636  -0.0310758688  -0.0893285617
59  6  -0.0244611764  -0.1218704342  -0.0653302595  -0.0861829244  -0.0148821612
59  7  -0.1216257285   0.3549306747  -0.2888560700  -0.3765348254   0.1149911249
59  8  -0.2814832569   0.1859661131   0.0767574931  -0.0611269246  -0.0006688680
59  9  -0.0834194844   0.0581881202   0.0375678351   0.0276537908   0.2692820074
59 10  -0.2169084095   0.0426137594  -0.0240019989  -0.2081500727   0.0563369796
59 11  -0.4010318797  -0.2626723606  -0.0487738915  -0.0261804509   0.0035286796
59 12   0.0900866812   0.1233662954   0.0618757341   0.0089879390   0.4106240566
59 13  -0.2049983579   0.0011577786  -0.0003507021  -0.0042837432   0.0003669933
59 14  -0.0000294822  -0.0066430518   0.0202447039  -0.0002724737   0.0019534604
59 15   0.0001652073   0.0006147074  -0.0031894185  -0.0000713981   0.0251213069
59 16   0.0009156073  -0.0001279549   0.0021244997
60  1   0.0122308376  -0.2734244762  -0.0033272060  -0.1519046589  -0.1787378617
60  2   0.0565741447  -0.0763243745  -0.1946244590   0.0563308016  -0.4932660851
60  3   0.1444960816   0.2740733982   0.0541047445  -0.1582184288   0.0238548609
60  4   0.0715084231  -0.0157142664  -0.1321334526   0.0054692204  -0.2265387402
60  5   0.1328563091  -0.0890191779  -0.0773310061  -0.0091725916  -0.0018949864
60  6   0.0013767274  -0.0197170327   0.0083638535  -0.0229249991  -0.0245324790
60  7  -0.0045096387   0.0856843803  -0.0010905965  -0.1476960450   0.0452570593
60  8   0.1953863733   0.1608595500   0.0334265195   0.0228185758  -0.0189316756
60  9  -0.0158035420  -0.0074220779   0.0149416966   0.0221445788   0.0690832371
60 10  -0.0491043508   0.0076629194  -0.0338995783  -0.0621089484   0.0089201458
60 11  -0.0959022051  -0.0495748057   0.0090867935   0.0307400647   0.1096126386
60 12  -0.2921841586  -0.3906486619  -0.3929515189   0.0243625061   0.0737131463
60 13  -0.0522595064   0.0048076061  -0.0008855155  -0.0283703478   0.0134190789
60 14  -0.0051299721  -0.0463928338   0.1869343480  -0.0090937584   0.0169339701
60 15   0.0043766436   0.0197102782   0.0443881109  -0.0010887361   0.3730750455
60 16   0.0183237411  -0.0026698415  -0.0068220130
61  1   0.0956825520  -0.1679700758   0.2318027344  -0.0211025125   0.0025462075
61  2   0.0513155883   0.1013232087   0.0323806028   0.1704014316  -0.2076097212
61  3   0.0697285894   0.2872872900  -0.1808333260   0.2504190264  -0.0577754803
61  4   0.0523395329   0.1067396764   0.1152473452   0.2564857510  -0.0837966649
61  5   0.3250404641  -0.0166938071  -0.0579198379  -0.0346739013  -0.0604235988
61  6   0.0005401702  -0.1260250492  -0.0175722348   0.0313120756   0.0098159289
61  7   0.1331696337  -0.1209857877   0.2037913297   0.1374867148  -0.0339262513
61  8   0.3416378392   0.0132673088  -0.0191702191   0.0417082479  -0.0039721909
61  9   0.0192215975  -0.0219604991   0.0086580995  -0.0015864132   0.0469218397
61 10  -0.0562869650   0.0079924016  -0.0091692995  -0.1675508428   0.0606490690
61 11  -0.3629439691  -0.2447211831  -0.0346801697  -0.0268830767  -0.0571938136
61 12   0.1918938180   0.2578112253   0.2277699773  -0.0056115814   0.2034073267
61 13   0.0222412902  -0.0045190631  -0.0030918186  -0.0440217994   0.0057861092
61 14  -0.0010777548  -0.1016730897   0.3313254553  -0.0078392657   0.0411091341
61 15   0.0010779574   0.0005339103  -0.3682566450  -0.0007922099  -0.1391586363
61 16  -0.0021837715   0.0002383954   0.0029530925
62  1  -0.1194884962   0.0695393910   0.0265922859  -0.1949551941  -0.0400883902
62  2  -0.0436066859   0.0391500130  -0.0568654997   0.0679612718   0.0998839845
62  3  -0.0226572241  -0.0462447433  -0.0110522005   0.0205449327  -0.0884159536
62  4  -0.0088037266   0.0331980097  -0.0854450018   0.1522260399  -0.1555293307
62  5   0.3015214869  -0.0987625893  -0.0505173754  -0.0493471899  -0.0982576437
62  6  -0.0080624968  -0.2004715101  -0.0310737484   0.0138277868  -0.0053637440
62  7   0.1507309692  -0.0376858674   0.2108386870   0.0333173534   0.0021335373
62  8   0.5024459308   0.1376998483   0.0080430363   0.0637718826  -0.0124478420
62  9  -0.0022827385  -0.0148927790   0.0065338826   0.0119050739   0.1141100908
62 10  -0.0887067426   0.0197187174  -0.0226044845  -0.1291584724   0.0443610799
62 11  -0.2787002732  -0.1866411609  -0.1350096644  -0.0051263331  -0.0409158008
62 12   0.0579286303   0.0757614354   0.1129094125  -0.0115406523  -0.1748005260
62 13   0.1170456496  -0.0021414371   0.0037364169   0.0592207259  -0.0077770487
62 14   0.0012823029   0.1356550716  -0.4453975811   0.0110526369  -0.0565292400
62 15  -0.0008467956   0.0020953535   0.5080526507   0.0011277483   0.2033321297
62 16   0.0012190873  -0.0004667124  -0.0034546149
63  1   0.0594781300  -0.2560067735   0.0162726084  -0.2064449615  -0.1099454299
63  2  -0.0720547137   0.3501635484  -0.1940214426   0.2819892592   0.3658349152
63  3  -0.0745724006  -0.3405913263   0.1789896463  -0.1951766777  -0.0239034470
63  4   0.0236433463  -0.0396546086  -0.1187985460  -0.0416296427  -0.1661845053
63  5   0.1129794042  -0.0578764805  -0.0355344602  -0.0001879838  -0.0013291268
63  6  -0.0018928926  -0.0146351976   0.0105830034  -0.0175975990  -0.0320405488
63  7  -0.0051889035   0.0930646016  -0.0142008498  -0.1598731917   0.0505069006
63  8   0.1615275772   0.1601500175   0.0367853536   0.0155549139  -0.0151535722
63  9  -0.0263357214   0.0045961890   0.0103765177   0.0141432139   0.1267998762
63 10  -0.0754218233   0.0243026150  -0.0301730032  -0.0312847540   0.0114936570
63 11  -0.1038054428  -0.0694356562  -0.2429416077   0.0191009833  -0.0108626678
63 12  -0.1098535253  -0.1513265152  -0.0455415288  -0.0153886542  -0.5561853419
63 13   0.1142185667   0.0013224356  -0.0023401489  -0.0378215926   0.0065743999
63 14  -0.0016959510  -0.0843518284   0.2749399239  -0.0068353756   0.0325995483
63 15   0.0007281324  -0.0000475595  -0.2908054619  -0.0006070756  -0.1362004341
63 16  -0.0024099910   0.0003622818   0.0019374778
64  1   0.0575011464  -0.0984985498   0.2089934219   0.0124206139   0.0471231714
64  2  -0.0285351636   0.3416626670   0.0834894695   0.2184991713   0.4799043174
64  3  -0.1135717733  -0.2121398893  -0.1072022769   0.2460224428  -0.0781199049
64  4  -0.0542903947   0.0691377148   0.1400142877   0.1280735655   0.2306661972
64  5  -0.0209280109   0.0659668684   0.0199000891  -0.0325902964  -0.0891433256
64  6  -0.0028148368  -0.1230383799  -0.0532282267   0.0386631774   0.0775446483
64  7   0.0933109830  -0.1768500157   0.1394480516   0.3159034832  -0.0852344723
64  8  -0.0035375358  -0.1862546333  -0.0499124813   0.0145547177   0.0026359274
64  9   0.0357034298  -0.0295343863   0.0127917138   0.0078108407  -0.0186430327
64 10  -0.0031592649  -0.0053184927  -0.0219462467  -0.1223097629   0.0323220909
64 11  -0.2015180475  -0.1196082562   0.1462707356   0.0198973833   0.1054656283
64 12  -0.2166697869  -0.2877444578  -0.3508041889   0.0331100494   0.4014789022
64 13  -0.0105898320   0.0035063602   0.0004814638   0.0130147031  -0.0092932279
64 14   0.0040960796   0.0186676075  -0.0618742090   0.0026842124   0.0012742427
64 15  -0.0008626778  -0.0044804950  -0.0680839933  -0.0003790505   0.0535684856
64 16   0.0006489918  -0.0005092696   0.0001597085
65  1  -0.2532840772   0.1613103917  -0.0385881872  -0.0348047852  -0.0847959291
65  2   0.0380262346  -0.2780166538   0.0482579544  -0.2379297255  -0.1977641691
65  3   0.0375414307   0.1714891316  -0.1159932335   0.1036580783  -0.0548621930
65  4  -0.1224909411   0.0187029253  -0.0285268355   0.0174918087   0.3325892610
65  5  -0.2961378493   0.0290924990   0.0851958852  -0.0517979808  -0.1301793924
65  6  -0.0059946070  -0.1718133400  -0.1098590647   0.0145830479   0.1276580252
65  7   0.0302342346  -0.1003934125  -0.0178940792   0.3460475634  -0.0980605780
65  8  -0.4579265986  -0.3263879048  -0.0631362594  -0.0543374003   0.0010713356
65  9   0.0141763148  -0.0068448612   0.0270068156   0.0053982100   0.1499588338
65 10  -0.1005362030   0.0353918600  -0.0374717492  -0.1621347915   0.0582756252
65 11  -0.3711427991  -0.2467654358  -0.2265228466   0.0137354414  -0.0147794806
65 12  -0.0759091250  -0.1049107239  -0.0185451136  -0.0119636347  -0.4033986252
65 13   0.1929391895   0.0037144429   0.0009465391   0.0268142495  -0.0192903133
65 14   0.0085863076   0.0378744646  -0.1283863956   0.0064135019   0.0047622851
65 15  -0.0014454183  -0.0080611742  -0.1810919326  -0.0008240578   0.0818885736
65 16  -0.0001018133  -0.0006839765  -0.0017721915
66  1   0.0307369246  -0.2560716109   0.0041941181  -0.1664769355  -0.1457492614
66  2  -0.0073847903   0.1320973968  -0.1805194609   0.1546681323  -0.0481832299
66  3   0.0296674055  -0.0383624601   0.1048761475  -0.1587814143  -0.0052315212
66  4   0.0312852476  -0.0245081360  -0.1032036866  -0.0196172088  -0.1286155370
66  5   0.0708192640  -0.0452685817  -0.0235395077  -0.0024714912  -0.0063366509
66  6  -0.0022464371  -0.0151383038  -0.0003028227  -0.0064945451  -0.0094976785
66  7   0.0017189641   0.0270028759   0.0006416502  -0.0319843631   0.0113327450
66  8   0.0424041343   0.0290425856   0.0064767940   0.0034349233   0.0037134522
66  9  -0.0023712888   0.0053164169  -0.0071269023  -0.0030176265  -0.0386255533
66 10   0.0282360931  -0.0082425789   0.0161132071   0.0635531627  -0.0225034380
66 11   0.1488892565   0.0975141174   0.0684015405  -0.0062002617  -0.0125629920
66 12   0.0596455941   0.0807058832   0.0631557362  -0.0015623038   0.0684702391
66 13  -0.0163672981  -0.0017704091   0.0044688199   0.1087154224  -0.0765021330
66 14   0.0343946243   0.1601322494  -0.5448816245   0.0265495799   0.0145292420
66 15  -0.0062565217  -0.0341177337  -0.6797718957  -0.0031066349   0.3431815721
66 16   0.0072455654  -0.0023287717  -0.0053635372
67  1  -0.0697141783   0.0143567642   0.1365254555   0.0675843814   0.1113992484
67  2  -0.1180948717  -0.0231790003  -0.0389227586   0.0651566242  -0.0055249013
67  3   0.0074442559   0.0119029172   0.0279343879  -0.1139529111  -0.0081602673
67  4  -0.1210722124   0.0217218151   0.1065848929   0.0426389960   0.0141489499
67  5  -0.0290933731  -0.2133079487   0.0007303042   0.1155649230   0.0059929564
67  6  -0.0121285204   0.0133179022   0.0031299685   0.0082264558  -0.0672909956
67  7   0.0165498967  -0.0001457352  -0.0317017817   0.0824671786   0.0158639338
67  8  -0.0034530478   0.0574703901  -0.0220086631  -0.0414701596  -0.0221447143
67  9  -0.0743097840  -0.0187454325  -0.0154983495  -0.0022281096  -0.0005656964
67 10  -0.0066066898  -0.0235712998   0.0045029205   0.0237135487   0.0575979000
67 11  -0.0695161241   0.1091646619  -0.0012674840   0.0059273537  -0.0017411252
67 12   0.0082804448  -0.0050507243  -0.0009863597  -0.0195413217   0.0009771421
67 13   0.0003667338   0.0618201221  -0.0058456204   0.0008578292   0.0219596964
67 14   0.0457202459   0.0007133847   0.0001327379   0.0017694853   0.0000689196
67 15  -0.0156353307   0.0037309763  -0.0000846176   0.0334689443   0.0000275235
67 16  -0.0000359669  -0.0021370732   0.0000031228
68  1   0.1384485420   0.1186734568   0.1888463353   0.0906666054  -0.1877888378
68  2   0.0373481535  -0.0607810140  -0.2186406411  -0.0729677743   0.0479014851
68  3   0.0024428418   0.0303791998  -0.0797129553  -0.0632425565  -0.0382081133
68  4   0.0725252305   0.0220092716   0.0010069663   0.0095421963  -0.0112593859
68  5  -0.0185399345  -0.0024901560  -0.0006376218  -0.0035257734   0.0233035330
68  6  -0.0153138391  -0.0121094198  -0.0023337810  -0.0020199748   0.0393894639
68  7  -0.0021569022  -0.0204759960   0.0049313709  -0.0054521131   0.1284003739
68  8   0.0020593002  -0.0400086590  -0.0353565526   0.0409641252  -0.0320482919
68  9  -0.0215337450   0.0083068651   0.0102820850  -0.0055054719  -0.0065434089
68 10  -0.0008818907   0.0138424648   0.0024645782  -0.0032731019  -0.0095751400
68 11  -0.0058942749   0.0098371138  -0.0007388621   0.0078333798   0.0037110636
68 12   0.0382013453  -0.0293809202   0.0040023690   0.0213044357  -0.0000680233
68 13  -0.0001122397  -0.0088532895   0.0003205280   0.0002001932  -0.0010460980
68 14  -0.0029441597   0.0007519835   0.0003470556   0.0042733072   0.0009717380
68 15  -0.0805111499   0.0181059020   0.0000510255  -0.0399915980  -0.0001277755
68 16   0.0000060579   0.0026063584  -0.0000093997
69  1  -0.0208409219   0.0334107756  -0.0217617354   0.0919881716  -0.0437985265
69  2  -0.2647034928  -0.0412438211  -0.0905005830   0.1134908531   0.0052565355
69  3   0.0137176805   0.0166631078  -0.0629390364   0.0416147804   0.1403376198
69  4  -0.1089230599  -0.0442980460  -0.0474903300  -0.0420771686   0.0100396252
69  5   0.0478369980   0.0994828338  -0.0006787910  -0.0856368456   0.0099401321
69  6   0.0058284767  -0.0167476514  -0.0101126373  -0.0049586297  -0.0531812541
69  7   0.0417836804  -0.0168779611  -0.0934443535   0.0315706221   0.0135705385
69  8   0.0176321186   0.0186572770  -0.0436317914  -0.0081511258  -0.0150910070
69  9   0.0843742115   0.0205522338  -0.0035204017   0.0067564693   0.0023942843
69 10  -0.0110271553  -0.0321861631  -0.0042306133  -0.0063388655  -0.0002120956
69 11   0.0523047254  -0.0791957822   0.0012776382  -0.0047158723   0.0016860406
69 12   0.0161759393  -0.0124689744  -0.0031713599  -0.0416954063   0.0008156280
69 13   0.0000317041  -0.0040118306   0.0009831473  -0.0000992187  -0.0053326981
69 14  -0.0102812057  -0.0003966368  -0.0000007180   0.0003347263   0.0002137425
69 15  -0.0354211969   0.0077333362  -0.0003078850   0.0753004329   0.0002108538
69 16  -0.0000353143  -0.0053034688  -0.0000145843
70  1  -0.1231391628   0.0089683500   0.1076626702   0.0655949013   0.1009023679
70  2  -0.0771679952   0.0390311303   0.0542816582   0.0889164562  -0.1154032127
70  3  -0.1680603325  -0.0856988523   0.0519056507  -0.0500683912  -0.1137211090
70  4  -0.0262808188  -0.1254344975   0.1193561704   0.1493624700  -0.0087374178
70  5  -0.1032502735  -0.2425756817  -0.0129858878   0.0107099901   0.1436401896
70  6  -0.0995296144  -0.0518550094  -0.0262927333   0.0104962292  -0.1626397629
70  7   0.1221454281  -0.0892619654  -0.2270060847   0.2131118069   0.3921686456
70  8   0.0278280334   0.0475900091  -0.2029386824   0.0019604286  -0.1403757173
70  9  -0.1123656484  -0.0182485274  -0.0141526987  -0.0302937110  -0.0060355877
70 10   0.0144218601  -0.0092832033  -0.0261328242  -0.0837626880  -0.2184490271
70 11   0.1760294048  -0.2796798304   0.0034073553  -0.0018566110   0.0025625811
70 12  -0.0789536561   0.0629096685   0.0127129302   0.2971638494  -0.0115385881
70 13   0.0008960700   0.1588356518   0.0496098710  -0.0076718195  -0.1895674106
70 14  -0.3896217164  -0.0087914961  -0.0021794866  -0.0318147151  -0.0043323446
70 15   0.4624287212  -0.1061239627   0.0007256907  -0.1870123358   0.0000655579
70 16   0.0002985249   0.0098426720  -0.0000057338
71  1   0.2282237774   0.0740325438   0.2353235007   0.0277384697  -0.1753139821
71  2   0.0004295178  -0.1478386611  -0.2360346241  -0.2132657461   0.2494342830
71  3   0.4319472377   0.1689079339   0.0962343972  -0.0074642046  -0.0386528272
71  4   0.0964225543   0.1011874522  -0.0155214543  -0.0343527152   0.0006643663
71  5  -0.0095532467   0.0228456724  -0.0044956140   0.0310957746  -0.0538181604
71  6   0.0372741079   0.0190913661   0.0002304350  -0.0005709371  -0.1109417725
71  7   0.0353445678   0.0223346383  -0.0569371042   0.0488531588  -0.1773371989
71  8   0.0020041727   0.0888155457   0.0305979352  -0.0771098580   0.0395509569
71  9   0.0468703658  -0.0094671311  -0.0208628349   0.0174202474   0.0186971968
71 10  -0.0099321149  -0.0807889377  -0.0081793241   0.0518262850   0.1727980907
71 11  -0.0461799225   0.0784340839   0.0041524021  -0.0634800330  -0.0367361579
71 12  -0.1688640903   0.1225678606  -0.0413217011  -0.5336938676   0.0154399454
71 13  -0.0005381999  -0.0880377459   0.0423119055  -0.0066991719  -0.1582811454
71 14  -0.3255375716  -0.0074105378  -0.0019292715  -0.0260808128  -0.0032177742
71 15   0.3590576856  -0.0821078246   0.0006132188  -0.1669224723   0.0000068098
71 16   0.0002256127   0.0091854334  -0.0000058468
72  1  -0.0464441365   0.0900938566  -0.0333601140   0.1641802735  -0.0431292690
72  2  -0.2802489158  -0.0307945828  -0.1996366465   0.2354298782  -0.0651599403
72  3  -0.2171875808  -0.0012432079  -0.2902627023  -0.1082263521   0.2884121201
72  4  -0.2674614300   0.0736180926  -0.0478614017  -0.1433026520   0.0295043571
72  5   0.1429522789   0.1126181544   0.0230816535   0.0243254939  -0.0976300381
72  6   0.0721038975   0.0406552836   0.0286103015  -0.0103943434   0.2508960075
72  7  -0.1507098845   0.0625233118   0.2564467196  -0.2163029799  -0.1850948826
72  8  -0.0276421895  -0.1107563938   0.1460849481   0.0580729340   0.0766523872
72  9   0.0497961439   0.0306811845   0.0276148033   0.0181945588  -0.0160936825
72 10  -0.0227755460   0.0639996656   0.0476052657   0.0732658591   0.1565800836
72 11  -0.2309783335   0.3637878043  -0.0103996040   0.0821684309   0.0389404242
72 12   0.3420964083  -0.2564615463   0.0287774615   0.1602686981   0.0000126939
72 13  -0.0006113897  -0.0647931430   0.0393689588  -0.0060850587  -0.1421752233
72 14  -0.2928258011  -0.0065972525  -0.0017302124  -0.0238020972  -0.0032590438
72 15   0.3353517782  -0.0764661879   0.0005479537  -0.1297926820   0.0000807895
72 16   0.0002336375   0.0086091464   0.0000050810
73  1  -0.1028009849   0.0618115599   0.1171389350   0.0905593212   0.1409743926
73  2  -0.1683240732  -0.0185767735  -0.0570548714   0.2105940983  -0.0554856417
73  3  -0.0828383183  -0.0072655211  -0.0394062474  -0.1451706422   0.2058497371
73  4  -0.4208919502  -0.0150736902   0.1286268273   0.0340603415   0.0158589563
73  5   0.0553131105  -0.2632143436   0.0319930191   0.2267057656   0.0032920500
73  6  -0.0154166041   0.0390774250   0.0426579086  -0.0017681800   0.4403762662
73  7  -0.2220425027   0.0382086867   0.4188933263  -0.2088724233   0.1186278715
73  8  -0.0634939295  -0.1673308757   0.1329919993   0.0820898921   0.0137246148
73  9  -0.3498422289  -0.0926262513   0.0128471080  -0.0642319555  -0.0046332807
73 10   0.0784114390   0.0946088958  -0.0501401224  -0.1300098828  -0.3047573554
73 11   0.2533284585  -0.4020355164   0.0095326203  -0.0691953738  -0.0327648684
73 12  -0.1067700424   0.0621422557  -0.0214442057  -0.4048404100   0.0126339300
73 13  -0.0009992497  -0.1944190581  -0.0079296549   0.0009616732   0.0281099650
73 14   0.0561369555   0.0015850312   0.0001875861   0.0027031760   0.0003484042
73 15   0.0006596934   0.0003410730   0.0004620605  -0.1143492335  -0.0003753799
73 16   0.0000003959   0.0058011448   0.0000187865
74  1   0.0787739517   0.1704317787   0.1615278251   0.1905639917  -0.2189315239
74  2   0.0851727442   0.0032954566  -0.3108467973   0.0280326545  -0.1149344477
74  3  -0.4476286342  -0.0609868677  -0.3917871115  -0.2454373411  -0.0600632803
74  4   0.1442131540   0.1387922959  -0.0041691987  -0.0664141623  -0.0038941327
74  5   0.0009267849   0.0382753316   0.0001506579   0.0631222319  -0.0939410422
74  6   0.0718659199   0.0347162811   0.0095432155  -0.0055344934  -0.0352511105
74  7  -0.0102852330   0.0420461267   0.0467529682  -0.0287488274  -0.2293833170
74  8  -0.0134733097   0.0451355642   0.1016735125  -0.0546497603   0.0812145930
74  9   0.0222998323  -0.0322974259  -0.0141987834   0.0180193995   0.0207736992
74 10   0.0195184616   0.0110178987  -0.0054246221   0.0230997995   0.0219301281
74 11  -0.0515596608   0.0717891591   0.0035867865  -0.0698969014  -0.0429670451
74 12  -0.5084041899   0.3930510586  -0.0244390461   0.0630713898  -0.0076247608
74 13  -0.0000553546   0.0307814632   0.0176002535  -0.0025357495  -0.0766168196
74 14  -0.1555032350  -0.0038912566  -0.0005474522  -0.0072450185  -0.0003674064
74 15  -0.0277616948   0.0045078221  -0.0013191629   0.3621879865   0.0012063218
74 16  -0.0001140136  -0.0266068611  -0.0000765083
75  1  -0.0427786684   0.0498744492  -0.0312251367   0.1331432618  -0.0616500450
75  2  -0.2366319069  -0.0134710332  -0.1289879478   0.1385812577  -0.0601583872
75  3  -0.1736795623  -0.0211842137  -0.1923728942  -0.0347225621   0.1021706776
75  4  -0.0367411877   0.0119174555  -0.0534619626  -0.0752439971   0.0134921814
75  5   0.0462348863   0.1265548433  -0.0043389744  -0.0747536376  -0.0413747146
75  6   0.0456078931   0.0001006107  -0.0102271854  -0.0062865458  -0.1506732952
75  7   0.0674777090   0.0054660236  -0.1322551841   0.0553416609  -0.1573176510
75  8   0.0192751330   0.0807627544  -0.0014645784  -0.0624930028   0.0315509006
75  9   0.1458630379   0.0154183153  -0.0160223544   0.0266626920   0.0136387765
75 10  -0.0141633144  -0.0418605156   0.0025714282   0.0281170506   0.0616288179
75 11  -0.0196057817   0.0286430776   0.0015348898  -0.0274287459  -0.0142029792
75 12  -0.2106402365   0.1656357685  -0.0114830293   0.0476027949  -0.0045781745
75 13   0.0001976944   0.0329616483  -0.0393763724   0.0059937294   0.1713587532
75 14   0.3469828525   0.0100902905   0.0019034017   0.0221272313   0.0013418845
75 15   0.0200391675  -0.0011059501   0.0029111427  -0.8165443342  -0.0027306590
75 16   0.0002479743   0.0610808094   0.0001538217
76  1   0.0165925572  -0.0057108895   0.1840087499   0.0570855740   0.1079204349
76  2  -0.1413992141  -0.1045323244  -0.1467591836  -0.0477372562   0.1626658118
76  3   0.2821848669   0.1470422580   0.0349137276  -0.1773637505   0.0063512567
76  4  -0.0721646578   0.2280937715   0.0773915934  -0.0900598284   0.0442785837
76  5   0.0218988634  -0.1540652499   0.0020169550   0.2214211697  -0.1704248623
76  6   0.1025404954   0.0870052523   0.0234578920   0.0171487983  -0.1724359788
76  7  -0.0135229997   0.1032395925   0.0584662581   0.0408757909  -0.5129953541
76  8  -0.0314754115   0.1733788619   0.1621755989  -0.1643025384   0.1041096421
76  9  -0.1165690605  -0.0847533133  -0.0388619465  -0.0254273185   0.0115299059
76 10   0.0449393892   0.0261398197  -0.0290482324  -0.1043167522  -0.2872938748
76 11   0.2057559209  -0.3321789365   0.0019408444   0.0301344401   0.0222431859
76 12   0.0661749488  -0.0477577160   0.0284686210   0.4301624704  -0.0142446189
76 13   0.0016480171   0.1720085793   0.0243263863  -0.0024315348  -0.0983409379
76 14  -0.2037533516  -0.0017293977   0.0004620988   0.0055664988   0.0032046782
76 15  -0.2743069112   0.0607760931  -0.0002858465  -0.1119771235  -0.0000832834
76 16   0.0000779312   0.0046605938  -0.0000771413
77  1   0.1686119570   0.1142958630   0.2061815973   0.0974499933  -0.1945868046
77  2   0.0361419511  -0.0869206811  -0.2739207923  -0.1152761948   0.1005766907
77  3   0.0662915059   0.0765868648  -0.1106370418  -0.1099936499  -0.0469373770
77  4   0.1184700363   0.1251459780  -0.0129035062  -0.0538824618   0.0019768010
77  5  -0.0008701965   0.0282470040  -0.0022377133   0.0425161946  -0.0621434765
77  6   0.0394049357   0.0218106256   0.0046901727   0.0038564234  -0.0501177319
77  7   0.0029058483   0.0261099988   0.0110256675   0.0011445120  -0.1321152803
77  8  -0.0068320863   0.0373218587   0.0380024784  -0.0314031704   0.0238067906
77  9  -0.0236998220  -0.0195018321  -0.0057671525  -0.0133173588   0.0016094239
77 10   0.0176746653   0.0129504243  -0.0157756079  -0.0573804308  -0.1453461050
77 11   0.1297008788  -0.2056850802   0.0014033815   0.0157479990   0.0139787675
77 12   0.0971523919  -0.0753075720   0.0136419345   0.1382238725  -0.0039804347
77 13   0.0006482356   0.0439225132  -0.0636630236   0.0068189255   0.2480540192
77 14   0.5159004383   0.0036037806  -0.0012829441  -0.0159243468  -0.0075174367
77 15   0.6368794372  -0.1404702050   0.0003824054   0.2842677414   0.0002507958
77 16  -0.0001996132  -0.0145729352   0.0001592127
78  1   0.0297628606   0.0000000000   0.0000000000   0.0000000000   0.0000000000
78  2  -0.3353429917  -0.1082787634  -0.0106149781   0.0681781167   0.1586822903
78  3   0.4469935250   0.1086536375   0.2159069182   0.2029631108   0.2642337893
78  4  -0.3163966215  -0.1633619876  -0.0356258368   0.0144876058   0.0049719233
78  5   0.0778604881   0.0562828035   0.0166241191  -0.0926947418   0.0811645620
78  6  -0.0332150862  -0.0301188006   0.0048754440  -0.0257731804   0.2918067383
78  7  -0.0999004300  -0.0288266680   0.1624035582  -0.1641740028   0.2297444929
78  8  -0.0063041271  -0.1879546280   0.0269069114   0.1308907056   0.0061136706
78  9   0.0157727045   0.0191493572   0.0338640272   0.0165894656  -0.0072736981
78 10   0.0077740721   0.1108854771   0.0296807037   0.0391343504   0.0158554809
78 11  -0.1654536928   0.2467723413  -0.0033281021  -0.0132373667  -0.0147740405
78 12  -0.3728919792   0.2958503196   0.0069061927   0.4417839667  -0.0174135280
78 13  -0.0006786280   0.0086370551  -0.0075479802   0.0009269912   0.0303630484
78 14   0.0624284040   0.0010239798   0.0000884132   0.0000551502  -0.0008846407
78 15   0.0695079755  -0.0155213347   0.0000708656   0.0489584561   0.0000664261
78 16  -0.0000194088  -0.0015580959   0.0000177005
