$coord
   -0.78161980734736      0.40849680989100     -1.04371520675400  c
    3.80036156113326      0.41886906297030     -1.15756217881862  c
    3.90349199658427      3.28193296364725     -1.13619832036863  c
    1.53921832401139      4.34647212604707     -2.37767747277784  c
   -0.76647063530706      3.28771946475027     -1.03078499451028  c
   -3.10124275467806     -0.64930123155724      0.33000513902120  c
   -3.04241516985040     -3.53279755674083      0.31375659566875  c
   -0.56544787084982     -4.54329978566627      1.37187972961724  c
    1.63480930265096     -3.33076277532631     -0.00632598479512  c
   -2.50899294446885      3.96488755311424     -1.89280062214498  h
   -0.73584576752912      3.94094053696179      0.92188903178134  h
    1.50380735527020      3.78926849781327     -4.36494615728449  h
    1.53628196135101      6.40142790980885     -2.31437265419456  h
    5.60224003922832      3.90671167734537     -2.11318457601866  h
    4.01605110254124      3.94021693607628      0.81356626528338  h
    3.82627385714638     -0.24038882752782     -3.13167278977068  h
    5.45045070219969     -0.37065942935407     -0.21930745159629  h
    3.42217891060452     -3.94510223322599      0.80254569027887  h
    1.60770963334862     -3.93312541325019     -1.99814926270241  h
   -0.46353521369673     -6.58420826553415      1.13309080340087  h
   -0.43406665417400     -4.12708858285139      3.37879474878296  h
   -3.24008335327795     -4.18597215029429     -1.63547881431376  h
   -4.64387450842508     -4.27594874002951      1.37221698319589  h
   -4.75467013536044     -0.04485765869667     -0.74858121400513  h
   -0.86433957631504     -0.23509007958978     -3.02521905180873  h
    1.55494552780760     -0.56284546079174      0.13125344215009  n
   -3.43440714351554      0.46244964725205      2.97589632123913  c
   -4.03988043898291      2.42979542873780      2.81149833242428  h
   -4.95137897837791     -0.55758398316748      3.92713040190332  h
   -1.25108540024265      0.30007862369966      4.53345420485321  o
    0.18153607852146      0.23976493548821      3.37899906226383  h
$user-defined bonds
$redundant
     number_of_atoms            31
     degrees_of_freedom         87
     internal_coordinates       87
     frozen_coordinates          0
# definitions of redundant internals
   1 k  1.0000000000000 stre   5   10           val=   2.05864
   2 k  1.0000000000000 stre   5   11           val=   2.05926
   3 k  0.0263043951112 bend  11   10    5      val=   0.43825
       -0.5175240190385 bend   4   10    5
       -0.4859050794037 bend   4   11    5
        0.4973849206808 bend   1   10    5
        0.4979773719810 bend   1   11    5
   4 k  0.0348346868177 bend  11   10    5      val=   0.86536
       -0.5020052085247 bend   4   10    5
        0.5168138360338 bend   4   11    5
       -0.4995640667831 bend   1   10    5
        0.4797046146031 bend   1   11    5
   5 k  0.9004047195635 bend  11   10    5      val=   1.41409
       -0.1811298290805 bend   4   10    5
       -0.2270741500776 bend   4   11    5
       -0.2191322941128 bend   1   10    5
       -0.2384988344802 bend   1   11    5
   6 k -0.0092805697717 bend  11   10    5      val=   1.13704
        0.4863399716892 bend   4   10    5
       -0.4928484303416 bend   4   11    5
       -0.4977811167721 bend   1   10    5
        0.5222084712612 bend   1   11    5
   7 k  1.0000000000000 stre   4   13           val=   2.05593
   8 k  1.0000000000000 stre   4   12           val=   2.06421
   9 k  0.0026358789996 bend  12   13    4      val=   0.04351
       -0.5060752699408 bend   5   13    4
       -0.4943000958674 bend   5   12    4
        0.5106847397717 bend   3   13    4
        0.4886198779071 bend   3   12    4
  10 k  0.0390991073612 bend  12   13    4      val=   0.60030
       -0.5071330653208 bend   5   13    4
        0.4945457128891 bend   5   12    4
       -0.4996529324742 bend   3   13    4
        0.4970500968663 bend   3   12    4
  11 k -0.8935571290617 bend  12   13    4      val=   1.40461
        0.2046335420177 bend   5   13    4
        0.2398073325181 bend   5   12    4
        0.2042945858261 bend   3   13    4
        0.2458392484063 bend   3   12    4
  12 k -0.0024673127315 bend  12   13    4      val=   0.34899
       -0.4890694215094 bend   5   13    4
        0.5084891408682 bend   5   12    4
        0.4938544825953 bend   3   13    4
       -0.5082829496964 bend   3   12    4
  13 k  1.0000000000000 stre   3   14           val=   2.05684
  14 k  1.0000000000000 stre   3   15           val=   2.06097
  15 k  0.0300640879841 bend  15   14    3      val=   0.53923
        0.4977605793635 bend   2   14    3
        0.4973528592243 bend   2   15    3
       -0.5123303308789 bend   4   14    3
       -0.4914146128560 bend   4   15    3
  16 k  0.0242659145254 bend  15   14    3      val=   0.42819
       -0.4983499440534 bend   2   14    3
        0.4830691702190 bend   2   15    3
       -0.5052077142413 bend   4   14    3
        0.5123161532777 bend   4   15    3
  17 k  0.8954880475398 bend  15   14    3      val=  -0.39870
       -0.2277278588401 bend   2   14    3
       -0.2442809533667 bend   2   15    3
       -0.1920047436905 bend   4   14    3
       -0.2229398422087 bend   4   15    3
  18 k -0.0047452662774 bend  15   14    3      val=   0.65429
       -0.5012293399301 bend   2   14    3
        0.5168349008044 bend   2   15    3
        0.4878812982797 bend   4   14    3
       -0.4935586645381 bend   4   15    3
  19 k  1.0000000000000 stre   2   17           val=   2.05584
  20 k  1.0000000000000 stre   2   16           val=   2.08144
  21 k  0.0142200702830 bend  16   17    2      val=   0.43210
        0.4918565130103 bend  26   17    2
        0.5093448543571 bend  26   16    2
       -0.5135932122162 bend   3   17    2
       -0.4844221216211 bend   3   16    2
  22 k -0.0309572085892 bend  16   17    2      val=   0.16245
        0.5260052878110 bend  26   17    2
       -0.4842165973380 bend  26   16    2
        0.4911348654334 bend   3   17    2
       -0.4966698292118 bend   3   16    2
  23 k  0.9020981161434 bend  16   17    2      val=   1.83377
       -0.2112624273698 bend  26   17    2
       -0.2294187106730 bend  26   16    2
       -0.1820062375219 bend   3   17    2
       -0.2362794115630 bend   3   16    2
  24 k -0.0142318921866 bend  16   17    2      val=   1.61341
       -0.4851127693783 bend  26   17    2
        0.5042355686976 bend  26   16    2
        0.5083629171878 bend   3   17    2
       -0.5017735444596 bend   3   16    2
  25 k  1.0000000000000 stre   9   18           val=   2.05582
  26 k  1.0000000000000 stre   9   19           val=   2.08109
  27 k  0.0194792667244 bend  19   18    9      val=   0.52109
        0.4929149563292 bend  26   18    9
        0.5074410495153 bend  26   19    9
       -0.5125865134659 bend   8   18    9
       -0.4862242810417 bend   8   19    9
  28 k -0.0304363495166 bend  19   18    9      val=   0.16833
        0.5222092492901 bend  26   18    9
       -0.4834176811740 bend  26   19    9
        0.4947430501946 bend   8   18    9
       -0.4979033926340 bend   8   19    9
  29 k  0.9014662849338 bend  19   18    9      val=   1.61177
       -0.2136536831947 bend  26   18    9
       -0.2335452560085 bend  26   19    9
       -0.1815428852462 bend   8   18    9
       -0.2328291970468 bend   8   19    9
  30 k -0.0122107948616 bend  19   18    9      val=   1.39894
       -0.4883234715355 bend  26   18    9
        0.5057108178985 bend  26   19    9
        0.5052363611742 bend   8   18    9
       -0.5003837243999 bend   8   19    9
  31 k  1.0000000000000 stre   8   21           val=   2.05383
  32 k  1.0000000000000 stre   8   20           val=   2.05736
  33 k  0.0234963396508 bend  20   21    8      val=   0.43388
        0.5022650372038 bend   9   21    8
        0.4941037991820 bend   9   20    8
       -0.5002585656796 bend   7   21    8
       -0.5027728687229 bend   7   20    8
  34 k  0.0095905767474 bend  20   21    8      val=   0.06322
       -0.4924393342943 bend   9   21    8
        0.4939139230084 bend   9   20    8
       -0.5109928896717 bend   7   21    8
        0.5023413443476 bend   7   20    8
  35 k  0.8954691929994 bend  20   21    8      val=  -0.39763
       -0.2267842514098 bend   9   21    8
       -0.2402289607798 bend   9   20    8
       -0.2075230553319 bend   7   21    8
       -0.2143083190404 bend   7   20    8
  36 k -0.0026379818464 bend  20   21    8      val=   0.36486
        0.5065708146511 bend   9   21    8
       -0.5067701136407 bend   9   20    8
       -0.4905028667031 bend   7   21    8
        0.4959536676668 bend   7   20    8
  37 k  1.0000000000000 stre   7   23           val=   2.05847
  38 k  1.0000000000000 stre   7   22           val=   2.06524
  39 k  0.0086991267005 bend  22   23    7      val=   0.13087
       -0.5135350432302 bend   8   23    7
       -0.4876899172260 bend   8   22    7
        0.5073683020675 bend   6   23    7
        0.4908584676487 bend   6   22    7
  40 k  0.0527672632422 bend  22   23    7      val=   1.05966
       -0.5043695486482 bend   8   23    7
        0.5017906257871 bend   8   22    7
       -0.5020366156684 bend   6   23    7
        0.4888684677157 bend   6   22    7
  41 k  0.8997531706445 bend  22   23    7      val=   0.97152
       -0.1850282459283 bend   8   23    7
       -0.2401335937781 bend   8   22    7
       -0.1973113779998 bend   6   23    7
       -0.2441574438245 bend   6   22    7
  42 k -0.0026714094381 bend  22   23    7      val=   0.33220
        0.4866551505392 bend   8   23    7
       -0.5051713249032 bend   8   22    7
       -0.4919143825614 bend   6   23    7
        0.5157342346113 bend   6   22    7
  43 k  1.0000000000000 stre   6   24           val=   2.06459
  44 k  0.5589193423370 bend   7   24    6      val=   1.92451
       -0.7909766485432 bend  27   24    6
        0.2489279217383 bend   1   24    6
  45 k -0.5967308846053 bend   7   24    6      val=   0.40653
       -0.1752195611083 bend  27   24    6
        0.7830774909057 bend   1   24    6
  46 k  1.0000000000000 stre   1   25           val=   2.08504
  47 k  0.7666101199608 bend  26   25    1      val=   1.15292
       -0.6294404164607 bend   5   25    1
       -0.1269396947349 bend   6   25    1
  48 k  0.2911204625788 bend  26   25    1      val=   0.54895
        0.5169107079107 bend   5   25    1
       -0.8050168919440 bend   6   25    1
  49 k  1.0000000000000 stre  27   29           val=   2.06071
  50 k  1.0000000000000 stre  27   28           val=   2.06496
  51 k -0.0179413925592 bend  28   29   27      val=   0.04147
        0.4918719771771 bend  30   29   27
        0.5170839694299 bend  30   28   27
       -0.4920798458614 bend   6   29   27
       -0.4982184845593 bend   6   28   27
  52 k  0.0269724506048 bend  28   29   27      val=   1.10490
        0.5377255730417 bend  30   29   27
       -0.5223424065480 bend  30   28   27
        0.4643315329795 bend   6   29   27
       -0.4708272855389 bend   6   28   27
  53 k  0.9079770391481 bend  28   29   27      val=   3.61735
       -0.2155971024594 bend  30   29   27
       -0.1824084309400 bend  30   28   27
       -0.2244383886199 bend   6   29   27
       -0.2131904308987 bend   6   28   27
  54 k -0.0069803725038 bend  28   29   27      val=   0.80200
       -0.4716681591415 bend  30   29   27
        0.4633983034540 bend  30   28   27
        0.5414320658422 bend   6   29   27
       -0.5192241832635 bend   6   28   27
  55 k  1.0000000000000 tors  31   30   27    6 val=  25.83008
  56 k  1.0000000000000 stre  30   31           val=   1.84087
  57 k  1.0000000000000 bend  27   31   30      val= 105.71323
  58 k  0.7071067811865 tors  30   27    6    1 val=  10.67070
        0.7071067811865 tors  30   27    6    7
  59 k  1.0000000000000 stre  27   30           val=   2.68687
  60 k  1.0000000000000 bend   6   30   27      val= 114.45086
  61 k  1.0000000000000 stre   6   27           val=   2.88924
  62 k  0.7114689289506 bend   7   27    6      val=   0.88533
       -0.7027175557347 bend   1   27    6
  63 k  0.7027175557347 bend   7   27    6      val= 112.90458
        0.7114689289506 bend   1   27    6
  64 k  1.0000000000000 stre   1    5           val=   2.87929
  65 k  1.0000000000000 stre   5    4           val=   2.87250
  66 k  1.0000000000000 stre   4    3           val=   2.87477
  67 k  1.0000000000000 stre   3    2           val=   2.86500
  68 k  1.0000000000000 stre   2   26           val=   2.76888
  69 k -0.2886751345948 bend  26    5    1      val=  -0.52032
       -0.2886751345948 bend   1    4    5
        0.5773502691896 bend   5    3    4
       -0.2886751345948 bend   4    2    3
       -0.2886751345948 bend   3   26    2
        0.5773502691896 bend   2    1   26
  70 k  0.5000000000000 bend  26    5    1      val=  -1.09895
       -0.5000000000000 bend   1    4    5
        0.5000000000000 bend   4    2    3
       -0.5000000000000 bend   3   26    2
  71 k -0.4082482904639 bend  26    5    1      val=   0.24823
        0.4082482904639 bend   1    4    5
       -0.4082482904639 bend   5    3    4
        0.4082482904639 bend   4    2    3
       -0.4082482904639 bend   3   26    2
        0.4082482904639 bend   2    1   26
  72 k -0.2886751345948 tors   1    5    4    3 val=  -0.26584
       -0.2886751345948 tors   5    4    3    2
        0.5773502691896 tors   4    3    2   26
       -0.2886751345948 tors   3    2   26    1
       -0.2886751345948 tors   2   26    1    5
        0.5773502691896 tors  26    1    5    4
  73 k  0.5000000000000 tors   1    5    4    3 val=   0.72231
       -0.5000000000000 tors   5    4    3    2
        0.5000000000000 tors   3    2   26    1
       -0.5000000000000 tors   2   26    1    5
  74 k -0.4082482904639 tors   1    5    4    3 val=  57.13111
        0.4082482904639 tors   5    4    3    2
       -0.4082482904639 tors   4    3    2   26
        0.4082482904639 tors   3    2   26    1
       -0.4082482904639 tors   2   26    1    5
        0.4082482904639 tors  26    1    5    4
  75 k  1.0000000000000 stre   1    6           val=   2.89598
  76 k  1.0000000000000 stre   6    7           val=   2.88414
  77 k  1.0000000000000 stre   7    8           val=   2.87682
  78 k  1.0000000000000 stre   8    9           val=   2.86545
  79 k  1.0000000000000 stre   9   26           val=   2.77248
  80 k -0.2886751345948 bend  26    6    1      val=   0.25054
       -0.2886751345948 bend   1    7    6
        0.5773502691896 bend   6    8    7
       -0.2886751345948 bend   7    9    8
       -0.2886751345948 bend   8   26    9
        0.5773502691896 bend   9    1   26
  81 k  0.5000000000000 bend  26    6    1      val=  -0.66177
       -0.5000000000000 bend   1    7    6
        0.5000000000000 bend   7    9    8
       -0.5000000000000 bend   8   26    9
  82 k -0.4082482904639 bend  26    6    1      val=  -0.55671
        0.4082482904639 bend   1    7    6
       -0.4082482904639 bend   6    8    7
        0.4082482904639 bend   7    9    8
       -0.4082482904639 bend   8   26    9
        0.4082482904639 bend   9    1   26
  83 k -0.2886751345948 tors   1    6    7    8 val=  -0.17148
       -0.2886751345948 tors   6    7    8    9
        0.5773502691896 tors   7    8    9   26
       -0.2886751345948 tors   8    9   26    1
       -0.2886751345948 tors   9   26    1    6
        0.5773502691896 tors  26    1    6    7
  84 k  0.5000000000000 tors   1    6    7    8 val=  -3.45200
       -0.5000000000000 tors   6    7    8    9
        0.5000000000000 tors   8    9   26    1
       -0.5000000000000 tors   9   26    1    6
  85 k -0.4082482904639 tors   1    6    7    8 val= -56.80422
        0.4082482904639 tors   6    7    8    9
       -0.4082482904639 tors   7    8    9   26
        0.4082482904639 tors   8    9   26    1
       -0.4082482904639 tors   9   26    1    6
        0.4082482904639 tors  26    1    6    7
  86 k  0.7071067811865 tors   2   26    1    9 val= 178.21338
        0.7071067811865 tors   5   26    1    6
  87 k  1.0000000000000 stre   1   26           val=   2.78991
        87 non zero eigenvalues  of BmBt
           1           6.541954915    1    0
         1
           2           5.675266536    2    0
         2
           3           5.438620821    3    0
         3
           4           4.502712804    4    0
         4
           5           4.245631220    5    0
         5
           6           4.211736057    6    0
         6
           7           4.115283099    7    0
         7
           8           4.016307859    8    0
         8
           9           3.900806106    9    0
         9
          10           3.877876380   10    0
        10
          11           3.671452691   11    0
        11
          12           3.483051804   12    0
        12
          13           3.390611030   13    0
        13
          14           3.366340810   14    0
        14
          15           3.255670599   15    0
        15
          16           3.232226372   16    0
        16
          17           3.114576897   17    0
        17
          18           3.070284974   18    0
        18
          19           2.869248840   19    0
        19
          20           2.723337017   20    0
        20
          21           2.612005387   21    0
        21
          22           2.363245853   22    0
        22
          23           2.354964301   23    0
        23
          24           2.220925480   24    0
        24
          25           2.185968746   25    0
        25
          26           2.045990614   26    0
        26
          27           1.940977075   27    0
        27
          28           1.843658616   28    0
        28
          29           1.812119679   29    0
        29
          30           1.760281885   30    0
        30
          31           1.552199272   31    0
        31
          32           1.461541780   32    0
        32
          33           1.188773867   33    0
        33
          34           1.116705707   34    0
        34
          35           1.010156129   35    0
        35
          36           0.975582015   36    0
        36
          37           0.817119972   37    0
        37
          38           0.802001404   38    0
        38
          39           0.781339459   39    0
        39
          40           0.765436941   40    0
        40
          41           0.763912317   41    0
        41
          42           0.759644519   42    0
        42
          43           0.755527596   43    0
        43
          44           0.751047923   44    0
        44
          45           0.658949118   45    0
        45
          46           0.636468289   46    0
        46
          47           0.601106487   47    0
        47
          48           0.505969546   48    0
        48
          49           0.460929669   49    0
        49
          50           0.439471059   50    0
        50
          51           0.405001040   51    0
        51
          52           0.404194201   52    0
        52
          53           0.391889813   53    0
        53
          54           0.383353046   54    0
        54
          55           0.365841881   55    0
        55
          56           0.362968223   56    0
        56
          57           0.347648602   57    0
        57
          58           0.344157072   58    0
        58
          59           0.339473449   59    0
        59
          60           0.325255377   60    0
        60
          61           0.309303064   61    0
        61
          62           0.296681512   62    0
        62
          63           0.278615145   63    0
        63
          64           0.273057001   64    0
        64
          65           0.271577992   65    0
        65
          66           0.261146620   66    0
        66
          67           0.259561455   67    0
        67
          68           0.253584285   68    0
        68
          69           0.248522745   69    0
        69
          70           0.242506637   70    0
        70
          71           0.224984000   71    0
        71
          72           0.153167389   72    0
        72
          73           0.145811818   73    0
        73
          74           0.127293942   74    0
        74
          75           0.106483395   75    0
        75
          76           0.095699016   76    0
        76
          77           0.077553559   77    0
        77
          78           0.072801100   78    0
        78
          79           0.063770092   79    0
        79
          80           0.060921643   80    0
        80
          81           0.055193827   81    0
        81
          82           0.047215847   82    0
        82
          83           0.034261020   83    0
        83
          84           0.026652166   84    0
        84
          85           0.025527101   85    0
        85
          86           0.012743588   86    0
        86
          87           0.005861218   87    0
        87
$end
