$hessapprox internal
  0.435630844932D+00  0.994927203607D-04  0.343140700810D+00  0.587957574140D-03
  0.252047999571D-04  0.336241172848D+00 -0.541548118008D-02  0.294427408345D-04
  0.323564734861D-03  0.445103948521D+00  0.177522815333D-02  0.141793555268D-03
  0.188523266616D-02 -0.636457821101D-03  0.353942134637D+00  0.138469901139D-03
  0.490540167972D-03  0.149749647242D-03 -0.402832675634D-03  0.676654513903D-03
  0.644624358346D-01 -0.532710307472D-02  0.524906771161D-04  0.369305873558D-03
 -0.622868028642D-02 -0.627858262166D-03 -0.974182777274D-04  0.445109607578D+00
  0.161106621347D-02  0.631926930062D-04  0.183650210635D-02 -0.675624482013D-03
 -0.116306379215D-01  0.117621238129D-02 -0.687372234102D-03  0.353562124617D+00
  0.109096877407D-03  0.398121245136D-03 -0.403482666547D-03  0.707224834780D-03
  0.456495679119D-03  0.138160828379D-01  0.933603829750D-03  0.112077137206D-02
  0.641131378252D-01 -0.378592576675D-02  0.132235926558D-03  0.636417147206D-03
 -0.541808435465D-02  0.181750909144D-02  0.365364821855D-03 -0.531479986281D-02
  0.160159357239D-02  0.243400267894D-03  0.435847907175D+00  0.988134296778D-04
  0.576496011565D-04  0.253883867873D-04  0.281587145518D-04  0.143604087319D-03
  0.490563944645D-03  0.512443977318D-04  0.651126964345D-04  0.397669552282D-03
  0.131573911880D-03  0.343140562194D+00  0.573032108639D-03  0.278392751849D-04
  0.293143933079D-04  0.332726469921D-03  0.191419807175D-02  0.155270428683D-03
  0.378288065692D-03  0.186054898064D-02 -0.384729865535D-03  0.622123125750D-03
  0.279987901450D-04  0.336213144120D+00 -0.545142089402D-02  0.736714642759D-06
  0.322109590954D-03 -0.624821216716D-02 -0.716019844491D-03 -0.463582228926D-03
 -0.626004206533D-02 -0.695652687560D-03  0.677379447843D-03 -0.547017352070D-02
 -0.497888920101D-06  0.329181902125D-03  0.445075721090D+00  0.160007160216D-02
  0.635751519599D-04  0.183097394378D-02 -0.677857241778D-03 -0.116145951569D-01
  0.115094744752D-02 -0.690071208635D-03 -0.116877927629D-01  0.110075475934D-02
  0.159066870294D-02  0.654848087429D-04  0.185520934053D-02 -0.698737331568D-03
  0.353587340058D+00  0.271668392505D-03  0.213298820114D-03 -0.130486847677D-03
  0.474486719938D-03 -0.578838451135D-03  0.130519939327D-01  0.659392785469D-03
  0.415186584816D-03  0.131465843795D-01  0.318494573132D-03  0.213527548526D-03
 -0.130954076996D-03  0.561871824397D-03  0.388972016172D-03  0.632558272514D-01
 -0.528999164029D-02  0.818153794319D-04  0.371752874327D-03 -0.620705739841D-02
 -0.543224789561D-03 -0.320627593054D-04 -0.618884618597D-02 -0.663210385163D-03
  0.965430625343D-03 -0.526107148733D-02  0.805201429067D-04  0.382801540389D-03
 -0.625675328440D-02 -0.665071632516D-03  0.573170965219D-03  0.445189123821D+00
  0.178615358636D-02  0.141380962999D-03  0.189108599619D-02 -0.634874479303D-03
 -0.113369575415D-01  0.700924578335D-03 -0.625808188382D-03 -0.116437690916D-01
  0.475267207936D-03  0.182836896334D-02  0.143202187120D-03  0.191985476708D-02
 -0.713573157329D-03 -0.116278373553D-01 -0.553647508783D-03 -0.542023237065D-03
  0.353909045330D+00  0.298803550335D-03  0.305303538010D-03  0.419958369316D-03
 -0.631518312514D-03 -0.365890962353D-03  0.135924101272D-01 -0.368067108021D-03
  0.464260952960D-03  0.129568924909D-01  0.437670197380D-03  0.306004593918D-03
  0.406378138660D-03 -0.574937042955D-03  0.432842135208D-03  0.130592332028D-01
 -0.420875604362D-03 -0.335248025108D-03  0.637953244257D-01 -0.509871517869D-02
  0.879990867515D-04  0.308614518894D-04 -0.565757409608D-02  0.246021119807D-02
 -0.463024899326D-03 -0.561975060169D-02  0.228174444945D-02  0.270706797028D-03
 -0.504225082371D-02  0.864309106562D-04  0.326657887806D-04 -0.571457349698D-02
  0.227656939494D-02  0.640389674562D-04 -0.556374426479D-02  0.246500798130D-02
 -0.666354736639D-03  0.430128415134D+00 -0.537925751193D-02 -0.523174324189D-04
 -0.508290683340D-04 -0.572860327111D-02  0.201096412087D-02 -0.448050355645D-03
 -0.573561458107D-02  0.216196118402D-02  0.555215908281D-03 -0.541001129186D-02
 -0.537331963865D-04 -0.567259442631D-04 -0.569477457446D-02  0.215278457076D-02
  0.876919680087D-03 -0.577205582403D-02  0.201973905683D-02 -0.121669924400D-03
 -0.596356556652D-02  0.430051772237D+00  0.557701736604D-03  0.112439586121D-04
  0.219196144772D-03  0.365942839638D-03 -0.193365705690D-02  0.140166572871D-03
  0.356607521191D-03 -0.195454764213D-02  0.178282762380D-03  0.551293662439D-03
  0.115215343321D-04  0.226029113857D-03  0.357890285194D-03 -0.195104448706D-02
 -0.114507229999D-04  0.365174420757D-03 -0.193727625940D-02 -0.500664010997D-04
  0.807968018205D-03  0.778476700280D-03  0.334086634210D+00  0.782664764187D-04
  0.387378984829D-04  0.150551501960D-04  0.381669534505D-04  0.123268039506D-03
 -0.298408314205D-03  0.462157826441D-04 -0.967085908839D-06 -0.361674580001D-03
  0.102762687281D-03  0.386685408553D-04  0.181505718041D-04  0.733417870776D-05
  0.112356655512D-05 -0.541857788071D-03  0.774734763110D-04  0.121195430332D-03
 -0.478889840676D-03  0.110848807095D-03 -0.572126121018D-04  0.715677651384D-05
  0.334626993374D+00 -0.821163677207D-03 -0.467743227243D-04 -0.293266772933D-02
  0.156787992523D-02  0.308182419311D-01 -0.972353121946D-03  0.182977109979D-02
  0.308873294088D-01 -0.373953466535D-02 -0.578268457053D-03 -0.491504167197D-04
 -0.306193357669D-02  0.165290071576D-02  0.308295198920D-01 -0.595238916853D-03
  0.174208675747D-02  0.308788371999D-01  0.216826071980D-02 -0.532083695824D-02
 -0.526308590954D-02  0.472845670449D-02 -0.269326567722D-04  0.250329157712D+00
 -0.559767220215D-03 -0.266163575654D-03 -0.171484814875D-03 -0.132642815932D-03
 -0.861633489048D-03  0.326565871515D-03 -0.215697710414D-03 -0.202066976797D-03
  0.862496551670D-03 -0.727788994039D-03 -0.265880469940D-03 -0.186101735089D-03
  0.444838008565D-04 -0.210325952169D-03  0.187723968033D-02 -0.395964063056D-03
 -0.853448872085D-03  0.134403590870D-02 -0.554435347975D-03  0.400611494208D-03
 -0.515133814498D-04 -0.336815788891D-03 -0.115491788163D-06  0.336183799485D+00
 -0.506739293277D-02  0.994187227711D-04  0.445606012236D-04 -0.565503084174D-02
  0.247365664952D-02 -0.382035116801D-03 -0.561230102191D-02  0.227746370196D-02
  0.324046895763D-03 -0.500390110534D-02  0.978523414567D-04  0.467088177800D-04
 -0.571775990502D-02  0.227235127738D-02  0.841114287336D-04 -0.555041377482D-02
  0.247838980527D-02 -0.618790806702D-03 -0.566141082849D-02 -0.597188730882D-02
  0.806166036726D-03  0.119359321309D-03 -0.525231828143D-02 -0.612152642788D-03
  0.430174187376D+00 -0.534824540924D-02 -0.409344007719D-04 -0.365115264379D-04
 -0.572817469775D-02  0.202944356201D-02 -0.367837985703D-03 -0.573015299128D-02
  0.216269576950D-02  0.606032137767D-03 -0.537185942261D-02 -0.423474782345D-04
 -0.421262220920D-04 -0.570001116626D-02  0.215355881981D-02  0.895967317311D-03
 -0.576077491610D-02  0.203817898441D-02 -0.733952992316D-04 -0.594452545426D-02
 -0.577045746070D-02  0.777315379143D-03 -0.487326346463D-04 -0.520002980485D-02
  0.342821574220D-03 -0.595043764662D-02  0.430032151443D+00  0.585206937617D-03
 -0.561021306495D-05  0.256591388751D-03  0.334349327985D-03 -0.203784496233D-02
  0.628779619158D-04  0.322109967299D-03 -0.202998141256D-02  0.767113889829D-04
  0.571720380567D-03 -0.525433935862D-05  0.261299632465D-03  0.337272430431D-03
 -0.202714517038D-02 -0.256998533971D-04  0.319669495639D-03 -0.204076946699D-02
 -0.403145111012D-04  0.786849649889D-03  0.804094494665D-03 -0.357415413953D-03
 -0.906934237268D-05  0.510485917541D-02  0.376336984974D-04  0.782216817826D-03
  0.800287837638D-03  0.334053321597D+00  0.817140237332D-04  0.390171510430D-04
  0.154492154002D-04  0.416950311820D-04  0.116854013600D-03 -0.295684665457D-03
  0.497652626102D-04 -0.775873837683D-05 -0.358767469226D-03  0.106286425099D-03
  0.389482361366D-04  0.185964788315D-04  0.106988722640D-04 -0.564756479632D-05
 -0.540777574668D-03  0.811894261136D-04  0.114760129311D-03 -0.477992635009D-03
  0.115914473128D-03 -0.528055349876D-04  0.598020996231D-05  0.649759199465D-04
 -0.126077240685D-04 -0.338029112694D-03  0.124457157679D-03 -0.442926686714D-04
 -0.104400485489D-04  0.334627356423D+00 -0.808807151621D-03 -0.549248817501D-04
 -0.291633096368D-02  0.155491460160D-02  0.307690749174D-01 -0.100513995043D-02
  0.181532159272D-02  0.308526440345D-01 -0.378205976430D-02 -0.569472128388D-03
 -0.572650106972D-04 -0.304658053026D-02  0.164526807746D-02  0.307945163520D-01
 -0.596349174331D-03  0.172228341447D-02  0.308300005889D-01  0.217676859033D-02
 -0.533009445838D-02 -0.524913437373D-02  0.471870326317D-02 -0.350236285636D-04
 -0.703598878629D-01  0.443370087004D-04 -0.526297738045D-02 -0.518739666042D-02
  0.509936161196D-02 -0.207891834211D-04  0.250670281205D+00 -0.560349090395D-03
 -0.266265193111D-03 -0.171644418579D-03 -0.132805756262D-03 -0.862704698574D-03
  0.325899591965D-03 -0.215924646337D-03 -0.202969633966D-03  0.862376120031D-03
 -0.728453109938D-03 -0.265982240620D-03 -0.186255583690D-03  0.443656224795D-04
 -0.211226004684D-03  0.187721429702D-02 -0.396237565587D-03 -0.854522871237D-03
  0.134346767724D-02 -0.554613894914D-03  0.400714604111D-03 -0.516039556426D-04
 -0.336891356243D-03  0.671131565836D-06  0.188952755272D-02 -0.612357380130D-03
  0.342897837753D-03  0.375427395178D-04 -0.338105058555D-03  0.451247537808D-04
  0.336184885113D+00 -0.902243071047D-02  0.190792135116D-03  0.965546088154D-03
 -0.110595694747D-01 -0.254267782973D-02  0.690947026576D-03 -0.110098895517D-01
 -0.278264500488D-02  0.241255295929D-02 -0.895227052206D-02  0.188727804313D-03
  0.989348799842D-03 -0.111631286153D-01 -0.278511726737D-02  0.153318235391D-02
 -0.109067083462D-01 -0.254150767983D-02 -0.183448991679D-03 -0.945993125913D-02
 -0.990205926423D-02  0.387525842630D-03  0.144249352751D-03  0.757468056664D-02
 -0.828711509945D-03 -0.942984440403D-02 -0.987494301114D-02  0.288452462310D-03
  0.150147256235D-03  0.753107726497D-02 -0.829399970442D-03  0.375748987797D+00
 -0.938579834391D-02 -0.284988086264D-04  0.861983482064D-03 -0.111365710683D-01
 -0.309075436481D-02 -0.147625049235D-02 -0.111790656616D-01 -0.306635166511D-02
  0.607458735452D-03 -0.943974423292D-02 -0.304156493653D-04  0.876816801996D-03
 -0.111369929089D-01 -0.306923150367D-02  0.394051561054D-03 -0.111813938907D-01
 -0.308905011254D-02 -0.168303712956D-02 -0.974325776800D-02 -0.968746548093D-02
  0.341654435955D-03  0.159914051655D-04  0.775837443305D-02  0.107452577416D-03
 -0.975638058043D-02 -0.970344816940D-02  0.303086050105D-03  0.208263577566D-04
  0.774395374538D-02  0.107152927439D-03 -0.201934760375D-01  0.375241758330D+00
 -0.844794454788D-02  0.145784338414D-03  0.127954490077D-02 -0.113851572881D-01
  0.588799724029D-03 -0.774594755149D-04 -0.112724479284D-01  0.357706003366D-03
  0.660327501772D-03 -0.832536848156D-02  0.144207141026D-03  0.126659333070D-02
 -0.114418419742D-01  0.341797393226D-03  0.720686209333D-03 -0.112147961722D-01
  0.604106702100D-03 -0.181077382495D-04 -0.102227529712D-01 -0.106218632826D-01
  0.784924593406D-03  0.118403160785D-03  0.381438846724D-02 -0.790246584080D-03
 -0.101818471148D-01 -0.105822091398D-01  0.799757242704D-03  0.124708310660D-03
  0.382207395979D-02 -0.791250710965D-03 -0.195345698216D-01 -0.200507749767D-01
  0.312996330998D+00 -0.864657720676D-02  0.219393934356D-03  0.103600962915D-02
 -0.118481337549D-01  0.696306078832D-02  0.219651023531D-03 -0.116234913207D-01
  0.659738668817D-02 -0.161304929161D-03 -0.840135723587D-02  0.217692202523D-03
  0.989634142299D-03 -0.119207931164D-01  0.656722926210D-02  0.512459072112D-03
 -0.115483649242D-01  0.699335731201D-02  0.887809322991D-03 -0.118084461196D-01
 -0.124371850021D-01  0.169202862937D-02  0.174152019860D-03 -0.861280549953D-02
 -0.126620446710D-02 -0.117311709046D-01 -0.123610276261D-01  0.179114584751D-02
  0.183140169802D-03 -0.856831013359D-02 -0.126743889449D-02 -0.192491543813D-01
 -0.200500182731D-01 -0.183060783424D-01  0.746074595784D+00 -0.896726937023D-02
  0.205747566197D-03  0.993617236683D-03 -0.110604766912D-01 -0.253546950671D-02
  0.817254967407D-03 -0.110033702838D-01 -0.279674781842D-02  0.249006673328D-02
 -0.888729756186D-02  0.203700926709D-03  0.101752166242D-02 -0.111708322526D-01
 -0.279929117251D-02  0.157585766024D-02 -0.108931597213D-01 -0.253422493231D-02
 -0.922823796639D-04 -0.943051526009D-02 -0.991009753473D-02  0.381616803153D-03
  0.153945397391D-03  0.773949530979D-02 -0.900457181933D-03 -0.939718263067D-02
 -0.987966067880D-02  0.279901673183D-03  0.159860768080D-03  0.769454268356D-02
 -0.901186865518D-03 -0.194861448787D-01 -0.202188037507D-01 -0.194647356800D-01
 -0.191087221177D-01  0.375817991702D+00 -0.933184795637D-02 -0.136686055730D-04
  0.888668462528D-03 -0.111352728716D-01 -0.308977506329D-02 -0.135163417361D-02
 -0.111706251004D-01 -0.308653755510D-02  0.686520618431D-03 -0.937625484685D-02
 -0.155696709789D-04  0.903692920651D-03 -0.111425273568D-01 -0.308945236253D-02
  0.436447817042D-03 -0.111658952603D-01 -0.308803415732D-02 -0.159536880538D-02
 -0.971132748550D-02 -0.969268114364D-02  0.335127852500D-03  0.256950533568D-04
  0.792618775651D-02  0.363633082065D-04 -0.972127821787D-02 -0.970542315586D-02
  0.293674352629D-03  0.305473335590D-04  0.791030995085D-02  0.360239305314D-04
 -0.201587653876D-01 -0.200478970875D-01 -0.199818545125D-01 -0.199121432276D-01
 -0.201795687549D-01  0.375201320735D+00 -0.843629358848D-02  0.178381070891D-03
  0.126110886784D-02 -0.113559190018D-01  0.725805976417D-03  0.948300359373D-04
 -0.112334969698D-01  0.439663054405D-03  0.816473423370D-03 -0.829667270479D-02
  0.176726877100D-03  0.125068974812D-02 -0.114317000839D-01  0.424511081689D-03
  0.744574238592D-03 -0.111565058718D-01  0.740329833156D-03  0.219748477386D-04
 -0.101788127699D-01 -0.106680466489D-01  0.805766913372D-03  0.147330275208D-03
  0.350861920946D-02 -0.963234879494D-03 -0.101317118722D-01 -0.106223457911D-01
  0.807807664209D-03  0.153880418875D-03  0.351018061026D-02 -0.964275626342D-03
 -0.194028006460D-01 -0.200386199432D-01 -0.182936791926D-01 -0.183097054909D-01
 -0.193257189528D-01 -0.199623134537D-01  0.313084108222D+00 -0.864662659821D-02
  0.219607554606D-03  0.103675443526D-02 -0.118505386634D-01  0.697073128469D-02
  0.218717798496D-03 -0.116256610642D-01  0.660443919325D-02 -0.164776942996D-03
 -0.840111147580D-02  0.217906425262D-03  0.990318521010D-03 -0.119232878001D-01
  0.657426076439D-02  0.509833417040D-03 -0.115504387987D-01  0.700105023727D-02
  0.887707630599D-03 -0.118113666123D-01 -0.124409890351D-01  0.169299879201D-02
  0.174422758663D-03 -0.862174471249D-02 -0.126802680970D-02 -0.117340043608D-01
 -0.123647413120D-01  0.179225413504D-02  0.183413575399D-03 -0.857719141487D-02
 -0.126926246665D-02 -0.192517809628D-01 -0.200534237396D-01 -0.183070014695D-01
 -0.199006971797D-01 -0.191111895075D-01 -0.199153969330D-01 -0.183106430090D-01
  0.746072946121D+00 -0.711615399618D-02  0.281192913982D-03  0.243613314070D-02
 -0.118980330540D-01 -0.310233586339D-02  0.871831584289D-03 -0.117042059673D-01
 -0.358024425852D-02  0.696885564795D-03 -0.688993510730D-02  0.280864438858D-03
  0.241930557910D-02 -0.120071920672D-01 -0.359572508666D-02  0.527112827698D-03
 -0.115896171181D-01 -0.308734016708D-02  0.692890442779D-03 -0.936204818037D-02
 -0.101535110860D-01  0.270672063255D-04  0.209464152691D-03  0.171066270095D-01
 -0.155766278812D-02 -0.929029908577D-02 -0.100793259028D-01  0.332960521050D-04
  0.212933333537D-03  0.171084448872D-01 -0.155954675284D-02 -0.206868569486D-01
 -0.217396543631D-01 -0.173793134140D-01 -0.140076834003D-01 -0.205673723485D-01
 -0.216266549408D-01 -0.172872120953D-01 -0.140032266616D-01  0.336216605606D+00
  0.316928427373D-04 -0.198162224121D-05  0.278707901211D-04 -0.179008120294D-04
 -0.358355651401D-04  0.411691739940D-05 -0.163370769717D-04 -0.318414416365D-04
 -0.272258347979D-04  0.323838688399D-04 -0.193958500097D-05  0.268921341923D-04
 -0.155944408802D-04 -0.321759357907D-04  0.106989421111D-06 -0.185669308603D-04
 -0.354854370028D-04  0.311966457491D-04 -0.244387464891D-05  0.353449705574D-05
 -0.106128225481D-04 -0.319415918024D-05  0.219959639704D-03  0.109917372366D-04
 -0.244789441109D-05  0.364486395291D-05 -0.736488573639D-05 -0.327242077003D-05
  0.221437051160D-03  0.109752396781D-04 -0.373782084252D-04 -0.315117416829D-04
  0.294759115872D-04  0.932832076747D-04 -0.367070180476D-04 -0.310167118346D-04
  0.263567826990D-04  0.934095699082D-04  0.494588664470D-04  0.393730103498D+00
  0.107041618506D-02  0.630494015961D-03  0.303122151589D-03  0.242760958315D-03
  0.157975747102D-02  0.564069818120D-02  0.501065937014D-03  0.752124264473D-03
  0.459192593569D-02  0.142985670909D-02  0.630043898310D-03  0.330053195492D-03
 -0.644986477959D-04  0.755004854706D-03  0.262667298695D-02  0.815177368262D-03
  0.157655144084D-02  0.367063804291D-02  0.874371348312D-03 -0.627013334033D-03
  0.126455710287D-03  0.405148169710D-03 -0.442116012500D-03 -0.284110228508D-02
  0.999443492539D-03 -0.502237367865D-03 -0.518047427584D-04  0.408181548891D-03
 -0.528345207422D-03 -0.284223143994D-02  0.196077555358D-02 -0.445221452157D-03
  0.152440495430D-02  0.236909931713D-02  0.212612129081D-02 -0.281466575264D-03
  0.187473290592D-02  0.237149373349D-02  0.306525819472D-02 -0.183829992147D-04
  0.415984985649D+00  0.371226828073D-02 -0.122839726706D-03 -0.471778440856D-03
  0.503224817360D-02 -0.139114819466D-02 -0.383202835441D-03  0.494562200035D-02
 -0.118382435809D-02 -0.211795672262D-03  0.360756232973D-02 -0.122383888202D-03
 -0.461672248805D-03  0.508466573209D-02 -0.117633764298D-02 -0.195005638219D-03
  0.489161011599D-02 -0.139860222461D-02 -0.363836799769D-03  0.470032446512D-02
  0.504711768037D-02 -0.409247450585D-03 -0.988252570353D-04  0.476623288083D-03
  0.684034612870D-03  0.466645933149D-02  0.501326904200D-02 -0.418871361893D-03
 -0.101460810428D-03  0.473006096973D-03  0.684582979684D-03  0.857037431660D-02
  0.902430715988D-02  0.848829891103D-02  0.820763290405D-02  0.851503762058D-02
  0.897029637331D-02  0.845347360858D-02  0.820718898394D-02  0.724697427105D-02
 -0.244824406244D-04 -0.133734779262D-02  0.375025056724D+00 -0.546258798638D-04
  0.631607845286D-04 -0.908691674025D-04  0.753213002681D-04  0.357422947623D-03
  0.256129035119D-03  0.897152117779D-04  0.244094297422D-03  0.286010603713D-03
 -0.244621816277D-04  0.629311112856D-04 -0.844045245566D-04  0.352817496459D-04
  0.246185571860D-03 -0.850340908786D-05  0.130043600411D-03  0.355258322283D-03
 -0.378006606717D-04  0.672932440740D-04 -0.113965658938D-03  0.649367805867D-04
  0.618099168271D-04 -0.106676152619D-02 -0.348348903399D-03  0.787276813041D-04
 -0.103033657690D-03  0.353925913122D-04  0.624314501928D-04 -0.108078525309D-02
 -0.348383431897D-03  0.293667114240D-03  0.661279849495D-04 -0.218754892106D-04
 -0.227198707878D-03  0.305728346625D-03  0.787971864123D-04  0.231328382141D-04
 -0.227475380078D-03  0.621545701983D-04 -0.199056503325D-01  0.671733301540D-03
 -0.696088636099D-05  0.365622422555D+00  0.228443841423D-02  0.672594098018D-04
 -0.113672894346D-03  0.187159017904D-02  0.653052457109D-02  0.509128180074D-03
  0.200712171303D-02  0.639938333742D-02 -0.132644420888D-02  0.242835502830D-02
  0.679108135602D-04 -0.158364104206D-03  0.187111511210D-02  0.638311859723D-02
 -0.454621451417D-03  0.201047647214D-02  0.654790922774D-02  0.137254080584D-02
  0.669604138484D-03  0.448176710196D-03  0.715919200774D-03  0.375649545973D-04
 -0.114424203558D-01 -0.468992442357D-03  0.709936915802D-03  0.490333999607D-03
  0.834547233217D-03  0.385139271952D-04 -0.113907428012D-01 -0.469346326324D-03
  0.450869259766D-02  0.422573983836D-02  0.501415393200D-02  0.401352482680D-02
  0.459209182642D-02  0.430517169590D-02  0.495162532451D-02  0.401561638471D-02
  0.882783814744D-02  0.862808458548D-04  0.829610389946D-03 -0.177321265745D-02
 -0.290275181717D-03  0.366974247961D+00  0.311163768284D-05  0.109536577936D-06
  0.657764455796D-06  0.271847173175D-05 -0.678572416440D-05  0.112401235268D-05
  0.270085791101D-05 -0.695775601600D-05  0.117428797813D-05  0.311891711947D-05
  0.110485162437D-06  0.689917543313D-06  0.264984453349D-05 -0.694237167931D-05
  0.161220959829D-06  0.277185288839D-05 -0.680156604615D-05  0.109424416242D-06
  0.425939623688D-05  0.398387382880D-05 -0.124254984539D-05  0.766710616798D-07
  0.162550923917D-04 -0.503295285977D-06  0.426437664590D-05  0.399089470049D-05
 -0.135203986621D-05  0.724792118639D-07  0.162041667615D-04 -0.503629894579D-06
  0.408123558801D-05  0.365578399348D-05  0.532938473768D-05  0.844868909154D-05
  0.407167581102D-05  0.364440613477D-05  0.545378794371D-05  0.845220142097D-05
  0.258386992347D-05  0.525844566011D-06  0.117079555549D-05 -0.228829851750D-05
  0.225399123956D-06  0.187670221052D-05  0.359431789793D+00 -0.142363671743D-03
  0.156898759682D-03 -0.235018795138D-03  0.198883166122D-03  0.884271810920D-03
  0.648896689327D-03  0.233886968775D-03  0.604497162522D-03  0.736244548929D-03
 -0.682899267543D-04  0.156316712834D-03 -0.218621343372D-03  0.992739409309D-04
  0.609781476767D-03 -0.261825029056D-05  0.334179932558D-03  0.878797933209D-03
 -0.884173447911D-04  0.174289037147D-03 -0.274079277698D-03  0.162525496799D-03
  0.153002579444D-03 -0.269763153420D-02 -0.860996386040D-03  0.202490696252D-03
 -0.247162803189D-03  0.881544912615D-04  0.154562051322D-03 -0.273289592022D-02
 -0.861074855683D-03  0.749306080757D-03  0.184062079080D-03 -0.558232033676D-04
 -0.584564261068D-03  0.778767349070D-03  0.215093772759D-03  0.566191661580D-04
 -0.585298384339D-03  0.137827453389D-03 -0.233704717857D-04  0.166805929039D-02
 -0.107522963666D-04  0.250615754823D-03 -0.750205712824D-03  0.866151885766D-06
  0.142880134048D-01  0.110872829742D-02  0.162681503736D-03  0.417394710608D-03
  0.271052430464D-03  0.219435759123D-02 -0.209907618554D-01  0.123255559835D-03
 -0.589272483042D-03 -0.220331102727D-01  0.133729830331D-02  0.161762895834D-03
  0.450817756817D-03 -0.201107895680D-03 -0.530430410912D-03 -0.240633101199D-01
  0.599185240798D-03  0.213719334138D-02 -0.230279109998D-01  0.168120102089D-02
 -0.136817094820D-02  0.482113930897D-04  0.147861697211D-02  0.999049981682D-03
 -0.644794855621D-02  0.175453002786D-02 -0.129335199427D-02 -0.111693088574D-03
  0.147896187329D-02  0.910651246610D-03 -0.644884533698D-02  0.464755028952D-03
  0.503508459056D-03  0.151567591813D-02  0.263796925460D-02  0.524158552434D-03
  0.562701846671D-03  0.181302184987D-02  0.264521325013D-02  0.294732646505D-02
 -0.308441350437D-04  0.118168830883D-02 -0.130874784877D-02  0.706365126581D-03
  0.113729099384D-02  0.383388323514D-06  0.172064771327D-02  0.629074882330D-01
 -0.124891208940D-02 -0.843392346739D-03 -0.339073026037D-03 -0.260871503098D-03
 -0.169927819998D-02 -0.129454671697D-01 -0.659667281267D-03 -0.120991401904D-02
 -0.117034981770D-01 -0.169856085136D-02 -0.843004938174D-03 -0.368043203211D-03
  0.549366804843D-04 -0.119955245467D-02 -0.945679442439D-02 -0.984218785829D-03
 -0.170879349599D-02 -0.106935325166D-01 -0.810030503815D-03  0.558686043834D-03
 -0.164539786723D-03 -0.210965428402D-03  0.799695037277D-03  0.242775335173D-02
 -0.967811402889D-03  0.401613327107D-03  0.444896960725D-04 -0.215103307102D-03
  0.898227840451D-03  0.242913035080D-02 -0.261295040056D-02  0.764817973914D-03
 -0.178625959482D-02 -0.272697691678D-02 -0.283105264635D-02  0.549001184103D-03
 -0.220363542366D-02 -0.272866233267D-02 -0.362964343929D-02  0.169758783597D-04
 -0.937718259191D-02  0.156454517327D-02 -0.765088008657D-03 -0.930287620869D-03
 -0.158668060426D-05 -0.190741803067D-02  0.149159294573D-01  0.249406570347D-01
$end
