$coord
   -2.00633962832401      2.45124043693463      0.55191342003976      c
   -0.67682642068869      4.29054497462139      1.00498029651924      o
   -1.11362225438659      0.17936856776752      0.00715981893872      o
    0.76427263388313      0.24136077466435      0.03479333142306      h
   -4.83472786898167      2.53705148522409      0.55984519966266      c
   -5.47264305981058      4.43606407058772      0.97947593279964      h
   -5.54235751349671      1.93203795326744     -1.27177728004047      h
   -5.55052619863626      1.21870409861070      1.96447818826120      h
$redundant
     number_of_atoms             8
     degrees_of_freedom         18
     internal_coordinates       18
     frozen_coordinates          0
# definitions of redundant internals
   1 k  1.0000000000000 stre    1    2           val=   2.31429
   2 k  0.7071068420458 bend    3    2    1      val=   0.34304
       -0.7071067203273 bend    5    2    1
   3 k  1.0000000000000 outp    2    5    3    1 val=   0.06618
   4 k  1.0000000000000 tors    4    3    1    5 val= 180.13038
   5 k  1.0000000000000 stre    3    4           val=   1.87912
   6 k  1.0000000000000 bend    1    4    3      val= 108.87702
   7 k  1.0000000000000 tors    6    5    1    3 val=  61.12970
        1.0000000000000 tors    7    5    1    3
        1.0000000000000 tors    8    5    1    3
   8 k  1.0000000000000 stre    5    6           val=   2.04677
   9 k  1.0000000000000 stre    5    7           val=   2.05466
  10 k  1.0000000000000 stre    5    8           val=   2.05509
  11 k  0.4462931430278 bend    7    6    5      val=   0.07652
        0.4411662387360 bend    8    6    5
        0.3320533748350 bend    8    7    5
       -0.3763676146399 bend    1    6    5
       -0.4206653445114 bend    1    7    5
       -0.4210978783182 bend    1    8    5
  12 k -0.2824694432050 bend    7    6    5      val=   0.63997
       -0.3143514891958 bend    8    6    5
        0.7312174736855 bend    8    7    5
       -0.4683071231191 bend    1    6    5
        0.1929781995409 bend    1    7    5
        0.1736750241416 bend    1    8    5
  13 k -0.6555575953844 bend    7    6    5      val=   0.08975
        0.6422998295505 bend    8    6    5
        0.0222315348762 bend    8    7    5
       -0.0106531833411 bend    1    6    5
       -0.2777980014661 bend    1    7    5
        0.2826936628516 bend    1    8    5
  14 k  0.2052576727558 bend    7    6    5      val=   1.15676
        0.2206654080625 bend    8    6    5
       -0.4400284727775 bend    8    7    5
       -0.6804630967848 bend    1    6    5
        0.3665327207889 bend    1    7    5
        0.3437655408993 bend    1    8    5
  15 k  0.2829460035243 bend    7    6    5      val=   0.05694
       -0.2776651146748 bend    8    6    5
       -0.0060078630537 bend    8    7    5
       -0.0140849246312 bend    1    6    5
       -0.6409442210849 bend    1    7    5
        0.6571146544705 bend    1    8    5
  16 k  1.0000000000000 stre    1    3           val=   2.50102
  17 k  1.0000000000000 stre    1    5           val=   2.82970
  18 k  1.0000000000000 bend    5    3    1      val= 112.63958
        18 non zero eigenvalues  of BmBt
           1           4.239770059    1    0
         1
           2           3.817976837    2    0
         2
           3           3.710396332    3    0
         3
           4           2.841868793    4    0
         4
           5           2.487619372    5    0
         5
           6           2.475766997    6    0
         6
           7           1.761654047    7    0
         7
           8           1.191333327    8    0
         8
           9           0.883025167    9    0
         9
          10           0.870251310   10    0
        10
          11           0.711320355   11    0
        11
          12           0.706939184   12    0
        12
          13           0.466627912   13    0
        13
          14           0.293394513   14    0
        14
          15           0.288982867   15    0
        15
          16           0.273793632   16    0
        16
          17           0.234082640   17    0
        17
          18           0.111490895   18    0
        18
$user-defined bonds
$frag
 atom   1 fragment  1 symmetry  c1
 atom   2 fragment  1
 atom   3 fragment  1
 atom   4 fragment  1
 atom   5 fragment  1
 atom   6 fragment  1
 atom   7 fragment  1
 atom   8 fragment  1
   iteration     4
$end
