$coord
    9.39004915430876      8.90249981202427     -3.87960775081423      c
    8.09936620554787      6.31924418836959     -4.11393379129205      c
    5.21753385289726      6.43829693474139     -3.83236459749208      c
    3.94574816546522      3.84748240655517     -4.06669063796990      c
   12.27188150695937      8.77210870885516     -4.13661050488667      c
   13.57012336025180     11.35158488024406     -3.88716665534577      c
   16.45384543903530     11.20985542027764     -4.11393379129205      c
   17.75964619685928     13.78177268713500     -3.84748240655517      c
   20.64525800177566     13.62870487037126     -4.05724200730548      c
   21.95861766413117     16.19684268496285     -3.78512144416994      c
   24.84422946904755     16.03243651140180     -3.99677077105314      c
   26.16892748820039     18.59679487372761     -3.73409883858203      c
   29.05075984085099     18.42294006950214     -3.96464542679408      c
   30.38301676453537     20.98540870569507     -3.72276048178472      c
   33.26295939105309     20.80966417533670     -3.98732214038871      c
   34.59710604087036     23.37213281152964     -3.77000363510686      c
   37.47515894125519     23.20205745956993     -4.06480091183702      c
   38.79040832974360     25.77397472642729     -3.86637966788403      c
   40.84265091005741     25.58878156540450     -4.06480091183702      h
   38.12144527870208     27.06276794905530     -5.34414550380060      h
   37.91924458248332     22.33845261684119     -5.89972498686898      h
   38.23104939440945     21.92271286760635     -2.61727069404662      h
   34.14735122124358     24.23006847585972     -1.93318983394201      h
   33.83932586158321     24.65903630802476     -5.21564412676438      h
   33.72783201974296     19.95172851100662     -5.82035648928778      h
   34.00751148741004     19.52465040497447     -2.53601247033253      h
   29.91247495744685     21.83389573936072     -1.88783640675276      h
   29.64413384657708     22.27609165445596     -5.17218042570801      h
   29.53641945700261     17.57256330970360     -5.79767977569315      h
   29.78019412814485     17.13225712074124     -2.51144603060502      h
   25.67759869365012     19.43961272899461     -1.90106448968296      h
   25.44516237930518     19.89125727475428     -5.18729823477109      h
   25.34500689426225     15.19150838226768     -5.82791539381932      h
   25.56232539954409     14.73797411037513     -2.54168164873119      h
   21.45217106051782     17.03777081409696     -1.95586654753664      h
   21.24052173363463     17.49130508598951     -5.24210029262477      h
   21.15359433152189     12.79344591963580     -5.89027635620455      h
   21.36713338453797     12.33424246934459     -2.60404261111642      h
   17.24942014098015     14.62270081626911     -2.02011723605475      h
   17.03588108796407     15.07245563589589     -5.30635098114289      h
   16.95462286424999     10.37459646954218     -5.95074759245689      h
   17.18894890472781      9.91728274538386     -2.66451384736876      h
   13.06934593503711     12.19440273551106     -2.05791175871247      h
   12.82935071616063     12.63281919834052     -5.34414550380060      h
   12.75754112311098      7.93684975811970     -5.97531403218440      h
   13.02777196011363      7.48520521236003     -2.69285973936204      h
    8.90438953815715      9.74531766729126     -2.04468367578227      h
    8.57179773876928      5.48209551150125     -5.95641677085555      h
    8.87037446776521      5.03612014414024     -2.67585220416607      h
    4.75077149807451      7.27544561160973     -1.99177134406147      h
    4.44652559067992      7.72142097897074     -5.27044618461806      h
    1.89539531128430      3.99110159265448     -3.82858514522631      h
    4.31424476137792      3.00844400355394     -5.92618115272938      h
    4.66384409596177      2.53979192259830     -2.63238850310970      h
    8.63037924888873     10.17995467785496     -5.33091742087040      h
   38.40679392476782     26.66214600888354     -2.03334531898495      h
$redundant
     number_of_atoms            56
     degrees_of_freedom        162
     internal_coordinates      162
     frozen_coordinates          0
# definitions of redundant internals
   1 k  1.0000000000000 tors   19   18   17   16 val=  59.43615
        1.0000000000000 tors   20   18   17   16
        1.0000000000000 tors   56   18   17   16
   2 k  1.0000000000000 stre   18   19           val=   2.07011
   3 k  1.0000000000000 stre   18   20           val=   2.07178
   4 k  1.0000000000000 stre   18   56           val=   2.07269
   5 k  0.4228948533386 bend   20   19   18      val=   1.41827
        0.4218383314221 bend   56   19   18
        0.4134914143881 bend   56   20   18
       -0.3960842233518 bend   17   19   18
       -0.3971328845337 bend   17   20   18
       -0.3970390099522 bend   17   56   18
   6 k -0.3455440881741 bend   20   19   18      val=   0.21097
       -0.3315162646366 bend   56   19   18
        0.6886197763139 bend   56   20   18
       -0.4459794973960 bend   17   19   18
        0.2167581065651 bend   17   20   18
        0.2249828087198 bend   17   56   18
   7 k -0.6377316399485 bend   20   19   18      val=   0.00092
        0.6466065851539 bend   56   19   18
       -0.0080449321511 bend   56   20   18
        0.0041577956468 bend   17   19   18
       -0.2982544656234 bend   17   20   18
        0.2935311652653 bend   17   56   18
   8 k  0.2241949541248 bend   20   19   18      val=  -0.09008
        0.2177696571393 bend   56   19   18
       -0.4458762385767 bend   56   20   18
       -0.6834473277970 bend   17   19   18
        0.3386265283304 bend   17   20   18
        0.3489114547921 bend   17   56   18
   9 k  0.2942982685587 bend   20   19   18      val=   0.02830
       -0.2975092470627 bend   56   19   18
        0.0029085287315 bend   56   20   18
        0.0065178643454 bend   17   19   18
       -0.6451614474226 bend   17   20   18
        0.6392124386307 bend   17   56   18
  10 k  1.0000000000000 stre   17   22           val=   2.07447
  11 k  1.0000000000000 stre   17   21           val=   2.07605
  12 k  0.0098378609425 bend   21   22   17      val=   0.16617
       -0.5014900319622 bend   18   22   17
       -0.4998405486337 bend   18   21   17
        0.4996910363238 bend   16   22   17
        0.4988779996089 bend   16   21   17
  13 k  0.0043325751385 bend   21   22   17      val=   0.04804
       -0.5047868154344 bend   18   22   17
        0.5038535173997 bend   18   21   17
       -0.4965717391240 bend   16   22   17
        0.4946914600674 bend   16   21   17
  14 k  0.9057456225803 bend   21   22   17      val=   2.14655
       -0.2046190717999 bend   18   22   17
       -0.2095783101684 bend   18   21   17
       -0.2145508151355 bend   16   22   17
       -0.2186339000795 bend   16   21   17
  15 k -0.0003029712843 bend   21   22   17      val=   0.03124
        0.4951527002553 bend   18   22   17
       -0.4961177738552 bend   18   21   17
       -0.5035777067533 bend   16   22   17
        0.5050746077208 bend   16   21   17
  16 k  1.0000000000000 stre   16   23           val=   2.07659
  17 k  1.0000000000000 stre   16   24           val=   2.07852
  18 k  0.0019530356004 bend   24   23   16      val=   0.03230
       -0.5019647938700 bend   15   23   16
       -0.4983134393859 bend   15   24   16
        0.5007938106089 bend   17   23   16
        0.4989156308938 bend   17   24   16
  19 k  0.0082965232707 bend   24   23   16      val=   0.14996
       -0.5013513848925 bend   15   23   16
        0.5004542326485 bend   15   24   16
       -0.5004159818384 bend   17   23   16
        0.4977020822871 bend   17   24   16
  20 k  0.9067329190207 bend   24   23   16      val=   2.44593
       -0.2052840570166 bend   15   23   16
       -0.2144537929297 bend   15   24   16
       -0.2080504333148 bend   17   23   16
       -0.2154494311775 bend   17   24   16
  21 k -0.0006830229836 bend   24   23   16      val=   0.06959
        0.4979793152164 bend   15   23   16
       -0.5001616777093 bend   15   24   16
       -0.4992501191240 bend   17   23   16
        0.5025970053651 bend   17   24   16
  22 k  1.0000000000000 stre   15   26           val=   2.07652
  23 k  1.0000000000000 stre   15   25           val=   2.07658
  24 k  0.0000659552637 bend   25   26   15      val=   0.00074
       -0.5004385318073 bend   16   26   15
       -0.4995787766950 bend   16   25   15
        0.5006340505556 bend   14   26   15
        0.4993474389968 bend   14   25   15
  25 k  0.0025830904547 bend   25   26   15      val=   0.07402
       -0.5002301666139 bend   16   26   15
        0.4998819500766 bend   16   25   15
       -0.4999015443341 bend   14   26   15
        0.4999795895966 bend   14   25   15
  26 k  0.9066579100558 bend   25   26   15      val=   2.42649
       -0.2098005621126 bend   16   26   15
       -0.2119910769146 bend   16   25   15
       -0.2096601825965 bend   14   26   15
       -0.2122676362819 bend   14   25   15
  27 k -0.0001652484576 bend   25   26   15      val=   0.01686
       -0.4993357698631 bend   16   26   15
        0.5005488070166 bend   16   25   15
        0.4995904298086 bend   14   26   15
       -0.5005237815191 bend   14   25   15
  28 k  1.0000000000000 stre   14   27           val=   2.07564
  29 k  1.0000000000000 stre   14   28           val=   2.07669
  30 k  0.0000801413905 bend   28   27   14      val=   0.00269
        0.5012702569233 bend   15   27   14
        0.4987448292426 bend   15   28   14
       -0.5012749345963 bend   13   27   14
       -0.4987034773797 bend   13   28   14
  31 k  0.0069847368086 bend   28   27   14      val=   0.15330
       -0.5006011130947 bend   15   27   14
        0.4994893483181 bend   15   28   14
       -0.5004623988925 bend   13   27   14
        0.4993971538080 bend   13   28   14
  32 k  0.9063378225733 bend   28   27   14      val=   2.36209
       -0.2078971301891 bend   15   27   14
       -0.2146668198643 bend   15   28   14
       -0.2078115441299 bend   13   27   14
       -0.2146230491067 bend   13   28   14
  33 k -0.0000170567104 bend   28   27   14      val=   0.00173
       -0.4986593393159 bend   15   27   14
        0.5012221436793 bend   15   28   14
        0.4987889603017 bend   13   27   14
       -0.5013230483318 bend   13   28   14
  34 k  1.0000000000000 stre   13   30           val=   2.07599
  35 k  1.0000000000000 stre   13   29           val=   2.07823
  36 k  0.0007546793425 bend   29   30   13      val=   0.00997
       -0.5017870316927 bend   12   30   13
       -0.4983741632551 bend   12   29   13
        0.5009518532928 bend   14   30   13
        0.4988783813380 bend   14   29   13
  37 k  0.0085499724623 bend   29   30   13      val=   0.14123
       -0.5012068027097 bend   12   30   13
        0.4998155635744 bend   12   29   13
       -0.5008243290375 bend   14   30   13
        0.4980743245153 bend   14   29   13
  38 k  0.9066934935225 bend   29   30   13      val=   2.44944
       -0.2058311295352 bend   12   30   13
       -0.2151231585108 bend   12   29   13
       -0.2072440756769 bend   14   30   13
       -0.2152031010171 bend   14   29   13
  39 k -0.0005178864864 bend   29   30   13      val=   0.05279
        0.4983118498150 bend   12   30   13
       -0.5006144890755 bend   12   29   13
       -0.4989406687151 bend   14   30   13
        0.5021238637601 bend   14   29   13
  40 k  1.0000000000000 stre   12   32           val=   2.07636
  41 k  1.0000000000000 stre   12   31           val=   2.07648
  42 k  0.0006532501196 bend   31   32   12      val=   0.01453
        0.4995121575890 bend   13   32   12
        0.5004717929875 bend   13   31   12
       -0.4993334632929 bend   11   32   12
       -0.5006807910684 bend   11   31   12
  43 k  0.0025792065205 bend   31   32   12      val=   0.08266
        0.4998543330938 bend   13   32   12
       -0.5000412770960 bend   13   31   12
        0.5001510194608 bend   11   32   12
       -0.4999466694695 bend   11   31   12
  44 k  0.9061788122364 bend   31   32   12      val=   2.29378
       -0.2128167549412 bend   13   32   12
       -0.2106687849403 bend   13   31   12
       -0.2124047298877 bend   11   32   12
       -0.2098854040737 bend   11   31   12
  45 k -0.0001456979286 bend   31   32   12      val=   0.01507
        0.5006895916962 bend   13   32   12
       -0.4994113594347 bend   13   31   12
       -0.5004632785946 bend   11   32   12
        0.4994343924733 bend   11   31   12
  46 k  1.0000000000000 stre   11   34           val=   2.07571
  47 k  1.0000000000000 stre   11   33           val=   2.07630
  48 k  0.0013678986434 bend   33   34   11      val=   0.02413
        0.5004000133958 bend   10   34   11
        0.4994282554288 bend   10   33   11
       -0.5008749618170 bend   12   34   11
       -0.4992931461085 bend   12   33   11
  49 k  0.0035992414698 bend   33   34   11      val=   0.07647
       -0.4999079700184 bend   10   34   11
        0.4989877610405 bend   10   33   11
       -0.5006934715934 bend   12   34   11
        0.5003961718563 bend   12   33   11
  50 k  0.9067536335598 bend   33   34   11      val=   2.51402
       -0.2098679705211 bend   10   34   11
       -0.2130865456235 bend   10   33   11
       -0.2082556041148 bend   12   34   11
       -0.2120778404372 bend   12   33   11
  51 k -0.0002339638329 bend   33   34   11      val=   0.02391
       -0.4998102466492 bend   10   34   11
        0.5012866116549 bend   10   33   11
        0.4989114815867 bend   12   34   11
       -0.4999887289948 bend   12   33   11
  52 k  1.0000000000000 stre   10   35           val=   2.07601
  53 k  1.0000000000000 stre   10   36           val=   2.07704
  54 k  0.0017847949693 bend   36   35   10      val=   0.02983
       -0.5007961300134 bend    9   35   10
       -0.4994593527275 bend    9   36   10
        0.5006753817514 bend   11   35   10
        0.4990636910772 bend   11   36   10
  55 k  0.0044020746364 bend   36   35   10      val=   0.07863
       -0.5013657158038 bend    9   35   10
        0.5002718604012 bend    9   36   10
       -0.4995896972706 bend   11   35   10
        0.4987496775210 bend   11   36   10
  56 k  0.9061824044299 bend   36   35   10      val=   2.25789
       -0.2084304962482 bend    9   35   10
       -0.2127027995195 bend    9   36   10
       -0.2100321274197 bend   11   35   10
       -0.2145558264494 bend   11   36   10
  57 k -0.0001076916645 bend   36   35   10      val=   0.01109
       -0.4983926456607 bend    9   35   10
        0.4999565314582 bend    9   36   10
        0.5001306536616 bend   11   35   10
       -0.5015152590641 bend   11   36   10
  58 k  1.0000000000000 stre    9   38           val=   2.07570
  59 k  1.0000000000000 stre    9   37           val=   2.07752
  60 k  0.0001689307013 bend   37   38    9      val=   0.00295
        0.5002921558416 bend    8   38    9
        0.4996860725154 bend    8   37    9
       -0.5006995859688 bend   10   38    9
       -0.4993210228006 bend   10   37    9
  61 k  0.0040565859161 bend   37   38    9      val=   0.02811
       -0.5009199574971 bend    8   38    9
        0.4989354262270 bend    8   37    9
       -0.5006678962702 bend   10   38    9
        0.4994575441334 bend   10   37    9
  62 k  0.9067016386721 bend   37   38    9      val=   2.48119
       -0.2089681594709 bend    8   38    9
       -0.2129418536694 bend    8   37    9
       -0.2084299163367 bend   10   38    9
       -0.2131599955159 bend   10   37    9
  63 k -0.0002986576769 bend   37   38    9      val=   0.03045
       -0.4994456323383 bend    8   38    9
        0.5006908185044 bend    8   37    9
        0.4995614632154 bend   10   38    9
       -0.5003009293188 bend   10   37    9
  64 k  1.0000000000000 stre    8   39           val=   2.07527
  65 k  1.0000000000000 stre    8   40           val=   2.07798
  66 k  0.0007068680135 bend   40   39    8      val=   0.01140
       -0.5006079379752 bend    7   39    8
       -0.4995023821265 bend    7   40    8
        0.5008355407864 bend    9   39    8
        0.4990514243132 bend    9   40    8
  67 k  0.0059229077357 bend   40   39    8      val=   0.03853
       -0.5016976804029 bend    7   39    8
        0.4990015294802 bend    7   40    8
       -0.5006440415465 bend    9   39    8
        0.4986154569231 bend    9   40    8
  68 k  0.9063743140941 bend   40   39    8      val=   2.31772
       -0.2078471093916 bend    7   39    8
       -0.2138893027665 bend    7   40    8
       -0.2082133612621 bend    9   39    8
       -0.2149040349132 bend    9   40    8
  69 k -0.0002606057286 bend   40   39    8      val=   0.02691
       -0.4988074389711 bend    7   39    8
        0.5004738811366 bend    7   40    8
        0.4997463308515 bend    9   39    8
       -0.5009696298302 bend    9   40    8
  70 k  1.0000000000000 stre    7   42           val=   2.07652
  71 k  1.0000000000000 stre    7   41           val=   2.07902
  72 k  0.0008461472438 bend   41   42    7      val=   0.01568
        0.5003149976993 bend    6   42    7
        0.4995966893847 bend    6   41    7
       -0.5003642736568 bend    8   42    7
       -0.4997228519047 bend    8   41    7
  73 k -0.0039251624236 bend   41   42    7      val=   0.00947
        0.5007517353501 bend    6   42    7
       -0.4986650105307 bend    6   41    7
        0.5013594171503 bend    8   42    7
       -0.4992036004988 bend    8   41    7
  74 k  0.9067829311961 bend   41   42    7      val=   2.49035
       -0.2089448557808 bend    6   42    7
       -0.2134331117327 bend    6   41    7
       -0.2081750854772 bend    8   42    7
       -0.2125939875369 bend    8   41    7
  75 k -0.0000298040848 bend   41   42    7      val=   0.00313
        0.4999590950365 bend    6   42    7
       -0.5006134558476 bend    6   41    7
       -0.4993606492172 bend    8   42    7
        0.5000660078827 bend    8   41    7
  76 k  1.0000000000000 stre    6   43           val=   2.07540
  77 k  1.0000000000000 stre    6   44           val=   2.07680
  78 k  0.0013136569416 bend   44   43    6      val=   0.01903
       -0.4999918915304 bend    7   43    6
       -0.5002627713010 bend    7   44    6
        0.5002264396235 bend    5   43    6
        0.4995168179963 bend    5   44    6
  79 k -0.0018385529025 bend   44   43    6      val=   0.01662
        0.5016510561233 bend    7   43    6
       -0.4999793540508 bend    7   44    6
        0.4995296274868 bend    5   43    6
       -0.4988322708079 bend    5   44    6
  80 k  0.9063913364790 bend   44   43    6      val=   2.35314
       -0.2097175480983 bend    7   43    6
       -0.2114138038547 bend    7   44    6
       -0.2105466999018 bend    5   43    6
       -0.2131843940713 bend    5   44    6
  81 k -0.0003745258228 bend   44   43    6      val=   0.03876
       -0.4989130398836 bend    7   43    6
        0.4994523957894 bend    7   44    6
        0.5008658835702 bend    5   43    6
       -0.5007657230484 bend    5   44    6
  82 k  1.0000000000000 stre    5   46           val=   2.07651
  83 k  1.0000000000000 stre    5   45           val=   2.07710
  84 k -0.0000716599010 bend   45   46    5      val=   0.00237
        0.4998674256187 bend    1   46    5
        0.5002226238802 bend    1   45    5
       -0.4998467149581 bend    6   46    5
       -0.5000631357880 bend    6   45    5
  85 k  0.0001194443592 bend   45   46    5      val=   0.03373
        0.5005573178972 bend    1   46    5
       -0.5000192855195 bend    1   45    5
        0.4999109088515 bend    6   46    5
       -0.4995119163268 bend    6   45    5
  86 k  0.9067658460489 bend   45   46    5      val=   2.47267
       -0.2107551968517 bend    1   46    5
       -0.2107763790612 bend    1   45    5
       -0.2107900684543 bend    6   46    5
       -0.2109474164575 bend    6   45    5
  87 k -0.0000537547707 bend   45   46    5      val=   0.00554
       -0.4998313762893 bend    1   46    5
        0.4995915200374 bend    1   45    5
        0.5004541914334 bend    6   46    5
       -0.5001224927660 bend    6   45    5
  88 k  1.0000000000000 stre    1   47           val=   2.07681
  89 k  1.0000000000000 stre    1   55           val=   2.07733
  90 k  0.0007534285908 bend   55   47    1      val=   0.01149
       -0.5001013264200 bend    5   47    1
       -0.5000325744634 bend    5   55    1
        0.5001069270238 bend    2   47    1
        0.4997585233657 bend    2   55    1
  91 k  0.0009699701958 bend   55   47    1      val=   0.00280
       -0.5007193506258 bend    5   47    1
        0.5001373098976 bend    5   55    1
       -0.4997228874937 bend    2   47    1
        0.4994185599575 bend    2   55    1
  92 k  0.9064104939101 bend   55   47    1      val=   2.37769
       -0.2103619861282 bend    5   47    1
       -0.2112941456548 bend    5   55    1
       -0.2109675310371 bend    2   47    1
       -0.2121681790041 bend    2   55    1
  93 k -0.0001068972981 bend   55   47    1      val=   0.01102
       -0.4994213022173 bend    5   47    1
        0.4997208645373 bend    5   55    1
        0.5003696936429 bend    2   47    1
       -0.5004873411929 bend    2   55    1
  94 k  1.0000000000000 stre    2   49           val=   2.07580
  95 k  1.0000000000000 stre    2   48           val=   2.07816
  96 k  0.0022218907174 bend   48   49    2      val=   0.03738
       -0.5006171233077 bend    1   49    2
       -0.4996930488513 bend    1   48    2
        0.4998797979585 bend    3   49    2
        0.4998045653807 bend    3   48    2
  97 k -0.0034031774565 bend   48   49    2      val=   0.01914
        0.5018013958288 bend    1   49    2
       -0.5002259484675 bend    1   48    2
        0.5001976991096 bend    3   49    2
       -0.4977549997867 bend    3   48    2
  98 k  0.9068558378996 bend   48   49    2      val=   2.49619
       -0.2074557184162 bend    1   49    2
       -0.2118163012094 bend    1   48    2
       -0.2100282749719 bend    3   49    2
       -0.2135335861596 bend    3   48    2
  99 k -0.0003320590209 bend   48   49    2      val=   0.03332
        0.4988687297156 bend    1   49    2
       -0.4990897274439 bend    1   48    2
       -0.5006293590558 bend    3   49    2
        0.5014075877568 bend    3   48    2
 100 k  1.0000000000000 stre    3   50           val=   2.07520
 101 k  1.0000000000000 stre    3   51           val=   2.07580
 102 k  0.0100816384563 bend   51   50    3      val=   0.17056
       -0.5008018984235 bend    4   50    3
       -0.5005473856716 bend    4   51    3
        0.4990608494132 bend    2   50    3
        0.4994861383279 bend    2   51    3
 103 k -0.0003578968553 bend   51   50    3      val=   0.01978
        0.5044835465919 bend    4   50    3
       -0.5043389831016 bend    4   51    3
        0.4959649465983 bend    2   50    3
       -0.4951335021968 bend    2   51    3
 104 k  0.9058085430478 bend   51   50    3      val=   2.14010
       -0.2064928958247 bend    4   50    3
       -0.2073563647827 bend    4   51    3
       -0.2165509327365 bend    2   50    3
       -0.2167500838075 bend    2   51    3
 105 k -0.0002602063874 bend   51   50    3      val=   0.02656
        0.4957012378383 bend    4   50    3
       -0.4953972181266 bend    4   51    3
       -0.5043449025000 bend    2   50    3
        0.5044779784023 bend    2   51    3
 106 k  1.0000000000000 tors   52    4    3    2 val=  59.11077
        1.0000000000000 tors   54    4    3    2
        1.0000000000000 tors   53    4    3    2
 107 k  1.0000000000000 stre    4   52           val=   2.06912
 108 k  1.0000000000000 stre    4   54           val=   2.06953
 109 k  1.0000000000000 stre    4   53           val=   2.07304
 110 k  0.4232562298380 bend   54   52    4      val=   1.40113
        0.4221583667372 bend   53   52    4
        0.4123552610726 bend   53   54    4
       -0.3958335393604 bend    3   52    4
       -0.3980557836324 bend    3   54    4
       -0.3968211413182 bend    3   53    4
 111 k -0.3333041484149 bend   54   52    4      val=   0.22028
       -0.3428633915271 bend   53   52    4
        0.6895561233234 bend   53   54    4
       -0.4459235066880 bend    3   52    4
        0.2247351847848 bend    3   54    4
        0.2156657485321 bend    3   53    4
 112 k -0.6458649047869 bend   54   52    4      val=   0.01383
        0.6390309975644 bend   53   52    4
        0.0075834120130 bend   53   54    4
       -0.0020096043386 bend    3   52    4
       -0.2944540129023 bend    3   54    4
        0.2961979009967 bend    3   53    4
 113 k  0.2135304843855 bend   54   52    4      val=  -0.05929
        0.2278401315434 bend   53   52    4
       -0.4453792533920 bend   53   54    4
       -0.6835213168129 bend    3   52    4
        0.3546569935778 bend    3   54    4
        0.3333885926561 bend    3   53    4
 114 k  0.2977656376711 bend   54   52    4      val=   0.00851
       -0.2927808417159 bend   53   52    4
       -0.0063273311781 bend   53   54    4
       -0.0130943933076 bend    3   52    4
       -0.6350824443444 bend    3   54    4
        0.6496720667968 bend    3   53    4
 115 k  1.0000000000000 tors    4    3    2    1 val= 180.05885
 116 k  1.0000000000000 stre    3    4           val=   2.89563
 117 k  1.0000000000000 bend    2    4    3      val= 113.08767
 118 k  1.0000000000000 tors   18   17   16   15 val= 179.53410
 119 k  1.0000000000000 stre   17   18           val=   2.89552
 120 k  1.0000000000000 bend   16   18   17      val= 113.07879
 121 k  1.0000000000000 tors    3    2    1    5 val= 179.44483
 122 k  1.0000000000000 stre    2    3           val=   2.89800
 123 k  1.0000000000000 bend    1    3    2      val= 113.48537
 124 k  1.0000000000000 tors   17   16   15   14 val= 180.66289
 125 k  1.0000000000000 stre   16   17           val=   2.89811
 126 k  1.0000000000000 bend   15   17   16      val= 113.43961
 127 k  1.0000000000000 tors    2    1    5    6 val= 180.34587
 128 k  1.0000000000000 stre    1    2           val=   2.89724
 129 k  1.0000000000000 bend    5    2    1      val= 113.32569
 130 k  1.0000000000000 tors   16   15   14   13 val= 179.48068
 131 k  1.0000000000000 stre   15   16           val=   2.89714
 132 k  1.0000000000000 bend   14   16   15      val= 113.40520
 133 k  1.0000000000000 tors    1    5    6    7 val= 179.32025
 134 k  1.0000000000000 stre    5    1           val=   2.89621
 135 k  1.0000000000000 bend    6    1    5      val= 113.45161
 136 k  1.0000000000000 tors   15   14   13   12 val= 180.72189
 137 k  1.0000000000000 stre   14   15           val=   2.89740
 138 k  1.0000000000000 bend   13   15   14      val= 113.30724
 139 k  1.0000000000000 tors    5    6    7    8 val= 180.39566
 140 k  1.0000000000000 stre    6    5           val=   2.89851
 141 k  1.0000000000000 bend    7    5    6      val= 113.30941
 142 k  1.0000000000000 tors   14   13   12   11 val= 179.57464
 143 k  1.0000000000000 stre   13   14           val=   2.89822
 144 k  1.0000000000000 bend   12   14   13      val= 113.43288
 145 k  1.0000000000000 tors    6    7    8    9 val= 179.60162
 146 k  1.0000000000000 stre    7    6           val=   2.89609
 147 k  1.0000000000000 bend    8    6    7      val= 113.46631
 148 k  1.0000000000000 tors   13   12   11   10 val= 180.38012
 149 k  1.0000000000000 stre   12   13           val=   2.89626
 150 k  1.0000000000000 bend   11   13   12      val= 113.23274
 151 k  1.0000000000000 tors    7    8    9   10 val= 180.14238
 152 k  1.0000000000000 stre    8    7           val=   2.89670
 153 k  1.0000000000000 bend    9    7    8      val= 113.29137
 154 k  1.0000000000000 tors   12   11   10    9 val= 179.82575
 155 k  1.0000000000000 stre   11   12           val=   2.89823
 156 k  1.0000000000000 bend   10   12   11      val= 113.47184
 157 k  1.0000000000000 tors    8    9   10   11 val= 180.00658
 158 k  1.0000000000000 stre    9    8           val=   2.89727
 159 k  1.0000000000000 bend   10    8    9      val= 113.44398
 160 k  1.0000000000000 stre   10   11           val=   2.89803
 161 k  1.0000000000000 bend    9   11   10      val= 113.21727
 162 k  1.0000000000000 stre    9   10           val=   2.89729
       162 non zero eigenvalues  of BmBt
           1           5.155139871    1    0
         1
           2           5.154253776    2    0
         2
           3           4.486565325    3    0
         3
           4           4.467726238    4    0
         4
           5           4.463823673    5    0
         5
           6           4.432014205    6    0
         6
           7           4.341784281    7    0
         7
           8           4.279633732    8    0
         8
           9           4.258668993    9    0
         9
          10           4.218734846   10    0
        10
          11           4.073311418   11    0
        11
          12           4.067046966   12    0
        12
          13           3.957989027   13    0
        13
          14           3.914823855   14    0
        14
          15           3.906876048   15    0
        15
          16           3.903092679   16    0
        16
          17           3.851213275   17    0
        17
          18           3.810457022   18    0
        18
          19           3.704566309   19    0
        19
          20           3.683447458   20    0
        20
          21           3.628335980   21    0
        21
          22           3.570366552   22    0
        22
          23           3.492230516   23    0
        23
          24           3.409794530   24    0
        24
          25           3.327755286   25    0
        25
          26           3.323711204   26    0
        26
          27           3.235506806   27    0
        27
          28           3.191734179   28    0
        28
          29           3.069861971   29    0
        29
          30           3.029863983   30    0
        30
          31           3.025697954   31    0
        31
          32           2.850202768   32    0
        32
          33           2.665826550   33    0
        33
          34           2.524403329   34    0
        34
          35           2.476481917   35    0
        35
          36           2.470077897   36    0
        36
          37           2.428169213   37    0
        37
          38           2.427163754   38    0
        38
          39           2.383182957   39    0
        39
          40           2.366847788   40    0
        40
          41           2.339890371   41    0
        41
          42           2.335980816   42    0
        42
          43           2.334671953   43    0
        43
          44           2.301068808   44    0
        44
          45           2.280174509   45    0
        45
          46           2.265159782   46    0
        46
          47           2.257814233   47    0
        47
          48           2.133043264   48    0
        48
          49           1.900677215   49    0
        49
          50           1.674250906   50    0
        50
          51           1.472829877   51    0
        51
          52           1.308152522   52    0
        52
          53           1.187435675   53    0
        53
          54           1.114167079   54    0
        54
          55           0.878755744   55    0
        55
          56           0.878535131   56    0
        56
          57           0.801488692   57    0
        57
          58           0.798802906   58    0
        58
          59           0.794712924   59    0
        59
          60           0.789484710   60    0
        60
          61           0.783601746   61    0
        61
          62           0.777491339   62    0
        62
          63           0.771517681   63    0
        63
          64           0.766066080   64    0
        64
          65           0.761334694   65    0
        65
          66           0.757576613   66    0
        66
          67           0.754711497   67    0
        67
          68           0.752735203   68    0
        68
          69           0.751578716   69    0
        69
          70           0.750984609   70    0
        70
          71           0.750794648   71    0
        71
          72           0.750568757   72    0
        72
          73           0.748858851   73    0
        73
          74           0.748689536   74    0
        74
          75           0.693321256   75    0
        75
          76           0.692722133   76    0
        76
          77           0.686717904   77    0
        77
          78           0.686009122   78    0
        78
          79           0.670129151   79    0
        79
          80           0.669983534   80    0
        80
          81           0.650582204   81    0
        81
          82           0.650135831   82    0
        82
          83           0.626035848   83    0
        83
          84           0.618439768   84    0
        84
          85           0.604903034   85    0
        85
          86           0.576246441   86    0
        86
          87           0.529522064   87    0
        87
          88           0.485113009   88    0
        88
          89           0.457146601   89    0
        89
          90           0.455840792   90    0
        90
          91           0.449615146   91    0
        91
          92           0.447399474   92    0
        92
          93           0.439720643   93    0
        93
          94           0.426257487   94    0
        94
          95           0.417087376   95    0
        95
          96           0.409428956   96    0
        96
          97           0.393728330   97    0
        97
          98           0.389887621   98    0
        98
          99           0.376978098   99    0
        99
         100           0.368468572  100    0
       100
         101           0.366717919  101    0
       101
         102           0.362361623  102    0
       102
         103           0.358465312  103    0
       103
         104           0.351101624  104    0
       104
         105           0.346672792  105    0
       105
         106           0.342199822  106    0
       106
         107           0.332948893  107    0
       107
         108           0.325698561  108    0
       108
         109           0.323606598  109    0
       109
         110           0.314235541  110    0
       110
         111           0.306606509  111    0
       111
         112           0.305345339  112    0
       112
         113           0.295473643  113    0
       113
         114           0.289943606  114    0
       114
         115           0.281260098  115    0
       115
         116           0.276971641  116    0
       116
         117           0.269326564  117    0
       117
         118           0.262881025  118    0
       118
         119           0.260199080  119    0
       119
         120           0.253231919  120    0
       120
         121           0.242433427  121    0
       121
         122           0.233345452  122    0
       122
         123           0.231582867  123    0
       123
         124           0.227307067  124    0
       124
         125           0.199085612  125    0
       125
         126           0.173237657  126    0
       126
         127           0.166621523  127    0
       127
         128           0.161342200  128    0
       128
         129           0.146407835  129    0
       129
         130           0.135960181  130    0
       130
         131           0.131141731  131    0
       131
         132           0.111198224  132    0
       132
         133           0.111151583  133    0
       133
         134           0.098644884  134    0
       134
         135           0.098130845  135    0
       135
         136           0.080621213  136    0
       136
         137           0.077440893  137    0
       137
         138           0.060370773  138    0
       138
         139           0.055580260  139    0
       139
         140           0.055303064  140    0
       140
         141           0.052534059  141    0
       141
         142           0.051858638  142    0
       142
         143           0.051057721  143    0
       143
         144           0.047321585  144    0
       144
         145           0.043218058  145    0
       145
         146           0.040869989  146    0
       146
         147           0.039422644  147    0
       147
         148           0.032804364  148    0
       148
         149           0.027737315  149    0
       149
         150           0.027050330  150    0
       150
         151           0.023812045  151    0
       151
         152           0.021623307  152    0
       152
         153           0.014349010  153    0
       153
         154           0.013010577  154    0
       154
         155           0.010913457  155    0
       155
         156           0.006899421  156    0
       156
         157           0.005346967  157    0
       157
         158           0.004721244  158    0
       158
         159           0.002953691  159    0
       159
         160           0.001537804  160    0
       160
         161           0.000720314  161    0
       161
         162           0.000219323  162    0
       162
$user-defined bonds
$end
