$hessapprox internal
  0.478518378033D+00  0.116337563800D-01  0.322703729299D+00  0.442007849286D-02
  0.257379599414D-02  0.912815677958D-01  0.140974836190D-01 -0.276555774082D-01
  0.111566894685D-01  0.293362903860D+00 -0.164065719534D-01  0.119748141598D-01
 -0.339588049641D-02  0.324219260038D-01  0.322564779481D+00 -0.910911151629D-02
  0.652910319814D-02 -0.470629413946D-02  0.123679943787D-01 -0.704841293329D-02
  0.329859385920D+00  0.473291493006D-01  0.126158690891D-01  0.262755852866D-02
  0.172337477358D-01 -0.150457189009D-01 -0.943109649704D-02  0.455396867037D+00
  0.254480895880D-01  0.663736830696D-02  0.649375646999D-04  0.175355340795D-01
 -0.999657836528D-02 -0.667968800472D-02  0.210678150922D-01  0.419051947516D+00
  0.803646769360D-02 -0.215498713234D-01  0.127799982818D-02 -0.398474421722D-01
  0.667798207445D-02 -0.180269352800D-02  0.808262044701D-02  0.535475741206D-02
  0.301708079065D+00  0.973499841511D-02 -0.876391745299D-02  0.670860720117D-02
 -0.292119108886D-01  0.710500916235D-02  0.309873500521D-02  0.104730432977D-01
  0.629273725275D-02 -0.124449319475D-01  0.332379936294D+00  0.839046361011D-02
 -0.837530101106D-02  0.376855599343D-02 -0.211383418667D-01 -0.577410098798D-02
 -0.696760640013D-02  0.103297651037D-01  0.799809160770D-02 -0.247895920397D-01
 -0.608582378940D-02  0.293079062431D+00 -0.522921405234D-02 -0.137525594281D-03
  0.356625691038D-02  0.101850313848D-01 -0.631568202082D-02 -0.228098674695D-02
 -0.422798863723D-02 -0.219190587396D-02 -0.109225273675D-02  0.301446288144D-02
 -0.488499423897D-02  0.335426200594D+00 -0.180253493948D-01  0.172227510945D-01
 -0.472140053856D-02  0.609925899566D-01 -0.207081879262D-01 -0.591347539314D-02
 -0.175571702694D-01 -0.145126506891D-01  0.263812250843D-01  0.153653226214D-01
  0.779261178650D-02 -0.798104115873D-02  0.375117662911D+00  0.483835223742D-02
  0.684425833354D-02 -0.153261110197D-02  0.308118894969D-01 -0.113179645264D-01
 -0.507816034731D-02  0.224841845665D-02 -0.228995589391D-02  0.102228737533D-01
  0.816685532086D-02  0.756089135567D-02 -0.303673548841D-02 -0.210293815146D-01
  0.403010901164D+00 -0.445454619960D-02  0.731346847997D-02  0.420958703119D-03
  0.177231395992D-02  0.117762475483D-02  0.217646096903D-02 -0.474434068753D-02
 -0.261870920338D-02  0.102436121616D-01  0.139467087967D-02  0.826202921508D-02
  0.191492574866D-02 -0.397515281273D-02 -0.146299532364D-02  0.331062239053D+00
  0.288940759608D-02 -0.128076589176D-02  0.732244643927D-03 -0.104576585238D-01
  0.136525652466D-02 -0.199982374740D-02  0.247954758954D-02  0.377866159568D-02
 -0.837313345481D-02 -0.219451399878D-02 -0.769029470720D-02 -0.169024328878D-02
  0.713614761345D-02  0.467269927863D-02  0.127547939209D-02  0.333715615871D+00
  0.689688655018D-02  0.284089839434D-02  0.417280838787D-03  0.770708647316D-03
 -0.506521630123D-02 -0.360872161509D-02  0.656725334287D-02  0.345805589824D-02
 -0.346845148017D-02  0.991731374498D-03 -0.404076057794D-02 -0.170000512332D-02
 -0.245434617097D-02  0.886230415879D-03  0.116119870862D-02 -0.168878799250D-02
  0.316231591893D+00 -0.292430830344D-02 -0.773728515489D-02  0.206508392643D-02
 -0.348727902117D-02  0.619216664871D-03  0.119757992230D-02 -0.234088424909D-02
 -0.167273204597D-02 -0.700973663520D-02 -0.256201838265D-02 -0.426445618566D-02
 -0.709095404118D-03  0.111351092529D-02 -0.854137921049D-03  0.249926078290D-02
  0.831365003062D-04 -0.897299661186D-03  0.331001553689D+00 -0.178990168680D-01
  0.885096395877D-02 -0.340471984881D-02  0.483846042439D-01 -0.121784900689D-01
 -0.213112948484D-02 -0.183787541471D-01 -0.157955512981D-01  0.219451747582D-01
  0.107678896735D-01  0.116597724769D-01 -0.416720232398D-02 -0.308527352738D-01
 -0.190368949984D-01 -0.313819062799D-02  0.824960624172D-02 -0.937244321686D-03
  0.107355404904D-03  0.385861707872D+00 -0.396003591024D-01  0.273954275127D-02
 -0.541790663672D-02  0.276394076047D-01 -0.445793521883D-02  0.286828938667D-02
 -0.365349005825D-01 -0.248016895958D-01  0.147996318168D-01  0.411762152742D-02
  0.273602335521D-02 -0.195015836209D-02 -0.192685630551D-01 -0.180215768011D-01
 -0.143973326383D-02  0.567474776832D-02 -0.456637170514D-02  0.721806028642D-03
 -0.149948192628D-01  0.411270053864D+00 -0.588301518132D-03  0.122778908530D-02
 -0.785472487912D-03  0.184158060107D-02  0.183066585419D-02  0.176582872432D-02
 -0.100094256253D-02 -0.130271951128D-02  0.265995849116D-02  0.120480415423D-02
  0.363481865151D-02  0.128986725822D-02  0.194341563915D-03 -0.107739067816D-02
 -0.118460003155D-02  0.193719454626D-02  0.716099448822D-03 -0.377336266062D-03
 -0.148647368183D-02  0.137450060620D-03  0.337003393406D+00  0.198350223066D-03
 -0.845317083226D-02 -0.631158877924D-02 -0.844171780207D-02  0.806842158958D-02
  0.559065189386D-02 -0.326467000103D-03 -0.205107641608D-02 -0.186169945641D-02
 -0.214019192668D-02  0.327686949165D-02  0.232045364987D-02  0.755574162727D-02
 -0.494732107914D-04 -0.218501148729D-03  0.352803257911D-02  0.153860754004D-02
 -0.249159596058D-02  0.141973362475D-02  0.309810475134D-02 -0.484631726196D-03
  0.335177519796D+00  0.297850532795D-03 -0.695238177353D-02  0.113455325223D-02
 -0.210919541868D-02 -0.966980116992D-02 -0.793032857169D-02  0.210233423640D-02
  0.181863152104D-02 -0.195472729506D-01 -0.279282786229D-02 -0.215168549471D-01
 -0.620544654751D-02 -0.659722704964D-03  0.778915046911D-03  0.886552167365D-02
 -0.546254593315D-02 -0.508997384678D-02 -0.422210041872D-02  0.403781601289D-02
  0.858732208443D-03  0.311183086689D-02  0.363609637531D-02  0.294072701836D+00
  0.906839664182D-04 -0.285644211174D-02 -0.744789814259D-02 -0.346836997606D-02
  0.159702756920D-02  0.338509319554D-03 -0.359813001785D-03 -0.109710744578D-02
 -0.414113964713D-02 -0.138895797674D-02 -0.246980185868D-02 -0.181300743357D-02
  0.258376401063D-02 -0.712680319393D-03  0.384929417639D-03  0.107295210598D-02
 -0.675391371041D-03 -0.322546839697D-02  0.103701321977D-02  0.161130348075D-02
  0.411941437228D-03  0.157087724477D-02 -0.242466567215D-02  0.339488294570D+00
  0.159214268452D-03  0.541097990359D-03 -0.877664355843D-04  0.592075861550D-02
 -0.211106423961D-02 -0.692217390317D-03  0.370561092412D-03 -0.536243946379D-04
  0.245893478261D-02  0.198912073079D-02  0.150602623231D-02 -0.162665962864D-03
 -0.447256827537D-02 -0.115624555944D-02  0.453426843196D-04  0.499227527097D-03
  0.359439682557D-03  0.115487951376D-02 -0.327758202407D-02 -0.287581124255D-02
  0.334547403904D-03  0.473795234849D-03  0.116346689637D-03  0.509185719370D-03
  0.282216710453D-01  0.549673467255D-01 -0.765125947080D-02  0.986818582364D-02
 -0.623038928014D-01  0.880524888879D-02  0.724717383899D-03  0.529883777850D-01
  0.345567782757D-01 -0.188540909612D-01 -0.102023483134D-01 -0.545550789229D-02
  0.239535465037D-02  0.279090868512D-01  0.256589038547D-01 -0.180768729206D-02
 -0.512578156224D-02  0.697804810881D-02 -0.441628158221D-02  0.193454453381D-01
 -0.118296263865D-01  0.251882749219D-03 -0.532130859547D-02 -0.251512194843D-03
 -0.138016704121D-02  0.382825963753D-02  0.438648874664D+00  0.269907973385D-01
 -0.964494084683D-02  0.528797009448D-02 -0.427013368760D-01  0.839898219428D-02
  0.137832514716D-02  0.259347745627D-01  0.160189703422D-01 -0.165356341048D-01
 -0.838171827120D-02 -0.445420093863D-02  0.293213704076D-02  0.199979968407D-01
  0.142987440782D-01  0.871658676459D-03 -0.331295659175D-02  0.347102489580D-02
 -0.348158730692D-02  0.136698329941D-01 -0.252703132293D-02  0.465224760779D-04
 -0.530243494054D-02 -0.112812953833D-02 -0.205075690821D-02  0.302722944489D-02
 -0.355415084596D-02  0.424752391100D+00 -0.489601733039D-02 -0.129340853068D-02
 -0.301617693048D-03  0.689018647927D-02 -0.185904547381D-02 -0.926973416869D-04
 -0.404008786829D-02 -0.230665294139D-02  0.153386909978D-02  0.132032775843D-02
 -0.388143623072D-03 -0.108510433939D-02 -0.440279130680D-02 -0.214256712927D-02
  0.725867600556D-03  0.241066373059D-03 -0.566508968068D-03  0.198907983889D-03
 -0.247224501416D-02  0.355473497623D-04  0.478919637932D-03  0.992534148804D-03
 -0.128236650094D-02  0.243211429271D-03 -0.494220929784D-03  0.329444370107D-03
  0.157550025840D-02  0.337284711231D+00  0.755079500837D-02 -0.211938615893D-02
  0.179733587182D-02 -0.813124474900D-02  0.115879335468D-02  0.532623286883D-03
  0.757618963511D-02  0.482425121939D-02 -0.169584005467D-02 -0.825163492435D-03
 -0.651877411139D-04  0.352181900707D-03  0.280336048403D-02  0.348728113909D-02
 -0.238077422527D-03 -0.655473224851D-03  0.133362302658D-02 -0.158351634212D-03
  0.190987919597D-02 -0.228179865291D-02  0.248190341413D-03 -0.711529419653D-03
  0.314163673382D-03  0.827062433767D-04  0.404242439591D-03  0.110277484986D-02
  0.585097442030D-05 -0.119830177654D-03  0.380881892891D+00 -0.629153090115D-02
  0.181344963284D-02 -0.114503064571D-02  0.110863065543D-01 -0.272534749207D-02
 -0.901791348823D-03 -0.621217165910D-02 -0.386686559461D-02  0.393753362352D-02
  0.199344167898D-02  0.125506890549D-02 -0.132905514552D-02 -0.665783948623D-02
 -0.425737442323D-02 -0.452949039132D-03  0.121596588886D-02 -0.870436237677D-03
  0.152821253379D-04 -0.495554496643D-02 -0.154871826806D-02 -0.182497785843D-03
  0.100689645742D-02 -0.306993985475D-05  0.426259126086D-03 -0.627564455305D-03
  0.196962079686D-02  0.196076930893D-02 -0.459532750753D-03  0.911317744690D-04
  0.370285950645D-01  0.305291364384D-02  0.279557073706D-02  0.117994117678D-02
 -0.131503353482D-01  0.271945664082D-02 -0.505748643377D-03  0.232322415956D-02
  0.178071873331D-02 -0.608969898395D-02 -0.377369400290D-02 -0.346616690530D-02
  0.163062434421D-02  0.913477343931D-02  0.374779598914D-02  0.590453542259D-03
 -0.113520030505D-02 -0.881588229805D-03 -0.367816069520D-03  0.735542057077D-02
  0.480454091220D-02 -0.333792884804D-03 -0.315750958161D-03 -0.130068266233D-02
 -0.406613573607D-03  0.107424339684D-02 -0.600870959735D-02 -0.525374987958D-02
  0.173333019569D-02 -0.215566684025D-03  0.189934338696D-02  0.523583603957D-02
 -0.117905416844D-01  0.140161615267D-01 -0.703755003406D-02  0.740622142469D-01
 -0.227584511923D-01 -0.991357251271D-02 -0.149082658832D-01 -0.166072507702D-01
  0.205592177324D-01  0.170004088170D-01  0.120974241071D-01 -0.673817644515D-02
 -0.437365521650D-01 -0.243020970302D-01  0.217857639274D-05  0.794294967764D-02
 -0.147959258927D-02 -0.688489428110D-03 -0.360649055695D-01 -0.233252266891D-01
 -0.156842107052D-02  0.259150652633D-02 -0.149124939173D-02 -0.588485362562D-03
 -0.315383378867D-02  0.412825919226D-01  0.265300009341D-01 -0.375889022536D-02
  0.568805193698D-02 -0.773044539082D-02  0.749913308329D-02  0.367081188125D+00
 -0.267504743087D-01  0.529380026092D-02 -0.482147450525D-02  0.248814014150D-01
 -0.369800881635D-02 -0.643346742681D-06 -0.262294595722D-01 -0.187198222780D-01
  0.101699969512D-01  0.384844081725D-02  0.317560702915D-02 -0.137578066737D-03
 -0.135252551462D-01 -0.138793454458D-01 -0.788679035002D-03  0.471976063751D-02
 -0.353792614515D-02  0.198771773746D-02 -0.111692881976D-01  0.216697517258D-02
 -0.928636582461D-04  0.209730792568D-02  0.112089152322D-02  0.115596519300D-02
 -0.222823472867D-02 -0.400015701663D-02 -0.296760640759D-03  0.401439064731D-03
 -0.919110233221D-03 -0.890014895068D-03  0.230014943501D-02 -0.205785893482D-01
  0.416065602734D+00 -0.101008985478D-01  0.138558370988D-01 -0.514545039356D-02
  0.630518908748D-01 -0.188022015252D-01 -0.643115084876D-02 -0.120461042317D-01
 -0.131485415500D-01  0.243041225951D-01  0.156119301634D-01  0.144092583381D-01
 -0.618668886409D-02 -0.404172363837D-01 -0.209893239596D-01 -0.356710956100D-02
  0.831321856209D-02 -0.533132385308D-04 -0.292365561797D-03 -0.332896432788D-01
 -0.234568406481D-01 -0.131230599397D-02  0.314397342783D-02  0.331200030111D-02
  0.799689702397D-03 -0.304686715405D-02  0.364515575392D-01  0.243118609355D-01
 -0.382868340390D-02  0.448274678784D-02 -0.716277817095D-02  0.844817241514D-02
 -0.450794989618D-01 -0.179750672388D-01  0.375507057005D+00 -0.931708675520D-03
 -0.223428755638D-01  0.263766168698D-02 -0.145931679133D-01 -0.967549664401D-03
 -0.149092456953D-02  0.207459502096D-02  0.136721165922D-02 -0.217023114417D-01
 -0.639511578473D-02 -0.186558402044D-01 -0.428189764940D-02  0.514547573273D-02
  0.215088215424D-02  0.910464237435D-02 -0.305076652498D-02 -0.290617657820D-02
 -0.626488946778D-02  0.591912358940D-02  0.227593150411D-02  0.297511820974D-02
 -0.869530927240D-03 -0.183334690400D-01 -0.224732694635D-02  0.242092935527D-03
 -0.851650691207D-02 -0.674238634958D-02 -0.108149525966D-02 -0.152203876142D-02
  0.117289605350D-02  0.747664600491D-03  0.569272097045D-02  0.435881834249D-02
  0.799593991603D-02  0.303664399902D+00 -0.914023555503D-03 -0.226891190291D-04
  0.503208391630D-03  0.206755447288D-02  0.331611851868D-02  0.306149270654D-02
 -0.798257064183D-03 -0.802373410656D-03  0.518506681521D-02 -0.976175107066D-04
  0.727057539746D-02  0.227835690667D-02 -0.576695422760D-03 -0.100996026381D-02
 -0.163671310643D-02  0.417816236907D-02  0.153849620339D-02 -0.389240513926D-03
 -0.311439675322D-02 -0.197168799535D-02 -0.180993162560D-02 -0.342461112160D-02
  0.636052214116D-02  0.128191987638D-03  0.246455605805D-03  0.414399217177D-04
 -0.880555840885D-05  0.652094546798D-03 -0.754633758583D-04  0.148369870880D-03
 -0.951688200423D-04 -0.924138997583D-03 -0.102537552064D-02 -0.142375759447D-02
  0.414737722008D-02  0.318074298723D+00  0.135730996714D-03  0.921880158215D-02
 -0.188616392989D-02  0.156202659254D-01 -0.134761933540D-01 -0.925668716801D-02
  0.301686469008D-03 -0.761421187664D-03 -0.670917729470D-02  0.288105944614D-02
 -0.120655541782D-01 -0.530205637138D-02 -0.836381417544D-02 -0.354561133501D-02
  0.473393367790D-02 -0.257171485039D-02 -0.440113639254D-02 -0.195424384918D-02
 -0.342027417035D-02 -0.326459332980D-02  0.131710875357D-02  0.506480569182D-02
 -0.148297417572D-01 -0.134375689062D-02 -0.264848984315D-03  0.106553237406D-01
  0.610908294071D-02 -0.109702747779D-02  0.231133060917D-02 -0.172250798466D-02
 -0.223790158713D-02 -0.125079629166D-01 -0.429818748612D-02 -0.639995791907D-02
 -0.643606482937D-02  0.355671903829D-02  0.305667324676D+00 -0.110108139328D-01
  0.161395310053D-01 -0.330874325273D-02  0.158541351426D-01 -0.423586216340D-02
 -0.135826959971D-02 -0.116979012550D-01 -0.806183327618D-02  0.128813198981D-01
  0.536565122015D-02  0.576598887301D-02  0.758873596153D-03 -0.893047918188D-02
 -0.619436180621D-02 -0.396245154805D-02  0.102656733926D-02 -0.125797898861D-02
  0.474523237925D-02 -0.602010438641D-02  0.501992302035D-03 -0.254305299642D-03
  0.420647419000D-02  0.511486862441D-02  0.188457932318D-02 -0.108362721493D-02
  0.138557103139D-02  0.329986461453D-02  0.611015899425D-03  0.463544977286D-03
 -0.120069080616D-02 -0.169883972940D-03 -0.101686200105D-01 -0.210391149659D-02
 -0.101855176425D-01  0.109997566175D-01 -0.599488422987D-03 -0.196045291468D-02
  0.325850403567D+00  0.228241243536D-02 -0.354671449506D-02  0.314198755211D-04
  0.392603902617D-03  0.301139413812D-03  0.242703051215D-03  0.161735949711D-02
  0.130030110650D-02  0.128378306849D-02  0.107480883079D-02  0.106662086389D-02
 -0.128335412829D-02 -0.173502794581D-02  0.248818449281D-03 -0.121382301326D-02
 -0.139833452647D-02  0.104220515279D-02  0.426512983815D-03 -0.587011277109D-03
 -0.156215485175D-02  0.810231524665D-03  0.109691616361D-02  0.127990289471D-02
  0.613314222079D-03 -0.417343473164D-03  0.279725173844D-02  0.189213242610D-02
 -0.106860896634D-02 -0.115235513478D-03 -0.509689007453D-03  0.302460805669D-02
  0.351742721693D-03 -0.119952643272D-05 -0.139647892676D-02 -0.373322966310D-03
  0.174852915260D-02  0.343163413587D-02  0.994014874443D-04  0.328739011413D+00
 -0.124608645148D-02  0.663864768613D-02 -0.222907806385D-02  0.980113530738D-03
 -0.159368666221D-02 -0.183530255825D-02 -0.178707204745D-02 -0.102465927137D-02
 -0.801342051291D-03 -0.612275244295D-03 -0.146196247185D-02 -0.266136663603D-03
  0.767016532452D-03 -0.454405337754D-03 -0.282762052256D-04 -0.117501878894D-03
 -0.137360949523D-02 -0.294624166950D-03  0.934144417007D-03  0.154826734245D-02
 -0.671958794866D-03  0.752729601728D-03 -0.113332437805D-02 -0.484503915601D-03
  0.474455400389D-03 -0.715994057560D-03 -0.733217223122D-03  0.828785477971D-03
  0.490863215681D-03  0.150544732041D-03 -0.252395701562D-02 -0.149922206575D-02
 -0.109813870634D-03 -0.615517401448D-04  0.228718761264D-02 -0.152301096530D-03
 -0.381631636441D-02 -0.178594526830D-02  0.218219940720D-02  0.629543600610D-02
  0.525205288931D-02 -0.640585933646D-02  0.367372942005D-02 -0.405946276649D-01
  0.902009434738D-02  0.318127241033D-02  0.639829176237D-02  0.569856436240D-02
 -0.123885819226D-01 -0.869605461719D-02 -0.886185256861D-02  0.260345109863D-02
  0.195662367723D-01  0.984834462465D-02 -0.258172077406D-04 -0.392266387061D-02
 -0.219829309799D-03 -0.476645326208D-03  0.155178510916D-01  0.777133724089D-02
  0.139614762521D-02 -0.819365865783D-03 -0.238090896204D-02 -0.853821083651D-04
  0.147482262196D-02 -0.207702779784D-01 -0.144557191009D-01  0.223308049987D-02
 -0.276212868208D-02  0.323920817306D-02 -0.434671276599D-02  0.244138995361D-01
  0.724160563849D-02  0.208125316981D-01 -0.571728222448D-02  0.105229472292D-02
  0.445497201193D-02  0.443516987521D-02  0.258776439356D-03  0.195606633566D-03
  0.405313900740D+00 -0.390959130629D-01 -0.587677247218D-02 -0.286152938267D-02
 -0.217038870026D-01  0.118266938227D-01  0.898963249732D-02 -0.343842716399D-01
 -0.188936732812D-01  0.133695197558D-03 -0.805029074879D-02 -0.658405922510D-02
  0.285455999547D-02  0.110244610840D-01 -0.413736518937D-02 -0.141795596956D-02
 -0.499445211730D-03 -0.491054438603D-02  0.240832415193D-02  0.107037163042D-01
  0.227016764380D-01  0.150948043414D-02  0.222578551570D-02  0.161157139847D-02
  0.213583768590D-02 -0.109204313753D-02 -0.445836813072D-01 -0.230979926116D-01
  0.327103038729D-02 -0.688546017650D-02  0.424765828359D-02 -0.749490393457D-03
  0.115219082729D-01  0.179038741470D-01  0.638472597574D-02 -0.131118429144D-03
 -0.206800175338D-03  0.416927470375D-02  0.685279283314D-02 -0.249605825025D-02
  0.241904225474D-02 -0.924219413028D-02  0.434970395874D+00 -0.220639227822D-01
 -0.148302001718D-02  0.282525121804D-02 -0.334742390796D-01  0.104071094439D-01
  0.795805238851D-02 -0.172078476367D-01 -0.658293823559D-02 -0.659575594001D-03
 -0.817517161336D-02 -0.909497252530D-02  0.210239185222D-02  0.153859714250D-01
  0.327237331591D-02 -0.350968526113D-02 -0.154989017306D-02 -0.348182177691D-02
  0.167792719160D-02  0.140886714822D-01  0.168104536463D-01  0.208540815905D-02
  0.375056537659D-02  0.663258306995D-03  0.275223029927D-02 -0.638395630954D-03
 -0.382230508424D-01 -0.211160448014D-01  0.226883530047D-02 -0.615595682197D-02
  0.412246055525D-02 -0.177316525267D-02  0.202822036789D-01  0.159623666759D-01
  0.133804678538D-01 -0.159250838836D-02  0.115963078327D-03  0.538659993345D-02
  0.529601491417D-02 -0.158286322159D-02  0.174647941912D-02 -0.127987834556D-01
  0.712416950363D-02  0.410903747037D+00 -0.247499919372D-03 -0.363675694875D-01
  0.243920500513D-02 -0.285661632833D-01  0.544300928552D-02  0.454453213593D-03
  0.286908121210D-02  0.112023259352D-02 -0.357727040477D-01 -0.125129698511D-01
 -0.266140091901D-01 -0.375089294279D-02  0.192756194651D-01  0.488019788900D-02
  0.137100720128D-01 -0.471005528130D-02 -0.383299623172D-02 -0.103293050629D-01
  0.147102318449D-01  0.111018717763D-01  0.312102064353D-02 -0.440843278046D-02
 -0.238664118021D-01 -0.425366371745D-02  0.643156097572D-03 -0.173663900649D-01
 -0.155346162270D-01 -0.694810058527D-03 -0.267885457920D-02  0.334098788225D-02
 -0.117285507962D-02  0.113469866261D-01  0.975994236306D-02  0.161797837247D-01
 -0.321704510276D-01  0.407430046029D-02 -0.630012790095D-02  0.190464653096D-01
  0.235845898682D-03  0.317955251201D-02 -0.781536213223D-02  0.565092805371D-02
  0.602023312277D-02  0.277951048639D+00 -0.110520235451D-01  0.537405181412D-03
 -0.265721969201D-02  0.551838907902D-02 -0.584008466266D-02 -0.435829023996D-02
 -0.953793594384D-02 -0.554732079309D-02 -0.814992267665D-02 -0.105280836108D-02
 -0.127128237610D-01 -0.306265668006D-02 -0.140179746273D-02 -0.309354177281D-02
  0.500895348702D-02 -0.262308438190D-02 -0.482754631473D-02 -0.706046831248D-03
  0.216064470291D-02  0.597975922658D-02  0.179285599395D-02  0.388446333225D-02
 -0.124670800199D-01 -0.495721963021D-03 -0.724609803989D-03 -0.541920138422D-02
 -0.268818249200D-02 -0.163424521017D-03 -0.575802748218D-03  0.462987898700D-03
 -0.132993915464D-02 -0.516425510589D-02  0.320944334500D-02 -0.132182574173D-02
 -0.756125877576D-02  0.339239917954D-02 -0.109616502948D-01  0.222772649979D-02
  0.143739304403D-02 -0.134938978917D-02  0.750999272381D-03  0.105365623241D-01
  0.784858779741D-02 -0.807327596621D-02  0.315947718098D+00 -0.479124442206D-03
 -0.205568367185D-02  0.575696501864D-02  0.764882752389D-02 -0.174261825954D-02
  0.189933985207D-03 -0.268233582578D-04 -0.474402829738D-03  0.406747314353D-02
  0.358269539176D-02  0.242881165727D-02 -0.176236618217D-03 -0.589015049275D-02
 -0.205303519171D-02 -0.680813361102D-03  0.868819851582D-03  0.822051827026D-03
  0.483977573358D-03 -0.491469894936D-02 -0.396240786317D-02  0.616937137367D-03
  0.157816790549D-03  0.926581183143D-03  0.161608836485D-03 -0.724332597975D-03
  0.488978711546D-02  0.371295484963D-02 -0.119368873642D-02  0.213959971735D-03
 -0.104523973799D-02  0.283634726913D-02 -0.461216389395D-02 -0.184781470899D-02
 -0.530337143605D-02 -0.580288297174D-03  0.200205041515D-03  0.164049553821D-02
 -0.166253056049D-03 -0.197212165006D-02  0.134198282472D-02  0.268427062247D-02
 -0.113155615183D-02  0.672439857052D-03  0.676697720210D-03  0.517358415844D-03
  0.320512136693D+00 -0.118012132181D-01  0.167119828758D-01 -0.330544032554D-02
  0.150723206349D-01 -0.540808568965D-03  0.117139398331D-02 -0.128603429841D-01
 -0.832581110944D-02  0.175767718811D-01  0.478703440882D-02  0.120267534066D-01
  0.287604176222D-02 -0.817163339842D-02 -0.611626279855D-02 -0.626035767332D-02
  0.294946989192D-02  0.186087055374D-03  0.555494691325D-02 -0.662182197139D-02
  0.313412728475D-03 -0.156971806039D-02  0.197607097729D-02  0.117459954730D-01
  0.216214747136D-02 -0.911767422139D-03 -0.755033219087D-04  0.260135454363D-02
  0.120190342221D-02  0.172226239539D-04 -0.705131992310D-03  0.910723382823D-04
 -0.837424726663D-02 -0.176935745831D-02 -0.988738006698D-02  0.160753409459D-01
 -0.257185433338D-02  0.238405607545D-02 -0.795243206799D-02  0.186927711857D-03
 -0.150055316936D-02  0.407858274846D-02  0.616515005493D-02  0.412306520014D-02
  0.248370410877D-01  0.619248805275D-02 -0.424763035355D-03  0.321911215330D+00
 -0.172271940302D-02 -0.440126064952D-03  0.657177595449D-02  0.175696266883D-02
 -0.323467514851D-03  0.404084698759D-03 -0.116113984584D-02 -0.106643152297D-02
  0.168601576161D-02  0.264904587741D-02  0.729102849040D-03  0.118625600629D-02
 -0.214659621196D-02 -0.863496845618D-03 -0.543361527608D-03  0.344289399049D-03
  0.161888143458D-03  0.750361571562D-03 -0.181956880299D-02 -0.647037824905D-03
  0.892686261037D-03  0.635899568855D-03  0.287950994516D-03  0.205585781348D-03
 -0.135820086587D-03 -0.121480449253D-03  0.693113078682D-03 -0.201475229186D-03
 -0.840223153171D-04 -0.213579088118D-03  0.846770896897D-03 -0.118983215727D-02
 -0.758083171367D-04 -0.174368869365D-02  0.655397293776D-04  0.278287266909D-03
  0.530930675498D-03 -0.369483202784D-05 -0.894424064408D-03  0.397781050231D-04
  0.597462969850D-03 -0.327585143898D-03  0.348464940744D-03  0.768169654259D-03
  0.204327005266D-03  0.116334222726D-02 -0.308969460803D-03  0.335676928892D+00
 -0.162054418896D-01 -0.104341841456D-01  0.225875824220D-02 -0.451837654412D-01
  0.167979296071D-01  0.609024631191D-02 -0.148356653864D-01 -0.483583036824D-02
 -0.182437235479D-01 -0.127791845303D-01 -0.118251680337D-01  0.338517290354D-02
  0.298490222962D-01  0.100550180627D-01  0.243742848791D-02 -0.580747401737D-02
 -0.395537809529D-02 -0.324859367997D-03  0.253176003307D-01  0.310398721196D-01
  0.888971378822D-03 -0.310212782236D-03 -0.131430283218D-02 -0.177926176687D-02
  0.252619633779D-02 -0.442572757802D-01 -0.255393355240D-01  0.477281159172D-02
 -0.482664616517D-02  0.588639200839D-02 -0.507258773920D-02  0.267421178576D-01
  0.207880034505D-01  0.214342282857D-01 -0.343786305410D-02  0.311956525640D-02
  0.464023455017D-02  0.100397062463D-01 -0.421805090388D-02  0.106356675623D-02
 -0.123848691401D-01  0.118407808032D-01  0.311848585611D-02 -0.659912400284D-02
  0.598431987675D-02  0.323212645720D-02  0.813583177562D-02  0.228841157388D-02
  0.197762105524D-01 -0.128519996617D-01 -0.413477316855D-01  0.108020986139D-01
 -0.210101271972D+00  0.665658239333D-01  0.266578132813D-01 -0.786714195790D-02
  0.436211330717D-02 -0.644089268293D-01 -0.524549848825D-01 -0.425800772433D-01
  0.236875983945D-01  0.121636301203D+00  0.457074079380D-01  0.236578844268D-02
 -0.203774262552D-01 -0.473086016732D-02  0.474916535346D-02  0.975157120039D-01
  0.792855001239D-01  0.638269400965D-02 -0.594924169632D-02 -0.213316533422D-02
  0.151640592548D-02  0.590873202231D-02 -0.143342829587D+00 -0.954485579457D-01
  0.156904859404D-01 -0.196842812052D-01  0.244106583783D-01 -0.231079861032D-01
  0.128548796488D+00  0.579767972396D-01  0.111858953612D+00 -0.183689527462D-01
  0.312226396171D-02  0.262036442417D-01  0.291904812385D-01  0.144229011683D-02
  0.181019692388D-02 -0.729593887237D-01 -0.514807315591D-02 -0.318128577283D-01
 -0.330728709482D-01  0.176962654434D-01  0.141249478486D-01  0.265401309965D-01
  0.404419531112D-02 -0.598079436057D-01  0.399541679944D+00 -0.130769502218D-01
  0.332781129601D-01 -0.105923370511D-01  0.138791628591D+00 -0.444376752856D-01
 -0.173503379612D-01 -0.145785545921D-01 -0.130576222785D-01  0.455168149779D-01
  0.331863546241D-01  0.170509664357D-01 -0.170272170139D-01 -0.769979655038D-01
 -0.342446020861D-01 -0.342849848283D-02  0.947138667765D-02 -0.208011086776D-02
  0.157101178604D-02 -0.571807981016D-01 -0.386166990497D-01 -0.853568035791D-03
  0.134905825884D-01 -0.313654418528D-02  0.309556887221D-02 -0.709306021323D-02
  0.786983376134D-01  0.533018270479D-01 -0.109461385431D-01  0.940319582596D-02
 -0.131156933239D-01  0.178024761652D-01 -0.871610808607D-01 -0.287282311433D-01
 -0.764080302840D-01  0.120809865419D-01  0.163105204474D-02 -0.213860838507D-01
 -0.192358697161D-01 -0.299199409548D-02 -0.974829192988D-04  0.478996625749D-01
  0.209960084958D-01  0.342872500099D-01  0.310151285037D-01 -0.904493377294D-02
 -0.107983836622D-01 -0.148801275145D-01 -0.385555640224D-02  0.384699357470D-01
  0.254660827732D+00  0.231232287076D+00 -0.234775229732D-04  0.801846048766D-02
 -0.215871151512D-02  0.566677343845D-01 -0.182141861845D-01 -0.597087806109D-02
 -0.113591378769D-03 -0.304093750399D-02  0.176919867866D-01  0.130807276056D-01
  0.939406408520D-02 -0.746579606989D-02 -0.343605417075D-01 -0.140186807570D-01
 -0.668715048207D-03  0.781479239056D-02  0.484469819897D-03 -0.284819597911D-02
 -0.280140300421D-01 -0.228781129745D-01 -0.111334187531D-02  0.211032113483D-02
 -0.116566119013D-02  0.235408574195D-03 -0.237768321203D-02  0.378394351399D-01
  0.244923921062D-01 -0.494025249332D-02  0.467182437646D-02 -0.629350603869D-02
  0.789892467787D-02 -0.374399115183D-01 -0.155594356524D-01 -0.329404594312D-01
  0.143387102615D-02 -0.122955322645D-02 -0.735002172934D-02 -0.620147760299D-02
 -0.168494283599D-03  0.517618909078D-03  0.203418798847D-01  0.281708834367D-02
  0.104143435180D-01  0.558770245674D-02 -0.457080393019D-02 -0.466477931609D-02
 -0.510387792757D-02 -0.144582488403D-02  0.191264396871D-01  0.100633157306D+00
 -0.706002811544D-01  0.383135183128D+00 -0.286650176975D-02  0.350328776625D-01
 -0.732470472309D-02  0.106170242099D+00 -0.338300410233D-01 -0.123884881825D-01
 -0.633988190148D-02 -0.112636752387D-01  0.414141782923D-01  0.271335885876D-01
  0.240762387362D-01 -0.951394362272D-02 -0.603165896118D-01 -0.275635888598D-01
 -0.507220422882D-02  0.887241470716D-02  0.118602963202D-02  0.475351702527D-03
 -0.486616423944D-01 -0.355091856492D-01 -0.430071007134D-02  0.512900824522D-02
  0.620400129537D-02 -0.393653363566D-04 -0.395843621072D-02  0.670640916098D-01
  0.440708307247D-01 -0.644769447237D-02  0.964295781662D-02 -0.117432608396D-01
  0.971713869459D-02 -0.691476920642D-01 -0.295414435532D-01 -0.610240531792D-01
  0.180562314866D-01 -0.491209709631D-02 -0.138988211369D-01 -0.185910871781D-01
  0.226360359345D-02 -0.371284958956D-02  0.376873322782D-01  0.998986811708D-02
  0.220387273088D-01  0.329644044892D-01 -0.537523701373D-02 -0.571418001891D-02
 -0.194764663727D-01 -0.215752276509D-02  0.310837396587D-01  0.187792569540D+00
 -0.126973295981D+00 -0.534115254155D-01  0.286855979459D+00 -0.787150026456D-02
 -0.181152965983D-02  0.282835528825D-03 -0.533450283193D-02  0.196897216460D-02
  0.158446713708D-02 -0.900280342595D-02 -0.725105874387D-02 -0.368901401281D-03
 -0.332006724194D-04 -0.212870477995D-03 -0.963949061796D-03  0.457665416021D-03
 -0.216365220844D-02 -0.109775193697D-02 -0.282637065080D-02 -0.668422349571D-03
 -0.508136491566D-03  0.191045780083D-02  0.603120068841D-02  0.648050946611D-03
  0.219036346818D-02  0.142647449033D-02 -0.761309695295D-03  0.486689497226D-03
 -0.714594846827D-02 -0.318124253189D-02  0.770094127105D-03 -0.309020906414D-03
 -0.184754235743D-03  0.213926508435D-02 -0.630449771253D-03  0.303621540408D-02
 -0.353683930020D-02  0.124562368131D-02  0.141505500905D-02  0.226741842819D-02
  0.175305411488D-02 -0.435165617359D-02  0.902967800629D-03  0.340660866840D-03
  0.480378064807D-02  0.278156374097D-02  0.218281601038D-02  0.318703544324D-02
 -0.111968415373D-02  0.361769415636D-03 -0.294126577682D-04  0.307889286456D-02
  0.640052120774D-02 -0.684026385739D-02 -0.196742456453D-02  0.365088152184D-03
  0.103419715249D+00  0.340955763829D-01 -0.196423166493D-01  0.353388423040D-02
 -0.583306326542D-01  0.152092695171D-01  0.323412749404D-03  0.329800708358D-01
  0.254556880716D-01 -0.359546989095D-01 -0.149276997690D-01 -0.159060658875D-01
  0.374960170878D-02  0.423159052848D-01  0.264351848726D-01  0.889915919084D-02
 -0.110625728013D-01  0.237737135826D-02 -0.349722578227D-02  0.343508238050D-01
  0.171522262843D-01  0.468390460833D-03 -0.631950640301D-02 -0.904687139063D-02
 -0.367180573088D-02  0.434701075993D-02 -0.143950544101D-01 -0.130597568702D-01
  0.233199000657D-02 -0.122035105986D-02  0.543756656134D-02 -0.893674672909D-02
  0.459866484645D-01  0.126315356397D-01  0.461938600924D-01 -0.133976631595D-01
  0.396778646774D-02  0.311559987124D-02  0.103771747575D-01  0.169887083253D-02
 -0.813357431410D-03 -0.179425875675D-01 -0.158770142507D-01 -0.161455374415D-01
 -0.307314225326D-01 -0.626169478620D-02  0.606741380746D-02  0.123150959580D-01
  0.159929633770D-02 -0.333487056303D-01 -0.125204864009D+00  0.727937399313D-01
  0.370564950483D-01  0.655263510262D-01  0.707999810348D-04  0.359177329576D+00
 -0.363146488784D-02 -0.266058902991D-01 -0.110316987109D-02 -0.963340691764D-02
  0.461802913374D-02  0.244302049579D-03 -0.328649873275D-02 -0.346307336368D-02
 -0.214596259009D-01 -0.735113468175D-02 -0.127331841816D-01 -0.221398184085D-02
  0.105462190137D-01 -0.591719971754D-04  0.949290686377D-02 -0.285513154998D-02
 -0.199029560488D-02 -0.644704256167D-02  0.634023614776D-02  0.837104324087D-02
  0.546960081364D-03 -0.585394190103D-02 -0.121973703308D-01 -0.435491593822D-02
 -0.322905627662D-04 -0.898891902667D-02 -0.880731548300D-02 -0.468451272242D-03
 -0.152602335591D-02  0.140446885110D-02  0.281910712016D-03  0.888957554454D-03
  0.545999474750D-02  0.481744826128D-02 -0.192350554686D-01  0.207972970899D-02
 -0.159220358876D-02  0.126481905061D-01 -0.198574616122D-02  0.348171459492D-02
 -0.136681947833D-02  0.837536630493D-02  0.106467754438D-01 -0.298975299073D-01
 -0.264312860498D-02 -0.109573096541D-02  0.154736083609D-01 -0.417671312187D-03
  0.288763820248D-02 -0.712948859250D-02  0.110265994586D-01  0.321690707269D-03
  0.150633467493D-01  0.354108919193D-03 -0.168594933563D-01  0.374309013215D+00
 -0.684416067978D-02  0.189325350172D-02  0.409778174691D-01  0.255619648272D-02
  0.554169792659D-03  0.193070113870D-03 -0.612194023730D-02 -0.686788251767D-02
  0.958687224832D-03  0.104136926407D-01 -0.323912853680D-03  0.936021329537D-02
 -0.798457255854D-03 -0.271779340634D-02 -0.659063857209D-03  0.147848731683D-02
 -0.811461201745D-03  0.498438955058D-02 -0.111058781886D-02  0.302133177012D-02
  0.417704654140D-02  0.180357057675D-02 -0.895530877398D-03 -0.128631409487D-02
 -0.254303756628D-03 -0.304863125684D-02 -0.116190561966D-02  0.831132432784D-03
 -0.973765062860D-04  0.989823491307D-03  0.240967113752D-03 -0.351287771554D-02
  0.755650214079D-03 -0.181306794353D-02  0.217101416312D-02  0.133881005117D-02
 -0.275721565981D-02 -0.107057034865D-02  0.302640625362D-03 -0.356575810723D-02
  0.125892134247D-02  0.284721705256D-02  0.690066195993D-02  0.167036639335D-02
 -0.167777163202D-02  0.973769097045D-02 -0.128316137465D-02  0.135708435547D-01
  0.167065749290D-02  0.671845911255D-02 -0.414828391549D-02 -0.138557578206D-02
 -0.573297448986D-02  0.167566963760D-02 -0.353176008048D-02 -0.492790631239D-02
  0.115257733449D+00  0.923303096353D-01 -0.330916197290D-01  0.215552951377D-01
 -0.198399374349D+00  0.443410713157D-01  0.806778726831D-02  0.909226702417D-01
  0.658356231851D-01 -0.765882633348D-01 -0.400802919711D-01 -0.360207695166D-01
  0.174663641037D-01  0.113448662630D+00  0.722175239183D-01  0.676036942420D-02
 -0.292548262012D-01  0.883942380675D-02  0.417833915384D-03  0.904603937108D-01
  0.329609154758D-01  0.453473323908D-02 -0.115453600368D-01 -0.887574103516D-02
 -0.501537152732D-02  0.113823641206D-01 -0.573435417521D-01 -0.491971221864D-01
  0.884617417205D-02 -0.520467314748D-02  0.162851234168D-01 -0.270335777328D-01
  0.135473819881D+00  0.242101667399D-01  0.123181901205D+00 -0.240878760891D-01
  0.655511657557D-02  0.226392927799D-01  0.183975394764D-01  0.443495472212D-02
 -0.207570020015D-02 -0.657832887033D-01 -0.685712026133D-01 -0.722359100979D-01
 -0.545958581209D-01 -0.860185078479D-02  0.176691613854D-01  0.168593581613D-01
  0.384486428695D-02 -0.104020812971D+00 -0.416617203317D+00  0.245114802421D+00
  0.115206476270D+00  0.209335591099D+00 -0.461726930794D-02 -0.110934122605D+00
 -0.245630965287D-01 -0.690437078475D-02  0.846014543070D-01  0.786008723834D-02
  0.310885099699D-02  0.464606134830D-02  0.751229559843D-02 -0.111092908218D-01
  0.550484943520D-03  0.159912141451D-01  0.126332961634D-01  0.122223934270D-01
  0.626037622275D-02 -0.240633300857D-02 -0.233575295576D-02 -0.154683956479D-01
  0.347577915226D-02  0.319530791126D-03  0.469030977916D-02  0.159475234263D-02
  0.509922707279D-02 -0.978306449849D-02 -0.176700101150D-01  0.406125222921D-02
  0.612752731379D-02 -0.642632403874D-02  0.706598792882D-02 -0.291956762033D-02
  0.100889593484D-01  0.104038792163D-01 -0.352584333950D-02 -0.334116117799D-03
 -0.191180005203D-02  0.525135688299D-02  0.295342720364D-02 -0.681340637183D-02
  0.366627614496D-03 -0.839099095233D-02 -0.824431350394D-03 -0.189981278831D-02
 -0.173610484825D-02  0.319741097812D-02  0.306180049896D-02 -0.183658176523D-02
 -0.170068607207D-01 -0.196718326467D-01 -0.285868969628D-02 -0.747074647420D-02
 -0.295094980594D-02 -0.537724968113D-03 -0.110175450280D-02  0.151469410322D-01
 -0.186600878970D-02 -0.107481179872D-01 -0.456279289397D-02  0.174411471477D-03
  0.154276899325D-01  0.149976574187D-01  0.401351649287D-02  0.310845582188D-02
  0.304178282257D-01  0.309759924320D+00 -0.422114892480D-01  0.517830849556D-01
 -0.216386258549D-01  0.239259719890D+00 -0.733738000684D-01 -0.208435249591D-01
 -0.461287929731D-01 -0.616714216207D-01  0.914598061373D-01  0.645127954183D-01
  0.487256684008D-01 -0.249589165957D-01 -0.144831390146D+00 -0.847184513544D-01
 -0.833830415205D-02  0.205710405377D-01  0.361872888556D-03 -0.202091242763D-02
 -0.120367243078D+00 -0.752177013573D-01 -0.370081884960D-02  0.146342362200D-01
  0.602209161102D-02  0.405604390764D-02 -0.129103679996D-01  0.134879005781D+00
  0.897078545736D-01 -0.152608068881D-01  0.197248035277D-01 -0.280797469892D-01
  0.279539260147D-01 -0.178034502015D+00 -0.697663162994D-01 -0.157914174855D+00
  0.237215659528D-01 -0.126855200518D-01 -0.269341507417D-01 -0.280178565815D-01
 -0.851972438636D-03 -0.129299410678D-02  0.893009328420D-01  0.433968189718D-01
  0.698904028870D-01  0.550670792199D-01 -0.830984989576D-02 -0.188299520972D-01
 -0.320701807425D-01 -0.520886673615D-02  0.875108265226D-01  0.462066871121D+00
 -0.303330506836D+00 -0.140882659798D+00 -0.218230061997D+00  0.101875311872D-01
  0.153318121131D+00  0.148104079440D-01 -0.119552837523D-01  0.492122555931D+00
 -0.390327363270D-02 -0.922410657686D-01  0.167902658933D-01  0.135759791024D-01
 -0.198309858405D-02  0.105962950088D-01 -0.124747145343D-01 -0.618631746482D-02
  0.126761735238D-01 -0.322028153372D-02  0.118698686869D-01  0.777766204874D-02
  0.940347531120D-02 -0.317406001105D-02 -0.227614058179D-01 -0.108243846136D-01
 -0.674964701401D-02  0.685309557873D-02  0.243681221702D-02 -0.225034699284D-02
 -0.226873893971D-01 -0.319704938829D-01  0.155265838239D-03  0.168329943893D-02
  0.214202049240D-02  0.289199595096D-02 -0.801373672532D-03  0.315246728671D-01
  0.140866644120D-01 -0.982393230800D-03  0.496914790642D-02 -0.501100169379D-02
  0.142712819224D-02 -0.224329509089D-01 -0.256618610311D-01 -0.197112905646D-01
  0.338129134083D-02 -0.319148312054D-02 -0.181318679968D-02 -0.111878998590D-01
  0.415041502177D-02 -0.293549151153D-02  0.178445364012D-02 -0.226584607587D-01
 -0.125583620454D-01  0.714115444789D-02 -0.539595576898D-02 -0.288728417491D-03
 -0.128117494929D-01 -0.116319354232D-02 -0.498267931638D-02  0.257915879099D-03
 -0.990781013992D-02 -0.524126244626D-02 -0.103372037958D-01 -0.237466280628D-02
  0.404135237823D-01 -0.267772382066D-03 -0.688544258073D-02  0.760915015910D-01
  0.712078420996D-02 -0.448861256928D-01  0.721009917833D+00 -0.135133589137D-02
  0.442214463939D-01 -0.103418642689D-01  0.137731717569D+00 -0.521359810805D-01
 -0.244374247420D-01 -0.361944952206D-02 -0.593209677953D-02  0.430336211642D-01
  0.357898644523D-01  0.824014818108D-02 -0.213551456395D-01 -0.775286038200D-01
 -0.302636503667D-01 -0.379301735583D-02  0.693890236943D-02 -0.400569556900D-02
  0.402183649139D-02 -0.536576171566D-01 -0.414069531634D-01  0.241240661406D-02
  0.222145081582D-01 -0.112555085919D-01  0.657900326958D-02 -0.813741845983D-02
  0.893642442384D-01  0.588557966225D-01 -0.125314278171D-01  0.108298309686D-01
 -0.136899769353D-01  0.168596949992D-01 -0.865807418591D-01 -0.320521158149D-01
 -0.741386371489D-01  0.102587385829D-01  0.695174041755D-02 -0.280530972014D-01
 -0.238716701878D-01 -0.331265152083D-02 -0.123784483111D-02  0.475249025751D-01
  0.143467371971D-01  0.306380898862D-01  0.324014852088D-01 -0.167810236791D-01
 -0.995971513401D-02 -0.172668525095D-01 -0.414785748999D-02  0.335807569995D-01
  0.241368354367D+00 -0.173367747226D+00 -0.658500378680D-01 -0.124093000105D+00
 -0.971763505258D-02  0.741142472304D-01  0.135279152479D-01 -0.870933053820D-02
  0.241732137593D+00 -0.120787508106D-01 -0.297773926930D+00 -0.232117232979D-02
  0.218313288337D+00  0.561901459313D-01 -0.103594700151D-01  0.108732371297D-01
 -0.819767471279D-01  0.172063268937D-01  0.366938623191D-02  0.538771306831D-01
  0.355194214870D-01 -0.249475380750D-01 -0.119342876941D-01 -0.557192875656D-02
  0.829821658414D-02  0.408201565297D-01  0.315564056812D-01 -0.258906197357D-02
 -0.960584879766D-02  0.817089200270D-02  0.661227051525D-03  0.299099672110D-01
 -0.149465267362D-02  0.217097384762D-02 -0.493009860993D-02  0.355552921412D-02
 -0.135972097947D-02  0.567228184293D-02 -0.699980177031D-02 -0.117727623846D-01
  0.268007866698D-02  0.222616426826D-03  0.473813232261D-02 -0.999937234252D-02
  0.543861290374D-01  0.215431640816D-03  0.473111552540D-01 -0.506112757616D-02
  0.189191993584D-02  0.156795585312D-01  0.255510016682D-02  0.290088725340D-03
 -0.485325826201D-03 -0.267989472314D-01 -0.453766451408D-01 -0.413060953773D-01
 -0.174701874710D-01 -0.304679646738D-02  0.687068078734D-02 -0.262919086873D-03
  0.157410469946D-02 -0.561125541415D-01 -0.190943440875D+00  0.103010386809D+00
  0.505019662445D-01  0.874502083206D-01 -0.110453106592D-01 -0.313865774732D-01
 -0.113134714719D-01 -0.582749527188D-03 -0.976671137680D-01  0.265289852975D-01
  0.189730948043D+00  0.343501370605D-01  0.106108428142D+00  0.339687889628D+00
  0.269424304084D-01 -0.160432020910D-02  0.771540133781D-02 -0.340815245250D-01
  0.118248270714D-01  0.261694198549D-02  0.242390426165D-01  0.186004884899D-01
 -0.813079622997D-02 -0.618929810166D-02 -0.461452067480D-03  0.323253931486D-02
  0.255949842038D-01  0.159745645307D-01 -0.337445567335D-02 -0.216502887754D-02
  0.339983828637D-02 -0.715405409756D-03  0.171784650859D-01  0.457876824566D-02
 -0.818205105037D-03 -0.306560233155D-02  0.584441644970D-02 -0.283857735732D-03
  0.172468079277D-02 -0.294666417262D-02 -0.728223559354D-02  0.730752778969D-03
 -0.499345607356D-03  0.285788890610D-02 -0.407498238336D-02  0.243503281645D-01
  0.483019671478D-02  0.219919168926D-01  0.192525538655D-02 -0.400015135167D-03
  0.962847059356D-02  0.956500634634D-03 -0.541861159489D-04 -0.342193757829D-04
 -0.886192597418D-02 -0.143049345165D-01 -0.899540609919D-02  0.115938785273D-03
  0.247261202381D-02  0.388810508649D-02 -0.167715193794D-02  0.102452934342D-02
 -0.205357581925D-01 -0.683550877545D-01  0.478652013083D-01  0.235614533161D-01
  0.336598232920D-01 -0.596775999783D-02 -0.207204580159D-01  0.194412351348D-03
  0.301985499413D-02 -0.516580193695D-01  0.137474203723D-01  0.773481717174D-01
  0.201991039905D-01  0.569150464927D-01 -0.161666205661D-01  0.363008762766D+00
 -0.102705590221D+00  0.293655039400D-01 -0.189718003073D-01  0.161126437724D+00
 -0.388812281825D-01 -0.883559745918D-02 -0.974480844644D-01 -0.638306178736D-01
  0.557028585678D-01  0.296472124103D-01  0.114479913524D-01 -0.155975473628D-01
 -0.857188537451D-01 -0.596036395687D-01  0.696946446427D-03  0.147058270496D-01
 -0.144594727609D-01  0.537185858385D-02 -0.611562181703D-01 -0.355907710835D-02
 -0.102896410857D-02  0.159226059575D-01 -0.536812962551D-02  0.421604037414D-02
 -0.113629029038D-01  0.196028367235D-01  0.278081423036D-01 -0.644980310255D-02
  0.468523621823D-03 -0.103727851293D-01  0.202213249074D-01 -0.106398727045D+00
 -0.543626475172D-02 -0.958531664329D-01  0.132497294325D-01 -0.453997343026D-03
 -0.282688864827D-01 -0.101356530542D-01 -0.479409784400D-02  0.221570465620D-02
  0.516473327491D-01  0.789787477522D-01  0.720735863450D-01  0.436398176028D-01
  0.467724625939D-02 -0.145153148224D-01 -0.525023030166D-02 -0.339048351885D-02
  0.102476934014D+00  0.357845561872D+00 -0.204785946420D+00 -0.960609892367D-01
 -0.166812326797D+00  0.144830115877D-01  0.674716304253D-01  0.271929726484D-01
  0.163895692372D-02  0.207042001727D+00 -0.494056311447D-01 -0.361372743967D+00
 -0.675799288833D-01 -0.220204889362D+00  0.533897108624D-01  0.352431931147D-01
  0.247796301972D+00 -0.652629442301D-01  0.115973167481D-01 -0.149117946637D-01
  0.104379612893D+00 -0.222373560439D-01 -0.395993617018D-02 -0.613794395358D-01
 -0.428867202502D-01  0.313837536050D-01  0.204330435899D-01  0.660801706450D-02
 -0.108194128277D-01 -0.520427169107D-01 -0.397184441792D-01  0.285844736424D-02
  0.111888917905D-01 -0.880241442487D-02  0.147938140379D-03 -0.386016918126D-01
  0.573829027305D-03  0.279858169667D-03  0.107873339466D-01 -0.642222696168D-02
  0.507839461553D-02 -0.701396864112D-02  0.136159900596D-01  0.183766806184D-01
 -0.421213590651D-02  0.833998829515D-03 -0.675584038670D-02  0.132898995525D-01
 -0.693120524361D-01 -0.215903335927D-02 -0.594286549948D-01  0.502356871043D-02
 -0.144570662288D-02 -0.192119691939D-01 -0.223436128993D-02 -0.161678831777D-02
  0.105464002620D-02  0.357682631804D-01  0.556505330777D-01  0.522616908662D-01
  0.196178799512D-01  0.171265166187D-02 -0.844387547868D-02  0.697133163834D-03
 -0.160567869258D-03  0.655735083660D-01  0.240684364314D+00 -0.133514001200D+00
 -0.642688005691D-01 -0.108030046827D+00  0.146384615941D-01  0.355760606663D-01
  0.824724298866D-02  0.959796222100D-02  0.132785198619D+00 -0.280091771765D-01
 -0.214574092752D+00 -0.300725461790D-01 -0.137375090367D+00  0.390722757897D-01
  0.198630254046D-01 -0.829064306325D-01  0.345210093321D+00 -0.472805376951D-01
  0.506206441518D-01 -0.214364730923D-01  0.129272640421D+00 -0.478153819961D-01
 -0.185281409773D-01 -0.466319118884D-01 -0.375842976726D-01  0.486717531324D-01
  0.372052463613D-01  0.406450623342D-02 -0.151015604450D-01 -0.747915950997D-01
 -0.418269859427D-01 -0.330295647677D-02  0.165070435912D-02 -0.934906094679D-02
  0.146089331647D-01 -0.491783029334D-01 -0.167930335341D-01  0.606168302404D-02
  0.293977769390D-01 -0.113141054263D-01  0.961413460206D-02 -0.102442811390D-01
  0.486446130877D-01  0.407866895960D-01 -0.758128566973D-02  0.624091628375D-02
 -0.125076702199D-01  0.138763442079D-01 -0.869185208823D-01 -0.217400823079D-01
 -0.763203859240D-01  0.150792773692D-01  0.648663683481D-02 -0.287080486301D-01
 -0.209514010339D-01 -0.515727310595D-02 -0.108067453306D-02  0.418614875794D-01
  0.399908645363D-01  0.425312816704D-01  0.456397545381D-01 -0.101043625117D-01
 -0.105751277077D-01 -0.168187198845D-01 -0.344356749631D-02  0.616721675612D-01
  0.248392747666D+00 -0.172362655770D+00 -0.669611910822D-01 -0.118782119248D+00
  0.977156962078D-02  0.643377599068D-01  0.259016903137D-01 -0.102969273837D-01
  0.194411402652D+00 -0.288037044515D-01 -0.233470000187D+00 -0.329749544384D-01
 -0.199516287497D+00  0.700762320527D-01  0.373870268909D-01 -0.157786668255D+00
 -0.851261247126D-01  0.213267383319D+00  0.375666739698D-02 -0.137110002999D-02
 -0.633703523011D-02 -0.286637565481D-01  0.962829351743D-02  0.221436440727D-02
  0.283805681176D-02  0.346444144134D-02 -0.100553441894D-01 -0.792678437206D-02
 -0.648218585737D-02  0.239197531454D-02  0.212677546128D-01  0.820405310698D-02
 -0.133577745449D-03 -0.360990317299D-02 -0.741509324906D-03  0.675471155884D-03
  0.167992549824D-01  0.132636979088D-01  0.566084874080D-03  0.783374304875D-03
 -0.102037223084D-03  0.135842070555D-02  0.749290513083D-03 -0.156322424780D-01
 -0.120477885750D-01  0.204176274326D-02 -0.214750209612D-02  0.359220388833D-02
 -0.474295902392D-02  0.184664340628D-01  0.844197390247D-02  0.179918770444D-01
 -0.609970257661D-04  0.101683743415D-02  0.273269428353D-02  0.249170489953D-02
  0.767832572425D-03 -0.554351642429D-03 -0.889886221726D-02  0.582791415968D-03
 -0.129131834945D-02 -0.183910833641D-02  0.190816473064D-02  0.202160533031D-02
  0.228813486287D-02 -0.617238129168D-03 -0.132744333833D-01 -0.488105401257D-01
  0.376366725691D-01  0.167989393710D-01  0.260828755360D-01 -0.134124616869D-02
 -0.210470982072D-01  0.338131786251D-03 -0.853495728057D-02 -0.639665472672D-01
  0.605167458408D-02  0.677629259806D-01  0.587732803188D-02  0.364198767192D-01
 -0.277498764996D-01 -0.902517168243D-02  0.510291671362D-01  0.336444883691D-01
  0.333563762132D-01  0.370890925643D+00  0.167775315785D-01 -0.107451695549D-01
  0.823810391778D-03 -0.386050387537D-01  0.174197419793D-01  0.353995710151D-02
  0.140315808719D-01  0.136538468634D-01 -0.184131311656D-01 -0.110088423395D-01
 -0.318934584227D-02  0.703967394720D-02  0.327837526248D-01  0.166126049985D-01
  0.266896319371D-02 -0.255279034175D-02  0.182791143842D-02  0.352614938789D-04
  0.229418986670D-01  0.158129020264D-01 -0.142196889940D-02 -0.662398767445D-02
  0.296094000011D-02 -0.132161103157D-02  0.270140601602D-02 -0.168378183983D-01
 -0.144720371132D-01  0.334398025218D-02 -0.235018107518D-02  0.530257340538D-02
 -0.639682317336D-02  0.302109478771D-01  0.114790380066D-01  0.304722273378D-01
 -0.844386607609D-03  0.186654683300D-03  0.669608010900D-02  0.474478242838D-02
  0.178096084047D-02 -0.722644043559D-03 -0.126307131677D-01 -0.578197150067D-02
 -0.480481203920D-02 -0.984106997145D-02  0.236360671643D-02  0.503125998467D-02
  0.407823671289D-02  0.198533078407D-02 -0.160980342756D-01 -0.815631381657D-01
  0.588553566591D-01  0.285586370732D-01  0.378822955284D-01 -0.800052316798D-03
 -0.336793001892D-01 -0.624126021954D-02  0.168636215511D-02 -0.889271467038D-01
  0.132294106570D-01  0.787209733574D-01  0.154712156923D-01  0.646260335604D-01
 -0.315107721408D-01 -0.143342930451D-01  0.650393514864D-01  0.336928157857D-01
  0.485804328528D-01 -0.135527901022D-01  0.358486050552D+00 -0.222925233171D-01
  0.169407494927D-03  0.170697668352D-01  0.207571801080D-01 -0.532079826258D-02
 -0.136300778718D-02 -0.195578064443D-01 -0.100581073464D-01  0.507463497465D-02
  0.351725854459D-02  0.146146140808D-02  0.134273669027D-02 -0.120703232460D-01
 -0.669187472181D-02  0.242888457351D-02 -0.197746685924D-02 -0.258090298431D-02
  0.118833394177D-02 -0.806709948600D-02  0.362606481708D-02 -0.197546205309D-02
 -0.509025426651D-02  0.267409289162D-03 -0.766043111264D-02 -0.276311902197D-03
 -0.750289343379D-02  0.566875969526D-03 -0.129502402746D-03 -0.756841664065D-03
 -0.143147721504D-02  0.648081235568D-03 -0.121751766099D-01  0.245603707067D-02
 -0.143675802798D-01 -0.126451315363D-03  0.247386268536D-03 -0.207908705198D-02
  0.143385506792D-02 -0.371696211343D-02  0.826846402227D-03  0.643389569423D-02
  0.122011900346D-01  0.943040996378D-02  0.423972591739D-02  0.224923984680D-02
  0.686571078086D-03  0.116600865306D-02  0.321089195535D-02  0.280204002136D-01
  0.415740355686D-01 -0.326591842938D-01 -0.140649028808D-01 -0.212137852746D-01
  0.907674692979D-03  0.945450389036D-02  0.892364295241D-02  0.149428244392D-01
  0.260081059319D-01 -0.802478877025D-02 -0.543164437474D-01 -0.220797250758D-01
 -0.395851867249D-01  0.669247433112D-03  0.200797831005D-02 -0.168162207547D-02
 -0.103791781222D-01 -0.194596396467D-01  0.100216738010D-02  0.108156960410D-01
  0.453758006913D-01 -0.163534000834D-01  0.578890324086D-02  0.308255387199D-01
  0.274615439611D-01 -0.798251267757D-02 -0.854738281462D-03 -0.158991662718D-01
 -0.100688835903D-01  0.978879457993D-02  0.861554558792D-02  0.400153391531D-02
  0.623202068366D-02 -0.154425957344D-01 -0.779404749545D-02  0.843952490504D-03
 -0.493560251302D-03 -0.132137185006D-02  0.483150421255D-02 -0.107050710337D-01
 -0.185304752496D-02 -0.444947596096D-03 -0.310776772754D-02  0.194171713268D-02
 -0.875323162179D-02 -0.104583449603D-02  0.395934047656D-02  0.519472271935D-02
 -0.529548377571D-03  0.424316022005D-03 -0.188337035735D-02  0.408284729120D-02
 -0.170622662875D-01 -0.159650432857D-02 -0.174203675149D-01  0.389167830018D-02
 -0.216887452327D-03 -0.408527639659D-02 -0.254383277685D-02 -0.157868947882D-02
 -0.144691643797D-02  0.868928178632D-02  0.927082187637D-02  0.990883399357D-02
  0.750989061257D-02  0.926785616745D-03  0.272818776753D-02 -0.215015574982D-02
  0.563896493209D-02  0.163171167506D-01  0.568277964749D-01 -0.363376388182D-01
 -0.170473412842D-01 -0.274721558562D-01  0.114571718666D-02  0.145059841019D-01
  0.477317354400D-02  0.379936941583D-01  0.393529484858D-01 -0.298509822192D-02
 -0.819062018962D-01 -0.223957176407D-01 -0.461914817625D-01  0.943915679023D-02
  0.591462635582D-02 -0.199184767328D-01 -0.197142958985D-01 -0.337822534046D-01
  0.621358471296D-03  0.156226360180D-01  0.227477441098D-01  0.547757411934D-01
  0.102075880053D-01 -0.681877165775D-02  0.302412967218D-01 -0.346248331764D-01
  0.130387126541D-01  0.983370068944D-03  0.864846568979D-02  0.263267720246D-02
 -0.128848083612D-01 -0.173692547465D-02 -0.413688911666D-02  0.483159271117D-02
  0.225824987364D-01  0.764876829816D-02 -0.733547406989D-03  0.102980477294D-02
  0.374000260706D-03  0.103232350336D-02  0.168053210560D-01  0.974430412961D-02
  0.321944712715D-02 -0.282797164334D-03 -0.643399335080D-03  0.278460234654D-02
  0.980486030130D-03 -0.127691620021D-01 -0.112804850589D-01  0.259058313111D-02
 -0.110816562501D-02  0.414119362410D-02 -0.311226422010D-02  0.192842682379D-01
  0.500605624073D-02  0.208483817262D-01 -0.574813365331D-03  0.168355033719D-02
  0.344407179238D-02  0.222190723083D-02  0.146732695484D-02 -0.203498539282D-02
 -0.102346600948D-01 -0.575513414519D-02 -0.263755424377D-02 -0.637573885447D-02
 -0.107045050417D-02  0.824893069855D-02  0.120202955104D-02  0.776663804826D-02
 -0.156601863029D-01 -0.646234801728D-01  0.442045921324D-01  0.215620842799D-01
  0.313648538496D-01  0.279723939580D-02 -0.257007695106D-01 -0.995908464926D-02
  0.392094559914D-01 -0.672651791622D-01  0.118901626213D-01  0.911467150041D-01
  0.157126076785D-01  0.495039466662D-01 -0.228515694026D-01 -0.598774735182D-02
  0.434156284160D-01  0.401156851460D-01  0.342759779774D-01 -0.146226795589D-01
 -0.208521550032D-01 -0.767654544058D-04  0.122161859759D-01  0.430102222788D-01
$end
