$hessapprox internal
  0.771832725718D-02  0.216567493892D-03  0.431970928563D+00 -0.155303260658D-03
 -0.234930787319D-02  0.429654247058D+00 -0.252414858109D-03 -0.255740916673D-02
 -0.312343356417D-02  0.428826089875D+00 -0.129424142820D-03  0.372585684763D-02
  0.160309165682D-02  0.154306924541D-02  0.298132451710D+00 -0.159407817254D-03
  0.170004571888D-02 -0.536472576584D-03 -0.814541462938D-03 -0.905576172600D-02
  0.319814931080D+00 -0.192840569024D-04 -0.220836953692D-03  0.813778688222D-04
  0.187291336261D-03  0.400443736504D-03  0.148164819393D-03  0.322239898575D+00
 -0.178178676460D-03  0.592356130728D-03 -0.785976867844D-03 -0.877094774191D-03
 -0.141173824578D-02 -0.107125329094D-02  0.100521835220D-03  0.333627654907D+00
  0.180036992725D-03 -0.792080649085D-03  0.907622026170D-03  0.112339424438D-02
  0.134097876961D-02  0.150804651945D-02 -0.103949177966D-03  0.104205608836D-02
  0.333629286739D+00  0.204580495901D-06 -0.695386730538D-04 -0.135282279124D-03
 -0.162241304777D-03  0.832865606509D-03  0.198471662876D-03 -0.143049552812D-04
 -0.147931411614D-04  0.358431073184D-04  0.711652529453D-02 -0.100153566706D-03
 -0.290017783735D-02 -0.284274321640D-02 -0.283861350847D-02  0.266006565760D-02
  0.173775074465D-03  0.607400533218D-04 -0.337665880067D-03  0.366552961178D-03
 -0.142174197795D-03  0.429944386328D+00  0.129501442848D-03 -0.265222940042D-02
 -0.254116596682D-02 -0.265567300970D-02  0.372504266103D-02  0.132545134768D-02
 -0.126522056868D-03  0.304586879261D-03 -0.444210773190D-03 -0.101701891891D-03
 -0.290834088351D-02  0.428983533004D+00 -0.157577162042D-03 -0.204941111428D-02
 -0.315381907451D-02 -0.345660792698D-02  0.238329464598D-02 -0.579435376737D-03
  0.400752607062D-04 -0.114119346563D-02  0.121866890125D-02 -0.165471009055D-03
 -0.294178328034D-02 -0.242998826828D-02  0.428111985883D+00 -0.107606621721D-03
  0.455184036953D-02  0.218699325367D-02  0.198919314819D-02 -0.374706017958D-01
 -0.111951616771D-01  0.427068612879D-03 -0.185406902454D-02  0.151481783808D-02
  0.105546808769D-02  0.335703563770D-02  0.443997248713D-02  0.337898612462D-02
  0.280304824281D+00 -0.147967723277D-03  0.158822392348D-02 -0.894350103468D-03
 -0.128880099462D-02 -0.598376103081D-02 -0.283113050391D-02  0.894259132577D-04
 -0.123294054869D-02  0.164285830298D-02  0.105288329938D-03 -0.209195559325D-03
  0.109844579174D-02 -0.102781564410D-02 -0.726068700237D-02  0.319966866690D+00
 -0.106820798112D-03  0.295702006185D-03 -0.682090244491D-03 -0.916150302440D-03
  0.235709340510D-02 -0.890254147614D-04 -0.474916139814D-05 -0.648720551636D-03
  0.879280325218D-03 -0.112318301505D-03 -0.441341377759D-03 -0.740356957236D-04
 -0.914412945072D-03  0.325658166826D-02 -0.508001222967D-03  0.320695821413D+00
 -0.775839416398D-04 -0.826930368601D-03 -0.729883692749D-04  0.942057182394D-04
  0.736444666884D-02  0.183246606752D-02  0.165547263267D-04  0.156803330147D-05
 -0.557061292765D-04 -0.237096261376D-03 -0.186550704616D-03 -0.747175847924D-03
 -0.408953350966D-03  0.923796080135D-02  0.963305223398D-03 -0.817608590320D-03
  0.330373157235D+00  0.293751927076D-03 -0.482210823769D-03  0.128238558509D-02
  0.149033568443D-02 -0.295539186017D-02  0.651075619790D-03 -0.119666430078D-03
  0.103604795575D-02 -0.175136402577D-02  0.190796378009D-03  0.678309475197D-03
  0.344399143365D-04  0.190282323090D-02 -0.395169829622D-02  0.141873355116D-02
  0.156560690730D-02  0.105597507568D-02  0.330034615523D+00  0.939871483002D-03
 -0.221835084964D-02 -0.110137321984D-02 -0.169521033205D-02  0.115066255653D-02
  0.347689595435D-02 -0.743314712743D-03  0.195250545923D-02 -0.335601364300D-02
  0.224789372014D-03 -0.266788627104D-02 -0.186421173240D-02  0.351705627340D-03
  0.107571089239D-02  0.460519300640D-02  0.241973701780D-02 -0.637201772199D-03
 -0.359728653526D-02  0.425274730366D+00  0.123067436235D-04  0.115099811904D-02
  0.178500925463D-04 -0.250501080601D-03 -0.778304132569D-02 -0.250970306271D-02
  0.231419333653D-04 -0.721808512577D-03  0.585842251292D-03  0.217467502349D-03
  0.302362218413D-03  0.938204911632D-03  0.325186611767D-03 -0.947259381956D-02
 -0.165818583022D-02  0.548959080706D-03  0.172860352023D-02 -0.327183723637D-03
  0.181418159805D-02  0.337509230940D+00  0.289337124931D-03 -0.901161848121D-03
 -0.753932507903D-03 -0.121750306410D-02  0.126095711647D-01  0.412181056078D-02
 -0.422962360967D-03  0.368551240018D-03 -0.767279118788D-03 -0.292429712379D-03
 -0.140182131632D-02 -0.118950482005D-02 -0.684436874373D-03  0.160696981206D-01
  0.313317453212D-02 -0.669820316640D-03 -0.354085162108D-02  0.132904782957D-02
  0.237089572428D-02  0.390568549591D-02  0.334707329558D+00 -0.542417434821D-06
 -0.669188382294D-04 -0.137460326971D-03 -0.164849122085D-03  0.837245896053D-03
  0.196364223919D-03 -0.139729854612D-04 -0.168043681233D-04  0.401783762870D-04
 -0.260195042429D-04 -0.142698821797D-03 -0.100321738231D-03 -0.169331978679D-03
  0.106120087979D-02  0.101483905965D-03 -0.116075753396D-03 -0.239329252034D-03
  0.197080703520D-03  0.234693900521D-03  0.217412709115D-03 -0.294850198448D-03
  0.711575858722D-02 -0.116057132898D-03 -0.286217536295D-02 -0.282009749042D-02
 -0.280737702112D-02  0.264810590615D-02  0.133507282024D-03  0.708964341049D-04
 -0.341657224908D-03  0.416041354242D-03 -0.145554326245D-03 -0.284983719914D-02
 -0.288221294698D-02 -0.294434033922D-02  0.334717908369D-02 -0.271703087465D-03
 -0.473585468219D-03 -0.185644619911D-03  0.717480846634D-03 -0.266999683991D-02
  0.272966194477D-03 -0.145378868293D-02 -0.146165535252D-03  0.430035629271D+00
  0.112888086386D-03 -0.261908961652D-02 -0.252259325806D-02 -0.262782266205D-02
  0.371989914705D-02  0.128289594290D-02 -0.115605115061D-03  0.296219636529D-03
 -0.392064551645D-03 -0.105590002476D-03 -0.286696755665D-02 -0.254212612854D-02
 -0.243744077168D-02  0.443932059533D-02  0.103235701046D-02 -0.109033070908D-03
 -0.745632131326D-03  0.784842176547D-04 -0.186970777754D-02  0.909179052283D-03
 -0.124600700098D-02 -0.104310217218D-03 -0.283876867595D-02  0.429028965033D+00
 -0.173111595920D-03 -0.201340548199D-02 -0.314306910922D-02 -0.343964459940D-02
  0.238782017063D-02 -0.621190638957D-03  0.498793558661D-04 -0.115468029038D-02
  0.127331131947D-02 -0.169575843081D-03 -0.290779636812D-02 -0.240665317557D-02
 -0.333615702624D-02  0.339050586341D-02 -0.109292488175D-02 -0.953063787833D-03
 -0.412931069859D-03  0.195625961687D-02  0.377141745149D-03  0.300952180708D-03
 -0.735050420607D-03 -0.173559440503D-03 -0.290898136924D-02 -0.241282812456D-02
  0.428083067282D+00 -0.106359054670D-03  0.454879439500D-02  0.219477460329D-02
  0.199823450437D-02 -0.374806075063D-01 -0.111903654498D-01  0.426490608131D-03
 -0.184791579732D-02  0.150583582550D-02  0.105627424615D-02  0.336151776110D-02
  0.443917247071D-02  0.338973711494D-02 -0.464288100299D-01 -0.725283553926D-02
  0.326463784754D-02  0.924237352715D-02 -0.396609291505D-02  0.105290682345D-02
 -0.947315805385D-02  0.160729874196D-01  0.106204025031D-02  0.335200282048D-02
  0.443888585715D-02  0.340164607268D-02  0.280278596693D+00 -0.150877665860D-03
  0.159693245211D-02 -0.900406192320D-03 -0.129580381585D-02 -0.596743482467D-02
 -0.283899513035D-02  0.908943524675D-04 -0.124066487073D-02  0.165824455373D-02
  0.103870338307D-03 -0.209353885851D-03  0.110311927359D-02 -0.103997310367D-02
 -0.723893889788D-02 -0.246311857771D-02 -0.521311755188D-03  0.956287694554D-03
  0.144078017810D-02  0.463590773735D-02 -0.165851735277D-02  0.312267294757D-02
  0.100015375400D-03 -0.272118443100D-03  0.103673434497D-02 -0.110546981750D-02
 -0.723096840190D-02  0.319938377044D+00 -0.110908414379D-03  0.319729996911D-03
 -0.695013663173D-03 -0.933695796344D-03  0.238028635293D-02 -0.103180103101D-03
 -0.341470336334D-05 -0.662426903432D-03  0.907800140425D-03 -0.114430070694D-03
 -0.443452230871D-03 -0.590960710618D-04 -0.937640688315D-03  0.328729034330D-02
 -0.531928648416D-03 -0.816460166200D-03 -0.833666644398D-03  0.160807441807D-02
  0.250273283279D-02  0.549192692171D-03 -0.678021665460D-03 -0.118282662644D-03
 -0.476555512215D-03 -0.950557943820D-04 -0.977352219793D-03  0.329556180740D-02
 -0.545592031871D-03  0.320646408011D+00 -0.755831108084D-04 -0.822898135745D-03
 -0.843113397878D-04  0.782436617496D-04  0.737561345681D-02  0.183497502940D-02
  0.145931382057D-04 -0.376004266462D-05 -0.538651285022D-04 -0.237171651168D-03
 -0.197895522255D-03 -0.744916850206D-03 -0.419037752061D-03  0.925141501999D-02
  0.966855899262D-03 -0.821332995437D-03 -0.158346107598D-02  0.106677077087D-02
 -0.593507756812D-03  0.173537314417D-02 -0.353022391290D-02 -0.239428785244D-03
 -0.197952714303D-03 -0.744368526456D-03 -0.423882505889D-03  0.925584736375D-02
  0.959730662635D-03 -0.837472255015D-03  0.330357444984D+00  0.296966343193D-03
 -0.505571356093D-03  0.129852954908D-02  0.151222280865D-02 -0.297922853385D-02
  0.664158517412D-03 -0.120359850447D-03  0.105089355534D-02 -0.177877655088D-02
  0.192772630714D-03  0.684255778108D-03  0.200481360198D-04  0.192818546692D-02
 -0.398290019312D-02  0.144047980438D-02  0.158960391709D-02  0.107299612574D-02
 -0.278179768577D-02 -0.368840686905D-02 -0.329092413658D-03  0.133280769803D-02
  0.199153925787D-03  0.724545625641D-03  0.653161585228D-04  0.198289596656D-02
 -0.399750247261D-02  0.146289123012D-02  0.163267877805D-02  0.108380187433D-02
  0.329947641360D+00  0.513094168958D-05  0.215991477654D-03 -0.158203234945D-03
 -0.255596629422D-03 -0.122249102876D-03 -0.160060841117D-03 -0.190926837334D-04
 -0.180849511253D-03  0.182508752051D-03 -0.175025123648D-06 -0.102252142968D-03
  0.128524892881D-03 -0.161279429684D-03 -0.982481210720D-04 -0.149807101675D-03
 -0.109540575484D-03 -0.793091076350D-04  0.298753624088D-03  0.945634235923D-03
  0.136364976339D-04  0.286802089898D-03 -0.934298362328D-06 -0.118299298272D-03
  0.111766333506D-03 -0.176963544771D-03 -0.969782449610D-04 -0.152758973439D-03
 -0.113708132886D-03 -0.773124023158D-04  0.302043498990D-03  0.771765711406D-02
  0.206602234966D-03 -0.266679965642D-02 -0.233773813776D-02 -0.253864189085D-02
  0.372927898704D-02  0.167785367119D-02 -0.213988116837D-03  0.588987518487D-03
 -0.764351539510D-03 -0.720114666945D-04 -0.287638635368D-02 -0.264539379908D-02
 -0.205274766672D-02  0.455961491235D-02  0.155167922245D-02  0.276962464580D-03
 -0.824460589249D-03 -0.460725843946D-03 -0.224269783176D-02  0.113480011521D-02
 -0.941079518733D-03 -0.694407939029D-04 -0.283687867630D-02 -0.261077332811D-02
 -0.201571053788D-02  0.455676745368D-02  0.156025828879D-02  0.300469696556D-03
 -0.821065549408D-03 -0.483393458464D-03  0.205947387760D-03  0.431995877091D+00
 -0.170639571926D-03 -0.232305344796D-02 -0.297729203845D-02 -0.309914381375D-02
  0.160966949556D-02 -0.572986822994D-03  0.914641689025D-04 -0.794325149160D-03
  0.955037378577D-03 -0.139225226067D-03 -0.280685108963D-02 -0.252504004719D-02
 -0.316230435343D-02  0.220106477179D-02 -0.953568038402D-03 -0.714842363603D-03
 -0.730757818890D-04  0.132379970108D-02 -0.111196046654D-02 -0.606385773818D-05
 -0.811105568085D-03 -0.141498157756D-03 -0.278227645465D-02 -0.250460151994D-02
 -0.315035733780D-02  0.220918628173D-02 -0.959901199291D-03 -0.728671749880D-03
 -0.853313009419D-04  0.134109316348D-02 -0.173673250604D-03 -0.231009906644D-02
  0.429686899020D+00 -0.269111110295D-03 -0.250811856052D-02 -0.311919220001D-02
 -0.308818433396D-02  0.156777867760D-02 -0.853670535345D-03  0.196526744787D-03
 -0.886981218766D-03  0.118779591519D-02 -0.167189889207D-03 -0.280748577709D-02
 -0.262452267361D-02 -0.348313226280D-02  0.202407900663D-02 -0.135675599285D-02
 -0.964750308925D-03  0.759001409961D-04  0.155861553067D-02 -0.162920728205D-02
 -0.271805414902D-03 -0.127526715008D-02 -0.169942962277D-03 -0.277495573950D-02
 -0.259557077598D-02 -0.346575323295D-02  0.203358736644D-02 -0.136425336736D-02
 -0.983479159454D-03  0.590472613259D-04  0.158190317969D-02 -0.272491464797D-03
 -0.248844203277D-02 -0.309390457073D-02  0.428841451579D+00 -0.126809527751D-03
  0.372769723210D-02  0.159523822363D-02  0.153130694445D-02 -0.300290270174D-01
 -0.905091068873D-02  0.398243056926D-03 -0.141417578700D-02  0.133828413289D-02
  0.833174704312D-03  0.265053593538D-02  0.372638405505D-02  0.237816859919D-02
 -0.374634258824D-01 -0.597634429872D-02  0.235734933603D-02  0.735887084188D-02
 -0.295174994208D-02  0.118212006427D-02 -0.777657724936D-02  0.126216114391D-01
  0.837547267754D-03  0.263777937285D-02  0.372042513113D-02  0.238201952699D-02
 -0.374734469648D-01 -0.596006634126D-02  0.238056706434D-02  0.737025313724D-02
 -0.297567895849D-02 -0.119626885817D-03  0.373058043822D-02  0.160105157729D-02
  0.155535174170D-02  0.298145526808D+00 -0.161444047467D-03  0.170093233684D-02
 -0.544410996071D-03 -0.822921295999D-03 -0.903318025009D-02 -0.354010170688D-02
  0.149347518900D-03 -0.107955909040D-02  0.151898548807D-02  0.197053679208D-03
  0.169756092216D-03  0.132421437426D-02 -0.591586283536D-03 -0.111655578468D-01
 -0.284058670007D-02 -0.997848324057D-04  0.182656686581D-02  0.669462597022D-03
  0.349601424005D-02 -0.250718283602D-02  0.411039431074D-02  0.194902302701D-03
  0.129171406526D-03  0.128132785904D-02 -0.633730117953D-03 -0.111606693680D-01
 -0.284860027550D-02 -0.114242301189D-03  0.182900463363D-02  0.682850042572D-03
 -0.162124415457D-03  0.167858213322D-02 -0.581230445904D-03 -0.862589112985D-03
 -0.902835295519D-02  0.319806408874D+00 -0.200980912487D-04 -0.206414485825D-03
  0.730985809222D-04  0.175196558177D-03  0.406266796746D-03  0.142965262128D-03
  0.321863335799D-04  0.958271713934D-04 -0.920196355389D-04 -0.148645915632D-04
  0.569760845803D-04 -0.116895120340D-03  0.279344402410D-04  0.433859065658D-03
  0.812647175958D-04 -0.151232052819D-04  0.727989984461D-05 -0.100658137028D-03
 -0.690956441296D-03  0.237056872964D-04 -0.419292430841D-03 -0.145723901258D-04
  0.665231053065D-04 -0.106656361201D-03  0.370684989659D-04  0.433366965084D-03
  0.825710275692D-04 -0.140141495550D-04  0.536823275366D-05 -0.101154309135D-03
 -0.199430112597D-04 -0.199975129749D-03  0.825410259598D-04  0.183777403336D-03
  0.404156989810D-03  0.144000290343D-03  0.322239128055D+00 -0.179252552913D-03
  0.589653329793D-03 -0.779223619297D-03 -0.867501228922D-03 -0.142527185616D-02
 -0.107447971386D-02  0.101747597085D-03 -0.265888691339D-03  0.104055945480D-02
 -0.145274385895D-04 -0.330938053810D-03  0.303283919527D-03 -0.113469547989D-02
 -0.187077271217D-02 -0.123580880436D-02 -0.645504568061D-03  0.838257520637D-05
  0.102824174200D-02  0.192503204185D-02 -0.727453355918D-03  0.365376924727D-03
 -0.165218708215D-04 -0.334370020123D-03  0.295500491985D-03 -0.114766606644D-02
 -0.186463851554D-02 -0.124345968708D-02 -0.659146431300D-03  0.294225503950D-05
  0.104306309279D-02 -0.181916710752D-03  0.586658549203D-03 -0.787021569915D-03
 -0.876856837539D-03 -0.142783085306D-02 -0.108273082970D-02  0.970288922329D-04
  0.333633320824D+00  0.182708491942D-03 -0.809939158435D-03  0.919790495747D-03
  0.113969429736D-02  0.132181074706D-02  0.151777357892D-02 -0.104602573102D-03
  0.105252739194D-02 -0.140821793068D-02  0.374109252594D-04  0.370759956120D-03
 -0.455112244680D-03  0.123831541229D-02  0.149002135922D-02  0.165966933182D-02
  0.897919399643D-03 -0.423482231481D-04 -0.178426172871D-02 -0.342394210888D-02
  0.584658635791D-03 -0.762750382845D-03  0.418190732940D-04  0.421021304599D-03
 -0.402108897487D-03  0.129386654580D-02  0.148087856636D-02  0.167533007615D-02
  0.926899505189D-03 -0.404818350759D-04 -0.181211479123D-02  0.185240520326D-03
 -0.781728475115D-03  0.968014094782D-03  0.120508758994D-02  0.131906254744D-02
  0.152894789714D-02 -0.925219684710D-04  0.105100250860D-02  0.333586528445D+00
  0.963698531829D-03 -0.226707226311D-02 -0.112529948615D-02 -0.173208078404D-02
  0.116418740928D-02  0.354154558932D-02 -0.759154855894D-03  0.196731681599D-02
 -0.343274770401D-02  0.230289270075D-03 -0.272550431280D-02 -0.189680107334D-02
  0.365375256716D-03  0.108495821446D-02  0.470295047730D-02  0.247145081063D-02
 -0.640608751106D-03 -0.366367716748D-02 -0.186017065876D-02  0.185759808549D-02
  0.244777064797D-02  0.240346130175D-03 -0.273034164842D-02 -0.190491557708D-02
  0.389197833539D-03  0.106162160610D-02  0.473412130719D-02  0.255587308157D-02
 -0.595523592829D-03 -0.375658392020D-02  0.969668641116D-03 -0.229339904304D-02
 -0.113834180713D-02 -0.166741024531D-02  0.119677266835D-02  0.356115137573D-02
 -0.705813608094D-03  0.193902598692D-02 -0.350193357106D-02  0.425276335972D+00
  0.156140376415D-04  0.113965742003D-02  0.369586758056D-04 -0.227239726233D-03
 -0.783655202492D-02 -0.250446276743D-02  0.221804089355D-04 -0.706273987779D-03
  0.561302445206D-03  0.220369566383D-03  0.312946578837D-03  0.934051865504D-03
  0.353474824004D-03 -0.954150245260D-02 -0.164164009211D-02  0.573814350330D-03
  0.174884530756D-02 -0.370843073453D-03  0.174246611162D-02 -0.182937826879D-02
  0.392449397765D-02  0.220413759804D-03  0.284555041016D-03  0.906110307031D-03
  0.330396669808D-03 -0.954227422652D-02 -0.164161222404D-02  0.574682066932D-03
  0.175566934525D-02 -0.373361372500D-03  0.170155676260D-04  0.112405918579D-02
  0.140649564597D-04 -0.247167495882D-03 -0.783013744589D-02 -0.250165215474D-02
  0.229850708900D-04 -0.711977759019D-03  0.559646790337D-03  0.178430595008D-02
  0.337490713587D+00  0.289819249626D-03 -0.900838613556D-03 -0.765922489717D-03
 -0.123267469467D-02  0.126405725279D-01  0.412516979614D-02 -0.423849413798D-03
  0.360887447074D-03 -0.761813589279D-03 -0.293508822790D-03 -0.141263238896D-02
 -0.119111011288D-02 -0.697568263670D-03  0.161091304178D-01  0.313365909165D-02
 -0.677994674408D-03 -0.355138897622D-02  0.134589319509D-02  0.240642069247D-02
  0.391493360076D-02 -0.377059674638D-02 -0.295968535421D-03 -0.146540497723D-02
 -0.124844129570D-02 -0.748953822017D-03  0.161124787810D-01  0.312300903362D-02
 -0.686408289912D-03 -0.354066186234D-02  0.134981805053D-02  0.287268247690D-03
 -0.941261119013D-03 -0.823871516499D-03 -0.129132685531D-02  0.126527426743D-01
  0.411365142456D-02 -0.420226696606D-03  0.357670282084D-03 -0.757143716584D-03
  0.248446169561D-02  0.393393474707D-02  0.334700321577D+00  0.260381672975D-02
 -0.947883341753D-02 -0.464524540908D-03 -0.649725860669D-03 -0.385416146983D-02
  0.912823996268D-02 -0.165371057515D-02  0.666227318137D-02 -0.120152610588D-01
  0.867980137688D-03 -0.556768731921D-02 -0.685504378058D-02  0.422951263909D-02
 -0.629789222330D-02  0.133101883634D-01  0.935269505719D-02  0.232252073627D-02
 -0.153924364822D-01 -0.202417473534D-01  0.281163668751D-02  0.650086353488D-02
  0.907182151367D-03 -0.538067979049D-02 -0.665768778493D-02  0.450652817831D-02
 -0.638507011607D-02  0.134433912260D-01  0.964681025196D-02  0.242408744081D-02
 -0.156991108350D-01  0.263016769116D-02 -0.941568350164D-02 -0.291587023727D-03
 -0.259028081756D-03 -0.379781116171D-02  0.922494679215D-02 -0.150055399277D-02
  0.659488295080D-02 -0.122461057782D-01 -0.205512649166D-01  0.254160924112D-02
  0.661150361019D-02  0.956743735619D+00  0.856578670428D-05 -0.298293208623D-04
  0.161668916347D-04  0.195018242718D-04 -0.439250956040D-04  0.239110732415D-04
 -0.413755557058D-05  0.219068345872D-04 -0.460761384899D-04  0.402072585604D-05
 -0.156632019343D-05 -0.171523110692D-04  0.343594413802D-04 -0.588209196129D-04
  0.422615592396D-04  0.392792177550D-04  0.211903044024D-04 -0.651485638845D-04
 -0.968507487349D-04  0.179695656407D-05  0.285518965563D-04  0.416927792317D-05
 -0.803177660410D-06 -0.162628055285D-04  0.355174643996D-04 -0.591741480066D-04
  0.427873960878D-04  0.403127438743D-04  0.215013871338D-04 -0.662165560352D-04
  0.869280719910D-05 -0.294339971726D-04  0.170014299424D-04  0.209423080764D-04
 -0.437896989131D-04  0.243597283539D-04 -0.367307967906D-05  0.216960615075D-04
 -0.468776875732D-04 -0.982233583499D-04  0.736648969573D-06  0.289911466494D-04
 -0.405745381978D-03  0.435698161369D+00 -0.167597546062D-05  0.462241731717D-07
  0.714541066987D-05  0.974071099844D-05 -0.110229415283D-04 -0.460005999026D-05
  0.145245474232D-05  0.180415764541D-05  0.136909291447D-05  0.302804245608D-07
  0.815831159272D-05  0.375548316885D-06  0.579043208488D-05 -0.128777763282D-04
 -0.547026266640D-05  0.109440741106D-05  0.545569194542D-05 -0.424793522003D-05
 -0.221730498029D-04 -0.570068877736D-05 -0.517805294055D-05  0.387573659390D-07
  0.872294792320D-05  0.956061179900D-06  0.627864029870D-05 -0.128742886136D-04
 -0.542569987178D-05  0.109725191720D-05  0.531240534173D-05 -0.420429431508D-05
 -0.167806864581D-05  0.428426615202D-06  0.769223203286D-05  0.102308875579D-04
 -0.111644974311D-04 -0.457270512646D-05  0.139723287889D-05  0.188287198512D-05
  0.139065677676D-05 -0.229757757488D-04 -0.569246928517D-05 -0.525594625717D-05
 -0.438442663444D-04 -0.126044705155D-06  0.179681111868D+00 -0.378787058691D-03
 -0.171299656685D-03 -0.793352652410D-03 -0.154154539693D-03  0.352089577804D-03
 -0.902437073335D-03  0.427512724977D-03 -0.143669427255D-03  0.103519955800D-02
 -0.129701745583D-03 -0.861929812940D-04  0.283673137975D-03 -0.178428341940D-02
 -0.603278317345D-03 -0.150912184064D-02 -0.148515737567D-02  0.150534998930D-03
  0.143532119541D-02 -0.883980790584D-04 -0.109069226745D-02 -0.210698739468D-02
 -0.132038749001D-03 -0.836762145136D-04  0.285681935085D-03 -0.179025473913D-02
 -0.597412307558D-03 -0.151693274499D-02 -0.150441883591D-02  0.140173705939D-03
  0.145640406174D-02 -0.380877505221D-03 -0.166157652198D-03 -0.792312210789D-03
 -0.165165846297D-03  0.345047465551D-03 -0.908743152787D-03  0.417806676615D-03
 -0.136860343725D-03  0.105027502862D-02 -0.919076977057D-04 -0.107137860886D-02
 -0.211767418430D-02  0.506956452446D-02  0.241498829631D-04  0.421952450406D-05
  0.117035450083D-01 -0.199114255391D-03 -0.187810979041D-02 -0.454348652247D-02
 -0.502331824448D-02 -0.109947604218D-01 -0.529386633431D-02  0.245738627502D-03
 -0.284916321119D-02  0.226628261871D-02  0.151839077872D-03 -0.380515081763D-02
 -0.215917198139D-02 -0.431720382933D-02 -0.133020623321D-01 -0.431038442637D-02
 -0.284691050674D-03  0.321438858682D-02  0.158402075420D-02  0.136652539287D-02
 -0.321171863933D-02  0.542428442983D-02  0.147832027064D-03 -0.385438144770D-02
 -0.221065356121D-02 -0.436732409974D-02 -0.132923472131D-01 -0.432163021175D-02
 -0.306985397918D-03  0.321493784836D-02  0.160588125206D-02 -0.199703597803D-03
 -0.190607901330D-02 -0.458791629045D-02 -0.508834501317D-02 -0.109896743917D-01
 -0.529918313439D-02  0.232431810466D-03 -0.285155778262D-02  0.228431860642D-02
  0.144421539199D-02 -0.320026350073D-02  0.542799970522D-02  0.509344340144D-02
  0.336113768605D-04 -0.331475721980D-05 -0.182299931354D-02  0.371407321447D+00
  0.109131523283D-03 -0.390043581775D-02 -0.323285743018D-02 -0.296823425043D-02
 -0.111822559172D-01 -0.295721404314D-02  0.188977047775D-03 -0.359662245270D-03
 -0.591819499600D-03  0.292101530126D-03 -0.341943788327D-02 -0.312474078462D-02
 -0.255648466898D-02 -0.145512136108D-01 -0.149321789264D-02  0.151724620708D-02
  0.393004410555D-02 -0.248901964514D-02 -0.670126477756D-02 -0.320779881222D-02
  0.433896414487D-02  0.298805605746D-03 -0.334787563151D-02 -0.305020728551D-02
 -0.247480859627D-02 -0.145629243700D-01 -0.146685258081D-02  0.156513338958D-02
  0.393532358157D-02 -0.253447152245D-02  0.114335087775D-03 -0.386121221854D-02
 -0.316284439005D-02 -0.287119660842D-02 -0.111832081066D-01 -0.293618485103D-02
  0.206414338944D-03 -0.366638597344D-03 -0.626562094965D-03 -0.680909133669D-02
 -0.325797657736D-02  0.435663672111D-02 -0.237663195202D-01 -0.791266037423D-04
 -0.144779452004D-05  0.269882215810D-02 -0.910657899004D-02  0.354086868049D+00
 -0.327923019390D-03 -0.959966526914D-03  0.896445413289D-03  0.181458412271D-02
 -0.141897434316D-02 -0.744261132261D-03  0.439193755266D-03  0.241155840080D-03
 -0.499112954851D-04 -0.356127712371D-04  0.113539348636D-02 -0.255336664455D-03
  0.425854642116D-03 -0.231577292375D-02 -0.955620052323D-03 -0.134449111689D-03
  0.134553000678D-02 -0.738710363227D-03 -0.544999454632D-02 -0.128041320940D-02
 -0.192127217145D-02 -0.338839040213D-04  0.121816308001D-02 -0.165635103687D-03
  0.503014940028D-03 -0.231783999756D-02 -0.946245747703D-03 -0.132792406080D-03
  0.132433414697D-02 -0.733841656770D-03 -0.326477117425D-03 -0.900012884058D-03
  0.981453057933D-03  0.188433166490D-02 -0.144071354130D-02 -0.735020139351D-03
  0.429262152058D-03  0.253369142243D-03 -0.475911718848D-04 -0.557772690897D-02
 -0.128424733315D-02 -0.192995632212D-02 -0.104099525410D-01 -0.249072605118D-04
  0.137360694916D-04  0.358294718338D-02 -0.249418312107D-04  0.869748100205D-03
  0.369238697044D+00  0.102279907031D-02 -0.276668860895D-02  0.423445514373D-02
  0.459078697240D-02  0.262088200836D-02  0.503564405005D-02 -0.617132626299D-03
  0.233215979285D-02 -0.583256310735D-02  0.265364674737D-03  0.177227655033D-02
 -0.141684311910D-02  0.638383582067D-02  0.365215271917D-02  0.645012637231D-02
  0.435274130031D-02  0.815369386417D-03 -0.701494093119D-02 -0.112200077618D-01
  0.268659154793D-02  0.195589120311D-03  0.280197892685D-03  0.185133531545D-02
 -0.131853538593D-02  0.650910878841D-02  0.361409958702D-02  0.650441227310D-02
  0.445389327122D-02  0.844046182074D-03 -0.711970515603D-02  0.103728730536D-02
 -0.272024989171D-02  0.432760831444D-02  0.472449029259D-02  0.263094704573D-02
  0.508523382452D-02 -0.576994143910D-03  0.231459285490D-02 -0.590968999774D-02
 -0.113729332106D-01  0.258162222586D-02  0.239246243013D-03 -0.427655107595D-01
 -0.158400909842D-03 -0.872334418753D-05  0.790387753848D-03  0.119396842000D-01
 -0.245565977137D-02 -0.256440558097D-02  0.348343312206D+00 -0.856462760535D-03
 -0.502636931585D-03  0.128477626089D-02  0.267341715371D-02 -0.276090196343D-02
 -0.460012646888D-02  0.109384637235D-02 -0.418238524521D-02  0.239443625009D-02
 -0.243426610419D-03  0.259842321575D-02  0.726371488636D-03  0.188694795905D-03
 -0.336639007808D-02 -0.510659828526D-02 -0.217398218260D-02  0.327257922667D-02
  0.322278648483D-02 -0.292359791319D-02 -0.232559704434D-02 -0.235037747592D-02
 -0.254487170808D-03  0.250991585656D-02  0.662131877367D-03  0.109514142086D-03
 -0.335121726648D-02 -0.513515005840D-02 -0.226592768874D-02  0.324309517256D-02
  0.331642464082D-02 -0.853228861736D-03 -0.515288036505D-03  0.123786750672D-02
  0.249751610604D-02 -0.278033668860D-02 -0.459895199542D-02  0.102561387706D-02
 -0.416099088586D-02  0.246938155124D-02 -0.283413619256D-02 -0.227216378257D-02
 -0.236075110782D-02  0.126811496169D-01  0.995134300494D-04  0.128586347555D-04
  0.340963118848D-02  0.330396526585D-02  0.900835271827D-02  0.913972279604D-02
  0.160072211864D-01  0.395622921984D+00 -0.377583277435D-03 -0.181357607469D-03
 -0.788236256764D-03 -0.146714241929D-03  0.351073895923D-03 -0.895001423393D-03
  0.427202968443D-03 -0.137232682348D-03  0.102453402261D-02 -0.129184052650D-03
 -0.850977514706D-04  0.277103448693D-03 -0.177611692875D-02 -0.605561283008D-03
 -0.149934072787D-02 -0.147694723495D-02  0.154877443292D-03  0.141978580346D-02
 -0.123368825389D-03 -0.108964562211D-02 -0.210934602176D-02 -0.131484813676D-03
 -0.821401395409D-04  0.279588738173D-03 -0.178159641568D-02 -0.599771478079D-03
 -0.150701632032D-02 -0.149597999160D-02  0.144516378457D-03  0.144065358702D-02
 -0.379647878165D-03 -0.175948435866D-03 -0.786752947163D-03 -0.157181839736D-03
  0.343994286752D-03 -0.901199446335D-03  0.417574542648D-03 -0.130429121857D-03
  0.103944369141D-02 -0.127575429051D-03 -0.107054962835D-02 -0.211998066850D-02
  0.495352491636D-02  0.237515459124D-04  0.423916464679D-05  0.389430843233D-02
 -0.181328961061D-02  0.268406309247D-02  0.358561829919D-02  0.748197366765D-03
  0.344405971354D-02  0.117218901444D-01 -0.226665985786D-03 -0.181191151849D-02
 -0.452482379993D-02 -0.499385885396D-02 -0.109795207992D-01 -0.536347738349D-02
  0.262746917826D-03 -0.286787449693D-02  0.236283439024D-02  0.144461761414D-03
 -0.374529491090D-02 -0.211633336345D-02 -0.434511253214D-02 -0.132744099010D-01
 -0.442280103600D-02 -0.354130982351D-03  0.320276390996D-02  0.167827365532D-02
  0.141518807280D-02 -0.325347024022D-02  0.533050976768D-02  0.140244692253D-03
 -0.379191563087D-02 -0.216540428948D-02 -0.439396732326D-02 -0.132640050755D-01
 -0.443471840333D-02 -0.378248804934D-03  0.320176716133D-02  0.170234411976D-02
 -0.227532032943D-03 -0.183798277093D-02 -0.456701372703D-02 -0.505791348304D-02
 -0.109756421317D-01 -0.536950341413D-02  0.248302514910D-03 -0.286935160561D-02
  0.238243607513D-02  0.148981571649D-02 -0.323996873817D-02  0.533282700361D-02
  0.558476786245D-02  0.356026145744D-04 -0.244094325805D-05 -0.183037887793D-02
 -0.113621607296D-01 -0.896133934301D-02  0.109647759847D-03  0.121438849116D-01
  0.313126616014D-02 -0.181981284073D-02  0.371225840046D+00  0.900457121013D-04
 -0.384270291133D-02 -0.323563036039D-02 -0.296885412072D-02 -0.111590065099D-01
 -0.301044291896D-02  0.199858362261D-03 -0.382085003426D-03 -0.512207071423D-03
  0.286244533055D-03 -0.338919989528D-02 -0.308780966751D-02 -0.259461811225D-02
 -0.145167655076D-01 -0.157855194946D-02  0.145674720735D-02  0.391066175429D-02
 -0.239901183511D-02 -0.660071213823D-02 -0.323301124974D-02  0.428122867097D-02
  0.292748614878D-03 -0.331694006767D-02 -0.301278373673D-02 -0.251317301997D-02
 -0.145279026373D-01 -0.155286999128D-02  0.150307943498D-02  0.391501160400D-02
 -0.244270393087D-02  0.950243186142D-04 -0.380288344735D-02 -0.316517080217D-02
 -0.287230347325D-02 -0.111606064831D-01 -0.299007591997D-02  0.216469959575D-03
 -0.388496857698D-03 -0.545677979210D-03 -0.670898397738D-02 -0.328149709470D-02
  0.429793813904D-02 -0.232340369658D-01 -0.771125608124D-04 -0.962306661872D-06
  0.268035750903D-02 -0.918369005971D-02 -0.119105506235D-01  0.946969527509D-03
 -0.225365315177D-02  0.882874487701D-02  0.266627733701D-02 -0.903864526616D-02
  0.354324101724D+00 -0.319984805002D-03 -0.976602244860D-03  0.889602304932D-03
  0.180392229493D-02 -0.143071233921D-02 -0.728189816804D-03  0.434352071587D-03
  0.243511455158D-03 -0.755531873271D-04 -0.333608376154D-04  0.111760112532D-02
 -0.265590992343D-03  0.432435696730D-03 -0.233268066152D-02 -0.926438511289D-03
 -0.115506664292D-03  0.135015051153D-02 -0.762820728341D-03 -0.545420418364D-02
 -0.127003464415D-02 -0.188905393825D-02 -0.315802965303D-04  0.119939176092D-02
 -0.176810613427D-03  0.509024037724D-03 -0.233493563762D-02 -0.916903100200D-03
 -0.113375576954D-03  0.132943004963D-02 -0.758550621627D-03 -0.318458967659D-03
 -0.917327622475D-03  0.973759769204D-03  0.187315263573D-02 -0.145206763548D-02
 -0.718758399353D-03  0.424732930776D-03  0.255443803243D-03 -0.736511380446D-04
 -0.558073275506D-02 -0.127443228288D-02 -0.189731639566D-02 -0.105227452731D-01
 -0.253812221027D-04  0.134590084993D-04  0.358287771344D-02 -0.124057030811D-05
  0.828884379912D-03  0.421766899527D-02 -0.260945172339D-02  0.918885416645D-02
  0.358531775676D-02  0.132246693592D-03  0.905905667098D-03  0.369157355639D+00
  0.102408976817D-02 -0.275543836637D-02  0.421252146463D-02  0.456098809418D-02
  0.264866957243D-02  0.503362313039D-02 -0.619174980118D-03  0.231714322279D-02
 -0.581956990147D-02  0.264303005425D-03  0.175414697164D-02 -0.141067701612D-02
  0.636014294946D-02  0.368732955110D-02  0.644590926179D-02  0.433816933083D-02
  0.799147290893D-03 -0.698299257818D-02 -0.111313654012D-01  0.269710824188D-02
  0.206116733552D-03  0.279062252116D-03  0.183144307934D-02 -0.131419902114D-02
  0.648373614729D-02  0.364938564892D-02  0.649990195675D-02  0.443894291157D-02
  0.828085263455D-03 -0.708748699138D-02  0.103854732635D-02 -0.271012459339D-02
  0.430396583398D-02  0.469287080163D-02  0.265905107302D-02  0.508300746230D-02
 -0.579077890341D-03  0.229944461346D-02 -0.589646264103D-02 -0.112817075904D-01
  0.259246351681D-02  0.249843730804D-03 -0.425160868309D-01 -0.157539858513D-03
 -0.892572069785D-05  0.768378533915D-03  0.119349492199D-01 -0.242911770605D-02
 -0.259105107958D-02 -0.165384287230D-01  0.159522241552D-01  0.726281662652D-03
  0.121361529168D-01 -0.222910978172D-02 -0.263520407412D-02  0.348515905051D+00
 -0.828296290832D-03 -0.524326934904D-03  0.119604877486D-02  0.255055310495D-02
 -0.271270600578D-02 -0.455325641413D-02  0.107294218618D-02 -0.421381155398D-02
  0.235211269396D-02 -0.239606853986D-03  0.248682515189D-02  0.709630958558D-03
  0.135387495529D-03 -0.331410938079D-02 -0.502653371106D-02 -0.215802451843D-02
  0.323757074342D-02  0.323910183824D-02 -0.268467677345D-02 -0.226345465683D-02
 -0.222415778673D-02 -0.250711545975D-03  0.239042640696D-02  0.637459956951D-03
  0.497713640082D-04 -0.329920708011D-02 -0.505540698977D-02 -0.224952697586D-02
  0.321029454343D-02  0.333161051963D-02 -0.824911927018D-03 -0.542222108587D-03
  0.114174707926D-02  0.236807428078D-02 -0.273006060245D-02 -0.455209414320D-02
  0.100560369114D-02 -0.419366027147D-02  0.242638953857D-02 -0.258431544037D-02
 -0.221084669405D-02 -0.223305170249D-02  0.130326210083D-01  0.100440233897D-03
  0.114312138858D-04  0.335161235840D-02  0.335268712874D-02  0.895052194315D-02
  0.893673412268D-02  0.160985235908D-01  0.310300066249D-01  0.338557808560D-02
  0.316829280511D-02  0.876479651133D-02  0.898965298885D-02  0.160469357017D-01
  0.395587207570D+00 -0.600456336491D-03 -0.272940500797D-02 -0.570360020764D-02
 -0.573771092561D-02  0.689586247675D-02 -0.148257785921D-02  0.435741949534D-03
 -0.270875792540D-02  0.332976175011D-02 -0.485572734452D-03 -0.457826294782D-02
 -0.297502375305D-02 -0.706189665453D-02  0.838824936100D-02 -0.305669972503D-02
 -0.358355754340D-02 -0.131801260569D-02  0.580701930133D-02  0.357499068737D-02
  0.323829303331D-03 -0.370759023865D-02 -0.497678790335D-03 -0.465432257250D-02
 -0.305885248884D-02 -0.716066598786D-02  0.841577829144D-02 -0.309694969631D-02
 -0.366136945435D-02 -0.133672177529D-02  0.588582336293D-02 -0.609059372941D-03
 -0.277293100700D-02 -0.578411066545D-02 -0.587617270302D-02  0.689092581745D-02
 -0.151523363741D-02  0.399245568106D-03 -0.269445672149D-02  0.339096419592D-02
  0.369695269307D-02  0.404941903333D-03 -0.373741592207D-02  0.224838088608D-01
  0.118831084347D-03  0.724003213258D-05  0.138573873194D-03 -0.615672377792D-02
  0.212738830393D-02  0.383785056265D-02  0.148994273100D-01  0.478680131977D-02
  0.166243717358D-03 -0.633648196641D-02  0.195813601408D-02  0.388710024062D-02
  0.148449585896D-01  0.477558135462D-02  0.373789260368D+00 -0.592445134582D-03
 -0.276224798814D-02 -0.566603506057D-02 -0.569169340810D-02  0.684145138110D-02
 -0.144949169967D-02  0.432142637930D-03 -0.266856513132D-02  0.327152812817D-02
 -0.480744240784D-03 -0.456245055281D-02 -0.299293396052D-02 -0.700509007600D-02
  0.831558751289D-02 -0.300482591861D-02 -0.353220329114D-02 -0.129065717883D-02
  0.571460355708D-02  0.341499812981D-02  0.321395722765D-03 -0.369100117781D-02
 -0.492633201412D-03 -0.463616745496D-02 -0.307427553376D-02 -0.710123095525D-02
  0.834267077384D-02 -0.304429589408D-02 -0.360860308339D-02 -0.130926032412D-02
  0.579205330090D-02 -0.600908017070D-03 -0.280442300350D-02 -0.574423892783D-02
 -0.582701336788D-02  0.683639524206D-02 -0.148155528859D-02  0.396208760402D-03
 -0.265437449479D-02  0.333168051540D-02  0.353333742637D-02  0.401173603758D-03
 -0.372046688730D-02  0.218845368911D-01  0.116510261475D-03  0.727928378896D-05
  0.178215873942D-03 -0.611292550564D-02  0.203234055285D-02  0.382687389451D-02
  0.146512137310D-01  0.488811965755D-02  0.205386363203D-03 -0.628802187577D-02
  0.186692775294D-02  0.387485116649D-02  0.145974236320D-01  0.487488878494D-02
 -0.116962934529D-01  0.374106086727D+00  0.354393398287D-03 -0.155807552806D-02
  0.232555614271D-02  0.295453506144D-02 -0.531938833747D-02  0.542788534165D-03
 -0.291204555042D-04  0.127461506386D-02 -0.280863730855D-02  0.283785394300D-03
  0.137124668739D-02 -0.472606307485D-03  0.330543548063D-02 -0.693915271564D-02
  0.176713694544D-02  0.259352935200D-02  0.248634102208D-02 -0.462613314576D-02
 -0.843320153492D-02 -0.893846769521D-03  0.160684250006D-02  0.293907116251D-03
  0.146084233820D-02 -0.370420165926D-03  0.341774878237D-02 -0.696236303634D-02
  0.180512865854D-02  0.265774322665D-02  0.249408466273D-02 -0.468889644585D-02
  0.363584327262D-03 -0.150102041569D-02  0.242311209569D-02  0.307854395339D-02
 -0.532292170923D-02  0.577014111210D-03 -0.731357083652D-05  0.126784815155D-02
 -0.285630010059D-02 -0.858442687102D-02 -0.963619322806D-03  0.163110377651D-02
 -0.293807583648D-01 -0.110268115570D-03 -0.425274103098D-06  0.283391363760D-02
  0.285228521507D-02 -0.400099248171D-02  0.487294781311D-03 -0.103684834194D-01
  0.113394258923D-01  0.281112232053D-02  0.304531821238D-02 -0.383772003165D-02
  0.436281566051D-03 -0.103291242616D-01  0.112885124069D-01  0.105332246801D-01
  0.103826182336D-01  0.360712443152D+00
$end
