$coord
    2.61043402583553     -0.00044120758833      0.24843046311516      n
    1.28378693748005     -2.15474029964024      0.17400533980922      c
    2.37863532965427     -3.88331583190341      0.23788554940871      h
   -1.34118081330650     -2.25465883570282      0.01259363572698      c
   -2.29429321462078     -4.06019306599555     -0.04782615273140      h
   -2.68646032165276      0.00025214048873     -0.07713276448311      c
   -4.72563085750261      0.00048673864977     -0.20630089737025      h
   -1.34057398067126      2.25477469670176      0.01232476171334      c
   -2.29320463221275      4.06054494433985     -0.04824151264568      h
    1.28435551449946      2.15420507628707      0.17365265644159      c
    2.37965790959765      3.88246293424895      0.23716531241851      h
    0.03704728903997      1.25938784245024      6.58998955622425      c
    1.75759380582207      2.31666262662085      6.28930607927715      h
   -1.68174838703138      2.32217780745749      6.88660192246395      h
    0.03767597068877     -1.25902617532457      6.59023945171833      c
    1.75871700612313     -2.31553895577799      6.28975328107677      h
   -1.68062950286481     -2.32261085331865      6.88709492555585      h
$redundant
     number_of_atoms            17
     degrees_of_freedom         45
     internal_coordinates       45
     frozen_coordinates          0
# definitions of redundant internals
   1 k  1.0000000000000 stre    2    3           val=   2.04713
   2 k -0.7071066619530 bend    1    3    2      val=   2.13824
        0.7071069004201 bend    4    3    2
   3 k  1.0000000000000 outp    3    4    1    2 val=   0.26429
   4 k  1.0000000000000 stre    4    5           val=   2.04255
   5 k  0.7071068457905 bend    6    5    4      val=   0.59774
       -0.7071067165826 bend    2    5    4
   6 k  1.0000000000000 outp    5    2    6    4 val=  -0.20118
   7 k  1.0000000000000 stre    6    7           val=   2.04326
   8 k  0.7071067813145 bend    8    7    6      val=   0.00111
       -0.7071067810586 bend    4    7    6
   9 k  1.0000000000000 outp    7    4    8    6 val=   0.18479
  10 k  1.0000000000000 stre    8    9           val=   2.04254
  11 k  0.7071068458623 bend    6    9    8      val=   0.59775
       -0.7071067165108 bend   10    9    8
  12 k  1.0000000000000 outp    9   10    6    8 val=   0.20126
  13 k  1.0000000000000 stre   10   11           val=   2.04709
  14 k -0.7071066617907 bend    1   11   10      val=   2.13876
        0.7071069005824 bend    8   11   10
  15 k  1.0000000000000 outp   11    8    1   10 val=  -0.26431
  16 k  1.0000000000000 stre   12   14           val=   2.04249
  17 k -0.7071066379078 bend   15   14   12      val=  -1.95549
        0.7071069244653 bend   13   14   12
  18 k  1.0000000000000 outp   14   13   15   12 val=   0.09568
  19 k  1.0000000000000 stre   15   17           val=   2.04253
  20 k -0.7071066384700 bend   12   17   15      val=  -1.95539
        0.7071069239030 bend   16   17   15
  21 k  1.0000000000000 outp   17   16   12   15 val=  -0.09549
  22 k  1.0000000000000 stre    1    2           val=   2.53111
  23 k  1.0000000000000 stre    2    4           val=   2.63182
  24 k  1.0000000000000 stre    4    6           val=   2.62725
  25 k  1.0000000000000 stre    6    8           val=   2.62722
  26 k  1.0000000000000 stre    8   10           val=   2.63180
  27 k  1.0000000000000 stre   10    1           val=   2.53112
  28 k -0.5000000000000 bend    1    4    2      val=  -1.90638
       -0.5000000000000 bend    2    6    4
        1.0000000000000 bend    4    8    6
       -0.5000000000000 bend    6   10    8
       -0.5000000000000 bend    8    1   10
        1.0000000000000 bend   10    2    1
  29 k  0.8660254037844 bend    1    4    2      val=   0.00040
       -0.8660254037844 bend    2    6    4
        0.8660254037844 bend    6   10    8
       -0.8660254037844 bend    8    1   10
  30 k -1.0000000000000 bend    1    4    2      val=  -1.97141
        1.0000000000000 bend    2    6    4
       -1.0000000000000 bend    4    8    6
        1.0000000000000 bend    6   10    8
       -1.0000000000000 bend    8    1   10
        1.0000000000000 bend   10    2    1
  31 k -0.5000000000000 tors    2    4    6    8 val=  -0.00190
       -0.5000000000000 tors    4    6    8   10
        1.0000000000000 tors    6    8   10    1
       -0.5000000000000 tors    8   10    1    2
       -0.5000000000000 tors   10    1    2    4
        1.0000000000000 tors    1    2    4    6
  32 k  0.8660254037844 tors    2    4    6    8 val=  -0.34563
       -0.8660254037844 tors    4    6    8   10
        0.8660254037844 tors    8   10    1    2
       -0.8660254037844 tors   10    1    2    4
  33 k -1.0000000000000 tors    2    4    6    8 val=  -0.01516
        1.0000000000000 tors    4    6    8   10
       -1.0000000000000 tors    6    8   10    1
        1.0000000000000 tors    8   10    1    2
       -1.0000000000000 tors   10    1    2    4
        1.0000000000000 tors    1    2    4    6
  34 k  1.0000000000000 stre    1   13           val=   6.52599
  35 k  1.0000000000000 stre   13   12           val=   2.04170
  36 k  1.0000000000000 stre   12   15           val=   2.51841
  37 k  1.0000000000000 stre   15   16           val=   2.04169
  38 k  1.0000000000000 stre   16    1           val=   6.52554
  39 k -0.8090169943749 bend    1   12   13      val= -10.80538
        0.3090169943749 bend   13   15   12
        0.3090169943749 bend   12   16   15
       -0.8090169943749 bend   15    1   16
        1.0000000000000 bend   16   13    1
  40 k  0.5877852522925 bend    1   12   13      val=  -0.00072
       -0.9510565162952 bend   13   15   12
        0.9510565162952 bend   12   16   15
       -0.5877852522925 bend   15    1   16
  41 k -0.8090169943749 tors   12   15   16    1 val=   0.00173
        0.3090169943749 tors   15   16    1   13
        0.3090169943749 tors   16    1   13   12
       -0.8090169943749 tors    1   13   12   15
        1.0000000000000 tors   13   12   15   16
  42 k  0.5877852522925 tors   12   15   16    1 val= -57.84659
       -0.9510565162952 tors   15   16    1   13
        0.9510565162952 tors   16    1   13   12
       -0.5877852522925 tors    1   13   12   15
  43 k  0.4930776907671 bend   13    2    1      val=  87.28419
        0.5068144689969 bend   13   10    1
        0.5067997108490 bend   16    2    1
        0.4931202064066 bend   16   10    1
  44 k  0.4752190673931 bend   13    2    1      val=   0.00454
       -0.5235750955226 bend   13   10    1
        0.5236372240703 bend   16    2    1
       -0.4752262775799 bend   16   10    1
  45 k  0.5239085163330 bend   13    2    1      val=   0.00825
        0.4749433702828 bend   13   10    1
       -0.4755017941396 bend   16    2    1
       -0.5233036454184 bend   16   10    1
        45 non zero eigenvalues  of BmBt
           1          11.473393536    1    0
         1
           2           8.030344223    2    0
         2
           3           5.547137390    3    0
         3
           4           5.352819767    4    0
         4
           5           4.322052686    5    0
         5
           6           4.239297953    6    0
         6
           7           3.930811433    7    0
         7
           8           3.608991354    8    0
         8
           9           3.566983942    9    0
         9
          10           3.415309526   10    0
        10
          11           3.122284127   11    0
        11
          12           3.077616107   12    0
        12
          13           2.528709405   13    0
        13
          14           2.417697204   14    0
        14
          15           2.412894608   15    0
        15
          16           2.341851717   16    0
        16
          17           1.939635672   17    0
        17
          18           1.804507418   18    0
        18
          19           1.739049983   19    0
        19
          20           1.501531326   20    0
        20
          21           1.479932319   21    0
        21
          22           1.125503503   22    0
        22
          23           0.942994023   23    0
        23
          24           0.888337290   24    0
        24
          25           0.814355657   25    0
        25
          26           0.732781035   26    0
        26
          27           0.643362248   27    0
        27
          28           0.485238940   28    0
        28
          29           0.445649849   29    0
        29
          30           0.441160609   30    0
        30
          31           0.387133988   31    0
        31
          32           0.360221347   32    0
        32
          33           0.330918783   33    0
        33
          34           0.305642530   34    0
        34
          35           0.287483373   35    0
        35
          36           0.281838245   36    0
        36
          37           0.269593285   37    0
        37
          38           0.221597065   38    0
        38
          39           0.137171220   39    0
        39
          40           0.131354786   40    0
        40
          41           0.114505452   41    0
        41
          42           0.062407011   42    0
        42
          43           0.043416379   43    0
        43
          44           0.009888781   44    0
        44
          45           0.004305062   45    0
        45
$user-defined bonds
$frag
 atom   1 fragment  1 symmetry  c1
 atom   2 fragment  1
 atom   3 fragment  1
 atom   4 fragment  1
 atom   5 fragment  1
 atom   6 fragment  1
 atom   7 fragment  1
 atom   8 fragment  1
 atom   9 fragment  1
 atom  10 fragment  1
 atom  11 fragment  1
 atom  12 fragment  2 symmetry  c1
 atom  13 fragment  2
 atom  14 fragment  2
 atom  15 fragment  2
 atom  16 fragment  2
 atom  17 fragment  2
   iteration     6
$end
