$coord
   -2.86614384629539      0.50730075982542      0.00000000000000       c
   -2.35868434947481     -4.10118002962120      0.00000000000000       c
   -6.22007703009415     -2.54675178394572      0.00000000000000       c
   -5.50322075994078     -0.05275926390403      0.00000000000000       c
   -9.48081459019739      0.00062549934999      0.00000000000000       c
   -1.43115007167055     -1.70294749163736      0.00000000000000       n
   -4.76389753579353     -4.62925265909930      0.00000000000000       n
   -7.59671039255708      1.50604369776907      0.00000000000000       n
   -8.77716939543902     -2.50497749805215      0.00000000000000       n
   -0.65378855019445     -5.96273979449618      0.00000000000000       n
   -1.81438653141976      2.53911162119047      0.00000000000000       o
    0.45590020901093     -1.44738659860430      0.00000000000000       h
  -11.42969859967302      0.54723256273942      0.00000000000000       h
   -9.89513515510644     -4.01115347665053      0.00000000000000       h
   -1.30933454569248     -7.71737696504636      0.00000000000000       h
    1.21098752855871     -5.64747111456847      0.00000000000000       h
    5.71905583020831     -2.73330932723646      0.00000000000000       c
    9.34454076957661      0.00005480205785      0.00000000000000       c
    7.87541665126572      2.05488630717372      0.00000000000000       c
    5.17778724314428      1.61591426486118      0.00000000000000       c
    8.31202653591215     -2.33919749359249      0.00000000000000       n
    4.21541208462800     -0.67433743216344      0.00000000000000       n
    3.60926730969587      3.56229060775847      0.00000000000000       n
    4.94584792677229     -4.88457922609187      0.00000000000000       o
    9.37925503863772     -3.88610084980682      0.00000000000000       h
   11.37159519026519      0.09310680656728      0.00000000000000       h
    8.64799149644723      3.92634067808049      0.00000000000000       h
    4.26422182091431      5.31735296668855      0.00000000000000       h
    1.72740243752303      3.27472720266499      0.00000000000000       h
$end
