$energy      SCF               SCFKIN            SCFPOT            RIRPA
     1 -569.5261771245      0.00000000      0.00000000     -3.814528120514
     2 -569.5265725137      0.00000000      0.00000000     -3.814161741043
     3 -569.5269136508      0.00000000      0.00000000     -3.813763831201
     4 -569.5267506990      0.00000000      0.00000000     -3.813983403473
     5 -569.5267207470      0.00000000      0.00000000     -3.814016307266
     6 -569.5267056017      0.00000000      0.00000000     -3.814031710293
     7 -569.5267079884      0.00000000      0.00000000     -3.814029459384
     8 -569.5267144186      0.00000000      0.00000000     -3.814023059934
     9 -569.5267185083      0.00000000      0.00000000     -3.814018953861
    10 -569.5267197569      0.00000000      0.00000000     -3.814017748901
$end
