$hessapprox internal
  0.534406514032D+00 -0.212659659946D-04  0.373927151009D+00 -0.217080176138D-03
  0.538380527566D-04  0.666840652223D-01 -0.159525881173D-02 -0.180262616391D-04
 -0.618324355749D-03  0.449220829101D+00 -0.292121133556D-03  0.329745671212D-04
 -0.854067764855D-04 -0.481222452178D-03  0.371377929026D+00  0.359563645411D-03
  0.111451259217D-04 -0.136095644403D-03  0.823838393200D-03  0.763454373804D-03
  0.690865597623D-01 -0.201182003658D-02 -0.168884445410D-04 -0.141446563605D-03
 -0.258755920358D-02 -0.413474748983D-03  0.597380793464D-03  0.453261647522D+00
  0.269379151484D-03  0.122482610853D-04 -0.133095554934D-03  0.163018205031D-03
 -0.324722645288D-03 -0.218974203236D-03  0.210993208710D-03  0.371993068737D+00
  0.473081803460D-03  0.562193020644D-06  0.292786241864D-02  0.138168183505D-03
 -0.355255264825D-03 -0.146832007609D-01  0.344043299991D-03  0.249042807875D-03
  0.668639245793D-01 -0.183201097867D-02 -0.214228691798D-04 -0.162645443837D-03
 -0.237472358455D-02 -0.276203273453D-03  0.555121792042D-03 -0.287319945596D-02
  0.250359349479D-03  0.255319422073D-03  0.450260105402D+00 -0.216706898501D-03
 -0.103993113267D-04  0.785913471763D-04 -0.115087446670D-03  0.253075718509D-03
  0.149571741342D-03 -0.170270321992D-03  0.962710659206D-04 -0.169347900523D-03
 -0.200520586764D-03  0.373095861792D+00  0.587188561715D-03 -0.824585406109D-05
  0.138566798579D-02  0.125560756649D-05 -0.212157634845D-03 -0.146793084575D-01
  0.268879155590D-03  0.337243335680D-03  0.136586013168D-01  0.211175845139D-03
 -0.269210381021D-03  0.652746436861D-01 -0.176889675378D-02 -0.236795307550D-04
 -0.122072108545D-03 -0.236616194785D-02 -0.267077466811D-03  0.630352376900D-03
 -0.290265179110D-02  0.278602323364D-03  0.337843021858D-03 -0.270464365741D-02
 -0.221482641330D-03  0.220137347512D-03  0.455416126373D+00  0.113340778330D-02
 -0.109861989729D-03  0.774136878161D-03  0.199313700260D-02  0.311948462171D-02
 -0.122945053478D-02  0.169639698709D-02  0.115583147322D-02  0.119987912201D-03
  0.117622937385D-02 -0.901283705717D-03 -0.421586249819D-03  0.115306280839D-02
  0.360848167686D+00 -0.226118212227D-03  0.843029087197D-04  0.743482686006D-02
 -0.603518491204D-03  0.690162493583D-03  0.496626623111D-02 -0.482394883002D-05
 -0.511983100908D-04  0.856104633495D-03 -0.127057214179D-03 -0.168471297395D-04
 -0.717062408826D-03 -0.533654038975D-04 -0.976330002349D-03  0.663196864102D-01
 -0.223354875546D-04  0.313600346727D-05 -0.168835452038D-03 -0.353866546735D-04
 -0.712344148550D-04  0.101989393765D-02 -0.308533784169D-04 -0.522940077890D-04
 -0.866119914985D-03 -0.127696915035D-04  0.386273350431D-04 -0.681428554481D-03
 -0.134531536354D-04  0.317927706304D-03  0.888123692165D-04  0.206560140499D-01
 -0.128089917395D-02 -0.329750917534D-04 -0.666989383316D-04 -0.174819781660D-02
  0.121788581423D-03  0.492605991401D-03 -0.220798987027D-02  0.365567430541D-03
  0.214195359174D-03 -0.209785661912D-02 -0.290789014261D-03  0.160305401452D-03
 -0.210286013658D-02 -0.334739564751D-03 -0.211414728286D-03  0.383482683503D-04
  0.613386900186D+00 -0.642715294266D-03  0.900514436820D-04 -0.881229138419D-03
 -0.165548317132D-02 -0.285254430549D-02  0.688866336851D-04 -0.157837561002D-02
 -0.895536543623D-03  0.105113109423D-02 -0.108774407595D-02  0.701174621334D-03
  0.159824154574D-02 -0.100175977505D-02  0.104534453510D-01  0.355675817006D-03
 -0.354626602616D-03  0.358704875626D-03  0.374436320403D+00 -0.206738824200D-02
 -0.257011722868D-04 -0.360454771334D-03 -0.248683663995D-02 -0.229283904105D-03
  0.875684120225D-03 -0.300441434381D-02  0.238588491553D-03 -0.242641530500D-03
 -0.281363917623D-02 -0.187990295812D-03 -0.337907118363D-03 -0.286451661514D-02
  0.994468651455D-03 -0.511980784857D-03  0.171786967646D-04 -0.225792279753D-02
 -0.109955826659D-02  0.427235147981D+00 -0.179897365832D-02 -0.274941847016D-05
 -0.396323786230D-03 -0.245586269798D-02 -0.770376484533D-03  0.304621106473D-03
 -0.284056963294D-02  0.550316309369D-04  0.561821183940D-03 -0.258783146095D-02
 -0.501639842926D-04  0.626374700686D-03 -0.260815686340D-02  0.289466033265D-02
 -0.369739765059D-03 -0.778243282152D-04 -0.182027576547D-02 -0.258205870698D-02
 -0.270026111904D-02  0.427172472607D+00  0.463964486053D-05  0.141165396786D-04
  0.116237462352D-02 -0.151200955171D-03  0.101757704253D-03  0.467633558662D-03
  0.756270749122D-04 -0.310021087702D-04  0.270400987135D-04  0.537151431301D-04
  0.113383514445D-04 -0.287400626208D-03  0.542344395648D-04 -0.227251370871D-03
  0.216482649310D-02  0.161458243800D-06  0.155573256147D-04  0.342812775668D-04
  0.312803535807D-04  0.207306014201D-04  0.343173089869D+00  0.736547749133D-04
  0.349339966318D-04  0.192925292294D-02 -0.497443459610D-03  0.272839790435D-03
 -0.507386067833D-03  0.215162940508D-03 -0.215347304186D-04 -0.842685061861D-03
  0.164451043571D-03 -0.319395123566D-04 -0.856967030517D-03  0.112306482323D-03
 -0.759271261590D-03  0.303256500416D-02 -0.642860700270D-04 -0.177021847861D-04
  0.380705507492D-03  0.100099226855D-03  0.195544523054D-03  0.873369629740D-03
  0.346529030046D+00  0.227132547006D-03 -0.765754693430D-04  0.679944406967D-03
  0.990858153918D-03  0.215542747582D-02  0.475125628339D-03  0.767041182514D-03
  0.731442958472D-03 -0.604336348150D-03  0.419701103307D-03 -0.566754103811D-03
 -0.116389247627D-02  0.366794294600D-03 -0.786684695811D-02 -0.844406045525D-04
  0.296944274353D-03 -0.580754464592D-03  0.677701982968D-02  0.410493145649D-03
  0.157306843289D-02 -0.612227115840D-04 -0.801012644647D-03  0.315803081220D+00
  0.174465114768D-02 -0.596412121945D-04 -0.554546597739D-03  0.210451839010D-02
  0.113525178456D-02 -0.673879360282D-03  0.192655091195D-02  0.433670056130D-03
  0.127980636432D-02  0.168134382002D-02 -0.319434308406D-03  0.105303367330D-02
  0.177803112040D-02 -0.463225273061D-02 -0.207128536823D-02  0.166053021126D-03
  0.103854482454D-02  0.466863891267D-02  0.158582996064D-02  0.236541363421D-02
 -0.564872613100D-03 -0.241303339702D-02 -0.297503801025D-02  0.341892657790D+00
 -0.182412004228D-02 -0.971597807788D-05 -0.185619256246D-03 -0.243035861474D-02
 -0.586131125199D-03  0.743095015683D-03 -0.290120785025D-02  0.125818281489D-03
  0.355746774268D-03 -0.266302256897D-02 -0.101768631007D-03  0.335380092531D-03
 -0.267464481712D-02  0.231814412411D-02  0.122318542366D-03 -0.418333798600D-04
 -0.194199744536D-02 -0.209378749261D-02 -0.278500904501D-02 -0.275683412387D-02
  0.677793083138D-04  0.946952852253D-04  0.123289971595D-02  0.219321873618D-02
  0.430646777753D+00 -0.206243705477D-02  0.309093117781D-04 -0.507220983738D-03
 -0.294875172570D-02 -0.163806464881D-02  0.558367214808D-03 -0.328101630959D-02
 -0.267344247421D-03  0.393775514914D-03 -0.287772699838D-02  0.203359711301D-03
  0.622135694876D-03 -0.288374990637D-02  0.618970455883D-02  0.191220908318D-03
 -0.188305209874D-03 -0.169554721875D-02 -0.553701545000D-02 -0.295372028975D-02
 -0.355457330069D-02  0.126547570397D-03  0.648829859061D-03  0.375887634857D-02
  0.343438653938D-02 -0.338480527845D-02  0.419207724139D+00  0.897084017495D-03
 -0.160144499272D-03  0.152443169862D-02  0.214245371959D-02  0.455809905327D-02
 -0.542048168854D-03  0.171080056470D-02  0.166566547341D-02 -0.478645459100D-03
  0.983292268040D-03 -0.130274591693D-02 -0.146323803905D-02  0.907887301335D-03
 -0.166630144437D-01 -0.448688138647D-03  0.527185325564D-03 -0.111985765476D-02
  0.147789825962D-01  0.792019738252D-03  0.348420312202D-02 -0.116546534392D-03
 -0.910347378544D-03 -0.111785117928D-01 -0.659863769268D-02  0.267340897387D-02
  0.823275444694D-02  0.316928895723D+00 -0.160871579200D-03  0.748121235045D-04
  0.152787691029D-02 -0.119598425808D-02 -0.841176587134D-03 -0.131111428201D-02
 -0.367172339778D-03 -0.352672740347D-03 -0.195929225659D-03 -0.235489588383D-03
  0.217333398595D-03  0.268330867591D-03 -0.273528520620D-03  0.328979155903D-02
  0.285772036811D-02 -0.242223684180D-03  0.116465651538D-03 -0.302164412955D-02
 -0.349208646211D-03 -0.727010973916D-03  0.874018599587D-03  0.408700904199D-02
  0.162929355733D-02 -0.891380169341D-03 -0.726705553499D-03 -0.139486859918D-02
  0.468645079577D-02  0.344876169672D+00  0.389656123029D-03 -0.152660612267D-03
  0.733207607776D-03  0.173856983241D-02  0.407666924270D-02 -0.252490698563D-03
  0.122933856845D-02  0.148292092587D-02 -0.913551254415D-03  0.587312121581D-03
 -0.115163061142D-02 -0.170774160203D-02  0.480040409696D-03 -0.149547593270D-01
 -0.153432560823D-02  0.508856726732D-03 -0.129158446832D-02  0.130933373509D-01
  0.511330175123D-03  0.286653146900D-02 -0.283952037180D-03 -0.129654046382D-02
 -0.990868596132D-02 -0.570341148445D-02  0.211013470604D-02  0.707941717335D-02
 -0.215763730452D-01  0.360997487608D-02  0.301594998055D+00  0.815974038237D-04
  0.106184977465D-04 -0.268418902560D-03  0.144278493579D-03 -0.526338748826D-03
  0.504552898468D-03  0.618116115941D-04 -0.209779318522D-03  0.658715312548D-03
  0.128773599534D-03  0.179146051062D-03  0.543707233529D-03  0.168592751498D-03
  0.184561299810D-02  0.568459038283D-04 -0.216044441099D-04  0.364862972925D-03
 -0.159904077252D-02  0.174547042464D-03 -0.171629905142D-03 -0.144168017027D-03
 -0.112847141856D-02  0.150388899609D-02  0.144012165444D-02  0.831841009113D-06
 -0.818397554649D-03  0.280264507358D-02 -0.198585721819D-02  0.265738030512D-02
  0.341025757669D+00  0.140148429400D-03  0.125951854435D-05  0.340253756420D-03
 -0.171127804548D-04 -0.578720488167D-05  0.117313679482D-02  0.147932374412D-03
 -0.429403891524D-04  0.147110583415D-03  0.133312133161D-03  0.227824435764D-04
  0.180395685107D-03  0.145920591922D-03 -0.116201333073D-03  0.855152437832D-03
  0.971789170777D-04  0.175752499610D-03 -0.123776790929D-04  0.134068097567D-03
  0.178486508273D-03  0.851171509834D-04 -0.546674339915D-03  0.227609539490D-03
  0.614462662434D-03  0.193041969711D-03 -0.183938892149D-05  0.895351100511D-04
 -0.723494576486D-03  0.105051151596D-03  0.395536272489D-03  0.111701068466D-01
 -0.266145473208D-03 -0.747818210178D-04  0.261495547419D-03 -0.677159001516D-03
  0.125970228795D-02  0.268207382511D-03 -0.112443214932D-02  0.780225564634D-03
  0.128456934566D-03 -0.120661708489D-02 -0.616296641796D-03 -0.914332165538D-04
 -0.117139706390D-02 -0.463394712353D-02 -0.517151076235D-03  0.176009823992D-03
 -0.141954667331D-02  0.437491443695D-02 -0.144970783811D-02 -0.347893186288D-03
 -0.148185200833D-04 -0.265694709619D-03 -0.350444100043D-02 -0.595309369344D-03
 -0.631663829091D-03  0.988702597997D-03 -0.725533486625D-02  0.134154597868D-02
 -0.685893417253D-02  0.104776789999D-02  0.273468427823D-03  0.508534100449D+00
 -0.334080300299D-03 -0.692536619868D-04 -0.187239276435D-03 -0.544715696322D-03
  0.102331395035D-02  0.130077568409D-03 -0.121739727689D-02  0.722450244166D-03
  0.884047910623D-04 -0.125878662996D-02 -0.557774896242D-03 -0.386900377223D-04
 -0.121126070778D-02 -0.362312133259D-02 -0.954316313649D-03  0.122660399624D-03
 -0.137945003024D-02  0.364746125036D-02 -0.151294415479D-02 -0.563748554402D-03
 -0.202298633268D-03 -0.601257477641D-03 -0.294829435853D-02 -0.250972603324D-03
 -0.778341097193D-03  0.575873169148D-03 -0.596930504028D-02  0.758923898207D-03
 -0.565286369591D-02  0.910520903211D-03 -0.601673252543D-04 -0.225621734302D-02
  0.506939543573D+00 -0.461778685665D-03 -0.135036084351D-04  0.191798122420D-03
 -0.214849533500D-03  0.523117512926D-03 -0.241250409824D-03 -0.252505025194D-03
  0.170939733724D-03 -0.616280657360D-03 -0.321828425455D-03 -0.136658365037D-03
 -0.734609221902D-03 -0.387175425180D-03 -0.179585043393D-02 -0.965556623343D-04
  0.343683560174D-04 -0.566526936312D-03  0.137154286893D-02 -0.285670766441D-03
 -0.416465956633D-04  0.806259560239D-04  0.607379600587D-03 -0.125734109097D-02
 -0.126423107339D-02 -0.175098522690D-03  0.560803463639D-03 -0.263110402988D-02
  0.124864869843D-02 -0.235348067850D-02  0.131918114532D-04 -0.326489310732D-03
 -0.132974599524D-02 -0.113221198151D-02  0.333918674524D+00 -0.142608028160D-02
  0.171515134303D-03 -0.108815644064D-02 -0.319354362532D-02 -0.481659345545D-02
 -0.116891131143D-03 -0.273525914931D-02 -0.162695469093D-02  0.518208318899D-03
 -0.190672398389D-02  0.125753897981D-02  0.150872278225D-02 -0.183485092737D-02
  0.177771041975D-01  0.113722262662D-02 -0.638894263417D-03  0.455491552655D-03
 -0.157094769378D-01 -0.182104481904D-02 -0.451803141051D-02  0.412467136865D-03
  0.248434003305D-02  0.114797160271D-01  0.654710105099D-02 -0.372838381868D-02
 -0.938709092734D-02  0.252930545521D-01 -0.322258571876D-02  0.223490086601D-01
 -0.347291970616D-02 -0.558530471439D-03  0.718464867970D-02  0.582463134659D-02
  0.294046591176D-02  0.321644781050D+00 -0.154152577640D-02  0.243239583771D-03
 -0.177841375214D-02 -0.375105852544D-02 -0.695792248408D-02  0.116877113958D-02
 -0.321488057318D-02 -0.243639605445D-02  0.699874404155D-03 -0.205470137126D-02
  0.190396306986D-02  0.184512255717D-02 -0.190004056293D-02  0.256439845374D-01
  0.173660768977D-02 -0.839123477561D-03  0.129649634433D-02 -0.226213198447D-01
 -0.186758170522D-02 -0.591029407885D-02  0.391136192479D-03  0.204119470751D-02
  0.169611250066D-01  0.101079373501D-01 -0.462944714398D-02 -0.130751656688D-01
  0.367808570973D-01 -0.651440284656D-02  0.327299842669D-01 -0.443396017336D-02
 -0.345160075281D-03  0.109476335139D-01  0.901763500152D-02  0.398335078015D-02
 -0.384897938725D-01  0.291507610588D+00 -0.268552016313D-02 -0.191466941050D-03
  0.816429367842D-03 -0.205502145506D-02  0.391329922765D-02  0.184161794987D-02
 -0.324842268034D-02  0.185471897444D-02 -0.190277160137D-02 -0.361746830228D-02
 -0.144623034171D-02 -0.312701385127D-02 -0.379363065325D-02 -0.140152730389D-01
 -0.112616482346D-02  0.574061747798D-03 -0.471869066195D-02  0.117396001208D-01
 -0.374758183682D-02 -0.118868946916D-02  0.376385341494D-04 -0.619067287779D-03
 -0.952823212600D-02 -0.384104152270D-02 -0.200344352012D-02  0.286035177202D-02
 -0.209865189402D-01  0.360811615545D-02 -0.190311894989D-01  0.290463891390D-02
  0.314738273236D-03 -0.913707669904D-02 -0.814352823759D-02 -0.277888461082D-02
  0.204360516531D-01  0.310422040376D-01  0.565493555152D+00 -0.501091480999D-03
 -0.388883049783D-04  0.140857445332D-03 -0.162935010388D-04  0.972930472916D-03
  0.512359413029D-03 -0.212307766835D-03  0.328354655829D-03 -0.822962396046D-03
 -0.345335726754D-03 -0.249134310315D-03 -0.122985384863D-02 -0.410968380119D-03
 -0.348533960231D-02 -0.354721381908D-03  0.143646448392D-03 -0.760251555089D-03
  0.276008991898D-02 -0.267200926432D-03  0.176596561149D-03 -0.149466168521D-04
 -0.244159610243D-03 -0.215726433240D-02 -0.139534319509D-02  0.151751699230D-04
  0.117550944179D-02 -0.495949871121D-02  0.709611115970D-03 -0.432330923724D-02
  0.651505683901D-03 -0.192896153632D-04 -0.207047776833D-02 -0.179466919416D-02
 -0.453339172910D-03  0.493419336757D-02  0.737243318898D-02 -0.475606271695D-02
  0.426197362298D+00 -0.598480294572D-04  0.260053245883D-04  0.126303860671D-02
  0.953164157747D-04  0.610186046882D-03  0.117447358099D-01  0.113825867946D-03
 -0.130871731169D-03 -0.910956262002D-02  0.833745885397D-04  0.717625305665D-04
 -0.888585482171D-02  0.105569458723D-03 -0.912926186775D-03  0.592544542320D-02
  0.610163420943D-03  0.240611188352D-04  0.206707828728D-04  0.208747348787D-03
 -0.133379595166D-03  0.762351298651D-03  0.969450185731D-03  0.144268148730D-03
 -0.130530956051D-02  0.206516419232D-03  0.235671798603D-03 -0.475118038510D-03
  0.558781740224D-03 -0.548052382551D-03  0.248858850464D-05  0.536798037349D-03
 -0.191966620622D-03 -0.303449925150D-03  0.509054257588D-04  0.498478744637D-03
  0.117113509220D-02  0.528459639621D-03  0.227531469158D-03  0.829124363745D-01
  0.113996967126D-02 -0.815600985510D-04 -0.324833783295D-02  0.259026597959D-02
 -0.245096874632D-03  0.416827744443D-02  0.100723166572D-02  0.274176047183D-04
  0.202482016394D-02  0.100958984508D-02  0.976315164227D-04  0.176860869579D-02
  0.125167645139D-02  0.446481676827D-03 -0.377746020964D-02  0.360474599632D-03
  0.123474454534D-02  0.382801817024D-03  0.110350034650D-02  0.919989947573D-03
 -0.187509631529D-02 -0.980267914936D-02  0.164436172244D-02  0.597917548167D-02
  0.141347239592D-02  0.274102307535D-04  0.872860688291D-03 -0.112719599038D-01
  0.191553774653D-02  0.367973569686D-02  0.240670187412D-02  0.145927525312D-02
  0.207503466784D-02 -0.216382389504D-02 -0.499726346239D-02 -0.263483827642D-02
  0.248119479566D-02  0.398518162576D-03 -0.414309689014D-03  0.365484558159D-01
  0.462860703884D-03 -0.253834016911D-03  0.987115491182D-03  0.105591045370D-02
  0.551860681790D-02  0.270697098911D-03 -0.180741390905D-03  0.251032707290D-02
 -0.299028341121D-03 -0.882080499509D-03 -0.195190109411D-02 -0.165255345005D-02
 -0.861472863351D-03 -0.202833572189D-01 -0.224794770268D-02  0.706636553356D-03
 -0.288635249696D-02  0.184604072140D-01 -0.134527853813D-02  0.237870851489D-02
 -0.367621913211D-03 -0.208733983528D-02 -0.140941102778D-01 -0.570806911695D-02
  0.135794296585D-02  0.815134308402D-02 -0.301212704793D-01  0.465135357935D-02
 -0.273924794534D-01  0.411205718338D-02  0.508204177634D-03 -0.942073401533D-02
 -0.788075978361D-02 -0.423422062342D-02  0.307179459907D-01  0.457988591252D-01
 -0.301074568247D-01 -0.696879758034D-02 -0.866722902705D-03  0.537943663701D-02
  0.381609328003D+00  0.404438133938D-02  0.132701737775D-03  0.339226391216D-02
  0.456136728598D-03 -0.168237158924D-02  0.144487518300D-02  0.359958939619D-02
 -0.100391102271D-02  0.167543868045D-02  0.367139803442D-02  0.615335122880D-03
  0.378959212797D-02  0.385828440458D-02  0.469255638538D-02  0.662690971243D-02
  0.849962381818D-04  0.426335043176D-02 -0.420741276496D-02  0.344432230604D-02
  0.291156222508D-02  0.168952438272D-02  0.359757882794D-02  0.378275249033D-02
  0.193213187499D-02  0.304899595356D-02  0.641297622660D-03  0.851458579559D-02
  0.212971657328D-02  0.679365311723D-02 -0.141237227113D-02  0.342407947306D-02
  0.724618742703D-02  0.379515457075D-02  0.939294994007D-04 -0.743416818888D-02
 -0.122410464914D-01  0.130037348252D-01  0.110076935502D-02  0.178384063366D-02
 -0.616140822554D-02  0.158968410540D-01  0.394890187682D+00  0.118266268715D-02
  0.412840141898D-04  0.210880792611D-02 -0.457090242160D-03 -0.806726108083D-04
  0.251034052498D-02  0.120160477302D-02 -0.281240144970D-03 -0.753149043330D-04
  0.113827440286D-02  0.111440776910D-03  0.154110451052D-02  0.112509117593D-02
 -0.468652220896D-03  0.420119107435D-02  0.308778920635D-03  0.121491816145D-02
 -0.179997879246D-03  0.107966070792D-02  0.129083602704D-02  0.969629536906D-03
  0.132660255688D-02  0.466776945351D-03  0.512848013748D-03  0.117507043529D-02
  0.702279343570D-03  0.469715099709D-03  0.119867044931D-02  0.123671649233D-03
  0.165215426620D-03  0.265880618820D-02  0.175865751530D-02 -0.175066968300D-03
 -0.633735079553D-03 -0.658878159603D-03 -0.103869877526D-02  0.215792119861D-02
 -0.218751566570D-03  0.188935382158D-02 -0.770763471147D-03  0.204102300580D-02
  0.191801780838D-01  0.228944362872D-01 -0.204638793389D-02 -0.243833773317D-04
  0.203151913977D-02 -0.365738561268D-02  0.239594915362D-03  0.250660997089D-02
 -0.339469858047D-02  0.393156394073D-03 -0.200591430581D-03 -0.324374920508D-02
 -0.369996805252D-03 -0.498940250763D-03 -0.329244734124D-02 -0.926582895176D-03
  0.334215919194D-02  0.181850620313D-03 -0.267064498121D-02  0.130100957854D-03
 -0.341120414301D-02 -0.279886495638D-02  0.101157508829D-02  0.196736669372D-02
 -0.623240852974D-03  0.108079045531D-02 -0.299508259792D-02 -0.273140010161D-02
 -0.152206237153D-02  0.189612937195D-02 -0.208820622123D-02  0.361984902237D-03
  0.139151052475D-02 -0.181567964408D-02 -0.294220561335D-02 -0.901858042277D-03
  0.707498323128D-03  0.171479701258D-02 -0.652823916389D-02 -0.109239375367D-02
  0.171966147651D-02 -0.177573132191D-02 -0.436909230824D-02  0.170509199789D-01
  0.871178179547D-02  0.378358815434D+00  0.235258261922D-02  0.148315880632D-03
  0.557386336994D-02 -0.811286619759D-03 -0.149309877122D-02  0.162126304181D-02
  0.196974750072D-02 -0.892987417767D-03  0.315446193675D-02  0.205559700406D-02
  0.533277134467D-03  0.436483531335D-02  0.218299745837D-02  0.475357217152D-02
  0.111185795215D-01 -0.570006336943D-05  0.274363787089D-02 -0.453547877938D-02
  0.170932737615D-02  0.130317341410D-02  0.219316436872D-02  0.420121678517D-02
  0.382990693660D-02  0.157163024366D-02  0.153815467453D-02 -0.753728367501D-03
  0.844047719434D-02  0.258874629822D-02  0.643862935888D-02 -0.126248564288D-02
  0.318226942971D-02  0.549684459571D-02  0.239938203452D-02  0.178647864497D-03
 -0.771645096756D-02 -0.122494453024D-01  0.101741093916D-01  0.975491326811D-03
  0.275030297189D-02 -0.654929326670D-02  0.130553241017D-01  0.242228293920D-01
  0.177943084140D-01  0.141927794605D-01  0.396792838324D+00 -0.209359332939D-02
 -0.474791626057D-04  0.104162886778D-02 -0.310528082019D-02  0.529840964267D-03
  0.127007916995D-02 -0.338270924696D-02  0.595817525933D-03  0.230852218742D-03
 -0.327141490523D-02 -0.502087607310D-03  0.263941845466D-03 -0.332357999052D-02
 -0.184856255143D-02  0.155074326073D-02  0.152311747011D-03 -0.286530538526D-02
  0.132937748229D-02 -0.350028089346D-02 -0.265461388691D-02  0.479525448629D-03
  0.832438766961D-03 -0.151994582680D-02  0.881600382381D-03 -0.290642758795D-02
 -0.219620527342D-02 -0.328164637089D-02  0.130602525701D-02 -0.350674009246D-02
  0.677739177563D-03  0.823290262497D-03 -0.266047726201D-02 -0.304899242854D-02
 -0.105862085310D-02  0.237183415147D-02  0.430088115659D-02 -0.855605691199D-02
 -0.148488176397D-02  0.714266443756D-03  0.322756335582D-03 -0.674711466809D-02
  0.121183034881D-01  0.526613290431D-02 -0.224440180821D-02  0.964610745241D-02
  0.422899393622D+00 -0.947621918487D-03 -0.124608414985D-04 -0.234398114798D-02
  0.381876941560D-03 -0.856247692491D-03  0.468847055203D-03 -0.111991793114D-02
 -0.140553195387D-03 -0.271303711667D-03 -0.925789113109D-03  0.213488282144D-03
 -0.133459040394D-02 -0.852263176508D-03  0.376435937883D-02 -0.297880209676D-02
 -0.191018015086D-03 -0.499752076684D-03 -0.285432667072D-02 -0.806637341854D-03
 -0.158993717007D-02 -0.100124041631D-02 -0.288231263394D-02  0.235815737678D-02
  0.218106937757D-02 -0.118775946671D-02 -0.228887521281D-02  0.473481899593D-02
 -0.433608780681D-02  0.470736701079D-02  0.158232243034D-03 -0.136238800647D-02
  0.369936242945D-03  0.166126180843D-02  0.526677768773D-03 -0.583672548124D-02
 -0.729174404719D-02  0.315896663310D-02  0.129834817564D-02 -0.469847739068D-03
  0.693901175805D-02  0.559389923693D-02 -0.170540316131D-01 -0.999221911478D-02
 -0.647392316877D-02 -0.159202869843D-01 -0.321096019222D-02  0.411780798714D+00
 -0.840044231160D-03  0.738598943157D-04  0.849078620027D-02 -0.287432098068D-03
  0.459788642871D-03  0.414298003027D-02 -0.470760777450D-03 -0.144469067193D-03
  0.455179058079D-02 -0.540372089292D-03  0.135385212950D-03  0.174241831395D-02
 -0.392975850997D-03  0.180200611083D-03  0.184713342640D-01 -0.369845495919D-04
 -0.458202041208D-03 -0.756883291990D-03 -0.844140286255D-03 -0.123582642393D-02
  0.207529127301D-02  0.530744973251D-04  0.145203886202D-02 -0.288349416876D-03
 -0.182161048099D-03 -0.927037644209D-03  0.151554213957D-02 -0.147202189031D-02
  0.459586590245D-03  0.136203491786D-02  0.115137513377D-02 -0.415912460382D-03
 -0.455511828646D-03 -0.442170776052D-03 -0.231749764062D-02 -0.142999159721D-02
  0.644092712754D-03  0.422237045755D-03  0.542665591626D-02  0.603957017131D-02
  0.442876305267D-03 -0.308809998935D-03  0.103489274489D-02  0.132040346282D-02
  0.622333542496D-02  0.674043788218D-03  0.125295505149D-02  0.752337140198D-01
 -0.245591313435D-02 -0.355474655206D-04 -0.153900176336D-03 -0.323922150485D-02
 -0.250073870451D-03  0.824862251761D-03 -0.393590371522D-02  0.404733575696D-03
  0.268826550719D-03 -0.368421034249D-02 -0.322909411252D-03  0.899746071578D-04
 -0.371066161282D-02  0.113659089426D-02 -0.194569797731D-03 -0.367598709778D-05
 -0.292737841599D-02 -0.105650152277D-02 -0.387831358824D-02 -0.349101286716D-02
  0.978607746267D-04  0.292691363597D-03  0.231349280186D-03  0.213593794255D-02
 -0.361273404494D-02 -0.374179907618D-02  0.645956365059D-03 -0.103313677556D-03
  0.141277438374D-03  0.235437663939D-03  0.173014193766D-03 -0.181945562852D-02
 -0.188099033550D-02 -0.531516303437D-03 -0.183268631207D-02 -0.169543890001D-02
 -0.562174447219D-02 -0.639023161864D-03  0.142364182701D-03  0.120405901519D-02
 -0.201282490160D-02  0.558380798146D-02  0.162715780502D-02 -0.442651192946D-02
  0.324380481777D-02 -0.459512423284D-02 -0.122244915587D-02 -0.792867609943D-03
  0.611180986649D+00 -0.278880941720D-02 -0.715294257523D-04 -0.268624809240D-03
 -0.310211227111D-02  0.487435267645D-03  0.153417647787D-02 -0.413434488169D-02
  0.683587837255D-03 -0.406608700313D-03 -0.397254702914D-02 -0.524170154093D-03
 -0.922208742891D-03 -0.402467440832D-02 -0.144278799652D-02 -0.640449119980D-03
  0.118813480781D-03 -0.350255893588D-02  0.108344827107D-02 -0.411933671811D-02
 -0.341385963995D-02 -0.342871505333D-04 -0.427845060373D-03 -0.135485508428D-02
  0.138128508120D-02 -0.360389109791D-02 -0.290613637966D-02 -0.308694658639D-02
 -0.177392986235D-03 -0.307910961400D-02  0.908489907492D-03  0.142856758998D-03
 -0.335596688357D-02 -0.306985270744D-02 -0.981523959063D-03  0.170175591003D-02
  0.385080323004D-02 -0.926979621377D-02 -0.128321068517D-02  0.392751741124D-03
  0.306166955635D-02 -0.704759597695D-02  0.526891943125D-02  0.754788299530D-03
 -0.579022531601D-02  0.287723392516D-02 -0.597652404427D-02  0.632182872320D-03
  0.664121030079D-04 -0.559355783760D-02  0.635224810606D+00 -0.216461200921D-02
 -0.800128250490D-05 -0.574849748545D-03 -0.311296857018D-02 -0.106883100654D-02
  0.297916239533D-03 -0.387964089649D-02  0.155872473773D-03  0.907653659208D-03
 -0.350841734459D-02 -0.119537859097D-03  0.857286081051D-03 -0.347376857106D-02
  0.417981977106D-02 -0.399114029770D-03 -0.152653720858D-03 -0.240675029416D-02
 -0.339226404485D-02 -0.375937178727D-02 -0.378323926920D-02 -0.375606983494D-04
  0.174098935298D-03  0.205092858017D-02  0.334145280133D-02 -0.374254710722D-02
 -0.482769602135D-02  0.484618034239D-02 -0.104712307106D-02  0.386017680361D-02
 -0.282550283640D-03 -0.102491956828D-03 -0.258447201487D-03 -0.294216300353D-03
 -0.932256837984D-04 -0.605887597559D-02 -0.791699045029D-02 -0.177049464962D-02
  0.126233929904D-03 -0.190332187961D-03  0.144759699293D-02  0.375905562591D-02
  0.204925815819D-02  0.787110017017D-04 -0.462563087743D-02  0.280458384825D-04
 -0.398288824739D-02 -0.929519487904D-03 -0.111513562719D-02 -0.469838931669D-02
 -0.452619080288D-02  0.582411422672D+00 -0.278952691299D-02 -0.124934813832D-04
 -0.432515959729D-03 -0.383118937640D-02 -0.108005704285D-02  0.128170096149D-02
 -0.457284744788D-02  0.157812504850D-03  0.655125861923D-03 -0.417320113749D-02
 -0.128846913896D-03  0.688725956406D-03 -0.417594559861D-02  0.418371180676D-02
  0.576944890495D-04 -0.715901468094D-04 -0.295386846279D-02 -0.370439188137D-02
 -0.437749883185D-02 -0.438672193012D-02  0.648694853682D-04 -0.208529334696D-04
  0.229217681712D-02  0.386049369420D-02 -0.435967521111D-02 -0.555912114403D-02
  0.495922177847D-02 -0.148672311026D-02  0.399439239582D-02 -0.102719105648D-04
  0.399074289293D-03 -0.657652124517D-03 -0.945291142676D-03 -0.281663938363D-03
 -0.673277325834D-02 -0.845507833426D-02 -0.249386670063D-02  0.134153986922D-03
  0.299993924737D-03  0.282176963489D-02  0.328225555705D-02  0.491804371944D-02
  0.208662472795D-02 -0.456368985426D-02  0.240980440729D-02 -0.437579150717D-02
 -0.207399863700D-02 -0.472605417343D-03 -0.563767173670D-02 -0.551786210888D-02
 -0.595733120717D-02  0.640407835159D+00 -0.181313026123D-02 -0.574079604642D-04
  0.365811415874D-03 -0.264309831349D-02  0.477899452141D-03  0.199348962193D-02
 -0.311030964207D-02  0.589153697527D-03  0.957913110412D-05 -0.300214709603D-02
 -0.481981688606D-03 -0.119410414620D-03 -0.301782727229D-02 -0.173337655289D-02
  0.474511027723D-03  0.196216449183D-03 -0.258616861706D-02  0.137741499312D-02
 -0.320792524965D-02 -0.239322630964D-02  0.186996415591D-03 -0.260011869438D-03
 -0.135362561622D-02  0.151436498319D-02 -0.261839215093D-02 -0.205423941120D-02
 -0.312764691798D-02  0.932410415365D-04 -0.321021683165D-02  0.995621632299D-03
  0.989966858173D-03 -0.235896285954D-02 -0.263964528546D-02 -0.124448238989D-02
  0.185991372611D-02  0.397781149221D-02 -0.799360512045D-02 -0.141064737795D-02
  0.689470949617D-03  0.324004483131D-02 -0.586632174970D-02  0.107968107748D-01
  0.473011291371D-02 -0.244353462527D-02  0.814258480338D-02 -0.362763422128D-02
 -0.220088013592D-02  0.196661445976D-03 -0.422759436111D-02 -0.537944436223D-02
 -0.355890032819D-02 -0.385316593492D-02  0.594155696365D+00  0.255424297794D-03
 -0.233239811895D-05 -0.133499404091D-02  0.857041746408D-03 -0.448407132790D-03
 -0.111639011931D-03  0.144843023530D-03 -0.910765508782D-04 -0.300376560275D-03
  0.228147090829D-03  0.126214045117D-03 -0.725339863698D-03  0.313001052563D-03
  0.195650967290D-02 -0.177955194113D-02 -0.127824969145D-03  0.371980341494D-03
 -0.123234010237D-02  0.250345791368D-03 -0.194995306970D-03 -0.556833598290D-03
 -0.128877917092D-02  0.107569246780D-02  0.783993223451D-03  0.505751474373D-04
 -0.482781508475D-03  0.245278321592D-02 -0.188824277986D-02  0.238608876384D-02
 -0.139058207032D-03 -0.967350266541D-03  0.815324404742D-03  0.156563097635D-02
  0.369637374287D-03 -0.253263731993D-02 -0.342521119643D-02  0.261031279635D-02
  0.666794929955D-03 -0.357050297619D-03  0.254983466295D-02  0.378818058016D-02
 -0.100390761496D-01 -0.604653432327D-02 -0.270783368501D-02 -0.925838042098D-02
 -0.868287944595D-03  0.448341495863D-02  0.103924075415D-03  0.386180130686D-03
  0.137851683766D-02  0.626941619272D-03 -0.324730337605D-04 -0.442887352853D-03
  0.433421735582D+00 -0.235525260485D-02 -0.830286804835D-04  0.114499671423D-02
 -0.144311135951D-02  0.236195742830D-02  0.181512949938D-02 -0.169959439229D-02
  0.807816671942D-03 -0.220799073975D-02 -0.199078802598D-02 -0.645069729576D-03
 -0.296953740809D-02 -0.224401747197D-02 -0.836859972595D-02  0.678454541331D-03
  0.387975980181D-03 -0.285762432745D-02  0.618073223281D-02 -0.181291470181D-02
 -0.592560342100D-03  0.343590818455D-03  0.492969414029D-03 -0.513287441569D-02
 -0.346792320494D-02 -0.110954073418D-02  0.173894472804D-02 -0.118997139612D-01
  0.276886273360D-02 -0.105203824430D-01  0.142339232037D-02  0.290023532080D-03
 -0.593966740324D-02 -0.560215443732D-02 -0.105006066385D-02  0.115965160297D-01
  0.172999093681D-01 -0.132345431913D-01 -0.217662310516D-02  0.121892897701D-02
 -0.114689015727D-02 -0.185571155437D-01  0.713192475256D-02  0.217842439583D-02
 -0.278938963585D-02  0.650412957196D-02 -0.442861580124D-02  0.719299100749D-03
  0.129401288331D-02 -0.318399438707D-02 -0.513804199069D-02 -0.158250377142D-02
 -0.151564057517D-02 -0.450676595526D-02  0.411365696376D-03  0.428136691136D+00
 -0.105795183454D-02 -0.553700067947D-04 -0.328965955538D-03 -0.743187898654D-04
  0.110160101898D-02  0.139133846370D-02 -0.785006415188D-03  0.421528808742D-03
 -0.156087622853D-02 -0.900717559272D-03 -0.293324844478D-03 -0.237046125037D-02
 -0.968543510378D-03 -0.365933234598D-02 -0.855560005077D-03  0.167397337015D-03
 -0.130990568703D-02  0.290242538762D-02 -0.776775785562D-03 -0.383669966574D-03
 -0.236499576782D-03 -0.101956504363D-02 -0.225842087170D-02 -0.127449920488D-02
 -0.475135709016D-03  0.789597588575D-03 -0.539225628896D-02 -0.159108796153D-03
 -0.458630957318D-02  0.925001537665D-03 -0.379552178878D-03 -0.280120498753D-02
 -0.207109525865D-02 -0.487936995977D-03  0.501955606709D-02  0.794878421681D-02
 -0.584440544850D-02 -0.821178805540D-03  0.603187446450D-03  0.239992363164D-02
 -0.804827703113D-02 -0.285966993221D-02 -0.289442163164D-02 -0.340948969083D-02
 -0.271864507583D-02 -0.308317623656D-02  0.384778367040D-02  0.133844316187D-02
 -0.144739144182D-02 -0.183039202140D-02 -0.317447986226D-03 -0.656924185462D-03
 -0.270801664285D-02  0.214511696620D-02 -0.286648818324D-02  0.431970280765D+00
  0.399059651617D-03 -0.252998609809D-04 -0.103566675116D-02 -0.642540680402D-03
 -0.816106072247D-03 -0.226147803275D-01 -0.145618965764D-03  0.342220387787D-03
  0.174865113413D-01 -0.102642160572D-03 -0.281345836653D-03  0.210275668079D-01
 -0.206129113621D-03  0.725841649703D-03 -0.676111863098D-02 -0.965452165983D-03
  0.779772055810D-06  0.864477473253D-03 -0.643906230678D-03  0.405115005323D-03
 -0.972846848954D-03 -0.979598625686D-03 -0.953236531553D-03  0.191577303125D-02
 -0.184755554065D-03 -0.256925918342D-04 -0.406904197969D-03  0.373868304000D-03
 -0.524570895098D-03  0.101379640852D-03 -0.171718810489D-03  0.195893338320D-03
  0.100090711884D-03 -0.539810624407D-03  0.438279517885D-03 -0.447373585733D-03
 -0.295135876931D-02 -0.124263419197D-02 -0.142657386207D-01  0.232129787682D-03
 -0.486324785326D-03  0.483284326545D-02  0.218753289140D-02 -0.133118491363D-02
  0.351231216842D-02  0.520186899295D-04 -0.302813450564D-02 -0.580675668451D-02
 -0.378601965108D-03 -0.162779581239D-02  0.200767965561D-03 -0.147590202289D-03
 -0.588227516368D-03 -0.144674455306D-02 -0.311901488142D-02 -0.315193900425D-02
  0.529607684308D-01 -0.565567096605D-04  0.985155236905D-05 -0.288296014174D-02
  0.133673142574D-03  0.638408152022D-03  0.227943807615D-01  0.116851058996D-03
 -0.359671827392D-03 -0.217155896823D-01  0.175149555921D-03  0.221872017495D-03
 -0.189777641637D-01  0.119864488401D-03 -0.707267569988D-03  0.147916851121D-02
  0.135459125012D-02  0.221588200490D-03 -0.933859617608D-03  0.747295407736D-03
 -0.137364417036D-03  0.217253003047D-03  0.641600762846D-03  0.795647110242D-03
 -0.123548543325D-02  0.166690663890D-03 -0.247550024239D-04  0.231911111180D-03
 -0.231445303033D-03  0.743492654554D-03 -0.368132726973D-03  0.915786511085D-03
  0.285950839413D-03 -0.501798112330D-04  0.301515985569D-03 -0.681677034751D-03
 -0.357583956944D-03  0.269570811524D-02  0.858423488540D-03  0.140693308266D-01
  0.130131041379D-03  0.657828475649D-03  0.291715325147D-02  0.391774925411D-02
  0.263979986740D-02  0.105846444813D-02  0.119599806426D-02 -0.149453582751D-02
 -0.352274920300D-02  0.329925970790D-03  0.103809674368D-02 -0.722601714056D-03
  0.300471462914D-03  0.170944128744D-02 -0.918369481876D-03  0.304490351861D-02
  0.137207829957D-02 -0.256564203201D-01  0.503441540864D-01  0.695147681973D-03
  0.108425057774D-04  0.128318276959D-02  0.310156201894D-03  0.370930943115D-03
  0.217866146155D-02  0.600251478983D-03  0.759399221700D-04  0.100476907561D-04
  0.529173156952D-03 -0.101385286978D-03  0.163697006706D-02  0.562790424417D-03
 -0.120380572538D-02  0.383454640542D-02  0.244282596083D-03  0.474973638018D-03
  0.118270642045D-02  0.298965018982D-03  0.690906323809D-03  0.274237682260D-03
 -0.594054576985D-03 -0.520242903999D-03  0.269361905930D-03  0.754977182312D-03
  0.810260854866D-03 -0.142294919095D-02 -0.258375443546D-03 -0.149190597044D-02
  0.702261955656D-03  0.127160379298D-02  0.185977142346D-03 -0.105190298836D-03
 -0.771237779468D-03  0.998290091873D-03  0.201191330680D-02 -0.115852995776D-02
 -0.665523725226D-03  0.178857155563D-02  0.358618842791D-02 -0.116013720967D-02
  0.681127894173D-02  0.499466515355D-02  0.230054463023D-02  0.726112797746D-02
  0.163381477850D-02 -0.233183457131D-02  0.455951641282D-02  0.597642617828D-03
  0.131510391082D-03  0.615088743591D-03  0.140350053066D-02  0.165918731063D-02
 -0.155298210470D-02 -0.762902277412D-03 -0.137425650234D-02  0.128175810653D-02
  0.212586226935D-02  0.229573325418D-01 -0.231899830397D-02 -0.417775733507D-04
 -0.715562175800D-03 -0.295816545237D-02 -0.296624246514D-03  0.877853835333D-03
 -0.392658109235D-02  0.437132588212D-03 -0.160394539201D-03 -0.364944221203D-02
 -0.332047239155D-03 -0.275781969540D-03 -0.364471289082D-02  0.143650144306D-02
 -0.961902047454D-03 -0.228026934993D-04 -0.286591899165D-02 -0.110619886660D-02
 -0.385974779120D-02 -0.354480997760D-02 -0.107123789541D-03 -0.579751415044D-04
  0.276409645174D-03  0.224895409839D-02 -0.360392206562D-02 -0.376191800890D-02
  0.885693724856D-03 -0.487892554360D-03  0.384888263620D-03  0.192900063651D-03
 -0.210602462185D-03 -0.169308515544D-02 -0.145301642068D-02 -0.474241382059D-03
 -0.201095832901D-02 -0.192450613312D-02 -0.540811392634D-02 -0.588782177920D-03
  0.100847816599D-03  0.178672168879D-02 -0.144486047883D-02  0.258933819555D-02
 -0.411508207943D-03 -0.549644341739D-02  0.341084182481D-03 -0.505679153773D-02
  0.339745484687D-03 -0.111633873346D-02 -0.500516273277D-02 -0.532727422062D-02
 -0.441176710622D-02 -0.564126461825D-02 -0.455985647020D-02  0.136190763764D-02
 -0.353708254917D-02 -0.942608821292D-03 -0.845464109460D-03  0.392167522132D-03
  0.748864506425D-04  0.585776255751D+00 -0.307337618248D-02 -0.738051816173D-04
 -0.830476019969D-03 -0.330816701855D-02  0.280827078435D-03  0.101890216040D-02
 -0.456235957530D-02  0.690550371574D-03 -0.167082219778D-03 -0.435070682885D-02
 -0.520258097132D-03 -0.608101563129D-03 -0.440448554575D-02 -0.654729158150D-03
 -0.160503880324D-02  0.627000095077D-04 -0.375525709006D-02  0.528682240495D-03
 -0.451788647666D-02 -0.384978935880D-02 -0.237839931581D-03 -0.707421165685D-03
 -0.100656093727D-02  0.186470405761D-02 -0.404753041950D-02 -0.351735729540D-02
 -0.221707520566D-02 -0.601896039309D-03 -0.226646451430D-02  0.825769914028D-03
 -0.104013791547D-03 -0.338615655759D-02 -0.291246182300D-02 -0.892491018475D-03
  0.661843492014D-03  0.242058568414D-02 -0.921176218807D-02 -0.117576496856D-02
 -0.923811716771D-04  0.357236715940D-02 -0.627503645723D-02  0.330766513636D-02
 -0.524424548098D-03 -0.711836933102D-02  0.781907441815D-03 -0.675095449246D-02
  0.143744986280D-02 -0.887354604341D-03 -0.611375348218D-02 -0.683755204158D-02
 -0.496631085021D-02 -0.624309572459D-02 -0.601978375350D-02  0.194718049544D-02
 -0.527579494030D-02 -0.151215463841D-02 -0.111654537701D-02  0.408497732919D-03
 -0.180552160258D-03 -0.563237518351D-02  0.576426612313D+00 -0.223805989555D-02
 -0.240737182166D-04 -0.296486128227D-03 -0.333963939105D-02 -0.555589668977D-03
  0.449943760978D-03 -0.402625844416D-02  0.371522248389D-03  0.440463547731D-03
 -0.371411974447D-02 -0.305242590046D-03  0.681709547080D-03 -0.370729149025D-02
  0.229184953499D-02 -0.190745758147D-03 -0.631193011205D-04 -0.278136056981D-02
 -0.179251165406D-02 -0.401724743596D-02 -0.366079678817D-02  0.818335420510D-04
  0.652169284864D-03  0.705809263068D-03  0.254307564883D-02 -0.376435709601D-02
 -0.417719693352D-02  0.207800046519D-02  0.131746217775D-03  0.126814354550D-02
 -0.117476281749D-03  0.901949724461D-05 -0.120018671745D-02 -0.125815127400D-02
 -0.402121801426D-03 -0.307915970380D-02 -0.373876217375D-02 -0.475530892047D-02
 -0.572221851470D-03  0.172338415879D-04  0.223590777425D-03 -0.519982701129D-04
  0.545871096129D-02  0.145925601659D-02 -0.452105866970D-02  0.299184859506D-02
 -0.442256026378D-02 -0.165696437782D-02 -0.161777268441D-02 -0.505570410678D-02
 -0.553946186223D-02 -0.474037863364D-02 -0.590343855553D-02 -0.412394054863D-02
  0.353205888556D-03 -0.311190843767D-02 -0.146595831938D-02  0.396244619355D-03
  0.710176025737D-04  0.836395536396D-03 -0.489904747899D-02 -0.604069167021D-02
  0.663391683674D+00 -0.138639395281D-02  0.175146817406D-04  0.114499149436D-02
 -0.323893413146D-02 -0.848558548867D-03  0.861259583363D-03 -0.276798125944D-02
  0.793865537616D-06  0.114283250970D-02 -0.250725944590D-02 -0.692734170403D-04
  0.175170087974D-02 -0.251824041256D-02  0.281345853615D-02  0.224602442810D-02
  0.542221724537D-05 -0.158748363712D-02 -0.273044527237D-02 -0.273554246772D-02
 -0.255726666728D-02  0.711438646827D-03  0.166430628884D-02  0.166103420939D-02
  0.260159340063D-02 -0.267021875763D-02 -0.363566641397D-02  0.374346264400D-02
  0.742271284649D-03  0.270359447850D-02 -0.307221290616D-03  0.135874687485D-02
  0.411367313204D-03 -0.860658644890D-03 -0.357073825295D-03 -0.462376310594D-02
 -0.632041166844D-02 -0.104412308107D-02 -0.135610717119D-03  0.562931936565D-03
 -0.141789031225D-02  0.309962225366D-02  0.141988085627D-01  0.836084038428D-02
  0.135155538796D-02  0.115787008518D-01 -0.492573536300D-03 -0.732699631191D-02
 -0.799190903200D-03 -0.330256635317D-02 -0.391637025160D-02 -0.427659842470D-02
 -0.415290826501D-02 -0.673224421813D-03 -0.331909138408D-02 -0.175033195425D-03
 -0.234287646387D-02  0.186208007028D-02  0.888912524704D-03  0.296846683121D-02
 -0.439306332874D-02 -0.512151426434D-02 -0.343032133695D-02  0.541062590447D+00
  0.563965069312D-03 -0.186112592755D-04 -0.585696817568D-03  0.104245512668D-02
  0.217427100481D-03  0.342930666220D-04  0.633132871756D-03  0.831760510356D-04
 -0.185732838473D-03  0.594061072338D-03 -0.290874670235D-04 -0.546435166199D-03
  0.657383185728D-03 -0.671065055525D-03 -0.962085062357D-03 -0.103433733529D-05
  0.425458914105D-03  0.887221058888D-03  0.611999126629D-03  0.557781848549D-03
 -0.334361636247D-03 -0.111197025108D-02 -0.455936730383D-03 -0.163762951027D-03
  0.676589262661D-03  0.874272402174D-03 -0.103469531916D-02 -0.967573439700D-03
 -0.781011643370D-03  0.326181476006D-03 -0.417203395303D-03  0.644026484249D-04
  0.566501245830D-03 -0.119735208274D-03  0.110205951914D-02  0.184303334529D-02
  0.610506734957D-04 -0.465801043465D-04 -0.189851744447D-03  0.240775251112D-02
 -0.310141794540D-03 -0.489558934200D-02 -0.321936922550D-02 -0.102985256509D-02
 -0.437746753847D-02 -0.247011047421D-03  0.311653499619D-02  0.845957909086D-03
  0.804792158053D-03  0.110399600068D-02  0.128717087846D-02  0.109565545139D-02
  0.479979833805D-04  0.164504531711D-02 -0.740367398295D-03  0.826318228213D-03
 -0.888890289335D-03 -0.470131884171D-03 -0.898381509107D-03  0.136943613435D-02
  0.150424502883D-02  0.871275476929D-03 -0.106265929689D-02  0.424146673438D+00
  0.466313053590D-03  0.425801124820D-04  0.657577550080D-03 -0.182184805924D-03
 -0.615217641913D-03 -0.393309170667D-03  0.440900546501D-03 -0.299343528924D-03
  0.618759180642D-03  0.494804949224D-03  0.198603950454D-03  0.116248417408D-02
  0.503667942674D-03  0.205973720642D-02  0.141603408586D-02 -0.697201774734D-04
  0.713241727373D-03 -0.183318496106D-02  0.443942154931D-03  0.206286109283D-03
  0.343382393313D-03  0.112069618766D-02  0.137469860474D-02  0.441686948792D-03
  0.238018327995D-03 -0.493610141328D-03  0.320114541692D-02  0.607487162964D-03
  0.268986278213D-02 -0.652108958648D-03  0.382168989765D-03  0.154371524356D-02
  0.932001349352D-03  0.369928920333D-03 -0.291645952421D-02 -0.475843867541D-02
  0.350340637148D-02  0.523308310166D-03  0.119514765126D-03 -0.259570114179D-02
  0.440339273024D-02  0.327775517532D-02  0.287597611875D-02  0.270539105646D-02
  0.331516827268D-02  0.212772873695D-02 -0.333092234145D-02 -0.370941677915D-03
  0.796885163180D-03  0.920836142116D-03 -0.633539299294D-04  0.298041125879D-03
  0.173267898698D-02 -0.191181905387D-02  0.218460979908D-02 -0.153582958734D-03
  0.147414304882D-02 -0.131203567321D-03  0.113968376317D-02  0.264105894505D-03
  0.580504556729D-03  0.754300340107D-03  0.197508827467D-02 -0.879544136508D-03
  0.426598064902D+00 -0.168322825598D-03  0.170954152381D-03  0.149031133196D-01
 -0.151554982892D-02  0.108567935744D-02  0.593076187312D-02  0.235855568348D-03
 -0.155654365220D-03  0.510755440217D-02 -0.931415552286D-05 -0.148926675373D-04
  0.236123300457D-02  0.109267897756D-03 -0.168212432078D-02  0.300577880316D-01
  0.256960031302D-04 -0.126833629988D-03  0.515511249155D-03 -0.810321555666D-03
 -0.361830118942D-03  0.434103179925D-02  0.629745175050D-02 -0.415599552114D-04
 -0.355455496189D-02  0.428412523936D-03  0.415475178236D-03 -0.471227507411D-03
  0.604685627473D-02 -0.270674873566D-02  0.642259778254D-04  0.226847685678D-02
 -0.452632963970D-03 -0.193591614566D-02 -0.326621787101D-03  0.182989052530D-02
  0.252150931255D-02 -0.170567207150D-02 -0.805924333608D-03  0.911365572339D-02
 -0.833386742954D-02 -0.353234805623D-02  0.186406577233D-01  0.119060622345D-01
  0.875111530228D-02  0.266396859117D-01  0.440608676555D-02 -0.911035093952D-02
  0.344207798672D-01 -0.324279915001D-04 -0.130100611914D-02 -0.865130769064D-03
  0.467403461564D-03  0.204343645769D-02 -0.540483316264D-02  0.173491430850D-02
 -0.284679891944D-02 -0.721953758219D-02 -0.128003354526D-02  0.826018957858D-02
 -0.221737296573D-02 -0.346254357372D-02 -0.623606246751D-04  0.684142979397D-02
 -0.291006720978D-02  0.370708984293D-02  0.802350004484D-01  0.184061755478D-03
 -0.784775871266D-04 -0.734790147718D-02  0.284190668211D-03 -0.549677609557D-03
 -0.833571055522D-02 -0.615733808434D-05  0.179517572619D-03 -0.656707853991D-03
  0.724605314828D-04 -0.983519251697D-04 -0.544615970761D-03 -0.453010393179D-04
  0.313857140718D-03 -0.180293320387D-01 -0.374336291915D-03 -0.684317006963D-04
  0.380623401703D-03  0.432819506447D-03  0.551987687324D-03 -0.194942142983D-02
  0.171110986744D-03 -0.127963963506D-02 -0.234707062206D-03 -0.329899433502D-03
  0.485933701173D-03 -0.101082489519D-02  0.138406006822D-02 -0.742014980895D-04
 -0.149518454390D-02 -0.240405505811D-02 -0.157045457037D-03  0.425270215440D-03
  0.922345008752D-03  0.221265235983D-02  0.115359704980D-02 -0.547911693484D-03
 -0.778475076191D-05 -0.773951305956D-02 -0.753712124801D-02 -0.542482100244D-03
 -0.803784997578D-02 -0.723355729358D-02 -0.402415762966D-02 -0.129543305062D-01
 -0.248798789327D-02  0.267974389108D-02 -0.253547278561D-01  0.222807873392D-03
 -0.128222379513D-03  0.921925060885D-03 -0.562625883098D-03 -0.216025752264D-02
  0.220035470012D-02 -0.138596185721D-02  0.179139595561D-03  0.633719668896D-02
 -0.379906220049D-02 -0.774298680816D-02  0.117985029001D-02  0.113873355480D-02
  0.757504802206D-03 -0.264593203538D-02  0.541092134246D-03 -0.956540127814D-03
 -0.345075593922D-01  0.448291495695D-01 -0.377315086685D-03 -0.125787961897D-04
  0.322508317346D-02  0.193760797331D-02  0.318467238656D-03  0.765481542395D-02
  0.403562935176D-03 -0.351123876930D-04 -0.645145395475D-03  0.224972340290D-03
  0.206628560899D-03 -0.144765248491D-01  0.572719796225D-03  0.459356614204D-04
  0.251476476553D-02 -0.376509134965D-03 -0.102262356814D-03 -0.488352241365D-04
  0.593045485271D-03 -0.647272700212D-04  0.442190248576D-03 -0.681584193762D-03
  0.414749915689D-03 -0.899350820662D-03  0.277576977218D-03  0.376795394588D-03
  0.339044925483D-03 -0.178240808299D-02  0.305314998424D-03  0.318511154287D-03
 -0.193923330791D-02 -0.634059775227D-03  0.564696529922D-03  0.717893171478D-03
  0.243745729278D-03  0.151322833689D-02  0.209975154493D-02  0.130632372254D-02
  0.321238231376D-02  0.742644487529D-03  0.100377129887D-02 -0.211141723827D-01
 -0.157816968711D-01 -0.395828817978D-02 -0.175172836699D-01 -0.343938030934D-02
  0.121205349839D-01  0.643074868633D-02  0.742465345714D-03  0.239550668853D-02
  0.176688135937D-02  0.170771491201D-03 -0.201828181274D-02  0.646533085338D-02
  0.640525726967D-03  0.513494849392D-02 -0.277235573567D-01 -0.429826704786D-03
 -0.103679036810D-01  0.221708227460D-02  0.314423587308D-02 -0.431683557177D-03
 -0.721151391289D-02  0.347172410894D-02 -0.402135210306D-02 -0.104820362113D-02
  0.607310317583D-02  0.887765136174D-01 -0.196237076220D-02 -0.239923362940D-04
  0.182567090544D-03 -0.316880544234D-02 -0.352983996130D-03  0.835051492116D-03
 -0.350722307271D-02  0.338581305786D-03  0.533414565048D-03 -0.326164911606D-02
 -0.293869968906D-03  0.738331042746D-03 -0.327098493387D-02  0.132118501357D-02
  0.404509511889D-03  0.184210663969D-04 -0.247296099051D-02 -0.118166102553D-02
 -0.350689528535D-02 -0.307575923408D-02  0.256154848064D-03  0.667667387183D-03
  0.381070485881D-03  0.227417299428D-02 -0.322483583215D-02 -0.350025275371D-02
  0.106374667787D-02  0.281364392833D-03  0.411125650541D-03  0.129888591190D-03
  0.593556998042D-03 -0.115686152760D-02 -0.158440647020D-02 -0.605866372998D-03
 -0.211447172774D-02 -0.228525054824D-02 -0.475064764056D-02 -0.679387565266D-03
  0.223472134886D-03  0.543205259091D-03 -0.915084318449D-03  0.906090188766D-02
  0.403098081479D-02 -0.255126094634D-02  0.644112293442D-02 -0.329484182236D-02
 -0.322240323167D-02 -0.114728239077D-02 -0.445056624454D-02 -0.514962382344D-02
 -0.436933854200D-02 -0.498418798043D-02 -0.306763659087D-02 -0.776963267574D-03
 -0.274581987365D-02 -0.201854090397D-02  0.593132082152D-03  0.612690445821D-03
  0.148541052362D-02 -0.474161153800D-02 -0.586462184403D-02 -0.437594786821D-02
 -0.150856407024D-02  0.167703233987D-03  0.132130358627D-02  0.189091801652D-02
 -0.598792938162D-03 -0.245674271861D-02  0.582278578926D+00
$end
