$coord
    7.91549090551508      2.05593392976781      0.34559608961106      n
    8.65854088313543      0.32609709223834      0.02109340088501      h
    9.65692627355639      4.03658540338800      0.68849277347143      c
   11.91920508218046      3.62406611031101      0.58856412548431      o
    8.44926641854714      6.45441890269751      1.14317439447529      c
    9.62001745230908      8.09266949990281      1.42942495769137      h
    5.90364619883033      6.60557838897459      1.19869688396098      c
    4.91562142657471      8.36008894976359      1.52996249055632      h
    4.38481519486183      4.54448813547305      0.83888163132124      n
    2.44963769028146      4.67667011698048      0.88383870924111      h
    5.32955067833452      2.18190946861920      0.39636026192222      c
    3.98400435766583      0.31201622503725      0.06854912949984      o
$redundant
     number_of_atoms            12
     degrees_of_freedom         30
     internal_coordinates       30
     frozen_coordinates          0
# definitions of redundant internals
   1 k  1.0000000000000 stre    1    2           val=   1.91043
   2 k  0.7071067818836 bend   11    2    1      val=  -0.18396
       -0.7071067804895 bend    3    2    1
   3 k  1.0000000000000 outp    2    3   11    1 val=  -0.02122
   4 k  1.0000000000000 stre    3    4           val=   2.30175
   5 k -0.7071067811612 bend    1    4    3      val=   3.22912
        0.7071067812119 bend    5    4    3
   6 k  1.0000000000000 outp    4    5    1    3 val=  -0.00210
   7 k  1.0000000000000 stre    5    6           val=   2.03383
   8 k  0.7071067811871 bend    7    6    5      val=   1.43693
       -0.7071067811860 bend    3    6    5
   9 k  1.0000000000000 outp    6    3    7    5 val=   0.00025
  10 k  1.0000000000000 stre    7    8           val=   2.04065
  11 k  0.7071067811980 bend    5    8    7      val=   3.73307
       -0.7071067811751 bend    9    8    7
  12 k  1.0000000000000 outp    8    9    5    7 val=  -0.00107
  13 k  1.0000000000000 stre    9   10           val=   1.94021
  14 k -0.7071067765042 bend   11   10    9      val=   3.17865
        0.7071067858689 bend    7   10    9
  15 k  1.0000000000000 outp   10    7   11    9 val=   0.02552
  16 k  1.0000000000000 stre   11   12           val=   2.32690
  17 k  0.7071067811865 bend    9   12   11      val=   0.41331
       -0.7071067811865 bend    1   12   11
  18 k  1.0000000000000 outp   12    1    9   11 val=  -0.00003
  19 k  1.0000000000000 stre    1   11           val=   2.58950
  20 k  1.0000000000000 stre   11    9           val=   2.58266
  21 k  1.0000000000000 stre    9    7           val=   2.58542
  22 k  1.0000000000000 stre    7    5           val=   2.55071
  23 k  1.0000000000000 stre    5    3           val=   2.74064
  24 k  1.0000000000000 stre    3    1           val=   2.65954
  25 k -0.5000000000000 bend    1    9   11      val=   3.89028
       -0.5000000000000 bend   11    7    9
        1.0000000000000 bend    9    5    7
       -0.5000000000000 bend    7    3    5
       -0.5000000000000 bend    5    1    3
        1.0000000000000 bend    3   11    1
  26 k  0.8660254037844 bend    1    9   11      val=  -0.34806
       -0.8660254037844 bend   11    7    9
        0.8660254037844 bend    7    3    5
       -0.8660254037844 bend    5    1    3
  27 k -1.0000000000000 bend    1    9   11      val=   3.41239
        1.0000000000000 bend   11    7    9
       -1.0000000000000 bend    9    5    7
        1.0000000000000 bend    7    3    5
       -1.0000000000000 bend    5    1    3
        1.0000000000000 bend    3   11    1
  28 k -0.5000000000000 tors   11    9    7    5 val=   0.01442
       -0.5000000000000 tors    9    7    5    3
        1.0000000000000 tors    7    5    3    1
       -0.5000000000000 tors    5    3    1   11
       -0.5000000000000 tors    3    1   11    9
        1.0000000000000 tors    1   11    9    7
  29 k  0.8660254037844 tors   11    9    7    5 val=   0.00512
       -0.8660254037844 tors    9    7    5    3
        0.8660254037844 tors    5    3    1   11
       -0.8660254037844 tors    3    1   11    9
  30 k -1.0000000000000 tors   11    9    7    5 val=   0.01071
        1.0000000000000 tors    9    7    5    3
       -1.0000000000000 tors    7    5    3    1
        1.0000000000000 tors    5    3    1   11
       -1.0000000000000 tors    3    1   11    9
        1.0000000000000 tors    1   11    9    7
        30 non zero eigenvalues  of BmBt
           1          11.376711022    1    0
         1
           2           5.740740532    2    0
         2
           3           4.681977869    3    0
         3
           4           4.435159800    4    0
         4
           5           4.345623106    5    0
         5
           6           3.632539464    6    0
         6
           7           3.473842207    7    0
         7
           8           3.383100738    8    0
         8
           9           3.206743140    9    0
         9
          10           2.615233725   10    0
        10
          11           1.960977108   11    0
        11
          12           1.902285707   12    0
        12
          13           1.862594658   13    0
        13
          14           1.570221890   14    0
        14
          15           1.547148580   15    0
        15
          16           1.026476576   16    0
        16
          17           0.912832156   17    0
        17
          18           0.548135593   18    0
        18
          19           0.461691901   19    0
        19
          20           0.398303213   20    0
        20
          21           0.383751164   21    0
        21
          22           0.370672376   22    0
        22
          23           0.340953349   23    0
        23
          24           0.289813392   24    0
        24
          25           0.276695178   25    0
        25
          26           0.260890993   26    0
        26
          27           0.223775600   27    0
        27
          28           0.145333636   28    0
        28
          29           0.113692097   29    0
        29
          30           0.097431619   30    0
        30
$user-defined bonds
$frag
 atom   1 fragment  1 symmetry  c1
 atom   2 fragment  1
 atom   3 fragment  1
 atom   4 fragment  1
 atom   5 fragment  1
 atom   6 fragment  1
 atom   7 fragment  1
 atom   8 fragment  1
 atom   9 fragment  2 symmetry  c1
 atom  10 fragment  2
 atom  11 fragment  2
 atom  12 fragment  2
   iteration     5
$end
