$energy      SCF               SCFKIN            SCFPOT            RIRPA
     1 -681.2232396057      0.00000000      0.00000000     -4.409884192730
     2 -681.2238910173      0.00000000      0.00000000     -4.409255800657
     3 -681.2241648470      0.00000000      0.00000000     -4.408916028220
     4 -681.2241173097      0.00000000      0.00000000     -4.409029285154
     5 -681.2241128969      0.00000000      0.00000000     -4.409036037171
     6 -681.2241110129      0.00000000      0.00000000     -4.409038072440
     7 -681.2241120349      0.00000000      0.00000000     -4.409037226989
     8 -681.2241421932      0.00000000      0.00000000     -4.409007253247
     9 -681.2241360356      0.00000000      0.00000000     -4.409013308518
    10 -681.2241340727      0.00000000      0.00000000     -4.409015408862
    11 -681.2241345503      0.00000000      0.00000000     -4.409014939369
    12 -681.2241341514      0.00000000      0.00000000     -4.409015334854
$end
