$energy      SCF               SCFKIN            SCFPOT            RIRPA
     1 -290.4079678486      0.00000000      0.00000000     -2.301285949607
     2 -290.4082716083      0.00000000      0.00000000     -2.300977227106
     3 -290.4082624607      0.00000000      0.00000000     -2.301006842225
     4 -290.4082520162      0.00000000      0.00000000     -2.301018026387
     5 -290.4082453876      0.00000000      0.00000000     -2.301024105666
     6 -290.4082422277      0.00000000      0.00000000     -2.301026613904
     7 -290.4082409710      0.00000000      0.00000000     -2.301027725605
     8 -290.4082417727      0.00000000      0.00000000     -2.301027864275
     9 -290.4082420053      0.00000000      0.00000000     -2.301027837414
    10 -290.4082419855      0.00000000      0.00000000     -2.301027703510
    11 -290.4082419163      0.00000000      0.00000000     -2.301027818056
    12 -290.4082419253      0.00000000      0.00000000     -2.301027826762
$end
