$coord
   -0.09613727532891     -1.85208518071185      0.06417924364221      n
   -0.10057509684102     -3.76186598682931      0.09414930800355      h
   -2.47329842584746     -0.68384725404978      0.00760795615277      c
   -4.39780844719467     -1.95124601974310     -0.01101495851556      o
   -2.33724822218916      2.05611328934426     -0.02310077380803      c
   -4.06808709455950      3.12080795467428     -0.10350866611574      h
   -0.06650764890985      3.20844476375675      0.06369290183492      c
    0.13297314180913      5.23921987189755      0.06024870021321      h
    2.14394934359129      1.87136273052768      0.17356116724059      n
    3.82427717246597      2.75290046198624      0.29421669994981      h
    2.25479474858575     -0.74045681227286      0.21878327547115      c
    4.22617968177222     -1.91086888585834      0.36695764641378      o
$redundant
     number_of_atoms            12
     degrees_of_freedom         30
     internal_coordinates       30
     frozen_coordinates          0
# definitions of redundant internals
   1 k  1.0000000000000 stre    1    2           val=   1.91002
   2 k  0.7071120589495 bend   11    2    1      val=  -0.35924
       -0.7071015033842 bend    3    2    1
   3 k  1.0000000000000 outp    2    3   11    1 val=  -3.39351
   4 k  1.0000000000000 stre    3    4           val=   2.30443
   5 k -0.7071067807481 bend    1    4    3      val=   2.86766
        0.7071067816250 bend    5    4    3
   6 k  1.0000000000000 outp    4    5    1    3 val=  -0.01018
   7 k  1.0000000000000 stre    5    6           val=   2.03368
   8 k  0.7071078550010 bend    7    6    5      val=   1.39145
       -0.7071057073704 bend    3    6    5
   9 k  1.0000000000000 outp    6    3    7    5 val=   0.33412
  10 k  1.0000000000000 stre    7    8           val=   2.04055
  11 k  0.7071073705562 bend    5    8    7      val=   3.47629
       -0.7071061918164 bend    9    8    7
  12 k  1.0000000000000 outp    8    9    5    7 val=  -0.24816
  13 k  1.0000000000000 stre    9   10           val=   1.90136
  14 k  0.7071377110533 bend    7   10    9      val=   3.05685
       -0.7070758499668 bend   11   10    9
  15 k  1.0000000000000 outp   10   11    7    9 val=  -2.01015
  16 k  1.0000000000000 stre   11   12           val=   2.29743
  17 k  0.7071069225097 bend    1   12   11      val=   0.49550
       -0.7071066398634 bend    9   12   11
  18 k  1.0000000000000 outp   12    9    1   11 val=  -0.28367
  19 k  1.0000000000000 stre    1   11           val=   2.60509
  20 k  1.0000000000000 stre   11    9           val=   2.61456
  21 k  1.0000000000000 stre    9    7           val=   2.58573
  22 k  1.0000000000000 stre    7    5           val=   2.54787
  23 k  1.0000000000000 stre    5    3           val=   2.74351
  24 k  1.0000000000000 stre    3    1           val=   2.64932
  25 k -0.5000000000000 bend    1    9   11      val=   3.94617
       -0.5000000000000 bend   11    7    9
        1.0000000000000 bend    9    5    7
       -0.5000000000000 bend    7    3    5
       -0.5000000000000 bend    5    1    3
        1.0000000000000 bend    3   11    1
  26 k  0.8660254037844 bend    1    9   11      val=  -1.11923
       -0.8660254037844 bend   11    7    9
        0.8660254037844 bend    7    3    5
       -0.8660254037844 bend    5    1    3
  27 k -1.0000000000000 bend    1    9   11      val=   3.96067
        1.0000000000000 bend   11    7    9
       -1.0000000000000 bend    9    5    7
        1.0000000000000 bend    7    3    5
       -1.0000000000000 bend    5    1    3
        1.0000000000000 bend    3   11    1
  28 k -0.5000000000000 tors   11    9    7    5 val=   0.10351
       -0.5000000000000 tors    9    7    5    3
        1.0000000000000 tors    7    5    3    1
       -0.5000000000000 tors    5    3    1   11
       -0.5000000000000 tors    3    1   11    9
        1.0000000000000 tors    1   11    9    7
  29 k  0.8660254037844 tors   11    9    7    5 val=   1.66105
       -0.8660254037844 tors    9    7    5    3
        0.8660254037844 tors    5    3    1   11
       -0.8660254037844 tors    3    1   11    9
  30 k -1.0000000000000 tors   11    9    7    5 val=   1.85868
        1.0000000000000 tors    9    7    5    3
       -1.0000000000000 tors    7    5    3    1
        1.0000000000000 tors    5    3    1   11
       -1.0000000000000 tors    3    1   11    9
        1.0000000000000 tors    1   11    9    7
        30 non zero eigenvalues  of BmBt
           1          11.356929059    1    0
         1
           2           5.771355870    2    0
         2
           3           4.670014816    3    0
         3
           4           4.435612966    4    0
         4
           5           4.347851046    5    0
         5
           6           3.632864313    6    0
         6
           7           3.483942284    7    0
         7
           8           3.379676287    8    0
         8
           9           3.200279090    9    0
         9
          10           2.615072234   10    0
        10
          11           1.967827592   11    0
        11
          12           1.905568619   12    0
        12
          13           1.864636664   13    0
        13
          14           1.576061876   14    0
        14
          15           1.549673175   15    0
        15
          16           1.028269209   16    0
        16
          17           0.919787505   17    0
        17
          18           0.547159230   18    0
        18
          19           0.465672305   19    0
        19
          20           0.403103592   20    0
        20
          21           0.383497631   21    0
        21
          22           0.372996906   22    0
        22
          23           0.344959010   23    0
        23
          24           0.289294895   24    0
        24
          25           0.275606820   25    0
        25
          26           0.260910709   26    0
        26
          27           0.225366662   27    0
        27
          28           0.147092971   28    0
        28
          29           0.114299034   29    0
        29
          30           0.098471904   30    0
        30
$user-defined bonds
$frag
 atom   1 fragment  1 symmetry  c1
 atom   2 fragment  1
 atom   3 fragment  1
 atom   4 fragment  1
 atom   5 fragment  1
 atom   6 fragment  1
 atom   7 fragment  1
 atom   8 fragment  1
 atom   9 fragment  1
 atom  10 fragment  1
 atom  11 fragment  1
 atom  12 fragment  1
   iteration     4
$end
