$coord
    1.57889864385174      2.10736009770976      0.04044262045417      c
    2.80496581089537      3.74280779264353      0.03691447152845      h
    2.61401085032697     -0.31397273031222      0.04490991980422      c
    4.64333870792944     -0.55785600023587      0.04303109739113      h
    1.03472834073668     -2.42133693439686      0.04097989227046      c
    1.83858277568757     -4.30064729557026      0.03737600123161      h
   -1.57890988961196     -2.10734999901331      0.04043838935735      c
   -2.80498510310947     -3.74280366359192      0.03690652711979      h
   -2.61402713787651      0.31398580910678      0.04489563347466      c
   -4.64335224025828      0.55786427156715      0.04300462232800      h
   -1.03474933748374      2.42135044782844      0.04096973310277      c
   -1.83859551244170      4.30064908514090      0.03735747813606      h
$redundant
     number_of_atoms            12
     degrees_of_freedom         30
     internal_coordinates       30
     frozen_coordinates          0
# definitions of redundant internals
   1 k  1.0000000000000 stre    1    2           val=   2.04400
   2 k  0.7071067811907 bend   11    2    1      val=   0.00629
       -0.7071067811824 bend    3    2    1
   3 k  1.0000000000000 outp    2    3   11    1 val=  -0.00976
   4 k  1.0000000000000 stre    3    4           val=   2.04393
   5 k  0.7071067817264 bend    1    4    3      val=   0.00202
       -0.7071067806467 bend    5    4    3
   6 k  1.0000000000000 outp    4    5    1    3 val=   0.23539
   7 k  1.0000000000000 stre    5    6           val=   2.04402
   8 k  0.7071067812249 bend    7    6    5      val=   0.00753
       -0.7071067811482 bend    3    6    5
   9 k  1.0000000000000 outp    6    3    7    5 val=  -0.02731
  10 k  1.0000000000000 stre    7    8           val=   2.04401
  11 k  0.7071067811907 bend    5    8    7      val=   0.00643
       -0.7071067811824 bend    9    8    7
  12 k  1.0000000000000 outp    8    9    5    7 val=  -0.00975
  13 k  1.0000000000000 stre    9   10           val=   2.04393
  14 k  0.7071067817080 bend    7   10    9      val=   0.00197
       -0.7071067806651 bend   11   10    9
  15 k  1.0000000000000 outp   10   11    7    9 val=   0.23542
  16 k  1.0000000000000 stre   11   12           val=   2.04400
  17 k  0.7071067812245 bend    1   12   11      val=   0.00743
       -0.7071067811486 bend    9   12   11
  18 k  1.0000000000000 outp   12    9    1   11 val=  -0.02732
  19 k  1.0000000000000 stre    1   11           val=   2.63244
  20 k  1.0000000000000 stre   11    9           val=   2.63346
  21 k  1.0000000000000 stre    9    7           val=   2.63332
  22 k  1.0000000000000 stre    7    5           val=   2.63243
  23 k  1.0000000000000 stre    5    3           val=   2.63346
  24 k  1.0000000000000 stre    3    1           val=   2.63331
  25 k -0.5000000000000 bend    1    9   11      val=  -0.00225
       -0.5000000000000 bend   11    7    9
        1.0000000000000 bend    9    5    7
       -0.5000000000000 bend    7    3    5
       -0.5000000000000 bend    5    1    3
        1.0000000000000 bend    3   11    1
  26 k  0.8660254037844 bend    1    9   11      val=  -0.00351
       -0.8660254037844 bend   11    7    9
        0.8660254037844 bend    7    3    5
       -0.8660254037844 bend    5    1    3
  27 k -1.0000000000000 bend    1    9   11      val=   0.00002
        1.0000000000000 bend   11    7    9
       -1.0000000000000 bend    9    5    7
        1.0000000000000 bend    7    3    5
       -1.0000000000000 bend    5    1    3
        1.0000000000000 bend    3   11    1
  28 k -0.5000000000000 tors   11    9    7    5 val=  -0.14803
       -0.5000000000000 tors    9    7    5    3
        1.0000000000000 tors    7    5    3    1
       -0.5000000000000 tors    5    3    1   11
       -0.5000000000000 tors    3    1   11    9
        1.0000000000000 tors    1   11    9    7
  29 k  0.8660254037844 tors   11    9    7    5 val=   0.12554
       -0.8660254037844 tors    9    7    5    3
        0.8660254037844 tors    5    3    1   11
       -0.8660254037844 tors    3    1   11    9
  30 k -1.0000000000000 tors   11    9    7    5 val=  -0.00000
        1.0000000000000 tors    9    7    5    3
       -1.0000000000000 tors    7    5    3    1
        1.0000000000000 tors    5    3    1   11
       -1.0000000000000 tors    3    1   11    9
        1.0000000000000 tors    1   11    9    7
        30 non zero eigenvalues  of BmBt
           1          11.046203865    1    0
         1
           2           5.091654196    2    0
         2
           3           5.090261723    3    0
         3
           4           4.377049932    4    0
         4
           5           4.376451252    5    0
         5
           6           3.553246335    6    0
         6
           7           3.502637401    7    0
         7
           8           3.502473438    8    0
         8
           9           3.187895549    9    0
         9
          10           2.618033345   10    0
        10
          11           1.989121170   11    0
        11
          12           1.890814425   12    0
        12
          13           1.890622047   13    0
        13
          14           1.576855887   14    0
        14
          15           1.576702679   15    0
        15
          16           0.994731933   16    0
        16
          17           0.994392698   17    0
        17
          18           0.542939073   18    0
        18
          19           0.478720330   19    0
        19
          20           0.404176097   20    0
        20
          21           0.381963293   21    0
        21
          22           0.358563205   22    0
        22
          23           0.358553681   23    0
        23
          24           0.279286270   24    0
        24
          25           0.279207860   25    0
        25
          26           0.260078387   26    0
        26
          27           0.260002404   27    0
        27
          28           0.150018857   28    0
        28
          29           0.108504880   29    0
        29
          30           0.108500462   30    0
        30
$user-defined bonds
$frag
 atom   1 fragment  1 symmetry  c1
 atom   2 fragment  1
 atom   3 fragment  1
 atom   4 fragment  1
 atom   5 fragment  1
 atom   6 fragment  1
 atom   7 fragment  1
 atom   8 fragment  1
 atom   9 fragment  1
 atom  10 fragment  1
 atom  11 fragment  1
 atom  12 fragment  1
   iteration     4
$end
