$coord
   -4.53237960378274      0.30640185058617      6.65261335683784      n
   -3.37041359122832      2.49407696434366      7.18185797556629      c
   -4.59420790150399      4.10633735490978      7.48896132461834      h
   -0.75840597721386      2.76024061182064      7.35225612298512      c
    0.05766990623295      4.58127541709440      7.78919160177507      h
    0.75517279752995      0.64945563115942      6.94745049734078      c
    2.79148341429139      0.78246264064031      7.05107270387176      h
   -0.41750035038107     -1.63457137979307      6.39251432051173      c
    0.67055578781536     -3.32705145728242      6.04466310165356      h
   -3.04519151777855     -1.70645256133781      6.26883284493498      c
   -4.00678418794635     -3.46097517291037      5.83638286355775      h
$redundant
     number_of_atoms            11
     degrees_of_freedom         27
     internal_coordinates       27
     frozen_coordinates          0
# definitions of redundant internals
   1 k  1.0000000000000 stre    2    3           val=   2.04728
   2 k -0.7071067256170 bend    1    3    2      val=   2.16926
        0.7071068367561 bend    4    3    2
   3 k  1.0000000000000 outp    3    4    1    2 val=  -0.17251
   4 k  1.0000000000000 stre    4    5           val=   2.04281
   5 k  0.7071067892883 bend    6    5    4      val=   0.60231
       -0.7071067730848 bend    2    5    4
   6 k  1.0000000000000 outp    5    2    6    4 val=  -0.07269
   7 k  1.0000000000000 stre    6    7           val=   2.04328
   8 k -0.7071067763612 bend    8    7    6      val=   0.05062
        0.7071067860119 bend    4    7    6
   9 k  1.0000000000000 outp    7    4    8    6 val=  -0.28877
  10 k  1.0000000000000 stre    8    9           val=   2.04190
  11 k  0.7071071141334 bend    6    9    8      val=   0.57951
       -0.7071064482396 bend   10    9    8
  12 k  1.0000000000000 outp    9   10    6    8 val=   0.46185
  13 k  1.0000000000000 stre   10   11           val=   2.04695
  14 k -0.7071067462775 bend    1   11   10      val=   2.10736
        0.7071068160956 bend    8   11   10
  15 k  1.0000000000000 outp   11    8    1   10 val=  -0.14464
  16 k  1.0000000000000 stre    1   10           val=   2.53192
  17 k  1.0000000000000 stre   10    8           val=   2.63158
  18 k  1.0000000000000 stre    8    6           val=   2.62677
  19 k  1.0000000000000 stre    6    4           val=   2.62873
  20 k  1.0000000000000 stre    4    2           val=   2.63106
  21 k  1.0000000000000 stre    2    1           val=   2.53302
  22 k -0.5000000000000 bend    1    8   10      val=  -1.89664
       -0.5000000000000 bend   10    6    8
        1.0000000000000 bend    8    4    6
       -0.5000000000000 bend    6    2    4
       -0.5000000000000 bend    4    1    2
        1.0000000000000 bend    2   10    1
  23 k  0.8660254037844 bend    1    8   10      val=   0.03914
       -0.8660254037844 bend   10    6    8
        0.8660254037844 bend    6    2    4
       -0.8660254037844 bend    4    1    2
  24 k -1.0000000000000 bend    1    8   10      val=  -1.98977
        1.0000000000000 bend   10    6    8
       -1.0000000000000 bend    8    4    6
        1.0000000000000 bend    6    2    4
       -1.0000000000000 bend    4    1    2
        1.0000000000000 bend    2   10    1
  25 k -0.5000000000000 tors   10    8    6    4 val=   0.08403
       -0.5000000000000 tors    8    6    4    2
        1.0000000000000 tors    6    4    2    1
       -0.5000000000000 tors    4    2    1   10
       -0.5000000000000 tors    2    1   10    8
        1.0000000000000 tors    1   10    8    6
  26 k  0.8660254037844 tors   10    8    6    4 val=  -0.04427
       -0.8660254037844 tors    8    6    4    2
        0.8660254037844 tors    4    2    1   10
       -0.8660254037844 tors    2    1   10    8
  27 k -1.0000000000000 tors   10    8    6    4 val=  -0.05991
        1.0000000000000 tors    8    6    4    2
       -1.0000000000000 tors    6    4    2    1
        1.0000000000000 tors    4    2    1   10
       -1.0000000000000 tors    2    1   10    8
        1.0000000000000 tors    1   10    8    6
        27 non zero eigenvalues  of BmBt
           1          10.757168978    1    0
         1
           2           5.383617284    2    0
         2
           3           4.317444823    3    0
         3
           4           4.259719563    4    0
         4
           5           4.215396982    5    0
         5
           6           3.559868588    6    0
         6
           7           3.412978598    7    0
         7
           8           3.067871190    8    0
         8
           9           3.039504014    9    0
         9
          10           2.404687293   10    0
        10
          11           1.923010220   11    0
        11
          12           1.754434681   12    0
        12
          13           1.732988270   13    0
        13
          14           1.169426523   14    0
        14
          15           1.014880246   15    0
        15
          16           0.793193627   16    0
        16
          17           0.696078645   17    0
        17
          18           0.437247819   18    0
        18
          19           0.387177303   19    0
        19
          20           0.360150271   20    0
        20
          21           0.326379725   21    0
        21
          22           0.300433117   22    0
        22
          23           0.286379073   23    0
        23
          24           0.279741515   24    0
        24
          25           0.269294430   25    0
        25
          26           0.129576031   26    0
        26
          27           0.110170804   27    0
        27
$user-defined bonds
$frag
 atom   1 fragment  1 symmetry  c1
 atom   2 fragment  1
 atom   3 fragment  1
 atom   4 fragment  1
 atom   5 fragment  1
 atom   6 fragment  1
 atom   7 fragment  1
 atom   8 fragment  1
 atom   9 fragment  1
 atom  10 fragment  1
 atom  11 fragment  1
   iteration     5
$end
