$hessapprox internal
  0.425635279721D+00  0.937688047818D-03  0.349664170360D+00 -0.797455708838D-03
 -0.125623493536D-02  0.833705286929D-01 -0.173407422293D-02  0.362871482637D-02
  0.194031645576D-03  0.412044593476D+00 -0.113210785335D-03  0.137511487385D-02
  0.720006114929D-03 -0.201937687824D-03  0.337529391824D+00  0.105103609248D-03
 -0.792702892250D-03 -0.130329027579D-02 -0.537818936454D-03 -0.700063444569D-04
  0.334835181549D+00 -0.220949484508D-02  0.139277725187D-02 -0.614098057365D-03
 -0.262058788986D-02 -0.256572117104D-03  0.315968610470D-03  0.412783665886D+00
 -0.213027772745D-02  0.405012841115D-02 -0.558856450691D-03 -0.326436614618D-03
 -0.213368379880D-03 -0.324762971260D-03 -0.291087569141D-02  0.410437349220D+00
 -0.293087931040D-03  0.279021368798D-02  0.616988338637D-03 -0.864756458211D-04
 -0.210819955767D-03 -0.644331167069D-04 -0.583593441279D-03 -0.366400693963D-03
  0.336973760568D+00 -0.436473916898D-04 -0.803587949491D-03  0.402490996649D-02
 -0.136528697193D-02 -0.188788138075D-03  0.315020652358D-03  0.378176980471D-03
 -0.113899926411D-02 -0.268561581772D-03  0.338906297739D+00  0.104871838526D-02
 -0.152762930036D-01 -0.160483670271D-03  0.402236194661D-02  0.189376369312D-02
 -0.964944035799D-03  0.177410799278D-02  0.474879380454D-02  0.355999460146D-02
 -0.656953161092D-03  0.296801737916D+00  0.380331937900D-04 -0.201118223142D-02
  0.417026152261D-02  0.525510489719D-03 -0.183084483646D-03 -0.906163836525D-04
  0.239604475193D-03  0.313221881486D-03  0.399246159035D-03  0.847378677719D-03
 -0.266456636056D-02  0.338451806453D+00 -0.213262354844D-02  0.206056632574D-03
 -0.510529602144D-03 -0.204392935627D-02 -0.107178059663D-03  0.175127000520D-03
 -0.218809932370D-02 -0.236149440651D-02 -0.242144164043D-03  0.220804291628D-03
  0.158662928104D-03  0.777016807221D-04  0.413459558371D+00 -0.211994723668D-02
  0.346522443159D-02 -0.170879943005D-03 -0.832503410027D-03 -0.291500144957D-03
 -0.161680057199D-03 -0.272186153839D-02 -0.169020153865D-02 -0.441709015886D-03
 -0.673867928719D-03  0.408054800902D-02  0.489976447829D-03 -0.227037831449D-02
  0.411504594311D+00  0.553690848610D-04  0.168546116359D-02 -0.184999968197D-03
 -0.463649771205D-04 -0.363749288469D-03  0.100490817761D-03 -0.390282704312D-04
 -0.230717618776D-03 -0.350375619938D-03  0.703569766171D-04  0.207747274824D-02
  0.612431000265D-03  0.166398237029D-03 -0.143847748316D-03  0.335727236868D+00
  0.950049359976D-06 -0.511839742761D-02  0.836762908291D-03  0.203130387706D-02
  0.138797614454D-02 -0.840491558124D-03 -0.921080863336D-04  0.226613176733D-02
  0.160945860254D-02 -0.125724758422D-02 -0.658452402008D-02 -0.216374394672D-02
 -0.597977067067D-03  0.154289238200D-02  0.315496419171D-03  0.335735992059D+00
  0.889509532527D-03 -0.127864015516D-01 -0.876084565556D-03  0.272807480223D-02
  0.136272179932D-02 -0.555788851889D-03  0.165964986958D-02  0.343991386573D-02
  0.276138256536D-02 -0.140553215406D-03 -0.166576194883D-01 -0.197144342412D-02
  0.265168068650D-03  0.308369851928D-02  0.179829497455D-02 -0.616952676329D-02
  0.303297228479D+00  0.189615278496D-03 -0.185570204005D-02  0.490103349411D-03
  0.642245444645D-03 -0.103395886942D-03 -0.335825680488D-04  0.324676874163D-03
  0.546704073728D-03  0.380083003357D-03  0.261646433281D-03 -0.257164419782D-02
  0.438502218575D-03  0.157326834107D-03  0.608186076485D-03  0.516813060892D-03
 -0.177152233721D-02 -0.194103419577D-02  0.335988273301D+00 -0.223504974384D-02
  0.228578887303D-02 -0.557490164484D-03 -0.196647092191D-02 -0.247925362549D-03
  0.121817089178D-03 -0.252323141302D-02 -0.248061246721D-02 -0.536949297150D-03
 -0.841804072558D-04  0.278495469858D-02  0.271094492200D-03 -0.229165151206D-02
 -0.246769544740D-02 -0.107457981928D-03  0.667980707147D-03  0.228350090301D-02
  0.402977665898D-03  0.411108957558D+00 -0.212817934319D-02  0.261788433022D-02
 -0.130210247755D-02 -0.202655364681D-02 -0.417596811562D-03  0.223095828524D-03
 -0.239484483872D-02 -0.255600983202D-02 -0.661057847795D-03 -0.133214066160D-04
  0.316077645638D-02  0.469071175408D-03 -0.213046717438D-02 -0.247275523140D-02
 -0.770620318099D-04  0.460259316966D-03  0.270129574089D-02  0.599234004313D-03
 -0.250781921040D-02  0.407682538522D+00 -0.340448633707D-04 -0.340340973288D-02
  0.220726089449D-03  0.106957633348D-04  0.381070245991D-03 -0.426853042116D-04
  0.259722937960D-03  0.301767148043D-03  0.605993408206D-03  0.236430696128D-03
 -0.429490847369D-02 -0.557354320175D-03 -0.151187445345D-03  0.298476523454D-03
  0.401563434253D-03 -0.164848102844D-02 -0.344897734854D-02 -0.574804584000D-03
  0.286657850527D-03  0.386849270683D-03  0.336794535153D+00  0.924804950158D-04
  0.132268579357D-02 -0.386519149492D-02 -0.151002055037D-02 -0.140887227929D-03
  0.481289970153D-03  0.246281897546D-03 -0.110239981601D-02 -0.657590403521D-03
  0.117598889671D-03  0.190472849691D-02 -0.559738384674D-03  0.268027323493D-03
 -0.884073991977D-03 -0.426048020644D-03  0.651153603937D-03  0.181043074891D-02
 -0.103954542431D-03 -0.175296935858D-03 -0.194931279359D-03  0.678899161532D-03
  0.338441968418D+00  0.102361042303D-02 -0.148117669160D-01 -0.351029300053D-03
  0.418357739562D-02  0.180882801782D-02 -0.988169692074D-03  0.167686777301D-02
  0.480676542314D-02  0.352069694835D-02 -0.763735830554D-03 -0.194263745338D-01
 -0.252063429947D-02  0.130867196480D-03  0.411246795383D-02  0.208252906147D-02
 -0.645484801219D-02 -0.162454755824D-01 -0.243264085275D-02  0.273169595882D-02
  0.311707101425D-02 -0.424782858123D-02  0.172309693304D-02  0.297608230398D+00
  0.273951534336D-03 -0.479085780869D-03 -0.451628022904D-02 -0.808270612372D-03
  0.367825550125D-03  0.240077399414D-03  0.413449973391D-03 -0.237947998759D-03
 -0.140872417313D-03 -0.395514245927D-03 -0.410638856905D-03 -0.152709995521D-02
  0.243916431298D-03 -0.262746659611D-03 -0.370351357667D-03  0.714798860846D-03
 -0.343790687177D-03 -0.809388371033D-03  0.224303020217D-03  0.125112778958D-03
  0.137069083905D-03  0.130033789674D-02 -0.566242509479D-03  0.339460435344D+00
  0.191455593072D-04  0.935462738594D-04  0.181259098523D-03  0.343257908523D-03
  0.444439027545D-04 -0.102866111706D-03 -0.596666581343D-04  0.270239537312D-03
  0.858378227794D-04 -0.185634095454D-03  0.717458039638D-04 -0.252515547030D-04
 -0.256864119156D-04  0.186280987644D-03  0.132821265469D-05  0.218567978806D-03
 -0.355914849939D-04 -0.191063782059D-04  0.424081197572D-04  0.158411914999D-04
 -0.571236504999D-04 -0.152494588466D-03  0.965815943064D-04 -0.959091527497D-04
  0.289216896862D-01 -0.200594110133D-02 -0.130690426726D-03 -0.699616815782D-03
 -0.157260179800D-02 -0.126826698338D-04  0.670665137978D-04 -0.211328860946D-02
 -0.192023262122D-02 -0.749140821185D-04 -0.602119947075D-05 -0.338957085433D-03
 -0.782590482542D-04 -0.215374462970D-02 -0.192458983146D-02  0.214877764858D-03
 -0.565484618031D-03 -0.234615280956D-03  0.512200551124D-04 -0.209845536757D-02
 -0.195052132062D-02 -0.319102094697D-03  0.231216170083D-03 -0.331117558467D-03
  0.213327722617D-03  0.122311307380D-04  0.430343426076D+00 -0.197595921039D-02
 -0.147331872280D-03 -0.530596954775D-03 -0.117981632932D-02  0.696301399547D-04
 -0.548642455635D-04 -0.216601099164D-02 -0.159191622465D-02  0.443682854491D-04
 -0.228450772576D-03 -0.408088106137D-03 -0.171868002136D-03 -0.218357928191D-02
 -0.169790158438D-02  0.215577781143D-03 -0.324529259944D-03 -0.407340383934D-03
 -0.183077174521D-04 -0.203195695179D-02 -0.191874878396D-02 -0.410921439591D-03
  0.104505088569D-03 -0.374747502968D-03  0.157163176257D-03  0.607726240991D-04
 -0.206225529956D-02  0.430071893771D+00 -0.180193103902D-03  0.264986200324D-02
  0.113243031336D-03 -0.900353071964D-03 -0.370989560052D-03  0.225231751618D-03
 -0.250417712154D-03 -0.971904840433D-03 -0.665687594600D-03  0.253348746985D-03
  0.351008223733D-02  0.539162077141D-03  0.148754560594D-04 -0.805070717189D-03
 -0.363178662809D-03  0.102633919694D-02  0.299274896438D-02  0.482616138043D-03
 -0.491297587825D-03 -0.543710810420D-03  0.809007513528D-03 -0.291037297370D-03
  0.340618405917D-02  0.573132082074D-04 -0.368749330057D-04  0.731275243806D-04
  0.553270163897D-04  0.337563036147D+00  0.165611364642D-03 -0.133913393997D-02
 -0.124786285573D-03  0.214393346000D-03  0.142537165507D-03 -0.259198949346D-04
  0.271500611432D-03  0.327987963711D-03  0.250322758891D-03  0.405134413940D-04
 -0.171809037250D-02 -0.229652978102D-03  0.117954363920D-03  0.319228906944D-03
  0.160244912220D-03 -0.641223330937D-03 -0.138746332530D-02 -0.218440838587D-03
  0.299542584375D-03  0.338059423397D-03 -0.321122796092D-03  0.252548826596D-03
 -0.169047360895D-02  0.398432431549D-04 -0.196225851087D-04  0.538501576180D-04
  0.212516619492D-04  0.309754271960D-03  0.381021540938D+00  0.375045355104D-04
 -0.137183183110D-03  0.655503279352D-04  0.253049905641D-03  0.301604054655D-04
 -0.616002474110D-04  0.473344149208D-05  0.212438423130D-03  0.854477791818D-04
 -0.982678394839D-04 -0.218537837935D-03 -0.161924511329D-04  0.506305836382D-05
  0.166251820760D-03  0.392572028723D-04 -0.126130541661D-04 -0.223561059144D-03
 -0.178697992708D-04  0.705770572263D-04  0.691805623131D-04 -0.882323078823D-04
 -0.688961054971D-04 -0.194723368003D-03 -0.851497165391D-04  0.226747106621D-04
  0.179012642751D-04  0.400949381795D-04  0.245816195336D-04 -0.318115664416D-04
  0.376466377741D-01 -0.984703993657D-04  0.102133411244D-02  0.117677460896D-03
 -0.310914832883D-03 -0.323054793860D-04  0.325448631083D-04 -0.160136740154D-03
 -0.317179497813D-03 -0.220414585291D-03 -0.239219962750D-04  0.138240607614D-02
  0.961602335218D-06 -0.581220460929D-04 -0.309351298654D-03 -0.211727578122D-03
  0.712325462171D-03  0.109261504613D-02  0.416322526954D-04 -0.214339098746D-03
 -0.285101121816D-03  0.303293101258D-03 -0.649598130217D-04  0.132598934629D-02
  0.201643819267D-03  0.454224027358D-05 -0.128051279937D-04  0.101659093689D-04
 -0.251003092122D-03  0.117333735039D-03  0.131767152639D-04  0.820197701477D-02
 -0.229389576324D-02  0.375547435829D-03 -0.628317043439D-03 -0.175323214006D-02
 -0.495236203252D-04  0.517999414361D-04 -0.246492697658D-02 -0.217882129693D-02
 -0.138938698541D-03 -0.698405495488D-04  0.300771243185D-03 -0.840798973857D-05
 -0.244745593278D-02 -0.221109134988D-02  0.174436859361D-03 -0.304729415607D-03
  0.260538480915D-03  0.121896625901D-03 -0.243236464285D-02 -0.229459569329D-02
 -0.237271374057D-03  0.112410335966D-03  0.305438037457D-03  0.181365410492D-03
  0.346452013407D-04 -0.232735477213D-02 -0.229023844569D-02 -0.359205516895D-04
  0.100059057759D-03  0.362451799568D-04 -0.538399427329D-04  0.419051857200D+00
 -0.232015512084D-02  0.182393116123D-02 -0.674188926804D-04 -0.120488376787D-02
 -0.693450791609D-04 -0.139428832537D-03 -0.274767536991D-02 -0.186086331452D-02
 -0.199622186469D-03 -0.490284498936D-03  0.207988117493D-02  0.115543742904D-03
 -0.251718030831D-02 -0.205811446035D-02 -0.292510594866D-05  0.826221668274D-03
  0.149280205898D-02  0.254139078164D-03 -0.253613261927D-02 -0.250624038090D-02
 -0.327128983776D-04 -0.420955963614D-03  0.210125495857D-02 -0.685409909825D-05
  0.141264180119D-03 -0.226124934669D-02 -0.209285447721D-02 -0.410345676951D-03
  0.186596540021D-03  0.110272742119D-03 -0.145569123261D-03 -0.253231419724D-02
  0.415706713130D+00 -0.235897113922D-02  0.123589693158D-02 -0.458726142712D-03
 -0.182272592136D-02 -0.579945114494D-04  0.268594141031D-04 -0.261716994908D-02
 -0.228912243855D-02 -0.269284526684D-03 -0.181459536590D-03  0.143689902334D-02
 -0.112289929206D-04 -0.250138914900D-02 -0.235729919910D-02  0.105414577415D-04
  0.360418696754D-03  0.111532350602D-02  0.151563517084D-03 -0.257642018267D-02
 -0.250617514881D-02 -0.241445224183D-04 -0.212169053127D-04  0.141085597350D-02
  0.280975792039D-03  0.603032273954D-04 -0.232726721344D-02 -0.224819126332D-02
 -0.252225786085D-03  0.182429970271D-03  0.581370706768D-04 -0.996276205950D-04
 -0.262646996517D-02 -0.257053572487D-02  0.414627623805D+00  0.121959041484D-02
 -0.141705025922D-01 -0.342421652201D-03  0.476210834558D-02  0.190124703076D-02
 -0.114732947906D-02  0.171324977830D-02  0.531439131404D-02  0.356482150781D-02
 -0.116037860791D-02 -0.186398329280D-01 -0.268511912679D-02  0.271241377928D-03
  0.446804203650D-02  0.193888964824D-02 -0.561444646957D-02 -0.157982186131D-01
 -0.251108861422D-02  0.291688894362D-02  0.320181054246D-02 -0.417556237674D-02
  0.149791308924D-02 -0.180867779191D-01 -0.514424000653D-03  0.170792488535D-03
 -0.106173489254D-03 -0.542380523641D-04  0.321226589275D-02 -0.167099237359D-02
 -0.153834251193D-03  0.132169890595D-02  0.567958165299D-03  0.249500457010D-02
  0.170459034287D-02  0.309139307067D+00 -0.413002802713D-03  0.421876683493D-02
  0.671089902540D-03 -0.131034914931D-03 -0.268205086490D-03 -0.100096713437D-03
 -0.864642301565D-03 -0.532629844086D-03 -0.629235563779D-03 -0.473662311754D-03
  0.538704577628D-02  0.455181802911D-03 -0.351443184147D-03 -0.661464510592D-03
 -0.574315481827D-03  0.257555651573D-02  0.414902869398D-02  0.494018314963D-03
 -0.790013550608D-03 -0.998089976438D-03  0.918140614695D-03 -0.908088716615D-03
  0.531402464931D-02 -0.460520191491D-04  0.130027684132D-03 -0.886343263444D-04
  0.991250217582D-04 -0.102339937101D-02  0.384645716442D-03  0.127631361335D-03
 -0.313424406646D-03 -0.195374292094D-03 -0.284842881595D-03 -0.379385878471D-03
  0.540543098448D-02  0.320879775905D+00  0.306357851590D-03 -0.403216076056D-02
 -0.389402589659D-03  0.429712959861D-03  0.336226279075D-03 -0.299251485190D-04
  0.652559466727D-03  0.737742803136D-03  0.725843677773D-03  0.237215121893D-03
 -0.519115772570D-02 -0.508572508614D-03  0.184578455307D-03  0.753443236358D-03
  0.559185414638D-03 -0.222885234337D-02 -0.411582455061D-02 -0.533900324374D-03
  0.702891621829D-03  0.871125296190D-03 -0.973567881237D-03  0.723973688998D-03
 -0.509434876798D-02 -0.375174977895D-04 -0.718970728518D-04 -0.240090240069D-04
 -0.146057952387D-03  0.964550066630D-03 -0.399212485664D-03 -0.983514854689D-04
  0.319830271225D-03  0.101438005924D-03  0.327528322070D-03  0.320668808392D-03
 -0.507492811138D-02  0.108464072641D-02  0.320412376032D+00  0.184075832317D-03
  0.783077625906D-03 -0.240875986165D-03 -0.741114871023D-03 -0.238263039622D-03
  0.277238131453D-03  0.320349858666D-03 -0.606910389144D-03 -0.406122482369D-03
  0.462929168780D-03  0.113339056430D-02  0.290482352132D-03  0.359627981978D-03
 -0.371565837514D-03 -0.142721843758D-03 -0.512950643138D-04  0.115740868392D-02
  0.237041274949D-03  0.349855562774D-04  0.596499398173D-04  0.427309817579D-03
  0.148874699757D-03  0.105214008640D-02  0.148560739990D-03 -0.102053795972D-03
  0.297529065573D-03  0.192750792849D-03 -0.152760600583D-03  0.143614873388D-03
 -0.355161152436D-04 -0.105344505445D-03  0.238684756946D-03 -0.117489007298D-03
  0.102553038331D-03  0.800682857699D-03 -0.619577027420D-03  0.490557848069D-03
  0.332555666884D+00  0.185565235568D-03 -0.137614407772D-02 -0.227892763217D-03
  0.119252682447D-03  0.161903363796D-03 -0.153416113812D-05  0.311026821583D-03
  0.272191257467D-03  0.225970568209D-03  0.667072120290D-04 -0.173990805553D-02
 -0.298095479263D-03  0.144599090391D-03  0.278911587834D-03  0.132513676373D-03
 -0.617312481902D-03 -0.139648835406D-02 -0.261418020215D-03  0.311235433533D-03
  0.342513940783D-03 -0.299751719945D-03  0.335918485715D-03 -0.172785051855D-02
  0.149053608226D-03 -0.317659946140D-04  0.728914701214D-04  0.304763813955D-04
  0.314029730677D-03 -0.126989165529D-03 -0.398378500256D-04  0.128836256559D-03
  0.111479145732D-03  0.170303513896D-03  0.195554482030D-03 -0.171735675387D-02
  0.359474753882D-03 -0.388258348406D-03  0.166854010346D-03  0.332400438977D+00
 -0.745222663533D-04  0.131740791221D-02 -0.177247120751D-02 -0.311323550775D-03
 -0.186405363467D-03  0.128186620339D-03 -0.153041834248D-03 -0.345771827749D-03
 -0.305055957472D-03 -0.168320954665D-03  0.164127915039D-02  0.168159348612D-04
 -0.227427938777D-04 -0.323636950986D-03 -0.154215803973D-03  0.513032272002D-03
  0.139598335738D-02  0.187051449736D-03 -0.223292705993D-03 -0.218215388141D-03
  0.328317676501D-03  0.861654421496D-05  0.161299604389D-02  0.229948012600D-03
 -0.778941995649D-05  0.322216276629D-04  0.363279044724D-04 -0.292813682799D-03
  0.142468837021D-03  0.179467923722D-04 -0.118890123951D-03 -0.198897124168D-04
 -0.174881205333D-03 -0.117018544792D-03  0.156063011939D-02 -0.452410320167D-03
  0.431691555837D-03 -0.931845921654D-04  0.146106920893D-03  0.843028246574D-02
 -0.224651674155D-02  0.385597749035D-03 -0.407193520523D-03 -0.190517763585D-02
 -0.585677013760D-04  0.952121878722D-04 -0.237760377198D-02 -0.228614367090D-02
 -0.195684515789D-03  0.531056272564D-04  0.361831815697D-03  0.161641686919D-04
 -0.236957549277D-02 -0.227063016811D-02  0.142197370644D-03 -0.323023813814D-03
  0.344379788615D-03  0.122504705179D-03 -0.240289950359D-02 -0.227091888120D-02
 -0.175146875786D-03  0.165997744550D-03  0.344395553863D-03  0.234301452935D-03
  0.123408607207D-04 -0.226871147535D-02 -0.225359419627D-02 -0.386221708382D-04
  0.117508006890D-03  0.247743190358D-04 -0.548421517943D-04 -0.255916658121D-02
 -0.254463958598D-02 -0.259111508767D-02  0.564530313963D-03 -0.276440599242D-03
  0.156223842789D-03  0.275441948781D-03  0.137666310356D-03 -0.395680869827D-04
  0.418580981822D+00 -0.218434747350D-02  0.951468561216D-03 -0.229299268074D-02
 -0.171937017140D-02 -0.138470765558D-03  0.117244292422D-03 -0.240387195894D-02
 -0.214385834756D-02 -0.260963363370D-03 -0.280939451447D-03  0.969494911763D-03
 -0.111474241740D-03 -0.232773542053D-02 -0.218967934452D-02  0.112497235614D-03
 -0.743530864643D-04  0.830759306635D-03  0.184065138838D-03 -0.238132614550D-02
 -0.223051268012D-02 -0.114918019550D-03  0.182037721049D-03  0.973697643332D-03
  0.365901276888D-03  0.333260004515D-04 -0.217659042460D-02 -0.213451236026D-02
 -0.167364120873D-03  0.154191986150D-03  0.456001379170D-04 -0.104314646491D-03
 -0.246704175398D-02 -0.245366676475D-02 -0.252646783188D-02  0.121620386076D-02
 -0.366854684924D-03  0.269581968439D-03  0.178530828661D-03  0.167714938864D-03
  0.791415177818D-05 -0.243816397836D-02  0.413565383737D+00 -0.231854691005D-02
  0.125969649396D-02  0.110484238696D-02 -0.221670223488D-02 -0.173318683159D-03
  0.133012640954D-03 -0.246020684154D-02 -0.265325164419D-02 -0.415522127914D-03
  0.326795079990D-03  0.157692378479D-02  0.394898785430D-03 -0.235563568935D-02
 -0.255119181536D-02  0.129087883177D-04  0.277708570520D-04  0.136383366419D-02
  0.327957467503D-03 -0.257720815849D-02 -0.248777352584D-02  0.121259403221D-03
 -0.873164535615D-04  0.151531975388D-02  0.631279935846D-04  0.177562701060D-05
 -0.224603619121D-02 -0.223618466289D-02 -0.239518579449D-03  0.223039325619D-03
  0.345736742623D-04 -0.142362379230D-03 -0.257447655200D-02 -0.268175499152D-02
 -0.268158318276D-02  0.165486123590D-02 -0.625188111911D-03  0.488038870548D-03
  0.222494618599D-03  0.241207474717D-03 -0.213206597822D-03 -0.250219127401D-02
 -0.256678738849D-02  0.412868328507D+00  0.129710208043D-02 -0.148875967263D-01
 -0.389448288889D-03  0.439928111275D-02  0.187352607034D-02 -0.101003764318D-02
  0.195518782859D-02  0.508599504951D-02  0.354463994713D-02 -0.820121618504D-03
 -0.194961995458D-01 -0.265664590677D-02  0.402466368839D-03  0.437436861917D-02
  0.202463955081D-02 -0.628133749611D-02 -0.163422302554D-01 -0.253062458438D-02
  0.301926188223D-02  0.336622763891D-02 -0.423223157940D-02  0.177503023067D-02
 -0.189622833523D-01 -0.448518594058D-03  0.968350360667D-04 -0.627225600643D-04
 -0.996751446313D-04  0.340117340291D-02 -0.170144686075D-02 -0.199193322540D-03
  0.135528157067D-02  0.598853952479D-03  0.240224331382D-02  0.172438645711D-02
 -0.181658692094D-01  0.537125526519D-02 -0.513595017353D-02  0.101574466339D-02
 -0.173035551484D-02  0.162077087345D-02  0.636323142724D-03  0.125961338166D-02
  0.180087815183D-02  0.307395875826D+00  0.255257742877D-03 -0.355762415510D-02
 -0.767175109011D-03  0.981593434919D-03  0.390327060020D-03 -0.199034270220D-03
  0.422155560824D-03  0.114238871346D-02  0.831641250255D-03 -0.218899395142D-03
 -0.469774827803D-02 -0.619317440603D-03  0.456073878293D-04  0.983119908084D-03
  0.529568793891D-03 -0.167199011573D-02 -0.388814588739D-02 -0.553345271536D-03
  0.663916356544D-03  0.786191963350D-03 -0.102660175204D-02  0.469819156273D-03
 -0.455722905426D-02 -0.115162062748D-03  0.148387302710D-04 -0.703400194033D-04
 -0.930518757233D-04  0.830961153776D-03 -0.406446117353D-03 -0.496370720696D-04
  0.306682956598D-03  0.839262121203D-04  0.493238519713D-03  0.337391538833D-03
 -0.438621842132D-02  0.124894299624D-02 -0.120809656143D-02  0.272145579854D-03
 -0.417675112764D-03  0.423823884572D-03  0.885645716220D-04  0.274844254970D-03
  0.347879232141D-03 -0.458672522058D-02  0.320839126515D+00  0.366485457714D-04
 -0.189938065467D-02  0.625079384489D-02  0.297195310143D-03  0.273632586821D-03
 -0.253095859029D-03  0.203191650512D-03  0.289823291839D-03  0.422722484814D-03
  0.768285131310D-03 -0.220052425378D-02  0.500172481504D-03  0.302114373414D-04
  0.353072309255D-03  0.198486640683D-03 -0.751404597748D-03 -0.188900080683D-02
 -0.144697553517D-03  0.248376029547D-03  0.183789072348D-03 -0.375748679717D-03
 -0.384950425452D-03 -0.218994243014D-02 -0.805817861659D-03  0.655742139219D-05
 -0.855084203857D-04 -0.100930925277D-03  0.416953009019D-03 -0.192398472898D-03
 -0.270353474476D-04  0.156195429628D-03 -0.152634992792D-04  0.189530043223D-03
  0.109534402714D-03 -0.217348001805D-02  0.591030824044D-03 -0.563537733303D-03
  0.146692918592D-03 -0.206488041767D-03 -0.126447866893D-03  0.428265845932D-04
 -0.234213149012D-03  0.441528638383D-03 -0.221685150810D-02 -0.639810236278D-03
  0.322029992906D+00 -0.630541069189D-04  0.325816059715D-02 -0.137852210574D-03
 -0.625575208671D-03 -0.428418741660D-03  0.189264716955D-03 -0.225073490574D-03
 -0.784384074210D-03 -0.726910483854D-03  0.875102805304D-04  0.422602835065D-02
  0.607711860807D-03  0.128606312667D-03 -0.656744996113D-03 -0.419989065410D-03
  0.137188685926D-02  0.352839703495D-02  0.582268877423D-03 -0.415039550822D-03
 -0.488745799623D-03  0.903223408172D-03 -0.465427448751D-03  0.413318407001D-02
 -0.552219071873D-05 -0.776541317832D-05  0.233998956359D-03  0.253302834618D-03
 -0.746246223764D-03  0.350777792650D-03  0.512702837050D-04 -0.303467384174D-03
  0.125363599536D-03 -0.236125921914D-03 -0.119063044219D-03  0.395337978990D-02
 -0.111097435454D-02  0.108668046101D-02 -0.277048568339D-03  0.345966995767D-03
 -0.334544587389D-03  0.982637444099D-04 -0.141852201838D-04 -0.168767505776D-03
  0.411727419643D-02  0.100730909452D-02  0.427866188812D-03  0.331601697407D+00
 -0.114173486356D-03 -0.420900534262D-03  0.786303697175D-02 -0.528898451406D-03
  0.658534008429D-04 -0.942840000396D-04  0.793584262816D-04 -0.546398579195D-03
 -0.289279256019D-04  0.124677819252D-02 -0.123154753914D-03  0.992976748727D-03
  0.437581724001D-04 -0.298302607097D-03 -0.518755833313D-04 -0.207879746684D-03
 -0.852594133678D-04  0.156664786058D-03 -0.103459824050D-03 -0.222671330098D-03
  0.177795813082D-03 -0.588457986193D-03 -0.211666714792D-03 -0.842540042677D-03
 -0.436433388695D-04 -0.733140275416D-04 -0.128922518699D-03  0.857751902390D-04
  0.952536138670D-05 -0.284523842653D-04  0.130483846690D-04 -0.887610483382D-04
 -0.173493902180D-03 -0.103841685552D-03 -0.365298607373D-03 -0.104698463995D-03
  0.612563391679D-04  0.124485577076D-03  0.793636878682D-05 -0.381567866820D-03
 -0.993008458669D-06 -0.462847270512D-03  0.350903463529D-03 -0.235325926653D-03
 -0.185712900441D-03  0.137900043197D-02 -0.330750418408D-04  0.335013422710D+00
 -0.701899575519D-04  0.413230558246D-03  0.943619284456D-03  0.126070614790D-02
  0.300338099167D-03 -0.459835416068D-03 -0.419428167315D-03  0.988653553119D-03
  0.359809014993D-03 -0.835959224051D-03  0.386859136192D-03 -0.319272915304D-03
 -0.284776659817D-03  0.601134140321D-03 -0.828473869861D-04  0.123380276881D-02
 -0.148077392114D-03 -0.234736619223D-03  0.147483608900D-04 -0.147704543049D-03
 -0.221234293790D-03 -0.545350746654D-03  0.459178368650D-03 -0.163227303787D-03
  0.192143921348D-03 -0.107605409659D-03  0.116310192726D-03 -0.179140239548D-03
 -0.691146534733D-04  0.931247859712D-04  0.585915416058D-04 -0.319320796586D-04
  0.439711384354D-03  0.108950120865D-03  0.836371171066D-03  0.574188989063D-03
 -0.318651869185D-03 -0.441811642483D-03 -0.104120826665D-03 -0.516388576928D-04
 -0.114697496390D-03 -0.420504037423D-04 -0.163968030082D-03  0.508951570808D-03
  0.558424969766D-04  0.572249189419D-04 -0.575467847520D-04 -0.154322420643D-03
  0.898351484565D-02 -0.303148429628D-02  0.129480669136D-02 -0.105781310990D-02
 -0.216639459546D-02 -0.785658997305D-04  0.403842511519D-04 -0.341211632901D-02
 -0.290727723701D-02 -0.351115823622D-03 -0.286166705303D-03  0.130922899977D-02
 -0.654124541688D-04 -0.327181839840D-02 -0.296907017982D-02  0.106207361200D-03
  0.136680419817D-03  0.992860290613D-03  0.221914015895D-03 -0.332177140825D-02
 -0.318218792325D-02 -0.220097189686D-03  0.624131291290D-04  0.129655556477D-02
  0.426756835124D-03  0.716412855002D-04 -0.302679683538D-02 -0.292682375212D-02
 -0.296470955214D-03  0.223657869008D-03  0.828056369494D-04 -0.120666958166D-03
 -0.348636528634D-02 -0.339890086870D-02 -0.354837895372D-02  0.170270451235D-02
 -0.435864699179D-03  0.304904039319D-03  0.223233933730D-03  0.260141304250D-03
 -0.104559309316D-03 -0.341797891101D-02 -0.329484897676D-02 -0.352302372142D-02
  0.175701955053D-02  0.298562500734D-03  0.312337002039D-04 -0.408203551065D-04
 -0.219711752160D-03  0.935106458785D-04  0.740538689259D+00 -0.280174131832D-02
 -0.513752729329D-02 -0.148758518608D-02 -0.128381032448D-02  0.491394334651D-03
 -0.124074213344D-03 -0.271192250316D-02 -0.163750745070D-02  0.943517203607D-03
 -0.102860910416D-03 -0.703087806409D-02 -0.855597415860D-03 -0.329762470254D-02
 -0.178123819500D-02  0.106358308766D-02 -0.333660244758D-02 -0.570632347033D-02
 -0.626858367590D-03 -0.241759856871D-02 -0.200961646483D-02 -0.189160753624D-02
  0.102838957387D-02 -0.684643101285D-02  0.169519656909D-03  0.121791448277D-04
 -0.334525447434D-02 -0.338695609603D-02  0.125242052894D-02 -0.449781128960D-03
 -0.480887305453D-04  0.392236489710D-03 -0.358101777931D-02 -0.298435964844D-02
 -0.325839881824D-02 -0.630471471135D-02  0.147401036558D-02 -0.164849066782D-02
  0.920498338900D-03 -0.420426220076D-03  0.591329630284D-03 -0.345350476927D-02
 -0.310867895296D-02 -0.302538791792D-02 -0.644435131713D-02 -0.163036700758D-02
 -0.874356430879D-03  0.174580431171D-02 -0.170102583144D-03 -0.210554705372D-03
 -0.425143474277D-02  0.390348959564D+00 -0.545914846479D-03  0.475028489889D-02
  0.694033242745D-03 -0.500310333115D-03 -0.372899588448D-03 -0.170922385516D-04
 -0.986174403177D-03 -0.906782493140D-03 -0.796265541677D-03 -0.342616421567D-03
  0.610650976581D-02  0.612071645889D-03 -0.428895631613D-03 -0.971606433394D-03
 -0.634816457716D-03  0.267620778609D-02  0.480223644210D-02  0.622001267200D-03
 -0.996519292446D-03 -0.119811744503D-02  0.110033138360D-02 -0.936393955008D-03
  0.600667996479D-02 -0.395380482549D-04  0.109065090850D-03 -0.166144302702D-03
  0.105124969091D-05 -0.112901311198D-02  0.456726588172D-03  0.126294627529D-03
 -0.373130645527D-03 -0.307316122037D-03 -0.507566196976D-03 -0.547672678722D-03
  0.603560392939D-02 -0.120335510116D-02  0.131607220575D-02 -0.609558288047D-03
  0.433292533179D-03 -0.513987924547D-03 -0.381676838560D-03 -0.505735062720D-03
 -0.764539766242D-03  0.606584601471D-02  0.142311772995D-02  0.689335832467D-03
 -0.125687963654D-02 -0.569399400160D-04  0.465643978647D-03 -0.679495208626D-03
  0.158658400699D-02  0.412405748908D+00  0.181195861340D-03 -0.542859080283D-02
 -0.223063530356D-02 -0.307193930872D-02 -0.525879952428D-03  0.119400194896D-02
  0.146816935088D-02 -0.215832440486D-02 -0.193612114883D-03  0.262720615371D-02
 -0.665904541073D-02  0.592736103170D-03  0.619297124511D-03 -0.107031188180D-02
  0.929352328447D-03 -0.600790605211D-02 -0.402754768982D-02  0.221773533458D-03
  0.368574632191D-03  0.103478627142D-02 -0.522986626662D-03  0.207721660000D-02
 -0.672482953385D-02  0.114964415673D-03 -0.586164324204D-03 -0.726448526455D-04
 -0.806585223486D-03  0.153024693189D-02 -0.239087060284D-03 -0.342982884469D-03
  0.147100699121D-03 -0.183643646258D-03 -0.119025606631D-02 -0.352068782356D-03
 -0.771303840403D-02 -0.409984811043D-03 -0.372661946378D-03  0.176388354191D-02
 -0.145820572851D-03  0.567230826302D-03  0.104691579386D-03  0.137641132480D-04
  0.635549774149D-03 -0.688237096298D-02 -0.145510353553D-02 -0.621005698363D-03
  0.136814294181D-02  0.646572365976D-03 -0.277575666238D-02 -0.420649707405D-03
 -0.171515279264D-02  0.121546926129D-03  0.392166427717D+00  0.152244039368D-03
 -0.210813699246D-02 -0.124121018558D-02 -0.178649366130D-02 -0.705689629708D-04
  0.580621866356D-03  0.756010155921D-03 -0.117084465464D-02 -0.216634897730D-03
  0.113986805204D-02 -0.238149175733D-02 -0.180697796145D-03  0.370231745684D-03
 -0.689120590299D-03  0.140793487378D-03 -0.193775998429D-02 -0.137739282072D-02
 -0.190318804049D-03  0.173148638056D-03  0.355955035213D-03 -0.254830602277D-06
  0.123310323994D-02 -0.250761898068D-02  0.682833922795D-03 -0.284985567695D-03
  0.654403304625D-04 -0.260729171355D-03  0.576088713388D-03 -0.393481297773D-04
 -0.176369909282D-03  0.121532646422D-03  0.779988926948D-06 -0.537834735251D-03
 -0.472729071050D-04 -0.292816530712D-02 -0.319917947712D-03 -0.338090905601D-04
  0.757107599213D-03  0.437774474904D-04  0.211432951469D-03  0.152335180316D-03
  0.640339987731D-04  0.332280096249D-03 -0.252894974114D-02 -0.554621924322D-03
 -0.267720718671D-03  0.434633091275D-03  0.264871130892D-03 -0.120841636323D-02
 -0.769868925986D-04 -0.485086642148D-03 -0.107255416975D-03  0.316685326052D-02
  0.107606003908D+00 -0.266703051121D-02 -0.799840200813D-02 -0.182849555447D-02
  0.907961141153D-04  0.988321403400D-03 -0.510465945870D-03 -0.260058602041D-02
 -0.240520331589D-03  0.182697763378D-02 -0.710678368339D-03 -0.108746337354D-01
 -0.159953028426D-02 -0.345077553147D-02 -0.713067716263D-03  0.146517834320D-02
 -0.414005234890D-02 -0.911685338608D-02 -0.124762627359D-02 -0.189438253423D-02
 -0.146340929751D-02 -0.287653328209D-02  0.121413806641D-02 -0.105409794227D-01
  0.606737707391D-04  0.116238248547D-03 -0.351095353678D-02 -0.346398861699D-02
  0.188109881624D-02 -0.829044343353D-03 -0.481122140799D-04  0.691386609372D-03
 -0.358239172537D-02 -0.240862457543D-02 -0.296879965468D-02 -0.966009240203D-02
  0.282144978720D-02 -0.283927078889D-02  0.947533803375D-03 -0.822729902663D-03
  0.936173992079D-03 -0.348862261733D-02 -0.294373715294D-02 -0.286737444864D-02
 -0.101300169617D-01 -0.253220363424D-02 -0.141929429636D-02  0.258368734375D-02
 -0.429907256495D-03  0.267825681210D-03 -0.403668178868D-02 -0.901215427670D-02
  0.302956895369D-02 -0.432665128935D-02 -0.152577332332D-02  0.392411458032D+00
  0.376059643786D-03  0.328032605237D-03 -0.995264364533D-03  0.127470470268D-02
 -0.490472005170D-04 -0.208337794576D-03  0.165682694330D-03  0.104759558403D-02
  0.204884916779D-03 -0.592825973827D-03  0.150934590247D-03  0.602202686690D-04
  0.277464292157D-03  0.849252999522D-03  0.108233223294D-03  0.218820318309D-03
 -0.328885133884D-04  0.134132062589D-03  0.443002149759D-03  0.452665800080D-03
 -0.177054770523D-03 -0.424009124915D-03  0.266077246482D-03 -0.409602685790D-03
  0.104728183865D-03  0.369661996279D-03  0.475253776947D-03 -0.971780949219D-04
 -0.624074568828D-04  0.654224383402D-04 -0.453704416687D-04  0.452704326359D-03
  0.692571086733D-03  0.471204918080D-03  0.380909466522D-03  0.291205987913D-03
 -0.154395595378D-03 -0.272003114970D-03 -0.110599012122D-03  0.573407293959D-04
  0.368953318218D-03  0.508089968658D-03  0.287688352632D-03  0.201971715856D-03
  0.852234505015D-04 -0.229202861825D-03 -0.663225098162D-05 -0.432624237295D-03
  0.401765964924D-03  0.699884512618D-03  0.628810053434D-03  0.253037004033D-03
 -0.114039442859D-02 -0.737215218318D-03  0.889045676726D-03  0.393843375622D+00
 -0.905014713876D-03 -0.243535163762D-02  0.446135354850D-01 -0.341617884194D-02
  0.381926890399D-03 -0.482377744029D-03  0.227314646710D-03 -0.348704817229D-02
 -0.214594890315D-03  0.717487441707D-02 -0.714582125679D-03  0.559375330550D-02
 -0.461101897072D-06 -0.204494519955D-02 -0.304871946635D-03 -0.124507446247D-02
 -0.459931154425D-03  0.858789864233D-03 -0.866784862388D-03 -0.153318218607D-02
  0.102891769151D-02 -0.321970102967D-02 -0.124049846000D-02 -0.465692190534D-02
 -0.267541692023D-03 -0.675812001667D-03 -0.101152738919D-02  0.509028798519D-03
  0.732617821572D-04 -0.173751366907D-03  0.816771600638D-04 -0.798441764830D-03
 -0.132423752067D-02 -0.887248245211D-03 -0.211510805336D-02 -0.666806739801D-03
  0.385962680674D-03  0.781286138637D-03  0.750092181747D-04 -0.216915186818D-02
 -0.280948421060D-03 -0.291528759870D-02  0.172565887401D-02 -0.134041638302D-02
 -0.106308265696D-02  0.784172692354D-02 -0.173868404142D-03  0.104123847232D-01
 -0.964060636799D-03 -0.168077477718D-02 -0.138824241592D-02 -0.393983419319D-03
  0.388924755408D-02  0.166231065456D-02 -0.291434092367D-02 -0.249720632454D-02
  0.102021167107D+00 -0.208816659138D-02 -0.666234038607D-03 -0.231864740873D-02
 -0.418354133518D-02 -0.744839598109D-03  0.102604000252D-02 -0.156972875970D-02
 -0.422957937541D-02 -0.940470928331D-03  0.177508519291D-02 -0.895513050603D-03
  0.835830644579D-03 -0.181959110860D-02 -0.337700380035D-02  0.455120350063D-03
 -0.330385722020D-02  0.280240212769D-03  0.758780999164D-03 -0.243054397701D-02
 -0.189702570681D-02  0.780649388226D-04  0.121065487084D-02 -0.101989112093D-02
  0.399144412057D-03 -0.380025136922D-03 -0.205771851865D-02 -0.250098542293D-02
  0.339704418474D-03  0.248666547368D-03 -0.147135937228D-03 -0.201217749891D-03
 -0.258012370777D-02 -0.350925667879D-02 -0.292977827405D-02 -0.156554503539D-02
 -0.142211066732D-02  0.723716629639D-03  0.126053036375D-02  0.347912506994D-03
  0.832451112002D-04 -0.233021991657D-02 -0.239649673045D-02 -0.220587368634D-02
 -0.789986786455D-03 -0.140075242054D-03 -0.888095776599D-04  0.321095924695D-03
  0.324937328876D-03 -0.199094151285D-02 -0.329817184348D-02 -0.299306631239D-02
 -0.133463570144D-02  0.590816120610D-02  0.255369617369D-02 -0.415986876982D-02
 -0.309875088557D-03  0.168446301284D-02  0.395541321705D+00 -0.279344198240D-03
  0.382561752669D-02  0.236552274891D-03  0.781455638771D-04 -0.515941503917D-04
 -0.178704278424D-03 -0.752292438096D-03 -0.225623739327D-03 -0.503211627173D-03
 -0.716526049900D-03  0.491574172185D-02 -0.179035182376D-04 -0.286423508666D-03
 -0.451455167771D-03 -0.653034413550D-03  0.291127749679D-02  0.363874489745D-02
  0.178304726689D-03 -0.609424936246D-03 -0.885443478017D-03  0.817396480011D-03
 -0.699004389105D-03  0.482538877467D-02  0.328820933928D-03  0.149727826424D-03
 -0.729128829231D-05  0.215252886367D-03 -0.973380975750D-03  0.340307872375D-03
  0.121597159483D-03 -0.214449455912D-03 -0.894484361501D-04 -0.816815392305D-04
 -0.189884875371D-03  0.502489807086D-02 -0.696837891873D-03  0.883597308286D-03
 -0.659311886688D-03  0.335938070525D-03 -0.393869838454D-03 -0.169525883652D-03
 -0.226346955818D-03 -0.525776949333D-03  0.491926284461D-02  0.111229480696D-02
  0.435536449261D-03 -0.103918654733D-02 -0.246141836082D-03  0.748670109286D-03
 -0.168609441236D-03  0.141019330255D-02 -0.967609101663D-03 -0.115655505077D-02
 -0.472472374028D-03  0.274132487966D-02  0.250465435046D-03 -0.145110060041D-02
 -0.170158064473D-02  0.364533908223D+00  0.311826034623D-02 -0.115758529035D-01
 -0.100728243248D-01 -0.179147356094D-01 -0.237590874353D-02  0.636959371815D-02
  0.873025940667D-02 -0.124839110005D-01 -0.439354546473D-02  0.122717863198D-01
 -0.117183694261D-01  0.121953380280D-02  0.602134946190D-02 -0.700851196690D-02
  0.401280974548D-03 -0.164045730289D-01 -0.349523156746D-02  0.528745714679D-03
  0.231297005114D-02  0.401099522561D-02  0.265468971801D-02  0.102359630521D-01
 -0.131607853735D-01  0.557552996647D-02 -0.292374952950D-02  0.319856833353D-02
 -0.833277818210D-04  0.352127539113D-02  0.606216649352D-03 -0.159342302432D-02
  0.162068446696D-03  0.228184414265D-02 -0.432702907039D-02  0.912360276278D-03
 -0.182782777128D-01 -0.661746046064D-02  0.292753134337D-02  0.675163754950D-02
  0.139343181025D-02  0.100846863287D-02  0.371904522160D-02  0.234067280997D-02
  0.486736752739D-02 -0.136511559341D-01 -0.267444937847D-02 -0.928691150861D-03
  0.165915646024D-02  0.318249742750D-02 -0.125566604777D-01  0.231106306799D-02
  0.354723347361D-02 -0.487722312793D-02  0.371777987672D-01  0.179780051557D-01
 -0.465839707653D-02 -0.747843368136D-02  0.197909740200D-01  0.302166367107D-01
 -0.827908583228D-02  0.551302155429D+00 -0.253376749118D-02  0.291528446242D-02
 -0.308727751180D-02 -0.505469094351D-02 -0.779252459580D-04  0.825354420649D-03
 -0.246457974245D-02 -0.488732180028D-02 -0.148913618154D-02  0.661329338595D-03
  0.412895558742D-02 -0.885489139595D-03 -0.237652494117D-02 -0.441957740290D-02
 -0.817685371086D-03  0.145071824057D-02  0.368693193846D-02 -0.193753221502D-03
 -0.326283832092D-02 -0.331611342875D-02  0.109220553821D-02  0.155599939248D-02
  0.368641760127D-02  0.267012905949D-02 -0.247559663700D-03 -0.229429669306D-02
 -0.245945742811D-02 -0.702372879103D-03  0.650726155196D-03 -0.852315199892D-04
 -0.122345334548D-03 -0.295053582702D-02 -0.386968878918D-02 -0.319468967770D-02
  0.361707854832D-02 -0.197621166664D-02  0.149054587211D-02  0.579226145948D-03
  0.871121105310D-03 -0.291979178317D-03 -0.270945216145D-02 -0.287063667677D-02
 -0.303160879049D-02  0.424070286806D-02  0.858455147884D-03  0.133971790393D-03
 -0.852883202620D-03 -0.123448356397D-03 -0.936840058288D-03 -0.362042778797D-02
 -0.210467570530D-02 -0.222816059817D-02  0.341343775974D-02  0.237468303765D-02
 -0.181822163550D-02 -0.532174850589D-03 -0.822109877857D-03 -0.545673912950D-03
 -0.130744017994D-02  0.231406887493D-01  0.743826346230D+00 -0.269155364192D-02
 -0.909338421820D-02 -0.633289123476D-03 -0.124041812361D-02  0.160668866841D-02
 -0.410297475081D-03 -0.235847547499D-02 -0.935568147992D-03  0.177571066844D-02
 -0.357195706149D-03 -0.116985161989D-01 -0.279091045500D-02 -0.345322144991D-02
 -0.134394596209D-02  0.989557919503D-03 -0.326060204944D-02 -0.989636122040D-02
 -0.222795009659D-02 -0.192596160901D-02 -0.174075210818D-02 -0.268824761318D-02
  0.225476971621D-02 -0.116086299610D-01  0.158099600314D-02  0.104699966859D-04
 -0.361257649478D-02 -0.362904068628D-02  0.205573657326D-02 -0.812464493406D-03
 -0.159970022202D-03  0.990117828007D-03 -0.371957699789D-02 -0.269908514858D-02
 -0.293735869520D-02 -0.106650177482D-01  0.289388800184D-02 -0.298787292363D-02
  0.117069547841D-02 -0.683620556909D-03  0.916793144551D-03 -0.350361319450D-02
 -0.314919877303D-02 -0.278849179089D-02 -0.110408314363D-01 -0.288394309748D-02
 -0.128342042445D-02  0.262265899211D-02  0.210282700722D-04  0.150307713817D-03
 -0.413027187029D-02 -0.957511710702D-02  0.313639198247D-02 -0.444552900049D-02
 -0.774889838953D-03 -0.120078403808D-01  0.141954306312D-03 -0.203577402703D-03
 -0.428794115210D-02  0.319600075013D-02  0.186095298571D-02  0.804835440523D-03
  0.388749276922D+00 -0.318275705663D-02  0.745441814388D-03 -0.124665210347D-02
 -0.313695740663D-02 -0.296476786936D-03  0.338353447095D-03 -0.329113805930D-02
 -0.369586338137D-02 -0.515314088066D-03  0.372659440294D-03  0.722254861560D-03
  0.277020427142D-03 -0.327575761854D-02 -0.349621184037D-02  0.250637345519D-03
 -0.967554714454D-03  0.858076873097D-03  0.414155780733D-03 -0.348982888383D-02
 -0.321041659928D-02 -0.141072654062D-03  0.368908339404D-03  0.680569668967D-03
  0.336396172033D-03 -0.555319910257D-04 -0.317248892187D-02 -0.323364943898D-02
 -0.800138125093D-04  0.234884173537D-03  0.156484007473D-04 -0.155440118060D-03
 -0.366268505666D-02 -0.385904658100D-02 -0.380874767857D-02  0.831460942140D-03
 -0.746921386396D-03  0.450935072438D-03  0.558891781499D-03  0.278412122909D-03
 -0.583233916781D-04 -0.354139970671D-02 -0.347213693252D-02 -0.356487958254D-02
  0.109193622553D-02  0.195723590692D-03  0.380961794528D-04  0.937048809319D-04
 -0.918273965748D-05 -0.536414772725D-03 -0.479070309728D-02 -0.460876582544D-02
 -0.887756411771D-03  0.144419309993D-02  0.698523718022D-03 -0.479157262193D-02
  0.453759169591D-03 -0.440233071459D-03 -0.227666317208D-02 -0.665867912338D-03
  0.105999690524D-01 -0.354214016040D-02 -0.495492423906D-02  0.356756598960D+00
 -0.337674218254D-02  0.853387883752D-03  0.390882747671D-02 -0.160295310574D-02
  0.330069005496D-03 -0.417250823652D-03 -0.389941067211D-02 -0.249397009443D-02
  0.616370447133D-04 -0.334529745048D-03  0.907050526911D-03 -0.186640421252D-04
 -0.374730466413D-02 -0.278744214920D-02  0.437791946206D-04  0.941604850620D-03
  0.264838390075D-03 -0.774257210788D-04 -0.353214471092D-02 -0.359492661935D-02
 -0.434233123158D-03 -0.543557121589D-03  0.903738607031D-03 -0.293301720663D-04
  0.209549583230D-03 -0.343694888635D-02 -0.318227263567D-02 -0.256496630591D-03
  0.117143828163D-03  0.128692865289D-03  0.771179437755D-05 -0.382351859228D-02
 -0.332312353035D-02 -0.371486501132D-02  0.160358532376D-02  0.175032051526D-03
 -0.104644618353D-03 -0.206833994218D-04  0.127212713454D-03 -0.294077698425D-03
 -0.376932338421D-02 -0.381487397209D-02 -0.368452391458D-02  0.141725604888D-02
  0.864776316888D-04  0.737542085278D-03  0.461851246470D-04  0.632910282968D-03
  0.775254132392D-03 -0.479052928607D-02 -0.524889287554D-02 -0.105119678024D-03
 -0.271803957376D-02 -0.976626818831D-03 -0.489458689075D-02  0.776819647869D-03
  0.310451497877D-02 -0.531078718959D-02  0.531729408956D-03 -0.659839948772D-02
 -0.459736883245D-02 -0.467110517665D-02 -0.569459316073D-02  0.361436398319D+00
 -0.254564876491D-02 -0.547977528587D-02 -0.710649556600D-03  0.638031593679D-03
  0.608479071274D-03 -0.590691783146D-03 -0.275477502087D-02 -0.968912073030D-04
  0.148645718595D-02 -0.842525745900D-03 -0.780024955658D-02 -0.738425456303D-03
 -0.325117388180D-02 -0.585554723191D-03  0.131230724669D-02 -0.318336276875D-02
 -0.667192788255D-02 -0.585405317048D-03 -0.196479938606D-02 -0.157673894383D-02
 -0.239683751548D-02  0.277894806518D-03 -0.743340014509D-02 -0.658275382843D-03
  0.199311030724D-03 -0.317504805162D-02 -0.303224040091D-02  0.128858168333D-02
 -0.633224542191D-03  0.483637648900D-04  0.416022044898D-03 -0.327372953172D-02
 -0.214979479319D-02 -0.283514091482D-02 -0.661138498625D-02  0.225718484320D-02
 -0.218982935484D-02  0.557982263707D-03 -0.680898304450D-03  0.648430817919D-03
 -0.325200471949D-02 -0.277215796770D-02 -0.279361336160D-02 -0.708835127163D-02
 -0.178770370169D-02 -0.946700757187D-03  0.195798318760D-02 -0.354620554760D-03
  0.533693499224D-03 -0.368944328418D-02 -0.746188528368D-02  0.233323551577D-02
 -0.416781696512D-02 -0.185071267239D-02 -0.885349824241D-02  0.117605450072D-02
 -0.253448808026D-02 -0.420210239741D-02  0.212468554181D-02 -0.938576403813D-02
 -0.326312878146D-02 -0.104205177329D-01 -0.451916780881D-02 -0.424804788802D-02
  0.364894133183D+00 -0.300234339382D-02 -0.340455866442D-02 -0.456162380266D-03
 -0.484904493408D-02  0.548818755710D-03  0.595296728267D-03 -0.244916346513D-02
 -0.437442572082D-02 -0.213540014352D-03  0.123354990449D-02 -0.389509583733D-02
 -0.135028393607D-02 -0.308163857080D-02 -0.395331874351D-02  0.105513126240D-03
 -0.188604758767D-02 -0.279385373728D-02 -0.100798278390D-02 -0.308240109047D-02
 -0.291735143791D-02 -0.511687738339D-03  0.226775529550D-02 -0.418093658104D-02
  0.215133840016D-02 -0.294274950834D-03 -0.329383492355D-02 -0.358863747713D-02
  0.836265757003D-03  0.101372906975D-04 -0.212863761743D-03  0.388916326135D-03
 -0.377457199458D-02 -0.416012652767D-02 -0.362522632659D-02 -0.407028010435D-02
 -0.130620797141D-03 -0.394421707046D-03  0.131061823393D-02  0.217835638765D-03
  0.228951909558D-03 -0.344282276875D-02 -0.354301472081D-02 -0.311518476678D-02
 -0.362512303654D-02 -0.105502379191D-02 -0.205792924111D-03  0.897501250256D-03
  0.610412181653D-03 -0.119990606940D-02 -0.474406578416D-02 -0.633977370980D-02
 -0.406339094125D-04  0.201656183344D-02  0.197244394672D-02 -0.784581160474D-02
 -0.654553691964D-03  0.330421755413D-02 -0.124617704285D-02  0.204445083036D-03
  0.246388552021D-01  0.856150469863D-03 -0.545631624231D-02 -0.449919968334D-02
 -0.580644895311D-02 -0.804335958308D-02  0.393300188196D+00  0.696365177845D-03
 -0.153297560721D-01 -0.800070213336D-02 -0.529888490813D-02  0.334162604926D-03
  0.195590045866D-02  0.339367825869D-02 -0.263645093724D-02  0.814491450296D-03
  0.393801856451D-02 -0.187917456175D-01 -0.182001199746D-02  0.112379164518D-02
 -0.107081951228D-02  0.178197463660D-02 -0.114339056012D-01 -0.131078402088D-01
 -0.166833247010D-02  0.159758232140D-02  0.267942556499D-02 -0.213660759445D-02
  0.578854589133D-02 -0.189509263164D-01  0.228164176249D-02 -0.108820386497D-02
 -0.300629293499D-03 -0.164480919154D-02  0.397628886386D-02 -0.974381019778D-03
 -0.784735804240D-03  0.103069068335D-02 -0.256127442961D-03 -0.155353936768D-02
  0.257083196797D-04 -0.202699530778D-01  0.118821987170D-02 -0.251266361941D-02
  0.357396737988D-02 -0.697517450461D-03  0.176646546288D-02  0.325387472869D-03
  0.463804312628D-03  0.150665959898D-02 -0.191045409594D-01 -0.427818522244D-02
 -0.259168991754D-02  0.380447424518D-02  0.338358164624D-03 -0.474542770230D-02
 -0.495241146987D-03 -0.585760201531D-02  0.238810637554D-02  0.981625131809D-02
  0.542721676523D-02 -0.117596730508D-01 -0.252897374058D-02  0.246937359026D-02
  0.935082716507D-02  0.216412564310D-03  0.655881569399D-01  0.993349780426D-02
 -0.100284033105D-01  0.248975544595D-02 -0.473661143352D-02 -0.114092636959D-01
  0.443634750350D-02  0.396631050177D+00  0.265385133333D-03 -0.248666131584D-02
 -0.571841776241D-02  0.308602745752D-03  0.293260185225D-03  0.830717410412D-04
  0.419610502595D-03  0.683296260877D-03  0.468091421340D-03 -0.655736500198D-03
 -0.335522118125D-02 -0.129523413220D-02  0.896478465734D-04  0.531386537889D-03
  0.284905102247D-03 -0.107828982863D-02 -0.268185128991D-02 -0.666433330339D-03
  0.510058207818D-03  0.650557427348D-03 -0.683067097812D-03  0.112257938801D-02
 -0.328539400318D-02  0.915342535387D-03 -0.410409431727D-04  0.125090110866D-04
 -0.444575861777D-04  0.596079507211D-03 -0.256478128216D-03 -0.700307956900D-04
  0.257522701002D-03  0.105108249923D-03  0.265338324983D-03  0.290685798992D-03
 -0.315986525313D-02  0.766461589783D-03 -0.794929269189D-03  0.271447185968D-03
 -0.224003564033D-03  0.547946004782D-03  0.101151826441D-03  0.464422884622D-03
  0.763571600379D-04 -0.326985418024D-02 -0.697427902256D-03 -0.133000812975D-02
  0.717310043179D-03 -0.118656132030D-02 -0.134065040408D-03  0.275237961346D-03
 -0.106133558857D-02  0.894406603639D-03 -0.671399097091D-03 -0.200419868249D-04
 -0.168976196409D-02  0.346292930676D-04 -0.670254021252D-02  0.167374508132D-03
  0.814990263761D-03  0.112199720223D-02  0.154755664154D-02 -0.161260229163D-02
  0.240735532206D-03 -0.522394037072D-03 -0.151119021444D-02 -0.163847747012D-03
 -0.128729112114D-02  0.377418591213D+00 -0.104425032341D-02  0.314636950126D-02
  0.245756400534D-02  0.257588807237D-02  0.390214041930D-03 -0.111597487620D-02
 -0.211907569682D-02  0.154554288455D-02  0.560110661095D-03 -0.214774091262D-02
  0.356910901829D-02 -0.131722672013D-03 -0.153162832241D-02  0.573201386005D-03
 -0.261898815432D-03  0.361986527516D-02  0.179166645234D-02 -0.236803965109D-04
 -0.102814160394D-02 -0.139432164251D-02 -0.181558743992D-03 -0.195223678106D-02
  0.376770620190D-02 -0.867289256287D-03  0.535325982387D-03 -0.972808179988D-03
 -0.357301335276D-03 -0.876798477981D-03  0.206093001822D-04  0.302370673475D-03
 -0.956104592702D-04 -0.878074600974D-03  0.229968617804D-03 -0.678532003065D-03
  0.471152921623D-02  0.845547272241D-03 -0.181696092099D-03 -0.128680909751D-02
 -0.113509536100D-03 -0.332687383978D-03 -0.112922577362D-02 -0.951504979290D-03
 -0.139922922328D-02  0.391754124779D-02  0.801611032303D-03  0.429653305812D-03
 -0.589138883050D-03 -0.433137296945D-03  0.231010133186D-02 -0.118144182616D-02
 -0.861739811356D-03  0.466367017977D-03 -0.654613452843D-02 -0.310554012002D-02
  0.913489310636D-03  0.133434773744D-02 -0.279852986874D-02 -0.613411059804D-02
  0.123778014684D-02 -0.330985614920D-01 -0.490234093558D-02  0.416299724552D-04
 -0.268659563607D-02  0.603435672912D-03  0.153047172398D-02 -0.465596682460D-02
 -0.107588624557D-01 -0.499442494953D-05  0.386053413398D+00 -0.633534182117D-03
  0.107087469898D-02  0.165520458302D-01  0.249781792703D-02 -0.832706851046D-03
 -0.861979368858D-03 -0.101166328854D-02  0.897843775189D-03  0.521147699237D-03
  0.141817233227D-02  0.999709790897D-03  0.448288303550D-02 -0.541008347716D-03
  0.958126026338D-03  0.941119089660D-03 -0.162929505971D-02  0.683059060106D-03
  0.214605724563D-02 -0.443691678212D-03 -0.302160846355D-03 -0.367903095898D-03
 -0.397528497643D-02  0.139996981127D-02 -0.539317633849D-02  0.298637053821D-03
 -0.470318645541D-03 -0.274503429902D-03 -0.144492108823D-03 -0.145191426263D-03
  0.241874808733D-03 -0.500457056430D-03 -0.342981947967D-03  0.287277232015D-03
 -0.560671166293D-03  0.129734427108D-02  0.319774451287D-03 -0.230871951949D-04
 -0.494710678929D-03 -0.451463099496D-03 -0.818813425675D-03 -0.470679864409D-03
 -0.104000032123D-02  0.163517007199D-03  0.106777081974D-02  0.190184873341D-03
  0.287988000793D-02 -0.579857711291D-06  0.315742540066D-02  0.669219297202D-03
 -0.938619761688D-03 -0.386016358874D-03  0.302048612097D-03 -0.960496755302D-03
 -0.212817615804D-02 -0.937307905663D-04  0.982254829192D-03  0.175995531410D-01
 -0.138038673105D-02 -0.709461453262D-03 -0.178614966976D-01 -0.727872262304D-02
 -0.397813247856D-02 -0.800185775672D-03  0.976898025329D-03  0.196785957203D-02
 -0.560475036458D-02 -0.770574115377D-02 -0.315065560035D-02  0.298146436633D-02
  0.258300422437D-01 -0.110101756482D-02  0.100865473302D-02  0.277710746411D-01
  0.105552914655D-02 -0.148439235165D-02 -0.642356513372D-03 -0.103432520100D-02
 -0.800415447533D-03  0.138148576309D-03  0.401834115595D-02  0.134468097554D-02
  0.733553355111D-02 -0.559156883916D-03 -0.217370645335D-04  0.127647647986D-02
 -0.371600876568D-02  0.151856986773D-02  0.337470477693D-02 -0.991571427986D-03
 -0.705310206750D-03  0.427481319463D-04 -0.521751472513D-02  0.170314126218D-02
 -0.775184638417D-02  0.128966766037D-03 -0.765160207860D-03 -0.821663973303D-03
  0.134544873027D-04 -0.514768555152D-04  0.192233541489D-03 -0.772624646021D-03
 -0.725912450136D-03 -0.571589437370D-03 -0.123242608997D-02  0.967656825042D-03
 -0.521150643520D-03  0.564331563734D-03 -0.330719241960D-04 -0.423932779256D-03
 -0.140726529635D-02 -0.722375235158D-03 -0.198144722794D-02  0.458172397067D-03
  0.119146464910D-02  0.170503544619D-03  0.503714813980D-02 -0.627500110823D-04
  0.599299359186D-02 -0.339730572353D-03 -0.197771749623D-02 -0.568789849492D-03
 -0.390563600515D-03  0.282904757532D-02 -0.108094884012D-02 -0.871223818837D-03
  0.476796493404D-03  0.337141974319D-01  0.571647183755D-03 -0.222681890265D-02
 -0.549647600087D-02 -0.920446090676D-02 -0.553810638483D-02 -0.800413424100D-03
  0.506871876330D-03  0.155961446229D-02 -0.578590000369D-02 -0.367719593943D-02
 -0.496812960513D-02  0.676133326505D-03  0.238384334675D-01  0.502928272786D-01
  0.923988877203D-04 -0.299225907835D-02  0.274829122177D-01 -0.305002546944D-02
  0.232144298877D-02 -0.636005917783D-03  0.834925490854D-03 -0.173623003568D-02
  0.980516614383D-04  0.335763082674D-02 -0.123676446271D-02 -0.921493311265D-03
  0.339600630885D-03 -0.135116825178D-02 -0.178094285994D-02  0.415176696580D-02
 -0.197570432538D-02 -0.257440922049D-02  0.136630544245D-03 -0.119820842508D-02
  0.934922107626D-03  0.372000603321D-03 -0.210914215958D-02  0.175253251031D-02
 -0.155292777388D-03  0.942581504948D-05  0.537984412375D-05  0.250151558921D-03
  0.568677628618D-04 -0.249021220733D-03  0.915029909710D-03 -0.540450042386D-04
 -0.151285683372D-03  0.525370952648D-03 -0.189579648104D-02  0.503326980502D-03
 -0.490124008348D-03  0.248778765244D-03  0.369468491423D-03 -0.131660242361D-02
  0.427940282577D-03 -0.138552397281D-02  0.156705454618D-02 -0.167446998450D-02
 -0.126930173541D-02  0.454645933773D-02 -0.322366110771D-03  0.631539366230D-02
  0.536520096205D-03  0.418898124305D-03 -0.922579882667D-03  0.526937147335D-03
 -0.220976241885D-02  0.122794768376D-02 -0.164852460024D-02 -0.285458764136D-02
  0.363217350340D-01 -0.126604449281D-02  0.149939658515D-02  0.983416983357D-02
  0.680731560514D-02  0.594874799056D-02 -0.205085563863D-03  0.474162753042D-02
 -0.322893545757D-02  0.816746810774D-02 -0.386398792023D-03 -0.329290856845D-02
 -0.478841689798D-03 -0.125289567456D-02  0.304832705472D-02  0.521537603376D-01
$end
