$coord
   -7.50192928863607     -9.30448991391623    -22.21948868759764       c
   -9.16726367132447    -11.38555270748268    -21.06400241556178       c
  -13.52984573745548    -10.67571676991298    -19.59037130042396       c
   -8.42156073175260    -13.95719218459850    -22.27847648883566       c
   -9.78992654238416    -16.17059627870320    -21.11087518256188       c
  -12.17392377340897    -16.90590950399647    -22.00286749125883       c
  -13.47907824489551    -18.88276712941720    -20.84310665871038       c
  -12.42088830226353    -20.15587373541613    -18.78919922967350       c
  -10.03294721279939    -19.46046774659714    -17.91232661976577       c
   -8.72943680304846    -17.48687367820790    -19.07354632088881       c
  -16.27005067535084    -10.44483381044927    -20.39504503369866       c
   -5.98438471762225     -9.66913713769624    -13.48222841835903       c
   -8.12955647024685    -11.25696440304434    -12.28853566336849       c
  -11.23039107416370     -8.07239036500092    -10.89627993496499       c
   -8.30495707044903    -13.90535699677345    -13.46890773884832       c
  -10.19384416493167    -15.60124636130448    -12.15632664365954       c
   -9.49419763067049    -17.01314012368093    -10.02942476328769       c
  -11.23189718589161    -18.57987804538602     -8.81531351743132       c
  -13.70395943416116    -18.75728742446746     -9.71946810351952       c
  -14.41915274531760    -17.36006549578674    -11.83882997662116       c
  -12.67723154191560    -15.79650420371102    -13.05012742026566       c
  -13.84125559661984     -6.96798150061083    -11.31479380216291       c
  -11.83168114266045    -10.85450753879755    -21.49583129309201       n
   -5.63554316321770     -8.44633882080700    -20.71677090782244       n
   -5.21765290564363     -7.72844887045894    -12.00351960910214       n
  -10.51759771519604     -9.88592085048249    -12.56467378426254       n
   -7.82268573325368     -8.56573738706111    -24.42375595584983       o
  -12.91885192526636    -10.66787062700924    -17.31889970170796       o
   -5.07159786255903    -10.13427243831858    -15.59103806073464       o
   -9.84877072443609     -7.38812431173530     -9.11977863305732       o
  -15.07104401047463     -7.59974907217876     -9.77453094357954       h
   -4.00798440592568     -6.43763553059488    -12.73573557326361       h
  -13.73083700894920     -4.90676650061808    -11.22751869044172       h
   -4.41531676359531     -7.15738497145770    -21.43228547242147       h
  -17.38537081843221    -11.81025164831353    -19.31735878655371       h
  -16.94974926055328     -8.55091437527476    -19.91036996486229       h
  -14.66786527084507     -7.55472634706276    -13.11450283070854       h
  -11.54870032343923    -10.19852501656283    -14.17397967683701       h
   -7.76770226169124    -11.41176131921967    -10.25645268144030       h
   -8.80074750839904    -13.72997718355873    -15.46489506191225       h
   -6.41696948560564    -14.74844130342519    -13.38533838007372       h
  -13.23217796672947    -14.73068165722833    -14.71514999814214       h
   -7.56582659836733    -16.89116964015995     -9.32378590745913       h
  -16.33630258384368    -17.49842557405822    -12.56202249849810       h
  -10.65528505096422    -19.66831305477483     -7.17176200787669       h
  -15.05895354267642    -19.98244978874894     -8.78175009158514       h
   -6.32640436068709     -7.24868708956807    -10.48716745527818       h
  -16.52885244870179    -10.77943060926414    -22.41528321222592       h
  -12.50097489577523    -11.07628390802688    -23.30021928354267       h
   -8.89567412123228    -11.45365276813348    -19.02179617073973       h
   -8.84094765242391    -13.84109308017241    -24.29905292834071       h
   -6.37360971948658    -14.18654824534683    -22.06882649220107       h
  -12.99822798175209    -15.92422512385436    -23.60664971434688       h
   -6.87055100065152    -16.94693923779368    -18.38277205082152       h
  -15.32761401726264    -19.43216909775717    -21.55019115503060       h
   -9.19848950594428    -20.43601429625962    -16.31150181807568       h
  -13.44691132666153    -21.68021754105606    -17.87415226215535       h
   -5.39500559294108     -9.04189923966884    -18.88738562008597       h
$end
