$coord
    3.95560993096746      2.32873320954432     -0.15055768440280      c
    4.78993186032553      4.06522225232336      0.60705227287511      h
    4.10715586694845      2.42601539595288     -2.24210208893373      h
    5.34124315375411      0.00000000000000      0.80361894974013      c
    7.29575718896995      0.00000000000000      0.11783274404565      h
    5.36230131415988      0.00000000000000      2.87236979220615      h
    3.95560993096746     -2.32873320954432     -0.15055768440280      c
    4.10715586694845     -2.42601539595288     -2.24210208893373      h
    4.78993186032553     -4.06522225232336      0.60705227287511      h
    0.03893715261811     -4.59002529245197     -0.15055768440280      c
    1.12561981237904     -6.18081379960004      0.60705227287511      h
    0.04741302939313     -4.76990901605608     -2.24210208893373      h
   -2.67062157687705     -4.62565225894076      0.80361894974013      c
   -2.68115065707993     -4.64388916080912      2.87236979220615      h
   -3.64787859448497     -6.31831106549091      0.11783274404565      h
   -3.99454708358555     -2.26129208290768     -0.15055768440280      c
   -4.15456889634156     -2.34389362010322     -2.24210208893373      h
   -5.91555167270459     -2.11559154727669      0.60705227287511      h
   -3.99454708358555      2.26129208290768     -0.15055768440280      c
   -5.91555167270459      2.11559154727669      0.60705227287511      h
   -4.15456889634156      2.34389362010322     -2.24210208893373      h
   -2.67062157687705      4.62565225894076      0.80361894974013      c
   -3.64787859448497      6.31831106549091      0.11783274404565      h
   -2.68115065707993      4.64388916080912      2.87236979220615      h
    0.03893715261811      4.59002529245197     -0.15055768440280      c
    0.04741302939313      4.76990901605608     -2.24210208893373      h
    1.12561981237904      6.18081379960004      0.60705227287511      h
    0.00000000000000      0.00000000000000     -0.25274807774921      c
    0.00000000000000      0.00000000000000     -2.39447991677140      h
    1.30879838310314      2.26690529639866      0.65980284607269      n
    1.30879838310314     -2.26690529639866      0.65980284607269      n
   -2.61759676620631      0.00000000000000      0.65980284607269      n
$redundant
     number_of_atoms            32
     degrees_of_freedom         90
     internal_coordinates      108
     frozen_coordinates          0
# definitions of redundant internals
   1 k  1.0000000000000 stre    1    2           val=   2.07014
   2 k  1.0000000000000 stre    1    3           val=   2.09928
   3 k  0.0167471775862 bend    3    2    1      val=   0.50172
        0.4812491197912 bend   30    2    1
        0.5195335696086 bend   30    3    1
       -0.5167386743724 bend    4    2    1
       -0.4808168353965 bend    4    3    1
   4 k -0.0209455923037 bend    3    2    1      val=   0.61105
        0.5335247365773 bend   30    2    1
       -0.4752150190632 bend   30    3    1
        0.4861783705425 bend    4    2    1
       -0.5027065896689 bend    4    3    1
   5 k  0.8975110810843 bend    3    2    1      val=  -0.07611
       -0.2244018222213 bend   30    2    1
       -0.2280285228591 bend   30    3    1
       -0.1859785892765 bend    4    2    1
       -0.2398596227130 bend    4    3    1
   6 k -0.0191918153053 bend    3    2    1      val=   2.43151
       -0.4861985194057 bend   30    2    1
        0.5042377451535 bend   30    3    1
        0.5139521582346 bend    4    2    1
       -0.4948132469544 bend    4    3    1
   7 k  1.0000000000000 stre    4    6           val=   2.06886
   8 k  1.0000000000000 stre    4    5           val=   2.07133
   9 k  0.4977087937892 bend    1    6    4      val=   0.00000
        0.5022807547427 bend    1    5    4
       -0.4977087937892 bend    7    6    4
       -0.5022807547427 bend    7    5    4
  10 k  0.0064977127593 bend    5    6    4      val=   0.24316
        0.5006176565382 bend    1    6    4
       -0.4993604427932 bend    1    5    4
        0.5006176565382 bend    7    6    4
       -0.4993604427932 bend    7    5    4
  11 k -0.8921257979436 bend    5    6    4      val=   1.28799
        0.2284928753376 bend    1    6    4
        0.2232639385160 bend    1    5    4
        0.2284928753376 bend    7    6    4
        0.2232639385160 bend    7    5    4
  12 k  0.5022807547427 bend    1    6    4      val=   0.00000
       -0.4977087937892 bend    1    5    4
       -0.5022807547427 bend    7    6    4
        0.4977087937892 bend    7    5    4
  13 k  1.0000000000000 stre    7    9           val=   2.07014
  14 k  1.0000000000000 stre    7    8           val=   2.09928
  15 k  0.0167471775862 bend    8    9    7      val=   0.50172
        0.4812491197912 bend   31    9    7
        0.5195335696086 bend   31    8    7
       -0.5167386743724 bend    4    9    7
       -0.4808168353965 bend    4    8    7
  16 k -0.0209455923037 bend    8    9    7      val=   0.61105
        0.5335247365773 bend   31    9    7
       -0.4752150190632 bend   31    8    7
        0.4861783705425 bend    4    9    7
       -0.5027065896689 bend    4    8    7
  17 k  0.8975110810843 bend    8    9    7      val=  -0.07611
       -0.2244018222213 bend   31    9    7
       -0.2280285228591 bend   31    8    7
       -0.1859785892765 bend    4    9    7
       -0.2398596227130 bend    4    8    7
  18 k -0.0191918153053 bend    8    9    7      val=   2.43151
       -0.4861985194057 bend   31    9    7
        0.5042377451535 bend   31    8    7
        0.5139521582346 bend    4    9    7
       -0.4948132469544 bend    4    8    7
  19 k  1.0000000000000 stre   10   11           val=   2.07014
  20 k  1.0000000000000 stre   10   12           val=   2.09928
  21 k  0.0167471775862 bend   12   11   10      val=   0.50172
        0.4812491197912 bend   31   11   10
        0.5195335696086 bend   31   12   10
       -0.5167386743724 bend   13   11   10
       -0.4808168353965 bend   13   12   10
  22 k -0.0209455923036 bend   12   11   10      val=   0.61105
        0.5335247365773 bend   31   11   10
       -0.4752150190632 bend   31   12   10
        0.4861783705425 bend   13   11   10
       -0.5027065896689 bend   13   12   10
  23 k  0.8975110810843 bend   12   11   10      val=  -0.07611
       -0.2244018222213 bend   31   11   10
       -0.2280285228591 bend   31   12   10
       -0.1859785892765 bend   13   11   10
       -0.2398596227130 bend   13   12   10
  24 k -0.0191918153052 bend   12   11   10      val=   2.43151
       -0.4861985194057 bend   31   11   10
        0.5042377451535 bend   31   12   10
        0.5139521582346 bend   13   11   10
       -0.4948132469544 bend   13   12   10
  25 k  1.0000000000000 stre   13   14           val=   2.06886
  26 k  1.0000000000000 stre   13   15           val=   2.07133
  27 k -0.4977087937892 bend   16   14   13      val=  -0.00000
       -0.5022807547427 bend   16   15   13
        0.4977087937892 bend   10   14   13
        0.5022807547427 bend   10   15   13
  28 k  0.0064977127593 bend   15   14   13      val=   0.24316
        0.5006176565382 bend   16   14   13
       -0.4993604427932 bend   16   15   13
        0.5006176565382 bend   10   14   13
       -0.4993604427932 bend   10   15   13
  29 k -0.8921257979436 bend   15   14   13      val=   1.28799
        0.2284928753376 bend   16   14   13
        0.2232639385160 bend   16   15   13
        0.2284928753376 bend   10   14   13
        0.2232639385160 bend   10   15   13
  30 k  0.5022807547427 bend   16   14   13      val=   0.00000
       -0.4977087937892 bend   16   15   13
       -0.5022807547427 bend   10   14   13
        0.4977087937892 bend   10   15   13
  31 k  1.0000000000000 stre   16   18           val=   2.07014
  32 k  1.0000000000000 stre   16   17           val=   2.09928
  33 k  0.0167471775862 bend   17   18   16      val=   0.50172
        0.4812491197912 bend   32   18   16
        0.5195335696087 bend   32   17   16
       -0.5167386743724 bend   13   18   16
       -0.4808168353965 bend   13   17   16
  34 k -0.0209455923036 bend   17   18   16      val=   0.61105
        0.5335247365772 bend   32   18   16
       -0.4752150190632 bend   32   17   16
        0.4861783705425 bend   13   18   16
       -0.5027065896689 bend   13   17   16
  35 k  0.8975110810843 bend   17   18   16      val=  -0.07611
       -0.2244018222214 bend   32   18   16
       -0.2280285228591 bend   32   17   16
       -0.1859785892765 bend   13   18   16
       -0.2398596227129 bend   13   17   16
  36 k -0.0191918153053 bend   17   18   16      val=   2.43151
       -0.4861985194057 bend   32   18   16
        0.5042377451535 bend   32   17   16
        0.5139521582346 bend   13   18   16
       -0.4948132469543 bend   13   17   16
  37 k  1.0000000000000 stre   19   20           val=   2.07014
  38 k  1.0000000000000 stre   19   21           val=   2.09928
  39 k  0.0167471775862 bend   21   20   19      val=   0.50172
        0.4812491197912 bend   32   20   19
        0.5195335696087 bend   32   21   19
       -0.5167386743724 bend   22   20   19
       -0.4808168353965 bend   22   21   19
  40 k -0.0209455923036 bend   21   20   19      val=   0.61105
        0.5335247365772 bend   32   20   19
       -0.4752150190632 bend   32   21   19
        0.4861783705425 bend   22   20   19
       -0.5027065896689 bend   22   21   19
  41 k  0.8975110810843 bend   21   20   19      val=  -0.07611
       -0.2244018222214 bend   32   20   19
       -0.2280285228591 bend   32   21   19
       -0.1859785892765 bend   22   20   19
       -0.2398596227129 bend   22   21   19
  42 k -0.0191918153053 bend   21   20   19      val=   2.43151
       -0.4861985194057 bend   32   20   19
        0.5042377451535 bend   32   21   19
        0.5139521582346 bend   22   20   19
       -0.4948132469543 bend   22   21   19
  43 k  1.0000000000000 stre   22   24           val=   2.06886
  44 k  1.0000000000000 stre   22   23           val=   2.07133
  45 k -0.4977087937892 bend   19   24   22      val=  -0.00000
       -0.5022807547427 bend   19   23   22
        0.4977087937892 bend   25   24   22
        0.5022807547427 bend   25   23   22
  46 k  0.0064977127593 bend   23   24   22      val=   0.24316
        0.5006176565382 bend   19   24   22
       -0.4993604427932 bend   19   23   22
        0.5006176565382 bend   25   24   22
       -0.4993604427932 bend   25   23   22
  47 k -0.8921257979436 bend   23   24   22      val=   1.28799
        0.2284928753376 bend   19   24   22
        0.2232639385160 bend   19   23   22
        0.2284928753376 bend   25   24   22
        0.2232639385160 bend   25   23   22
  48 k  0.5022807547427 bend   19   24   22      val=   0.00000
       -0.4977087937892 bend   19   23   22
       -0.5022807547427 bend   25   24   22
        0.4977087937892 bend   25   23   22
  49 k  1.0000000000000 stre   25   27           val=   2.07014
  50 k  1.0000000000000 stre   25   26           val=   2.09928
  51 k  0.0167471775862 bend   26   27   25      val=   0.50172
        0.4812491197912 bend   30   27   25
        0.5195335696086 bend   30   26   25
       -0.5167386743724 bend   22   27   25
       -0.4808168353965 bend   22   26   25
  52 k -0.0209455923036 bend   26   27   25      val=   0.61105
        0.5335247365773 bend   30   27   25
       -0.4752150190632 bend   30   26   25
        0.4861783705425 bend   22   27   25
       -0.5027065896689 bend   22   26   25
  53 k  0.8975110810843 bend   26   27   25      val=  -0.07611
       -0.2244018222213 bend   30   27   25
       -0.2280285228591 bend   30   26   25
       -0.1859785892765 bend   22   27   25
       -0.2398596227130 bend   22   26   25
  54 k -0.0191918153052 bend   26   27   25      val=   2.43151
       -0.4861985194057 bend   30   27   25
        0.5042377451535 bend   30   26   25
        0.5139521582346 bend   22   27   25
       -0.4948132469544 bend   22   26   25
  55 k  1.0000000000000 stre   28   29           val=   2.14173
  56 k -0.7071067811865 bend   30   29   28      val=   0.00000
        0.7071067811865 bend   31   29   28
  57 k -0.4082482904639 bend   30   29   28      val=   0.00000
       -0.4082482904639 bend   31   29   28
        0.8164965809277 bend   32   29   28
  58 k  1.0000000000000 stre    1   30           val=   2.76878
  59 k  1.0000000000000 stre    1    4           val=   2.87288
  60 k  1.0000000000000 stre    4    7           val=   2.87288
  61 k  1.0000000000000 stre    7   31           val=   2.76878
  62 k  1.0000000000000 stre   10   31           val=   2.76878
  63 k  1.0000000000000 stre   10   13           val=   2.87288
  64 k  1.0000000000000 stre   13   16           val=   2.87288
  65 k  1.0000000000000 stre   16   32           val=   2.76878
  66 k  1.0000000000000 stre   19   32           val=   2.76878
  67 k  1.0000000000000 stre   19   22           val=   2.87288
  68 k  1.0000000000000 stre   22   25           val=   2.87288
  69 k  1.0000000000000 stre   25   30           val=   2.76878
  70 k  1.0000000000000 stre   28   30           val=   2.77210
  71 k  1.0000000000000 stre   28   31           val=   2.77210
  72 k  1.0000000000000 stre   28   32           val=   2.77210
  73 k  1.0000000000000 bend    4   30    1      val= 110.22823
  74 k  1.0000000000000 bend    7    1    4      val= 108.30768
  75 k  1.0000000000000 bend    4   31    7      val= 110.22823
  76 k  1.0000000000000 bend   13   31   10      val= 110.22823
  77 k  1.0000000000000 bend   10   16   13      val= 108.30768
  78 k  1.0000000000000 bend   13   32   16      val= 110.22823
  79 k  1.0000000000000 bend   22   32   19      val= 110.22823
  80 k  1.0000000000000 bend   25   19   22      val= 108.30768
  81 k  1.0000000000000 bend   22   30   25      val= 110.22823
  82 k  0.8164884110993 bend   31   30   28      val=   0.00000
       -0.4050809942957 bend   32   30   28
       -0.4114074168036 bend   32   31   28
  83 k  0.0036525617379 bend   31   30   28      val=   0.00000
       -0.7089259867765 bend   32   30   28
        0.7052734250386 bend   32   31   28
  84 k  0.5773502691896 bend   31   30   28      val= 109.72160
        0.5773502691896 bend   32   30   28
        0.5773502691896 bend   32   31   28
  85 k  0.7071067811872 bend   28   25   30      val=   0.00000
       -0.7071067811859 bend   28    1   30
  86 k -0.8053685241190 bend    1   25   30      val=   3.41991
        0.4191548284087 bend   28   25   30
        0.4191548284108 bend   28    1   30
  87 k  0.5927744430713 bend    1   25   30      val= 111.09384
        0.5694815447587 bend   28   25   30
        0.5694815447587 bend   28    1   30
  88 k  0.7071067811872 bend   28   10   31      val=   0.00000
       -0.7071067811859 bend   28    7   31
  89 k -0.8053685241190 bend    7   10   31      val=   3.41991
        0.4191548284087 bend   28   10   31
        0.4191548284108 bend   28    7   31
  90 k  0.5927744430713 bend    7   10   31      val= 111.09384
        0.5694815447587 bend   28   10   31
        0.5694815447587 bend   28    7   31
  91 k  0.7071067811866 bend   28   16   32      val=   0.00000
       -0.7071067811865 bend   28   19   32
  92 k -0.8053685241190 bend   19   16   32      val=   3.41991
        0.4191548284097 bend   28   16   32
        0.4191548284098 bend   28   19   32
  93 k  0.5927744430712 bend   19   16   32      val= 111.09384
        0.5694815447587 bend   28   16   32
        0.5694815447587 bend   28   19   32
  94 k  1.0000000000000 tors   25   30    1    4 val=  59.14727
        1.0000000000000 tors   28   30    1    4
  95 k  1.0000000000000 tors    7    4    1   30 val=  56.58545
  96 k  1.0000000000000 tors   31    7    4    1 val= -56.58545
  97 k  1.0000000000000 tors   10   31    7    4 val= 120.85273
        1.0000000000000 tors   28   31    7    4
  98 k  1.0000000000000 tors    7   31   10   13 val=  59.14727
        1.0000000000000 tors   28   31   10   13
  99 k  1.0000000000000 tors   16   13   10   31 val=  56.58545
 100 k  1.0000000000000 tors   32   16   13   10 val= -56.58545
 101 k  1.0000000000000 tors   19   32   16   13 val= 120.85273
        1.0000000000000 tors   28   32   16   13
 102 k  1.0000000000000 tors   16   32   19   22 val=  59.14727
        1.0000000000000 tors   28   32   19   22
 103 k  1.0000000000000 tors   25   22   19   32 val=  56.58545
 104 k  1.0000000000000 tors   30   25   22   19 val= -56.58545
 105 k  1.0000000000000 tors    1   30   25   22 val= 120.85273
        1.0000000000000 tors   28   30   25   22
 106 k  1.0000000000000 tors    1   30   28   31 val=  90.00000
        1.0000000000000 tors    1   30   28   32
        1.0000000000000 tors   25   30   28   31
        1.0000000000000 tors   25   30   28   32
 107 k  1.0000000000000 tors    7   31   28   30 val=  90.00000
        1.0000000000000 tors    7   31   28   32
        1.0000000000000 tors   10   31   28   30
        1.0000000000000 tors   10   31   28   32
 108 k  1.0000000000000 tors   16   32   28   30 val=  90.00000
        1.0000000000000 tors   16   32   28   31
        1.0000000000000 tors   19   32   28   30
        1.0000000000000 tors   19   32   28   31
        90 non zero eigenvalues  of BmBt
           1           3.375757060    1    0
         1
           2           3.364696235    2    0
         2
           3           3.364696235    3    0
         3
           4           3.019374286    4    0
         4
           5           3.019374286    5    0
         5
           6           2.985936293    6    0
         6
           7           2.681873338    7    0
         7
           8           2.658033155    8    0
         8
           9           2.658033155    9    0
         9
          10           2.231330787   10    0
        10
          11           2.230117353   11    0
        11
          12           2.230117353   12    0
        12
          13           2.165420912   13    0
        13
          14           2.165420912   14    0
        14
          15           2.163627665   15    0
        15
          16           2.099131085   16    0
        16
          17           2.097890209   17    0
        17
          18           2.097890209   18    0
        18
          19           2.000000000   19    0
        19
          20           1.671702012   20    0
        20
          21           1.671702012   21    0
        21
          22           1.660181847   22    0
        22
          23           1.473543624   23    0
        23
          24           1.459748916   24    0
        24
          25           1.459748916   25    0
        25
          26           1.324531038   26    0
        26
          27           1.324531038   27    0
        27
          28           1.308299455   28    0
        28
          29           1.009481310   29    0
        29
          30           1.009481310   30    0
        30
          31           0.761048716   31    0
        31
          32           0.759733902   32    0
        32
          33           0.759733902   33    0
        33
          34           0.735164072   34    0
        34
          35           0.735164072   35    0
        35
          36           0.731879687   36    0
        36
          37           0.728944591   37    0
        37
          38           0.723128069   38    0
        38
          39           0.723128069   39    0
        39
          40           0.683651502   40    0
        40
          41           0.639290985   41    0
        41
          42           0.639290985   42    0
        42
          43           0.502762204   43    0
        43
          44           0.502762204   44    0
        44
          45           0.500719927   45    0
        45
          46           0.419087291   46    0
        46
          47           0.407647594   47    0
        47
          48           0.407647594   48    0
        48
          49           0.356336313   49    0
        49
          50           0.356336313   50    0
        50
          51           0.351732900   51    0
        51
          52           0.309686825   52    0
        52
          53           0.309686825   53    0
        53
          54           0.302057241   54    0
        54
          55           0.283567185   55    0
        55
          56           0.279267692   56    0
        56
          57           0.279267692   57    0
        57
          58           1.612402542   58    0
        58
          59           1.440186742   59    0
        59
          60           1.440186742   60    0
        60
          61           1.354130089   61    0
        61
          62           1.354130089   62    0
        62
          63           1.342552683   63    0
        63
          64           0.856624377   64    0
        64
          65           0.856624377   65    0
        65
          66           0.637493883   66    0
        66
          67           0.569800700   67    0
        67
          68           0.569800700   68    0
        68
          69           0.467033426   69    0
        69
          70           0.458015570   70    0
        70
          71           0.458015570   71    0
        71
          72           0.391519366   72    0
        72
          73           0.367485711    0    0
         0.000000000         0.000000000         0.000000000         0.000000000
         0.000000000         0.000000000         0.000000000         0.000000000
         0.000000000         0.000000000         0.000000000         0.000000000
         0.000000000         0.000000000         0.000000000         0.000000000
         0.000000000         0.000000000         0.000000000         0.000000000
         0.000000000         0.000000000         0.000000000         0.000000000
         0.000000000         0.000000000         0.000000000         0.000000000
         0.000000000         0.000000000         0.000000000         0.000000000
         0.000000000         0.000000000         0.000000000         0.000000000
         0.000000000         0.000000000         0.000000000         0.000000000
         0.000000000         0.000000000         0.000000000         0.000000000
         0.000000000         0.000000000         0.000000000         0.000000000
         0.000000000         0.000000000         0.000000000         0.000000000
         0.000000000         0.000000000         0.000000000         0.000000000
         0.000000000         0.000000000         0.000000000         0.000000000
         0.000000000         0.000000000         0.000000000         0.000000000
         0.000000000         0.000000000         0.000000000         0.000000000
         0.000000000         0.000000000         0.000000000         0.000000000
         0.298576586        -0.216189666         0.297610098        -0.276479199
         0.107482856        -0.019926494        -0.022097387         0.108706809
        -0.277683604         0.466611151         0.003612630         0.000000000
         0.414877478        -0.076313549        -0.016749891         0.413314548
        -0.077182564        -0.016940629        -0.001562930         0.153496113
         0.033690519         0.000000000         0.000000000         0.000000000
         0.000000000         0.000000000         0.000000000         0.000000000
         0.000000000         0.000000000         0.000000000         0.000000000
         0.000000000         0.000000000         0.000000000         0.000000000
          74           0.367485711    0    0
         0.000000000         0.000000000         0.000000000         0.000000000
         0.000000000         0.000000000         0.000000000         0.000000000
         0.000000000         0.000000000         0.000000000         0.000000000
         0.000000000         0.000000000         0.000000000         0.000000000
         0.000000000         0.000000000         0.000000000         0.000000000
         0.000000000         0.000000000         0.000000000         0.000000000
         0.000000000         0.000000000         0.000000000         0.000000000
         0.000000000         0.000000000         0.000000000         0.000000000
         0.000000000         0.000000000         0.000000000         0.000000000
         0.000000000         0.000000000         0.000000000         0.000000000
         0.000000000         0.000000000         0.000000000         0.000000000
         0.000000000         0.000000000         0.000000000         0.000000000
         0.000000000         0.000000000         0.000000000         0.000000000
         0.000000000         0.000000000         0.000000000         0.000000000
         0.000000000         0.000000000         0.000000000         0.000000000
         0.000000000         0.000000000         0.000000000         0.000000000
         0.000000000         0.000000000         0.000000000         0.000000000
         0.000000000         0.000000000         0.000000000         0.000000000
        -0.146867408        -0.000706650         0.148816137        -0.185141204
         0.187579067        -0.332145974         0.332008612        -0.186872418
         0.183329837         0.003612630        -0.466611151         0.000000000
        -0.237724907        -0.133182397        -0.029231907         0.240431982
         0.132680671         0.029121784         0.478156889         0.000501726
         0.000110123         0.000000000         0.000000000         0.000000000
         0.000000000         0.000000000         0.000000000         0.000000000
         0.000000000         0.000000000         0.000000000         0.000000000
         0.000000000         0.000000000         0.000000000         0.000000000
          75           0.251567756    0    0
         0.000000000         0.000000000         0.000000000         0.000000000
         0.000000000         0.000000000         0.000000000         0.000000000
         0.000000000         0.000000000         0.000000000         0.000000000
         0.000000000         0.000000000         0.000000000         0.000000000
         0.000000000         0.000000000         0.000000000         0.000000000
         0.000000000         0.000000000         0.000000000         0.000000000
         0.000000000         0.000000000         0.000000000         0.000000000
         0.000000000         0.000000000         0.000000000         0.000000000
         0.000000000         0.000000000         0.000000000         0.000000000
         0.000000000         0.000000000         0.000000000         0.000000000
         0.000000000         0.000000000         0.000000000         0.000000000
         0.000000000         0.000000000         0.000000000         0.000000000
         0.000000000         0.000000000         0.000000000         0.000000000
         0.000000000         0.000000000         0.000000000         0.000000000
         0.000000000         0.000000000         0.000000000         0.000000000
         0.000000000         0.000000000         0.000000000         0.000000000
         0.000000000         0.000000000         0.000000000         0.000000000
         0.000000000         0.000000000         0.000000000         0.000000000
        -0.314937331         0.000000000         0.314937331        -0.314937331
         0.000000000         0.314937331        -0.314937331        -0.000000000
         0.314937331        -0.000000000        -0.000000000        -0.000000000
        -0.367372138         0.000000000        -0.000000000         0.367372138
        -0.000000000         0.000000000        -0.367372138         0.000000000
        -0.000000000         0.000000000         0.000000000         0.000000000
         0.000000000         0.000000000         0.000000000         0.000000000
         0.000000000         0.000000000         0.000000000         0.000000000
         0.000000000         0.000000000         0.000000000         0.000000000
          76           0.229345817    0    0
         0.000000000         0.000000000         0.000000000         0.000000000
         0.000000000         0.000000000         0.000000000         0.000000000
         0.000000000         0.000000000         0.000000000         0.000000000
         0.000000000         0.000000000         0.000000000         0.000000000
         0.000000000         0.000000000         0.000000000         0.000000000
         0.000000000         0.000000000         0.000000000         0.000000000
         0.000000000         0.000000000         0.000000000         0.000000000
         0.000000000         0.000000000         0.000000000         0.000000000
         0.000000000         0.000000000         0.000000000         0.000000000
         0.000000000         0.000000000         0.000000000         0.000000000
         0.000000000         0.000000000         0.000000000         0.000000000
         0.000000000         0.000000000         0.000000000         0.000000000
         0.000000000         0.000000000         0.000000000         0.000000000
         0.000000000         0.000000000         0.000000000         0.000000000
         0.000000000         0.000000000         0.000000000         0.000000000
         0.000000000         0.000000000         0.000000000         0.000000000
         0.000000000         0.000000000         0.000000000         0.000000000
         0.000000000         0.000000000         0.000000000         0.000000000
        -0.240015050         0.197995575        -0.240015050        -0.240015050
         0.197995575        -0.240015050        -0.240015050         0.197995575
        -0.240015050         0.000000000        -0.000000000        -0.432511195
         0.000000000         0.219693209        -0.261335454         0.000000000
         0.219693209        -0.261335454         0.000000000         0.219693209
        -0.261335454         0.000000000         0.000000000         0.000000000
         0.000000000         0.000000000         0.000000000         0.000000000
         0.000000000         0.000000000         0.000000000         0.000000000
         0.000000000         0.000000000         0.000000000         0.000000000
          77           0.181779504    0    0
         0.000000000         0.000000000         0.000000000         0.000000000
         0.000000000         0.000000000         0.000000000         0.000000000
         0.000000000         0.000000000         0.000000000         0.000000000
         0.000000000         0.000000000         0.000000000         0.000000000
         0.000000000         0.000000000         0.000000000         0.000000000
         0.000000000         0.000000000         0.000000000         0.000000000
         0.000000000         0.000000000         0.000000000         0.000000000
         0.000000000         0.000000000         0.000000000         0.000000000
         0.000000000         0.000000000         0.000000000         0.000000000
         0.000000000         0.000000000         0.000000000         0.000000000
         0.000000000         0.000000000         0.000000000         0.000000000
         0.000000000         0.000000000         0.000000000         0.000000000
         0.000000000         0.000000000         0.000000000         0.000000000
         0.000000000         0.000000000         0.000000000         0.000000000
         0.000000000         0.000000000         0.000000000         0.000000000
         0.000000000         0.000000000         0.000000000         0.000000000
         0.000000000         0.000000000         0.000000000         0.000000000
         0.000000000         0.000000000         0.000000000         0.000000000
        -0.125932838         0.313495627        -0.125932838        -0.125932838
         0.313495627        -0.125932838        -0.125932838         0.313495627
        -0.125932838         0.000000000        -0.000000000         0.661610509
         0.000000000         0.121898954         0.206317285         0.000000000
         0.121898954         0.206317285         0.000000000         0.121898954
         0.206317285         0.000000000         0.000000000         0.000000000
         0.000000000         0.000000000         0.000000000         0.000000000
         0.000000000         0.000000000         0.000000000         0.000000000
         0.000000000         0.000000000         0.000000000         0.000000000
          78           0.148874794    0    0
         0.000000000         0.000000000         0.000000000         0.000000000
         0.000000000         0.000000000         0.000000000         0.000000000
         0.000000000         0.000000000         0.000000000         0.000000000
         0.000000000         0.000000000         0.000000000         0.000000000
         0.000000000         0.000000000         0.000000000         0.000000000
         0.000000000         0.000000000         0.000000000         0.000000000
         0.000000000         0.000000000         0.000000000         0.000000000
         0.000000000         0.000000000         0.000000000         0.000000000
         0.000000000         0.000000000         0.000000000         0.000000000
         0.000000000         0.000000000         0.000000000         0.000000000
         0.000000000         0.000000000         0.000000000         0.000000000
         0.000000000         0.000000000         0.000000000         0.000000000
         0.000000000         0.000000000         0.000000000         0.000000000
         0.000000000         0.000000000         0.000000000         0.000000000
         0.000000000         0.000000000         0.000000000         0.000000000
         0.000000000         0.000000000         0.000000000         0.000000000
         0.000000000         0.000000000         0.000000000         0.000000000
         0.000000000         0.000000000         0.000000000         0.000000000
         0.062222641        -0.000241146        -0.061907263        -0.296496011
         0.406002427        -0.234486371         0.234273370        -0.405761280
         0.296393634        -0.001904298         0.381772554         0.000000000
         0.132806055         0.058292613         0.243618128        -0.133042978
        -0.058257990        -0.243473430        -0.265849033        -0.000034623
        -0.000144698         0.000000000         0.000000000         0.000000000
         0.000000000         0.000000000         0.000000000         0.000000000
         0.000000000         0.000000000         0.000000000         0.000000000
         0.000000000         0.000000000         0.000000000         0.000000000
          79           0.148874794    0    0
         0.000000000         0.000000000         0.000000000         0.000000000
         0.000000000         0.000000000         0.000000000         0.000000000
         0.000000000         0.000000000         0.000000000         0.000000000
         0.000000000         0.000000000         0.000000000         0.000000000
         0.000000000         0.000000000         0.000000000         0.000000000
         0.000000000         0.000000000         0.000000000         0.000000000
         0.000000000         0.000000000         0.000000000         0.000000000
         0.000000000         0.000000000         0.000000000         0.000000000
         0.000000000         0.000000000         0.000000000         0.000000000
         0.000000000         0.000000000         0.000000000         0.000000000
         0.000000000         0.000000000         0.000000000         0.000000000
         0.000000000         0.000000000         0.000000000         0.000000000
         0.000000000         0.000000000         0.000000000         0.000000000
         0.000000000         0.000000000         0.000000000         0.000000000
         0.000000000         0.000000000         0.000000000         0.000000000
         0.000000000         0.000000000         0.000000000         0.000000000
         0.000000000         0.000000000         0.000000000         0.000000000
         0.000000000         0.000000000         0.000000000         0.000000000
        -0.306439845         0.468671995        -0.306503714         0.099333534
        -0.234127158         0.206865119         0.207106311        -0.234544836
         0.099638595         0.381772554         0.001904298        -0.000000000
         0.230300410        -0.033615277        -0.140485909         0.230163622
        -0.033675245        -0.140736533        -0.000136788         0.067290522
         0.281222442         0.000000000         0.000000000         0.000000000
         0.000000000         0.000000000         0.000000000         0.000000000
         0.000000000         0.000000000         0.000000000         0.000000000
         0.000000000         0.000000000         0.000000000         0.000000000
          80           0.113612399    0    0
         0.000000000         0.000000000         0.000000000         0.000000000
         0.000000000         0.000000000         0.000000000         0.000000000
         0.000000000         0.000000000         0.000000000         0.000000000
         0.000000000         0.000000000         0.000000000         0.000000000
         0.000000000         0.000000000         0.000000000         0.000000000
         0.000000000         0.000000000         0.000000000         0.000000000
         0.000000000         0.000000000         0.000000000         0.000000000
         0.000000000         0.000000000         0.000000000         0.000000000
         0.000000000         0.000000000         0.000000000         0.000000000
         0.000000000         0.000000000         0.000000000         0.000000000
         0.000000000         0.000000000         0.000000000         0.000000000
         0.000000000         0.000000000         0.000000000         0.000000000
         0.000000000         0.000000000         0.000000000         0.000000000
         0.000000000         0.000000000         0.000000000         0.000000000
         0.000000000         0.000000000         0.000000000         0.000000000
         0.000000000         0.000000000         0.000000000         0.000000000
         0.000000000         0.000000000         0.000000000         0.000000000
         0.000000000         0.000000000         0.000000000         0.000000000
        -0.291578208         0.000054458         0.291674978         0.131031336
        -0.015786658        -0.159083646         0.160546872         0.015732200
        -0.132591332        -0.000715720         0.095861066        -0.000000000
        -0.044422811         0.600820477        -0.038380607         0.044885731
        -0.598747871         0.038248208         0.089308542        -0.002072606
         0.000132399         0.000000000         0.000000000         0.000000000
         0.000000000         0.000000000         0.000000000         0.000000000
         0.000000000         0.000000000         0.000000000         0.000000000
         0.000000000         0.000000000         0.000000000         0.000000000
          81           0.113612399    0    0
         0.000000000         0.000000000         0.000000000         0.000000000
         0.000000000         0.000000000         0.000000000         0.000000000
         0.000000000         0.000000000         0.000000000         0.000000000
         0.000000000         0.000000000         0.000000000         0.000000000
         0.000000000         0.000000000         0.000000000         0.000000000
         0.000000000         0.000000000         0.000000000         0.000000000
         0.000000000         0.000000000         0.000000000         0.000000000
         0.000000000         0.000000000         0.000000000         0.000000000
         0.000000000         0.000000000         0.000000000         0.000000000
         0.000000000         0.000000000         0.000000000         0.000000000
         0.000000000         0.000000000         0.000000000         0.000000000
         0.000000000         0.000000000         0.000000000         0.000000000
         0.000000000         0.000000000         0.000000000         0.000000000
         0.000000000         0.000000000         0.000000000         0.000000000
         0.000000000         0.000000000         0.000000000         0.000000000
         0.000000000         0.000000000         0.000000000         0.000000000
         0.000000000         0.000000000         0.000000000         0.000000000
         0.000000000         0.000000000         0.000000000         0.000000000
         0.017040803         0.018197421         0.015295345        -0.261034537
        -0.009051548         0.244950269         0.243993734        -0.009145872
        -0.260245613        -0.095861066        -0.000715720        -0.000000000
         0.077477100         0.344490625        -0.022006173         0.077209833
         0.348080484        -0.022235494        -0.000267267        -0.692571109
         0.044241667         0.000000000         0.000000000         0.000000000
         0.000000000         0.000000000         0.000000000         0.000000000
         0.000000000         0.000000000         0.000000000         0.000000000
         0.000000000         0.000000000         0.000000000         0.000000000
          82           0.069687039    0    0
         0.000000000         0.000000000         0.000000000         0.000000000
         0.000000000         0.000000000         0.000000000         0.000000000
         0.000000000         0.000000000         0.000000000         0.000000000
         0.000000000         0.000000000         0.000000000         0.000000000
         0.000000000         0.000000000         0.000000000         0.000000000
         0.000000000         0.000000000         0.000000000         0.000000000
         0.000000000         0.000000000         0.000000000         0.000000000
         0.000000000         0.000000000         0.000000000         0.000000000
         0.000000000         0.000000000         0.000000000         0.000000000
         0.000000000         0.000000000         0.000000000         0.000000000
         0.000000000         0.000000000         0.000000000         0.000000000
         0.000000000         0.000000000         0.000000000         0.000000000
         0.000000000         0.000000000         0.000000000         0.000000000
         0.000000000         0.000000000         0.000000000         0.000000000
         0.000000000         0.000000000         0.000000000         0.000000000
         0.000000000         0.000000000         0.000000000         0.000000000
         0.000000000         0.000000000         0.000000000         0.000000000
         0.000000000         0.000000000         0.000000000         0.000000000
         0.022177414         0.000543818        -0.022205173        -0.017000685
         0.229831492         0.005269278        -0.005176730        -0.230375311
         0.016935895        -0.000788279         0.324829857        -0.000000000
        -0.014131632        -0.047019460        -0.624300935         0.014031792
         0.047130715         0.625778132         0.028163424        -0.000111256
        -0.001477197         0.000000000         0.000000000         0.000000000
         0.000000000         0.000000000         0.000000000         0.000000000
         0.000000000         0.000000000         0.000000000         0.000000000
         0.000000000         0.000000000         0.000000000         0.000000000
          83           0.069687039    0    0
         0.000000000         0.000000000         0.000000000         0.000000000
         0.000000000         0.000000000         0.000000000         0.000000000
         0.000000000         0.000000000         0.000000000         0.000000000
         0.000000000         0.000000000         0.000000000         0.000000000
         0.000000000         0.000000000         0.000000000         0.000000000
         0.000000000         0.000000000         0.000000000         0.000000000
         0.000000000         0.000000000         0.000000000         0.000000000
         0.000000000         0.000000000         0.000000000         0.000000000
         0.000000000         0.000000000         0.000000000         0.000000000
         0.000000000         0.000000000         0.000000000         0.000000000
         0.000000000         0.000000000         0.000000000         0.000000000
         0.000000000         0.000000000         0.000000000         0.000000000
         0.000000000         0.000000000         0.000000000         0.000000000
         0.000000000         0.000000000         0.000000000         0.000000000
         0.000000000         0.000000000         0.000000000         0.000000000
         0.000000000         0.000000000         0.000000000         0.000000000
         0.000000000         0.000000000         0.000000000         0.000000000
         0.000000000         0.000000000         0.000000000         0.000000000
         0.006826564        -0.265700522         0.006735724         0.015792923
         0.133321221        -0.022598106        -0.022619486         0.132379300
         0.015862382        -0.324829857        -0.000788279        -0.000000000
         0.024361419        -0.027275165        -0.362146033         0.024419062
        -0.027082464        -0.359587453         0.000057643         0.054357629
         0.721733486         0.000000000         0.000000000         0.000000000
         0.000000000         0.000000000         0.000000000         0.000000000
         0.000000000         0.000000000         0.000000000         0.000000000
         0.000000000         0.000000000         0.000000000         0.000000000
          84           0.162290970    0    0
         0.000000000         0.000000000         0.000000000         0.000000000
         0.000000000         0.000000000         0.000000000         0.000000000
         0.000000000         0.000000000         0.000000000         0.000000000
         0.000000000         0.000000000         0.000000000         0.000000000
         0.000000000         0.000000000         0.000000000         0.000000000
         0.000000000         0.000000000         0.000000000         0.000000000
         0.000000000         0.000000000         0.000000000         0.000000000
         0.000000000         0.000000000         0.000000000         0.000000000
         0.000000000         0.000000000         0.000000000         0.000000000
         0.000000000         0.000000000         0.000000000         0.000000000
         0.000000000         0.000000000         0.000000000         0.000000000
         0.000000000         0.000000000         0.000000000         0.000000000
         0.000000000         0.000000000         0.000000000         0.000000000
         0.000000000         0.000000000         0.000000000         0.000000000
         0.000000000         0.000000000         0.000000000         0.000000000
         0.000000000         0.000000000         0.000000000         0.000000000
         0.000000000         0.000000000         0.000000000         0.000000000
         0.000000000         0.000000000         0.000000000         0.000000000
         0.000000000         0.000000000         0.000000000         0.000000000
         0.000000000         0.000000000         0.000000000         0.000000000
         0.000000000         0.000000000         0.000000000         0.000000000
         0.000000000         0.000000000         0.000000000         0.000000000
         0.000000000         0.000000000         0.000000000         0.000000000
         0.000000000        -0.360781032         0.382433142        -0.382433142
         0.360781032         0.355630140        -0.279497893         0.102935249
        -0.005150892         0.005150892        -0.102935249         0.279497893
        -0.355630140         0.091476082        -0.091476082        -0.000000000
          85           0.162290970    0    0
         0.000000000         0.000000000         0.000000000         0.000000000
         0.000000000         0.000000000         0.000000000         0.000000000
         0.000000000         0.000000000         0.000000000         0.000000000
         0.000000000         0.000000000         0.000000000         0.000000000
         0.000000000         0.000000000         0.000000000         0.000000000
         0.000000000         0.000000000         0.000000000         0.000000000
         0.000000000         0.000000000         0.000000000         0.000000000
         0.000000000         0.000000000         0.000000000         0.000000000
         0.000000000         0.000000000         0.000000000         0.000000000
         0.000000000         0.000000000         0.000000000         0.000000000
         0.000000000         0.000000000         0.000000000         0.000000000
         0.000000000         0.000000000         0.000000000         0.000000000
         0.000000000         0.000000000         0.000000000         0.000000000
         0.000000000         0.000000000         0.000000000         0.000000000
         0.000000000         0.000000000         0.000000000         0.000000000
         0.000000000         0.000000000         0.000000000         0.000000000
         0.000000000         0.000000000         0.000000000         0.000000000
         0.000000000         0.000000000         0.000000000         0.000000000
         0.000000000         0.000000000         0.000000000         0.000000000
         0.000000000         0.000000000         0.000000000         0.000000000
         0.000000000         0.000000000         0.000000000         0.000000000
         0.000000000         0.000000000         0.000000000         0.000000000
         0.000000000         0.000000000         0.000000000         0.000000000
         0.000000000         0.202349288        -0.101938490        -0.101938490
         0.202349288         0.211270895        -0.280227571         0.382166061
        -0.413620183        -0.413620183         0.382166061        -0.280227571
         0.211270895        -0.052813740        -0.052813740         0.105627481
          86           0.135381991    0    0
         0.000000000         0.000000000         0.000000000         0.000000000
         0.000000000         0.000000000         0.000000000         0.000000000
         0.000000000         0.000000000         0.000000000         0.000000000
         0.000000000         0.000000000         0.000000000         0.000000000
         0.000000000         0.000000000         0.000000000         0.000000000
         0.000000000         0.000000000         0.000000000         0.000000000
         0.000000000         0.000000000         0.000000000         0.000000000
         0.000000000         0.000000000         0.000000000         0.000000000
         0.000000000         0.000000000         0.000000000         0.000000000
         0.000000000         0.000000000         0.000000000         0.000000000
         0.000000000         0.000000000         0.000000000         0.000000000
         0.000000000         0.000000000         0.000000000         0.000000000
         0.000000000         0.000000000         0.000000000         0.000000000
         0.000000000         0.000000000         0.000000000         0.000000000
         0.000000000         0.000000000         0.000000000         0.000000000
         0.000000000         0.000000000         0.000000000         0.000000000
         0.000000000         0.000000000         0.000000000         0.000000000
         0.000000000         0.000000000         0.000000000         0.000000000
         0.000000000         0.000000000         0.000000000         0.000000000
         0.000000000         0.000000000         0.000000000         0.000000000
         0.000000000         0.000000000         0.000000000         0.000000000
         0.000000000         0.000000000         0.000000000         0.000000000
         0.000000000         0.000000000         0.000000000         0.000000000
         0.000000000        -0.355883298         0.116535785         0.116535785
        -0.355883298        -0.355883298         0.116535785         0.116535785
        -0.355883298        -0.355883298         0.116535785         0.116535785
        -0.355883298         0.229926750         0.229926750         0.229926750
          87           0.109109068    0    0
         0.000000000         0.000000000         0.000000000         0.000000000
         0.000000000         0.000000000         0.000000000         0.000000000
         0.000000000         0.000000000         0.000000000         0.000000000
         0.000000000         0.000000000         0.000000000         0.000000000
         0.000000000         0.000000000         0.000000000         0.000000000
         0.000000000         0.000000000         0.000000000         0.000000000
         0.000000000         0.000000000         0.000000000         0.000000000
         0.000000000         0.000000000         0.000000000         0.000000000
         0.000000000         0.000000000         0.000000000         0.000000000
         0.000000000         0.000000000         0.000000000         0.000000000
         0.000000000         0.000000000         0.000000000         0.000000000
         0.000000000         0.000000000         0.000000000         0.000000000
         0.000000000         0.000000000         0.000000000         0.000000000
         0.000000000         0.000000000         0.000000000         0.000000000
         0.000000000         0.000000000         0.000000000         0.000000000
         0.000000000         0.000000000         0.000000000         0.000000000
         0.000000000         0.000000000         0.000000000         0.000000000
         0.000000000         0.000000000         0.000000000         0.000000000
         0.000000000         0.000000000         0.000000000         0.000000000
         0.000000000         0.000000000         0.000000000         0.000000000
         0.000000000         0.000000000         0.000000000         0.000000000
         0.000000000         0.000000000         0.000000000         0.000000000
         0.000000000         0.000000000         0.000000000         0.000000000
         0.000000000        -0.101989681         0.395303392        -0.395303392
         0.101989681        -0.101989681         0.395303392        -0.395303392
         0.101989681        -0.101989681         0.395303392        -0.395303392
         0.101989681        -0.000000000         0.000000000         0.000000000
          88           0.060722251    0    0
         0.000000000         0.000000000         0.000000000         0.000000000
         0.000000000         0.000000000         0.000000000         0.000000000
         0.000000000         0.000000000         0.000000000         0.000000000
         0.000000000         0.000000000         0.000000000         0.000000000
         0.000000000         0.000000000         0.000000000         0.000000000
         0.000000000         0.000000000         0.000000000         0.000000000
         0.000000000         0.000000000         0.000000000         0.000000000
         0.000000000         0.000000000         0.000000000         0.000000000
         0.000000000         0.000000000         0.000000000         0.000000000
         0.000000000         0.000000000         0.000000000         0.000000000
         0.000000000         0.000000000         0.000000000         0.000000000
         0.000000000         0.000000000         0.000000000         0.000000000
         0.000000000         0.000000000         0.000000000         0.000000000
         0.000000000         0.000000000         0.000000000         0.000000000
         0.000000000         0.000000000         0.000000000         0.000000000
         0.000000000         0.000000000         0.000000000         0.000000000
         0.000000000         0.000000000         0.000000000         0.000000000
         0.000000000         0.000000000         0.000000000         0.000000000
         0.000000000         0.000000000         0.000000000         0.000000000
         0.000000000         0.000000000         0.000000000         0.000000000
         0.000000000         0.000000000         0.000000000         0.000000000
         0.000000000         0.000000000         0.000000000         0.000000000
         0.000000000         0.000000000         0.000000000         0.000000000
         0.000000000         0.346625254        -0.104482854        -0.104482854
         0.346625254        -0.191182610         0.279948580        -0.175465726
        -0.155442643        -0.155442643        -0.175465726         0.279948580
        -0.191182610        -0.257592464        -0.257592464         0.515184928
          89           0.060722251    0    0
         0.000000000         0.000000000         0.000000000         0.000000000
         0.000000000         0.000000000         0.000000000         0.000000000
         0.000000000         0.000000000         0.000000000         0.000000000
         0.000000000         0.000000000         0.000000000         0.000000000
         0.000000000         0.000000000         0.000000000         0.000000000
         0.000000000         0.000000000         0.000000000         0.000000000
         0.000000000         0.000000000         0.000000000         0.000000000
         0.000000000         0.000000000         0.000000000         0.000000000
         0.000000000         0.000000000         0.000000000         0.000000000
         0.000000000         0.000000000         0.000000000         0.000000000
         0.000000000         0.000000000         0.000000000         0.000000000
         0.000000000         0.000000000         0.000000000         0.000000000
         0.000000000         0.000000000         0.000000000         0.000000000
         0.000000000         0.000000000         0.000000000         0.000000000
         0.000000000         0.000000000         0.000000000         0.000000000
         0.000000000         0.000000000         0.000000000         0.000000000
         0.000000000         0.000000000         0.000000000         0.000000000
         0.000000000         0.000000000         0.000000000         0.000000000
         0.000000000         0.000000000         0.000000000         0.000000000
         0.000000000         0.000000000         0.000000000         0.000000000
         0.000000000         0.000000000         0.000000000         0.000000000
         0.000000000         0.000000000         0.000000000         0.000000000
         0.000000000         0.000000000         0.000000000         0.000000000
         0.000000000         0.020634480        -0.262933572         0.262933572
        -0.020634480         0.289869035         0.040981981        -0.221951591
         0.310503515        -0.310503515         0.221951591        -0.040981981
        -0.289869035         0.446163236        -0.446163236        -0.000000000
          90           0.039740885    0    0
         0.000000000         0.000000000         0.000000000         0.000000000
         0.000000000         0.000000000         0.000000000         0.000000000
         0.000000000         0.000000000         0.000000000         0.000000000
         0.000000000         0.000000000         0.000000000         0.000000000
         0.000000000         0.000000000         0.000000000         0.000000000
         0.000000000         0.000000000         0.000000000         0.000000000
         0.000000000         0.000000000         0.000000000         0.000000000
         0.000000000         0.000000000         0.000000000         0.000000000
         0.000000000         0.000000000         0.000000000         0.000000000
         0.000000000         0.000000000         0.000000000         0.000000000
         0.000000000         0.000000000         0.000000000         0.000000000
         0.000000000         0.000000000         0.000000000         0.000000000
         0.000000000         0.000000000         0.000000000         0.000000000
         0.000000000         0.000000000         0.000000000         0.000000000
         0.000000000         0.000000000         0.000000000         0.000000000
         0.000000000         0.000000000         0.000000000         0.000000000
         0.000000000         0.000000000         0.000000000         0.000000000
         0.000000000         0.000000000         0.000000000         0.000000000
         0.000000000         0.000000000         0.000000000         0.000000000
         0.000000000         0.000000000         0.000000000         0.000000000
         0.000000000         0.000000000         0.000000000         0.000000000
         0.000000000         0.000000000         0.000000000         0.000000000
         0.000000000         0.000000000         0.000000000         0.000000000
         0.000000000        -0.395303392        -0.101989681         0.101989681
         0.395303392        -0.395303392        -0.101989681         0.101989681
         0.395303392        -0.395303392        -0.101989681         0.101989681
         0.395303392        -0.000000000         0.000000000        -0.000000000
$user-defined bonds
$end
