$coord
    1.18312215990595     -1.60799187717715      1.52295994218529      n
    0.77325683600451     -3.42323994418952      1.95473540093720      h
   -0.81722377113006     -0.16504075682456      0.55683380579662      c
   -2.89273913379369     -1.11192076765326      0.23355611691840      o
   -0.12637471326134      2.44015651853303      0.03710928528521      c
   -1.53019349634799      3.68838710231045     -0.74235934885920      h
    2.23657039227665      3.24642667921671      0.54902820129788      c
    2.83808561597296      5.16626679422652      0.20755398232787      h
    4.03292084080193      1.67543422053713      1.54784022573923      n
    5.77374816111409      2.31283841052245      1.97179275120376      h
    3.59573911557906     -0.83748587959949      2.13220020757584      c
    5.18504248002462     -2.19949672454959      3.07758397860594      o
$redundant
     number_of_atoms            29
     degrees_of_freedom         81
     internal_coordinates       81
     frozen_coordinates          0
# definitions of redundant internals
   1 k  1.0000000000000 stre    1    2           val=   1.91038
   2 k -0.6737636464882 bend   11    2    1      val=  12.62045
        0.6759456583858 bend    3    2    1
        0.2985632522269 bend   27    2    1
   3 k  0.2539434804608 bend   11    2    1      val=  53.76074
       -0.1676291632499 bend    3    2    1
        0.9525823703804 bend   27    2    1
   4 k  1.0000000000000 stre    5    6           val=   2.03380
   5 k  0.7071078096084 bend    7    6    5      val=   1.37251
       -0.7071057527632 bend    3    6    5
   6 k  1.0000000000000 outp    6    3    7    5 val=   0.32753
   7 k  1.0000000000000 stre    7    8           val=   2.04064
   8 k  0.7071070819119 bend    5    8    7      val=   3.47686
       -0.7071064804611 bend    9    8    7
   9 k  1.0000000000000 outp    8    9    5    7 val=  -0.17711
  10 k  1.0000000000000 stre    9   10           val=   1.90171
  11 k  0.7071384268185 bend    7   10    9      val=   3.03377
       -0.7070751341383 bend   11   10    9
  12 k  1.0000000000000 outp   10   11    7    9 val=  -2.03687
  13 k  1.0000000000000 stre   11   12           val=   2.29667
  14 k  0.7071067920993 bend    1   12   11      val=   0.54918
       -0.7071067702738 bend    9   12   11
  15 k  1.0000000000000 outp   12    9    1   11 val=  -0.07386
  16 k  1.0000000000000 tors   15   14   13   18 val=  60.04180
        1.0000000000000 tors   15   14   13   22
        1.0000000000000 tors   15   14   13   26
        1.0000000000000 tors   17   14   13   18
        1.0000000000000 tors   17   14   13   22
        1.0000000000000 tors   17   14   13   26
        1.0000000000000 tors   16   14   13   18
        1.0000000000000 tors   16   14   13   22
        1.0000000000000 tors   16   14   13   26
  17 k  1.0000000000000 stre   14   15           val=   2.06145
  18 k  1.0000000000000 stre   14   17           val=   2.06162
  19 k  1.0000000000000 stre   14   16           val=   2.06187
  20 k  0.4156562564585 bend   17   15   14      val=   1.23660
        0.4172888835031 bend   16   15   14
        0.4206981576195 bend   16   17   14
       -0.3995724966566 bend   13   15   14
       -0.3980503365785 bend   13   17   14
       -0.3975055645050 bend   13   16   14
  21 k  0.6851083846793 bend   17   15   14      val=   0.04281
       -0.4144318007031 bend   16   15   14
       -0.2667539910343 bend   16   17   14
        0.1695366272627 bend   13   15   14
        0.2635615616598 bend   13   17   14
       -0.4353248526184 bend   13   16   14
  22 k  0.0868397964720 bend   17   15   14      val=   0.02462
        0.5514527428608 bend   16   15   14
       -0.6340514147403 bend   16   17   14
        0.4014953846813 bend   13   15   14
       -0.3494483793374 bend   13   17   14
       -0.0549982896451 bend   13   16   14
  23 k -0.3781832699601 bend   17   15   14      val=  -0.01308
        0.3801823774429 bend   16   15   14
       -0.0023288802699 bend   16   17   14
       -0.0040972515725 bend   13   15   14
        0.5990699844262 bend   13   17   14
       -0.5945853318153 bend   13   16   14
  24 k -0.2211134672318 bend   17   15   14      val=   0.06732
       -0.2161274681559 bend   16   15   14
        0.4368998053335 bend   16   17   14
        0.6900752385691 bend   13   15   14
       -0.3411518675815 bend   13   17   14
       -0.3477468627842 bend   13   16   14
  25 k  1.0000000000000 tors   21   18   13   14 val=  59.93514
        1.0000000000000 tors   21   18   13   22
        1.0000000000000 tors   21   18   13   26
        1.0000000000000 tors   19   18   13   14
        1.0000000000000 tors   19   18   13   22
        1.0000000000000 tors   19   18   13   26
        1.0000000000000 tors   20   18   13   14
        1.0000000000000 tors   20   18   13   22
        1.0000000000000 tors   20   18   13   26
  26 k  1.0000000000000 stre   18   21           val=   2.06142
  27 k  1.0000000000000 stre   18   19           val=   2.06152
  28 k  1.0000000000000 stre   18   20           val=   2.06175
  29 k  0.4173214376899 bend   19   21   18      val=   1.24025
        0.4175445630598 bend   20   21   18
        0.4188791144061 bend   20   19   18
       -0.3987178768008 bend   13   21   18
       -0.3981734724477 bend   13   19   18
       -0.3981476906582 bend   13   20   18
  30 k  0.6794677847719 bend   19   21   18      val=   0.02351
       -0.4410239181279 bend   20   21   18
       -0.2374014088425 bend   20   19   18
        0.1508495015389 bend   13   21   18
        0.2802821576546 bend   13   19   18
       -0.4314491211739 bend   13   20   18
  31 k  0.1182427993792 bend   19   21   18      val=   0.01743
        0.5301704626904 bend   20   21   18
       -0.6467111575480 bend   20   19   18
        0.4100081127930 bend   13   21   18
       -0.3361370597506 bend   13   19   18
       -0.0748854064203 bend   13   20   18
  32 k  0.2017774431025 bend   19   21   18      val=   0.02198
       -0.4370133744833 bend   20   21   18
        0.2352412702926 bend   20   19   18
        0.3713524365642 bend   13   21   18
       -0.6886621718007 bend   13   19   18
        0.3175035428424 bend   13   20   18
  33 k -0.3885500634497 bend   19   21   18      val=  -0.01122
        0.0198126698683 bend   20   21   18
        0.3684663759024 bend   20   19   18
        0.5811796657991 bend   13   21   18
        0.0308313798762 bend   13   19   18
       -0.6116767595813 bend   13   20   18
  34 k  1.0000000000000 tors   24   22   13   14 val=  60.48626
        1.0000000000000 tors   24   22   13   18
        1.0000000000000 tors   24   22   13   26
        1.0000000000000 tors   23   22   13   14
        1.0000000000000 tors   23   22   13   18
        1.0000000000000 tors   23   22   13   26
        1.0000000000000 tors   25   22   13   14
        1.0000000000000 tors   25   22   13   18
        1.0000000000000 tors   25   22   13   26
  35 k  1.0000000000000 stre   22   24           val=   2.06266
  36 k  1.0000000000000 stre   22   23           val=   2.06280
  37 k  1.0000000000000 stre   22   25           val=   2.06314
  38 k  0.4143492875942 bend   23   24   22      val=   1.15824
        0.4097776516867 bend   25   24   22
        0.4274301447710 bend   25   23   22
       -0.4030769427955 bend   13   24   22
       -0.3960572342536 bend   13   23   22
       -0.3979548476542 bend   13   25   22
  39 k -0.6066466714526 bend   23   24   22      val=   0.00908
        0.5867020974638 bend   25   24   22
        0.0240926544753 bend   25   23   22
       -0.0150020211450 bend   13   24   22
       -0.3728442425282 bend   13   23   22
        0.3846324466585 bend   13   25   22
  40 k  0.3327461816314 bend   23   24   22      val=   0.13854
        0.3713876022816 bend   25   24   22
       -0.6844561859563 bend   25   23   22
        0.4296666559458 bend   13   24   22
       -0.2338495391054 bend   13   23   22
       -0.2087388675258 bend   13   25   22
  41 k  0.3310851817602 bend   23   24   22      val=   0.15086
       -0.4133557433584 bend   25   24   22
        0.0817277108654 bend   25   23   22
        0.1306160877950 bend   13   24   22
       -0.6505752302676 bend   13   23   22
        0.5220455157355 bend   13   25   22
  42 k -0.2848027264958 bend   23   24   22      val=   0.21025
       -0.1426326036996 bend   25   24   22
        0.4259111851020 bend   25   23   22
        0.6805515335095 bend   13   24   22
       -0.2257459708422 bend   13   23   22
       -0.4505900316627 bend   13   25   22
  43 k  1.0000000000000 stre   26   29           val=   2.06169
  44 k  1.0000000000000 stre   26   28           val=   2.06304
  45 k -0.0484410909235 bend   28   29   26      val=   1.00846
        0.5140090554087 bend   27   29   26
        0.5281547819528 bend   27   28   26
       -0.4784733487112 bend   13   29   26
       -0.4749357141145 bend   13   28   26
  46 k  0.0014033921592 bend   28   29   26      val=   0.13886
        0.6050698815027 bend   27   29   26
       -0.5928259362352 bend   27   28   26
        0.3721182370221 bend   13   29   26
       -0.3794389226097 bend   13   28   26
  47 k  0.8980415546267 bend   28   29   26      val=   0.87138
       -0.1877740970359 bend   27   29   26
       -0.1846546211620 bend   27   28   26
       -0.2477436709205 bend   13   29   26
       -0.2505753360734 bend   13   28   26
  48 k -0.0017298462151 bend   28   29   26      val=   0.32635
       -0.3762123152823 bend   27   29   26
        0.3753406523601 bend   27   28   26
        0.6019481184760 bend   13   29   26
       -0.5960194282161 bend   13   28   26
  49 k  1.0000000000000 tors   14   13   26   27 val=  58.50672
        1.0000000000000 tors   18   13   26   27
        1.0000000000000 tors   22   13   26   27
  50 k  1.0000000000000 stre   13   14           val=   2.88423
  51 k  1.0000000000000 stre   13   18           val=   2.88431
  52 k  1.0000000000000 stre   13   22           val=   2.88554
  53 k  0.4157969780907 bend   18   14   13      val=   0.02612
        0.4046196119060 bend   22   14   13
        0.4048222990207 bend   22   18   13
       -0.4066881515545 bend   26   14   13
       -0.4042495794974 bend   26   18   13
       -0.4131607117680 bend   26   22   13
  54 k  0.2765349620701 bend   18   14   13      val=   0.00766
       -0.5795153841399 bend   22   14   13
        0.2953105618413 bend   22   18   13
       -0.2964864904471 bend   26   14   13
        0.5801522890295 bend   26   18   13
       -0.2756829499248 bend   26   22   13
  55 k -0.5788984278271 bend   18   14   13      val=  -0.00661
        0.0177416835512 bend   22   14   13
        0.5727058624365 bend   22   18   13
       -0.4095268702162 bend   26   14   13
       -0.0119652288807 bend   26   18   13
        0.4107486018523 bend   26   22   13
  56 k  0.2735875472326 bend   18   14   13      val=   0.02862
       -0.5773042835161 bend   22   14   13
        0.3039056437293 bend   22   18   13
        0.3038732290493 bend   26   14   13
       -0.5767730374816 bend   26   18   13
        0.2729558606150 bend   26   22   13
  57 k  0.4174943986573 bend   18   14   13      val=   0.22103
       -0.0150058218477 bend   22   14   13
       -0.4025149663548 bend   22   18   13
       -0.5651344472320 bend   26   14   13
       -0.0193276184353 bend   26   18   13
        0.5862631269134 bend   26   22   13
  58 k  1.0000000000000 tors   13   26   27    1 val=  94.15449
  59 k  1.0000000000000 stre   26   13           val=   2.88544
  60 k  1.0000000000000 bend   27   13   26      val= 111.03334
  61 k  1.0000000000000 stre   27   26           val=   2.06224
  62 k  1.0000000000000 bend    1   26   27      val= 112.46714
  63 k  1.0000000000000 outp   26    4    1   27 val=   1.35184
  64 k  1.0000000000000 stre    1   11           val=   2.60491
  65 k  1.0000000000000 stre   11    9           val=   2.61675
  66 k  1.0000000000000 stre    9    7           val=   2.58699
  67 k  1.0000000000000 stre    7    5           val=   2.54865
  68 k  1.0000000000000 stre    5    3           val=   2.74489
  69 k -0.5000000000000 bend    3   11    1      val=  -1.14041
       -0.5000000000000 bend    1    9   11
        1.0000000000000 bend   11    7    9
       -0.5000000000000 bend    9    5    7
       -0.5000000000000 bend    7    3    5
        1.0000000000000 bend    5    1    3
  70 k  0.8660254037844 bend    3   11    1      val=   4.52080
       -0.8660254037844 bend    1    9   11
        0.8660254037844 bend    9    5    7
       -0.8660254037844 bend    7    3    5
  71 k -1.0000000000000 bend    3   11    1      val=  -3.97706
        1.0000000000000 bend    1    9   11
       -1.0000000000000 bend   11    7    9
        1.0000000000000 bend    9    5    7
       -1.0000000000000 bend    7    3    5
        1.0000000000000 bend    5    1    3
  72 k -0.5000000000000 tors    1   11    9    7 val=  -1.33972
       -0.5000000000000 tors   11    9    7    5
        1.0000000000000 tors    9    7    5    3
       -0.5000000000000 tors    7    5    3    1
       -0.5000000000000 tors    5    3    1   11
        1.0000000000000 tors    3    1   11    9
  73 k  0.8660254037844 tors    1   11    9    7 val=  -0.63000
       -0.8660254037844 tors   11    9    7    5
        0.8660254037844 tors    7    5    3    1
       -0.8660254037844 tors    5    3    1   11
  74 k -1.0000000000000 tors    1   11    9    7 val=  -1.89603
        1.0000000000000 tors   11    9    7    5
       -1.0000000000000 tors    9    7    5    3
        1.0000000000000 tors    7    5    3    1
       -1.0000000000000 tors    5    3    1   11
        1.0000000000000 tors    3    1   11    9
  75 k  1.0000000000000 stre    1   27           val=   5.56685
  76 k  1.0000000000000 stre   27    4           val=   5.48848
  77 k  1.0000000000000 stre    4    3           val=   2.30410
  78 k -1.0000000000000 bend    3   27    1      val=   1.14238
        1.0000000000000 bend    1    4   27
       -1.0000000000000 bend   27    3    4
        1.0000000000000 bend    4    1    3
  79 k -1.0000000000000 tors    1   27    4    3 val=  43.33745
        1.0000000000000 tors   27    4    3    1
       -1.0000000000000 tors    4    3    1   27
        1.0000000000000 tors    3    1   27    4
  80 k  1.0000000000000 tors    5    3    1    4 val= 148.54616
        1.0000000000000 tors   11    3    1   27
  81 k  1.0000000000000 stre    1    3           val=   2.64894
        81 non zero eigenvalues  of BmBt
           1          10.647463814    1    0
         1
           2           6.343006938    2    0
         2
           3           5.130092221    3    0
         3
           4           4.812754262    4    0
         4
           5           4.495938288    5    0
         5
           6           4.333456659    6    0
         6
           7           4.285312975    7    0
         7
           8           4.182874408    8    0
         8
           9           4.057544078    9    0
         9
          10           3.760595591   10    0
        10
          11           3.699093626   11    0
        11
          12           3.471126400   12    0
        12
          13           3.449211449   13    0
        13
          14           3.412277940   14    0
        14
          15           3.339074894   15    0
        15
          16           3.304795857   16    0
        16
          17           3.256440939   17    0
        17
          18           3.238216230   18    0
        18
          19           3.212534366   19    0
        19
          20           3.132498753   20    0
        20
          21           3.125154144   21    0
        21
          22           2.681600015   22    0
        22
          23           2.413477154   23    0
        23
          24           2.006466235   24    0
        24
          25           1.877504995   25    0
        25
          26           1.799666642   26    0
        26
          27           1.769883614   27    0
        27
          28           1.698728475   28    0
        28
          29           1.657526997   29    0
        29
          30           1.598460734   30    0
        30
          31           1.573573910   31    0
        31
          32           1.379639036   32    0
        32
          33           1.259351180   33    0
        33
          34           0.936813754   34    0
        34
          35           0.918862045   35    0
        35
          36           0.883865529   36    0
        36
          37           0.867238402   37    0
        37
          38           0.865862707   38    0
        38
          39           0.864249904   39    0
        39
          40           0.829123018   40    0
        40
          41           0.789600628   41    0
        41
          42           0.740808919   42    0
        42
          43           0.697797636   43    0
        43
          44           0.697576949   44    0
        44
          45           0.695723522   45    0
        45
          46           0.678800457   46    0
        46
          47           0.673086122   47    0
        47
          48           0.663127251   48    0
        48
          49           0.590375462   49    0
        49
          50           0.568663750   50    0
        50
          51           0.431508545   51    0
        51
          52           0.415380553   52    0
        52
          53           0.399993609   53    0
        53
          54           0.385850374   54    0
        54
          55           0.381736941   55    0
        55
          56           0.373524519   56    0
        56
          57           0.363928878   57    0
        57
          58           0.347807759   58    0
        58
          59           0.324418339   59    0
        59
          60           0.314124922   60    0
        60
          61           0.305085644   61    0
        61
          62           0.299270798   62    0
        62
          63           0.296523582   63    0
        63
          64           0.291940987   64    0
        64
          65           0.244837030   65    0
        65
          66           0.228623199   66    0
        66
          67           0.211114627   67    0
        67
          68           0.187267443   68    0
        68
          69           0.139893356   69    0
        69
          70           0.127310576   70    0
        70
          71           0.099370572   71    0
        71
          72           0.078553982   72    0
        72
          73           0.066373244   73    0
        73
          74           0.057449432   74    0
        74
          75           0.054681332   75    0
        75
          76           0.043654552   76    0
        76
          77           0.036302818   77    0
        77
          78           0.020473072   78    0
        78
          79           0.008482793   79    0
        79
          80           0.004658044   80    0
        80
          81           0.003450805   81    0
        81
$user-defined bonds
$frag
 atom   1 fragment  1 symmetry  c1
 atom   2 fragment  1
 atom   3 fragment  1
 atom   4 fragment  1
 atom   5 fragment  1
 atom   6 fragment  1
 atom   7 fragment  1
 atom   8 fragment  1
 atom   9 fragment  1
 atom  10 fragment  1
 atom  11 fragment  1
 atom  12 fragment  1
   iteration     4
$end
