$coord
    2.23106441881161     -0.68374956619869      2.37117937508764  c
   -0.46974563173371      0.31565376230522      2.37675221898787  c
   -1.89097350027847     -0.52650798978373     -0.00003442534014  c
   -0.46969312453612      0.31582432084167     -2.37673033858133  c
    2.23099280660611     -0.68391924243784     -2.37116908030905  c
    3.64084934146492      0.14961205694995     -0.00004542535015  c
   -4.48074377278661      0.43618964487156     -0.00003067171913  c
   -6.62884539604632      1.21127126088237     -0.00002829560505  c
    2.18664373679471     -2.74777059456899      2.43357846809443  h
    3.22098851397463     -0.04923539705912      4.05894579107861  h
   -1.48107732727411     -0.31335417039173      4.05276182343736  h
   -0.44420475624685      2.37855890973417      2.41480002676693  h
   -1.98062565392981     -2.58991860266864     -0.00010836752141  h
   -1.48107214280008     -0.31287952600970     -4.05282541426440  h
   -0.44391718731926      2.37873159569534     -2.41451596278822  h
    3.22095010758493     -0.04970816821582     -4.05902988628387  h
    2.18633368386940     -2.74794320270445     -2.43330605594413  h
    3.79849158920152      2.20807799873749     -0.00012010833650  h
    5.55355443212600     -0.60685310576033     -0.00004874586666  h
   -8.49651069369796      1.91730583849662     -0.00002492554282  h
$user-defined bonds
$redundant
     number_of_atoms            20
     degrees_of_freedom         54
     internal_coordinates       54
     frozen_coordinates          0
# definitions of redundant internals
   1 k  1.0000000000000 stre  20    8           val=   1.99666
   2 k  1.0000000000000 stre   8    7           val=   2.28366
   3 k  0.7071067811865 linc  20    3    8   13 val=  -0.00737
        0.7071067811865 linc   8    3    7   13
   4 k  0.7071067811865 linc  20    3    8   13 val=  -0.55849
       -0.7071067811865 linc   8    3    7   13
   5 k  0.7071067811865 linp  20    3    8   13 val=  -0.00000
        0.7071067811865 linp   8    3    7   13
   6 k  0.7071067811865 linp  20    3    8   13 val=  -0.00000
       -0.7071067811865 linp   8    3    7   13
   7 k  1.0000000000000 stre   3    7           val=   2.76291
   8 k  1.0000000000000 stre   3   13           val=   2.06536
   9 k  0.0000000516079 bend  13    7    3      val=  -0.00000
       -0.3954238200651 bend   2    7    3
       -0.5862081626863 bend   2   13    3
        0.3954238103033 bend   4    7    3
        0.5862081565197 bend   4   13    3
  10 k -0.3403781621810 bend  13    7    3      val=   1.20837
       -0.3645186281687 bend   2    7    3
        0.5560553449622 bend   2   13    3
       -0.3645185739130 bend   4    7    3
        0.5560553381092 bend   4   13    3
  11 k  0.8314617648632 bend  13    7    3      val=   1.12373
       -0.3928439710285 bend   2    7    3
       -0.0030450334488 bend   2   13    3
       -0.3928439933941 bend   4    7    3
       -0.0030450981353 bend   4   13    3
  12 k  0.0000000003134 bend  13    7    3      val=   0.00004
        0.5862081439046 bend   2    7    3
       -0.3954237943437 bend   2   13    3
       -0.5862081753014 bend   4    7    3
        0.3954238360247 bend   4   13    3
  13 k  1.0000000000000 stre   1   10           val=   2.05697
  14 k  1.0000000000000 stre   1    9           val=   2.06544
  15 k  0.0041767735117 bend   9   10    1      val=   0.07660
        0.5061751894540 bend   2   10    1
        0.4931559696906 bend   2    9    1
       -0.5103810493005 bend   6   10    1
       -0.4899771486688 bend   6    9    1
  16 k  0.0435607225298 bend   9   10    1      val=   0.75252
       -0.5044401771824 bend   2   10    1
        0.4921160827024 bend   2    9    1
       -0.5029721904342 bend   6   10    1
        0.4984810005330 bend   6    9    1
  17 k  0.8994114729401 bend   9   10    1      val=   0.56225
       -0.1994254662838 bend   2   10    1
       -0.2393139882629 bend   2    9    1
       -0.1926556657044 bend   6   10    1
       -0.2385395045582 bend   6    9    1
  18 k -0.0021438938776 bend   9   10    1      val=   0.25961
       -0.4918568217168 bend   2   10    1
        0.5106224914982 bend   2    9    1
        0.4912836641199 bend   6   10    1
       -0.5059419958798 bend   6    9    1
  19 k  1.0000000000000 stre   2   11           val=   2.05608
  20 k  1.0000000000000 stre   2   12           val=   2.06341
  21 k  0.0329760022229 bend  12   11    2      val=   0.53898
       -0.5112635020228 bend   1   11    2
       -0.4934625932630 bend   1   12    2
        0.5062857877810 bend   3   11    2
        0.4875362395944 bend   3   12    2
  22 k  0.0467297475288 bend  12   11    2      val=   0.85282
       -0.5162250741569 bend   1   11    2
        0.5095483393846 bend   1   12    2
       -0.4905632650999 bend   3   11    2
        0.4806622268003 bend   3   12    2
  23 k  0.8981612479472 bend  12   11    2      val=   0.47455
       -0.1788021065684 bend   1   11    2
       -0.2252833538249 bend   1   12    2
       -0.2116249980522 bend   3   11    2
       -0.2565120856052 bend   3   12    2
  24 k  0.0009748694403 bend  12   11    2      val=  -0.09815
        0.4767789799719 bend   1   11    2
       -0.4954004944585 bend   1   12    2
       -0.5044241077316 bend   3   11    2
        0.5223174547303 bend   3   12    2
  25 k  1.0000000000000 stre   4   14           val=   2.05608
  26 k  1.0000000000000 stre   4   15           val=   2.06341
  27 k  0.0329759357333 bend  15   14    4      val=   0.53898
       -0.5112633952349 bend   5   14    4
       -0.4934626989712 bend   5   15    4
        0.5062857233906 bend   3   14    4
        0.4875363159502 bend   3   15    4
  28 k  0.0467287773398 bend  15   14    4      val=   0.85277
       -0.5162248609576 bend   5   14    4
        0.5095485105111 bend   5   15    4
       -0.4905630657965 bend   3   14    4
        0.4806625720918 bend   3   15    4
  29 k  0.8981612274834 bend  15   14    4      val=   0.47453
       -0.1788027877518 bend   5   14    4
       -0.2252828924298 bend   5   15    4
       -0.2116255549182 bend   3   14    4
       -0.2565116282387 bend   3   15    4
  30 k  0.0009748873015 bend  15   14    4      val=  -0.09818
        0.4767791110049 bend   5   14    4
       -0.4954004662624 bend   5   15    4
       -0.5044241588721 bend   3   14    4
        0.5223173124426 bend   3   15    4
  31 k  1.0000000000000 stre   5   16           val=   2.05697
  32 k  1.0000000000000 stre   5   17           val=   2.06544
  33 k  0.0041768575754 bend  17   16    5      val=   0.07659
        0.5061751673450 bend   4   16    5
        0.4931559692370 bend   4   17    5
       -0.5103810709475 bend   6   16    5
       -0.4899771487003 bend   6   17    5
  34 k  0.0435606144132 bend  17   16    5      val=   0.75248
       -0.5044401187343 bend   4   16    5
        0.4921160393882 bend   4   17    5
       -0.5029722116586 bend   6   16    5
        0.4984810904733 bend   6   17    5
  35 k  0.8994113845771 bend  17   16    5      val=   0.56223
       -0.1994256703967 bend   4   16    5
       -0.2393140619490 bend   4   17    5
       -0.1926557730538 bend   6   16    5
       -0.2385395064605 bend   6   17    5
  36 k -0.0021438974022 bend  17   16    5      val=   0.25964
       -0.4918568711842 bend   4   16    5
        0.5106225486199 bend   4   17    5
        0.4912836145764 bend   6   16    5
       -0.5059419382326 bend   6   17    5
  37 k  1.0000000000000 stre   6   19           val=   2.05686
  38 k  1.0000000000000 stre   6   18           val=   2.06449
  39 k  0.0000000277231 bend  18   19    6      val=  -0.00000
        0.5087416408594 bend   5   19    6
        0.4911027837860 bend   5   18    6
       -0.5087416460253 bend   1   19    6
       -0.4911027756110 bend   1   18    6
  40 k  0.0443885492529 bend  18   19    6      val=   0.79615
       -0.5034648807614 bend   5   19    6
        0.4955178622494 bend   5   18    6
       -0.5034648634776 bend   1   19    6
        0.4955178603951 bend   1   18    6
  41 k  0.8984093872276 bend  18   19    6      val=   0.27381
       -0.1968067117465 bend   5   19    6
       -0.2402028620685 bend   5   18    6
       -0.1968066837745 bend   1   19    6
       -0.2402028422577 bend   1   18    6
  42 k -0.0000000030734 bend  18   19    6      val=   0.00003
       -0.4911027735706 bend   5   19    6
        0.5087416402894 bend   5   18    6
        0.4911027858264 bend   1   19    6
       -0.5087416465953 bend   1   18    6
  43 k  1.0000000000000 stre   1    2           val=   2.87979
  44 k  1.0000000000000 stre   2    3           val=   2.89452
  45 k  1.0000000000000 stre   3    4           val=   2.89452
  46 k  1.0000000000000 stre   4    5           val=   2.87980
  47 k  1.0000000000000 stre   5    6           val=   2.88179
  48 k  1.0000000000000 stre   6    1           val=   2.88179
  49 k -0.2886751345948 bend   1    3    2      val=   0.11792
       -0.2886751345948 bend   2    4    3
        0.5773502691896 bend   3    5    4
       -0.2886751345948 bend   4    6    5
       -0.2886751345948 bend   5    1    6
        0.5773502691896 bend   6    2    1
  50 k  0.5000000000000 bend   1    3    2      val=   0.23583
       -0.5000000000000 bend   2    4    3
        0.5000000000000 bend   4    6    5
       -0.5000000000000 bend   5    1    6
  51 k -0.4082482904639 bend   1    3    2      val=  -0.01380
        0.4082482904639 bend   2    4    3
       -0.4082482904639 bend   3    5    4
        0.4082482904639 bend   4    6    5
       -0.4082482904639 bend   5    1    6
        0.4082482904639 bend   6    2    1
  52 k -0.2886751345948 tors   2    3    4    5 val=   0.00268
       -0.2886751345948 tors   3    4    5    6
        0.5773502691896 tors   4    5    6    1
       -0.2886751345948 tors   5    6    1    2
       -0.2886751345948 tors   6    1    2    3
        0.5773502691896 tors   1    2    3    4
  53 k  0.5000000000000 tors   2    3    4    5 val=   0.00501
       -0.5000000000000 tors   3    4    5    6
        0.5000000000000 tors   5    6    1    2
       -0.5000000000000 tors   6    1    2    3
  54 k -0.4082482904639 tors   2    3    4    5 val= -56.37633
        0.4082482904639 tors   3    4    5    6
       -0.4082482904639 tors   4    5    6    1
        0.4082482904639 tors   5    6    1    2
       -0.4082482904639 tors   6    1    2    3
        0.4082482904639 tors   1    2    3    4
        54 non zero eigenvalues  of BmBt
           1           6.184859758    1    0
         1
           2           4.404004740    2    0
         2
           3           4.348455215    3    0
         3
           4           4.264986975    4    0
         4
           5           4.211220598    5    0
         5
           6           3.791871006    6    0
         6
           7           3.539963798    7    0
         7
           8           3.461540193    8    0
         8
           9           3.396496443    9    0
         9
          10           3.131620053   10    0
        10
          11           2.888830839   11    0
        11
          12           2.649936442   12    0
        12
          13           2.636744640   13    0
        13
          14           2.275835095   14    0
        14
          15           2.133693739   15    0
        15
          16           2.088070888   16    0
        16
          17           1.817190066   17    0
        17
          18           1.766571795   18    0
        18
          19           1.746473017   19    0
        19
          20           1.218952823   20    0
        20
          21           1.086918842   21    0
        21
          22           1.031815688   22    0
        22
          23           0.836084880   23    0
        23
          24           0.786995338   24    0
        24
          25           0.779024234   25    0
        25
          26           0.758913227   26    0
        26
          27           0.757371963   27    0
        27
          28           0.727708764   28    0
        28
          29           0.639903812   29    0
        29
          30           0.592505865   30    0
        30
          31           0.537099648   31    0
        31
          32           0.508589642   32    0
        32
          33           0.420412112   33    0
        33
          34           0.408111489   34    0
        34
          35           0.396799389   35    0
        35
          36           0.358606585   36    0
        36
          37           0.341869191   37    0
        37
          38           0.336435993   38    0
        38
          39           0.320518884   39    0
        39
          40           0.298849690   40    0
        40
          41           0.280903264   41    0
        41
          42           0.263581336   42    0
        42
          43           0.257253412   43    0
        43
          44           0.252534788   44    0
        44
          45           0.242753711   45    0
        45
          46           0.233005431   46    0
        46
          47           0.120669617   47    0
        47
          48           0.091823472   48    0
        48
          49           0.085659638   49    0
        49
          50           0.078275903   50    0
        50
          51           0.060710912   51    0
        51
          52           0.051780649   52    0
        52
          53           0.024893056   53    0
        53
          54           0.013940757   54    0
        54
$end
