$coord
    1.37796687794422      2.10345645831171      0.61742691804617      c
    2.46272113735290      3.80632858578117      0.30076932153613      h
    2.59853853620026     -0.22556971476163      0.78003538190893      c
    4.63080173564056     -0.32999153244957      0.59206480913041      h
    1.20005131871056     -2.41989519807940      1.18936605504422      c
    2.14736096066529     -4.22546064097866      1.32321866027779      h
   -1.41915716854286     -2.28591533490859      1.43220517758013      c
   -2.50299120313442     -3.98999199649185      1.74648283599088      h
   -2.64001247091200      0.04284162966959      1.27195506925451      c
   -4.67220683140873      0.14832131604672      1.46264423039369      h
   -1.24135602088819      2.23799550845278      0.86613440178433      c
   -2.18797866991485      4.04512344116940      0.74662339115613      h
$redundant
     number_of_atoms            12
     degrees_of_freedom         30
     internal_coordinates       30
     frozen_coordinates          0
# definitions of redundant internals
   1 k  1.0000000000000 stre    1    2           val=   2.04371
   2 k  0.7071067813655 bend    3    2    1      val=   0.01580
       -0.7071067810076 bend   11    2    1
   3 k  1.0000000000000 outp    2   11    3    1 val=   0.06780
   4 k  1.0000000000000 stre    3    4           val=   2.04361
   5 k -0.7071067809277 bend    5    4    3      val=   0.01737
        0.7071067814454 bend    1    4    3
   6 k  1.0000000000000 outp    4    1    5    3 val=   0.09653
   7 k  1.0000000000000 stre    5    6           val=   2.04337
   8 k -0.7071067810204 bend    7    6    5      val=   0.00705
        0.7071067813527 bend    3    6    5
   9 k  1.0000000000000 outp    6    3    7    5 val=   0.13311
  10 k  1.0000000000000 stre    7    8           val=   2.04386
  11 k -0.7071067809993 bend    5    8    7      val=   0.05122
        0.7071067813738 bend    9    8    7
  12 k  1.0000000000000 outp    8    9    5    7 val=  -0.04143
  13 k  1.0000000000000 stre    9   10           val=   2.04384
  14 k  0.7071067812011 bend    7   10    9      val=   0.04903
       -0.7071067811720 bend   11   10    9
  15 k  1.0000000000000 outp   10   11    7    9 val=  -0.01107
  16 k  1.0000000000000 stre   11   12           val=   2.04355
  17 k -0.7071067811374 bend    9   12   11      val=   0.00777
        0.7071067812357 bend    1   12   11
  18 k  1.0000000000000 outp   12    1    9   11 val=  -0.06606
  19 k  1.0000000000000 stre    1    3           val=   2.63450
  20 k  1.0000000000000 stre    3    5           val=   2.63408
  21 k  1.0000000000000 stre    5    7           val=   2.63385
  22 k  1.0000000000000 stre    7    9           val=   2.63425
  23 k  1.0000000000000 stre    9   11           val=   2.63432
  24 k  1.0000000000000 stre   11    1           val=   2.63454
  25 k -0.5000000000000 bend    1    5    3      val=   0.00459
       -0.5000000000000 bend    3    7    5
        1.0000000000000 bend    5    9    7
       -0.5000000000000 bend    7   11    9
       -0.5000000000000 bend    9    1   11
        1.0000000000000 bend   11    3    1
  26 k  0.8660254037844 bend    1    5    3      val=   0.00421
       -0.8660254037844 bend    3    7    5
        0.8660254037844 bend    7   11    9
       -0.8660254037844 bend    9    1   11
  27 k -1.0000000000000 bend    1    5    3      val=  -0.00378
        1.0000000000000 bend    3    7    5
       -1.0000000000000 bend    5    9    7
        1.0000000000000 bend    7   11    9
       -1.0000000000000 bend    9    1   11
        1.0000000000000 bend   11    3    1
  28 k -0.5000000000000 tors    3    5    7    9 val=   0.06750
       -0.5000000000000 tors    5    7    9   11
        1.0000000000000 tors    7    9   11    1
       -0.5000000000000 tors    9   11    1    3
       -0.5000000000000 tors   11    1    3    5
        1.0000000000000 tors    1    3    5    7
  29 k  0.8660254037844 tors    3    5    7    9 val=  -0.10199
       -0.8660254037844 tors    5    7    9   11
        0.8660254037844 tors    9   11    1    3
       -0.8660254037844 tors   11    1    3    5
  30 k -1.0000000000000 tors    3    5    7    9 val=   0.00891
        1.0000000000000 tors    5    7    9   11
       -1.0000000000000 tors    7    9   11    1
        1.0000000000000 tors    9   11    1    3
       -1.0000000000000 tors   11    1    3    5
        1.0000000000000 tors    1    3    5    7
        30 non zero eigenvalues  of BmBt
           1          11.037625977    1    0
         1
           2           5.088255599    2    0
         2
           3           5.086811457    3    0
         3
           4           4.376131311    4    0
         4
           5           4.375801597    5    0
         5
           6           3.553450790    6    0
         6
           7           3.502312888    7    0
         7
           8           3.502141715    8    0
         8
           9           3.186605327    9    0
         9
          10           2.618030874   10    0
        10
          11           1.988950579   11    0
        11
          12           1.891089241   12    0
        12
          13           1.890351962   13    0
        13
          14           1.577087037   14    0
        14
          15           1.576644723   15    0
        15
          16           0.994713014   16    0
        16
          17           0.994243771   17    0
        17
          18           0.542667623   18    0
        18
          19           0.478873907   19    0
        19
          20           0.404282652   20    0
        20
          21           0.381964570   21    0
        21
          22           0.358667705   22    0
        22
          23           0.358647626   23    0
        23
          24           0.279094192   24    0
        24
          25           0.279020964   25    0
        25
          26           0.260169903   26    0
        26
          27           0.260097749   27    0
        27
          28           0.150048759   28    0
        28
          29           0.108526650   29    0
        29
          30           0.108498797   30    0
        30
$user-defined bonds
$frag
 atom   1 fragment  1 symmetry  c1
 atom   2 fragment  1
 atom   3 fragment  1
 atom   4 fragment  1
 atom   5 fragment  1
 atom   6 fragment  1
 atom   7 fragment  1
 atom   8 fragment  1
 atom   9 fragment  1
 atom  10 fragment  1
 atom  11 fragment  1
 atom  12 fragment  1
   iteration     4
$end
