$basis
*
c cc-pVTZ
# c     (18s5p2d1f) / [4s3p2d1f]     {8811/311/11/1}
*
   8  s
  8236.0000000      0.53100000000E-03
  1235.0000000      0.41080000000E-02
  280.80000000      0.21087000000E-01
  79.270000000      0.81853000000E-01
  25.590000000      0.23481700000
  8.9970000000      0.43440100000
  3.3190000000      0.34612900000
 0.36430000000     -0.89830000000E-02
   8  s
  8236.0000000     -0.11300000000E-03
  1235.0000000     -0.87800000000E-03
  280.80000000     -0.45400000000E-02
  79.270000000     -0.18133000000E-01
  25.590000000     -0.55760000000E-01
  8.9970000000     -0.12689500000
  3.3190000000     -0.17035200000
 0.36430000000      0.59868400000
   1  s
 0.90590000000       1.0000000000
   1  s
 0.12850000000       1.0000000000
   3  p
  18.710000000      0.14031000000E-01
  4.1330000000      0.86866000000E-01
  1.2000000000      0.29021600000
   1  p
 0.38270000000       1.0000000000
   1  p
 0.12090000000       1.0000000000
   1  d
  1.0970000000       1.0000000000
   1  d
 0.31800000000       1.0000000000
   1  f
 0.76100000000       1.0000000000
*
o cc-pVTZ
# o     (18s5p2d1f) / [4s3p2d1f]     {8811/311/11/1}
*
   8  s
  15330.000000      0.50800000000E-03
  2299.0000000      0.39290000000E-02
  522.40000000      0.20243000000E-01
  147.30000000      0.79181000000E-01
  47.550000000      0.23068700000
  16.760000000      0.43311800000
  6.2070000000      0.35026000000
 0.68820000000     -0.81540000000E-02
   8  s
  15330.000000     -0.11500000000E-03
  2299.0000000     -0.89500000000E-03
  522.40000000     -0.46360000000E-02
  147.30000000     -0.18724000000E-01
  47.550000000     -0.58463000000E-01
  16.760000000     -0.13646300000
  6.2070000000     -0.17574000000
 0.68820000000      0.60341800000
   1  s
  1.7520000000       1.0000000000
   1  s
 0.23840000000       1.0000000000
   3  p
  34.460000000      0.15928000000E-01
  7.7490000000      0.99740000000E-01
  2.2800000000      0.31049200000
   1  p
 0.71560000000       1.0000000000
   1  p
 0.21400000000       1.0000000000
   1  d
  2.3140000000       1.0000000000
   1  d
 0.64500000000       1.0000000000
   1  f
  1.4280000000       1.0000000000
*
h cc-pVTZ
# h     (5s2p1d) / [3s2p1d]     {311/11/1}
*
   3  s
  33.870000000      0.60680000000E-02
  5.0950000000      0.45308000000E-01
  1.1590000000      0.20282200000
   1  s
 0.32580000000       1.0000000000
   1  s
 0.10270000000       1.0000000000
   1  p
  1.4070000000       1.0000000000
   1  p
 0.38800000000       1.0000000000
   1  d
  1.0570000000       1.0000000000
*
na cc-pVTZ
# na    (44s18p2d1f) / [5s4p2d1f]     {(14)(14)(14)11/8811/11/1}
*
  14  s
  423000.00000      0.18061800000E-04
  63340.000000      0.14043000000E-03
  14410.000000      0.73843800000E-03
  4077.0000000      0.31118200000E-02
  1328.0000000      0.11208100000E-01
  478.60000000      0.35282800000E-01
  186.20000000      0.95989700000E-01
  76.920000000      0.21373500000
  33.320000000      0.34868800000
  15.000000000      0.32456600000
  6.8690000000      0.11263300000
  2.6830000000      0.70679700000E-02
  1.1090000000      0.59801000000E-03
 0.60150000000E-01 -0.53087000000E-05
  14  s
  423000.00000     -0.44065300000E-05
  63340.000000     -0.34344300000E-04
  14410.000000     -0.18011400000E-03
  4077.0000000     -0.76390000000E-03
  1328.0000000     -0.27524800000E-02
  478.60000000     -0.88601600000E-02
  186.20000000     -0.24793900000E-01
  76.920000000     -0.60599500000E-01
  33.320000000     -0.11644600000
  15.000000000     -0.16243700000
  6.8690000000     -0.43889100000E-01
  2.6830000000      0.33791700000
  1.1090000000      0.56134700000
 0.60150000000E-01  0.40675400000E-02
  14  s
  423000.00000      0.66301900000E-06
  63340.000000      0.51576900000E-05
  14410.000000      0.27125000000E-04
  4077.0000000      0.11463500000E-03
  1328.0000000      0.41511800000E-03
  478.60000000      0.13297800000E-02
  186.20000000      0.37559500000E-02
  76.920000000      0.91402500000E-02
  33.320000000      0.17985900000E-01
  15.000000000      0.25147700000E-01
  6.8690000000      0.76352200000E-02
  2.6830000000     -0.61458900000E-01
  1.1090000000     -0.11572100000
 0.60150000000E-01  0.62640600000
   1  s
 0.45400000000       1.0000000000
   1  s
 0.23820000000E-01   1.0000000000
   8  p
  243.30000000      0.22439200000E-02
  57.390000000      0.17399700000E-01
  18.100000000      0.77412500000E-01
  6.5750000000      0.21910200000
  2.5210000000      0.37852200000
 0.96070000000      0.39490200000
 0.35120000000      0.16042400000
 0.98270000000E-01  0.23331100000E-02
   8  p
  243.30000000     -0.22240100000E-03
  57.390000000     -0.17427700000E-02
  18.100000000     -0.77545600000E-02
  6.5750000000     -0.22518700000E-01
  2.5210000000     -0.38433000000E-01
 0.96070000000     -0.45017700000E-01
 0.35120000000     -0.19213200000E-01
 0.98270000000E-01  0.18269700000
   1  p
 0.37340000000E-01   1.0000000000
   1  p
 0.15000000000E-01   1.0000000000
   1  d
 0.13670000000       1.0000000000
   1  d
 0.63600000000E-01   1.0000000000
   1  f
 0.13970000000       1.0000000000
*
$end
