$coord
    4.53325168971635     -0.86081022312685      0.37236017500646      n
    5.09311833777063     -0.34200909083411     -1.38127778962288      h
    5.71158979059839     -2.27374015257757      0.89240309925344      h
    4.83604246263519      1.28442690079386      2.09895627394749      c
    4.32545678431407      0.68973806141903      3.99936523464248      h
    6.73977205387035      2.08146908657474      2.16882272586539      h
    3.52733080280146      2.76932736371007      1.54591422820295      h
$redundant
     number_of_atoms             7
     degrees_of_freedom         15
     internal_coordinates       15
     frozen_coordinates          0
# definitions of redundant internals
   1 k  1.0000000000000 stre    1    3           val=   1.91188
   2 k  1.0000000000000 stre    1    2           val=   1.91255
   3 k  0.8623074900989 bend    2    3    1      val=   8.06597
       -0.3578684129996 bend    4    3    1
       -0.3582680442021 bend    4    2    1
   4 k  0.4648189832297 bend    2    3    1      val= 108.36889
        0.8400993862643 bend    4    3    1
        0.2796003112081 bend    4    2    1
   5 k  0.2009206444060 bend    2    3    1      val=  49.25576
       -0.4076312306185 bend    4    3    1
        0.8907680250637 bend    4    2    1
   6 k  1.0000000000000 tors    7    4    1    2 val=  62.06205
        1.0000000000000 tors    7    4    1    3
        1.0000000000000 tors    5    4    1    2
        1.0000000000000 tors    5    4    1    3
        1.0000000000000 tors    6    4    1    2
        1.0000000000000 tors    6    4    1    3
   7 k  1.0000000000000 stre    4    7           val=   2.05512
   8 k  1.0000000000000 stre    4    5           val=   2.05570
   9 k  1.0000000000000 stre    4    6           val=   2.06503
  10 k  0.3523123744354 bend    5    7    4      val=   1.20764
        0.4532078353735 bend    6    7    4
        0.4435950037189 bend    6    5    4
       -0.4052387490860 bend    1    7    4
       -0.4078563039640 bend    1    5    4
       -0.3783343931067 bend    1    6    4
  11 k  0.6997068175824 bend    5    7    4      val=   2.30609
       -0.2698914569124 bend    6    7    4
       -0.2966366865533 bend    6    5    4
        0.2337632957497 bend    1    7    4
        0.2130170972536 bend    1    5    4
       -0.4995538859252 bend    1    6    4
  12 k  0.0214167729919 bend    5    7    4      val=   0.10466
       -0.6351657705967 bend    6    7    4
        0.6269613277159 bend    6    5    4
       -0.3170829667132 bend    1    7    4
        0.3199386444566 bend    1    5    4
       -0.0110867149872 bend    1    6    4
  13 k  0.4941903212368 bend    5    7    4      val=   1.96584
       -0.2066001340904 bend    6    7    4
       -0.2491808829760 bend    6    5    4
       -0.3738476341151 bend    1    7    4
       -0.3030053666971 bend    1    5    4
        0.6476317570721 bend    1    6    4
  14 k -0.0257017432262 bend    5    7    4      val=   0.17106
        0.3298239088503 bend    6    7    4
       -0.3061116008017 bend    6    5    4
       -0.6083823872283 bend    1    7    4
        0.6520710366751 bend    1    5    4
       -0.0390580521832 bend    1    6    4
  15 k  1.0000000000000 stre    1    4           val=   2.77035
        15 non zero eigenvalues  of BmBt
           1           4.214772365    1    0
         1
           2           3.736919229    2    0
         2
           3           3.243717624    3    0
         3
           4           2.817079179    4    0
         4
           5           2.325979319    5    0
         5
           6           1.317871137    6    0
         6
           7           1.267068912    7    0
         7
           8           0.870473625    8    0
         8
           9           0.731163045    9    0
         9
          10           0.696518581   10    0
        10
          11           0.692307116   11    0
        11
          12           0.511552807   12    0
        12
          13           0.386865229   13    0
        13
          14           0.262111844   14    0
        14
          15           0.231654246   15    0
        15
$user-defined bonds
$frag
 atom   1 fragment  1 symmetry  c1
 atom   2 fragment  1
 atom   3 fragment  1
 atom   4 fragment  1
 atom   5 fragment  1
 atom   6 fragment  1
 atom   7 fragment  1
   iteration     5
$end
