$coord
    4.03846890476300      0.47624381380956      0.85740427712097      o
    5.40068707345687      1.66166830643170      1.02826351015731      h
    5.01939580708199     -1.99053977552560      1.29937680769004      c
    3.44606368036702     -3.29215987332853      1.09986600623033      h
    6.46718824138087     -2.49886239908819     -0.07422878642990      h
    5.79058745399245     -2.18225097614649      3.19975058357416      h
$redundant
     number_of_atoms             6
     degrees_of_freedom         12
     internal_coordinates       12
     frozen_coordinates          0
# definitions of redundant internals
   1 k  1.0000000000000 stre    1    2           val=   1.81385
   2 k  1.0000000000000 bend    3    2    1      val= 108.04917
   3 k  1.0000000000000 tors    4    3    1    2 val=  59.87049
        1.0000000000000 tors    5    3    1    2
        1.0000000000000 tors    6    3    1    2
   4 k  1.0000000000000 stre    3    4           val=   2.05168
   5 k  1.0000000000000 stre    3    5           val=   2.05944
   6 k  1.0000000000000 stre    3    6           val=   2.05983
   7 k  0.3789511074202 bend    5    4    3      val=   0.57673
        0.3795516912647 bend    6    4    3
        0.4756406294673 bend    6    5    3
       -0.4198152339183 bend    1    4    3
       -0.3938019473072 bend    1    5    3
       -0.3934180462438 bend    1    6    3
   8 k  0.4121504565379 bend    5    4    3      val=   2.24692
        0.3646005298089 bend    6    4    3
       -0.6447528295018 bend    6    5    3
        0.4126220534234 bend    1    4    3
       -0.2215453844390 bend    1    5    3
       -0.2493048883407 bend    1    6    3
   9 k -0.5980808966144 bend    5    4    3      val=   0.09479
        0.6280297879840 bend    6    4    3
       -0.0255422622339 bend    6    5    3
        0.0160164204831 bend    1    4    3
       -0.3601975084465 bend    1    5    3
        0.3423837737590 bend    1    6    3
  10 k  0.2268952984616 bend    5    4    3      val=   1.51049
        0.2250853575990 bend    6    4    3
       -0.4226965462312 bend    6    5    3
       -0.7018187355224 bend    1    4    3
        0.3355104973901 bend    1    5    3
        0.3377364412461 bend    1    6    3
  11 k -0.3512204323530 bend    5    4    3      val=  -0.00138
        0.3519068269317 bend    6    4    3
       -0.0006278902179 bend    6    5    3
       -0.0015412812123 bend    1    4    3
        0.6142575237917 bend    1    5    3
       -0.6127729740515 bend    1    6    3
  12 k  1.0000000000000 stre    1    3           val=   2.69120
        12 non zero eigenvalues  of BmBt
           1           3.635946035    1    0
         1
           2           3.554888537    2    0
         2
           3           3.257150522    3    0
         3
           4           2.527706735    4    0
         4
           5           2.147520848    5    0
         5
           6           1.246792287    6    0
         6
           7           0.853555743    7    0
         7
           8           0.702584166    8    0
         8
           9           0.699687384    9    0
         9
          10           0.453336047   10    0
        10
          11           0.428138252   11    0
        11
          12           0.261030406   12    0
        12
$user-defined bonds
$frag
 atom   1 fragment  1 symmetry  c1
 atom   2 fragment  1
 atom   3 fragment  1
 atom   4 fragment  1
 atom   5 fragment  1
 atom   6 fragment  1
   iteration     5
$end
