$coord
   -0.00000193932715      0.00000836253509      1.06609108862172  c
    4.42764961648875     -1.74824409194929      0.99069316284912  c
    3.37513996124842      2.43697876186613     -1.04263674176860  c
   -2.43585593131812      0.24186053861764     -0.44165878783867  c
   -3.37512724755540     -2.43698054494836     -1.04264501833192  c
   -4.42766155335418      1.74823966342564      0.99067700585581  c
    2.43585544143950     -0.24185784930214     -0.44165169720412  c
    3.76993147048293     -3.65830730413544      1.39337163246579  h
    6.16043739457496     -1.87321400543755     -0.11767027029409  h
    4.85325783986061     -0.83625192358979      2.78524905012115  h
    5.06959951431455      2.34981517042180     -2.21026460476361  h
    1.95577666570939      3.53858097872443     -2.05304273558091  h
    3.84051687743827      3.42538677968544      0.70520561756677  h
   -1.98821562044611      1.18427533366094     -2.22541289590293  h
   -3.84050632891091     -3.42538937539172      0.70519644869976  h
   -5.06958365081262     -2.34982446405363     -2.21027793744624  h
   -1.95575681827055     -3.53857814225826     -2.05304573860380  h
   -4.85327541705693      0.83624577710874      2.78523081684041  h
   -3.76995151089350      3.65830465804099      1.39336002352994  h
   -6.16044465468307      1.87320397475571     -0.11769435731322  h
    1.98821891577842     -1.18427298749882     -2.22540621150953  h
   -0.00000302470718      0.00002068972254      3.36633215000729  o
$user-defined bonds
$redundant
     number_of_atoms            22
     degrees_of_freedom         60
     internal_coordinates       60
     frozen_coordinates          0
# definitions of redundant internals
   1 k  0.4082482904639 tors  10    2    7    1 val=  60.86246
        0.4082482904639 tors  10    2    7    3
        0.4082482904639 tors   8    2    7    1
        0.4082482904639 tors   8    2    7    3
        0.4082482904639 tors   9    2    7    1
        0.4082482904639 tors   9    2    7    3
   2 k  1.0000000000000 stre   2   10           val=   2.05750
   3 k  1.0000000000000 stre   2    8           val=   2.05987
   4 k  1.0000000000000 stre   2    9           val=   2.06074
   5 k  0.4069192417841 bend   8   10    2      val=   1.18368
        0.4205498812513 bend   9   10    2
        0.4221969631550 bend   9    8    2
       -0.4022460646730 bend   7   10    2
       -0.4018093537443 bend   7    8    2
       -0.3950336682445 bend   7    9    2
   6 k  0.3536730973699 bend   8   10    2      val=   0.14871
        0.3461084368981 bend   9   10    2
       -0.6872998148432 bend   9    8    2
        0.4321444207351 bend   7   10    2
       -0.2157408598704 bend   7    8    2
       -0.2223743142344 bend   7    9    2
   7 k -0.6237587890215 bend   8   10    2      val=   0.15204
        0.6194553705691 bend   9   10    2
       -0.0087642018577 bend   9    8    2
        0.0081427507373 bend   7   10    2
       -0.3344208888661 bend   7    8    2
        0.3394400837522 bend   7    9    2
   8 k -0.2304517503388 bend   8   10    2      val=  -0.08954
       -0.2041072652643 bend   9   10    2
        0.4334782004538 bend   9    8    2
        0.6913762192161 bend   7   10    2
       -0.3191220775060 bend   7    8    2
       -0.3707949405185 bend   7    9    2
   9 k -0.3276369795682 bend   8   10    2      val=   0.76386
        0.3457710907235 bend   9   10    2
       -0.0159995112099 bend   9    8    2
       -0.0280021053236 bend   7   10    2
        0.6366689445498 bend   7    8    2
       -0.6055649554124 bend   7    9    2
  10 k  0.4082482904639 tors  11    3    7    1 val=  61.93390
        0.4082482904639 tors  11    3    7    2
        0.4082482904639 tors  13    3    7    1
        0.4082482904639 tors  13    3    7    2
        0.4082482904639 tors  12    3    7    1
        0.4082482904639 tors  12    3    7    2
  11 k  1.0000000000000 stre   3   11           val=   2.05965
  12 k  1.0000000000000 stre   3   13           val=   2.06118
  13 k  1.0000000000000 stre   3   12           val=   2.06132
  14 k  0.4077769612878 bend  13   11    3      val=   1.21681
        0.4211501799376 bend  12   11    3
        0.4221591304171 bend  12   13    3
       -0.4005560818097 bend   7   11    3
       -0.3981340187375 bend   7   13    3
       -0.3989690123758 bend   7   12    3
  15 k  0.5142302147586 bend  13   11    3      val=   0.53653
       -0.6576051565076 bend  12   11    3
        0.1583174955497 bend  12   13    3
       -0.0969119799756 bend   7   11    3
        0.4118335613020 bend   7   13    3
       -0.3147371933683 bend   7   12    3
  16 k  0.4908613176146 bend  13   11    3      val=   0.30951
        0.2143327239437 bend  12   11    3
       -0.6903753592619 bend  12   13    3
        0.3861582358965 bend   7   11    3
       -0.1206400834388 bend   7   13    3
       -0.2698634854102 bend   7   12    3
  17 k  0.2345599164876 bend  13   11    3      val=   0.55135
       -0.4264842167315 bend  12   11    3
        0.1984043557040 bend  12   13    3
        0.3294643703733 bend   7   11    3
       -0.6954406910166 bend   7   13    3
        0.3626900109279 bend   7   12    3
  18 k  0.3439904691371 bend  13   11    3      val=   0.58557
        0.0076997894121 bend  12   11    3
       -0.3462542644007 bend  12   13    3
       -0.6320410075072 bend   7   11    3
        0.0266677170974 bend   7   13    3
        0.6012755212582 bend   7   12    3
  19 k  1.0000000000000 stre   4   14           val=   2.06647
  20 k  0.4516669090934 bend   1   14    4      val=   2.06915
       -0.8004046258330 bend   6   14    4
        0.3941439307856 bend   5   14    4
  21 k -0.6889116234551 bend   1   14    4      val=   0.32945
       -0.0321670420434 bend   6   14    4
        0.7241312425760 bend   5   14    4
  22 k  0.4082482904639 tors  16    5    4    1 val=  61.93390
        0.4082482904639 tors  16    5    4    6
        0.4082482904639 tors  15    5    4    1
        0.4082482904639 tors  15    5    4    6
        0.4082482904639 tors  17    5    4    1
        0.4082482904639 tors  17    5    4    6
  23 k  1.0000000000000 stre   5   16           val=   2.05965
  24 k  1.0000000000000 stre   5   15           val=   2.06118
  25 k  1.0000000000000 stre   5   17           val=   2.06132
  26 k  0.4077729682352 bend  15   16    5      val=   1.21699
        0.4211498339342 bend  17   16    5
        0.4221654723770 bend  17   15    5
       -0.4005565327878 bend   4   16    5
       -0.3981329020369 bend   4   15    5
       -0.3989674097506 bend   4   17    5
  27 k  0.5142214208914 bend  15   16    5      val=   0.53651
       -0.6576065920799 bend  17   16    5
        0.1583284220264 bend  17   15    5
       -0.0969188987017 bend   4   16    5
        0.4118377601742 bend   4   15    5
       -0.3147354404849 bend   4   17    5
  28 k  0.4908729550583 bend  15   16    5      val=   0.30984
        0.2143269281570 bend  17   16    5
       -0.6903688808661 bend  17   15    5
        0.3861547897675 bend   4   16    5
       -0.1206344565888 bend   4   15    5
       -0.2698709402917 bend   4   17    5
  29 k  0.2345588380224 bend  15   16    5      val=   0.55133
       -0.4264866592247 bend  17   16    5
        0.1984075864235 bend  17   15    5
        0.3294710538432 bend   4   16    5
       -0.6954395401055 bend   4   15    5
        0.3626822044103 bend   4   17    5
  30 k  0.3439945223411 bend  15   16    5      val=   0.58553
        0.0076953746682 bend  17   16    5
       -0.3462515318867 bend  17   15    5
       -0.6320386613126 bend   4   16    5
        0.0266598431509 bend   4   15    5
        0.6012776478828 bend   4   17    5
  31 k  0.4082482904639 tors  18    6    4    1 val=  60.86231
        0.4082482904639 tors  18    6    4    5
        0.4082482904639 tors  19    6    4    1
        0.4082482904639 tors  19    6    4    5
        0.4082482904639 tors  20    6    4    1
        0.4082482904639 tors  20    6    4    5
  32 k  1.0000000000000 stre   6   18           val=   2.05750
  33 k  1.0000000000000 stre   6   19           val=   2.05987
  34 k  1.0000000000000 stre   6   20           val=   2.06074
  35 k  0.4069159028115 bend  19   18    6      val=   1.18371
        0.4205487920261 bend  20   18    6
        0.4222017631632 bend  20   19    6
       -0.4022478855054 bend   4   18    6
       -0.4018091345691 bend   4   19    6
       -0.3950315059962 bend   4   20    6
  36 k  0.3537028672070 bend  19   18    6      val=   0.14875
        0.3460839599483 bend  20   18    6
       -0.6872962583984 bend  20   19    6
        0.4321423554103 bend   4   18    6
       -0.2157272818004 bend   4   19    6
       -0.2223932376110 bend   4   20    6
  37 k -0.6237431063426 bend  19   18    6      val=   0.15203
        0.6194697717760 bend  20   18    6
       -0.0087963278278 bend  20   19    6
        0.0081620784740 bend   4   18    6
       -0.3344302173926 bend   4   19    6
        0.3394321345016 bend   4   20    6
  38 k -0.2304613599264 bend  19   18    6      val=  -0.08941
       -0.2040979340163 bend  20   18    6
        0.4334783647039 bend  20   19    6
        0.6913758367243 bend   4   18    6
       -0.3191050244690 bend   4   19    6
       -0.3708093013899 bend   4   20    6
  39 k -0.3276321854522 bend  19   18    6      val=   0.76390
        0.3457768519683 bend  20   18    6
       -0.0160091578923 bend  20   19    6
       -0.0280209226682 bend   4   18    6
        0.6366771100504 bend   4   19    6
       -0.6055545491473 bend   4   20    6
  40 k  1.0000000000000 stre   7   21           val=   2.06647
  41 k  0.4516759766290 bend   1   21    7      val=   2.06933
       -0.8004034969032 bend   2   21    7
        0.3941358322728 bend   3   21    7
  42 k -0.6889056213544 bend   1   21    7      val=   0.32955
       -0.0321762206414 bend   2   21    7
        0.7241365449220 bend   3   21    7
  43 k  1.0000000000000 stre   1   22           val=   2.30024
  44 k  0.7071067811865 bend   4   22    1      val=   0.00003
       -0.7071067811865 bend   7   22    1
  45 k  1.0000000000000 outp  22    7    4    1 val=   0.00004
  46 k  0.7071067811865 tors   2    7    1    4 val= 147.90022
        0.7071067811865 tors   3    7    1    4
  47 k  1.0000000000000 stre   7    2           val=   2.87890
  48 k  1.0000000000000 stre   7    3           val=   2.90166
  49 k -0.7586939910688 bend   3    2    7      val=   1.58606
        0.6342970597306 bend   1    2    7
        0.1484946730801 bend   1    3    7
  50 k  0.3788107641002 bend   3    2    7      val=  21.52814
        0.6150053698630 bend   1    2    7
       -0.6915712544934 bend   1    3    7
  51 k  0.5299866346597 bend   3    2    7      val= 109.91863
        0.4684395746057 bend   1    2    7
        0.7068794324532 bend   1    3    7
  52 k  0.7071067811865 tors   6    4    1    7 val= 147.89968
        0.7071067811865 tors   5    4    1    7
  53 k  1.0000000000000 stre   4    6           val=   2.87890
  54 k  1.0000000000000 stre   4    5           val=   2.90166
  55 k -0.7586252609120 bend   5    6    4      val=   1.58923
        0.6344140226662 bend   1    6    4
        0.1483460864017 bend   1    5    4
  56 k  0.3789440220341 bend   5    6    4      val=  21.52327
        0.6148612208553 bend   1    6    4
       -0.6916264217429 bend   1    5    4
  57 k  0.5299897561942 bend   5    6    4      val= 109.91872
        0.4684704120143 bend   1    6    4
        0.7068566554800 bend   1    5    4
  58 k  1.0000000000000 stre   1    4           val=   2.87492
  59 k  1.0000000000000 stre   1    7           val=   2.87492
  60 k  1.0000000000000 bend   7    4    1      val= 116.73790
        60 non zero eigenvalues  of BmBt
           1           5.295959455    1    0
         1
           2           4.705101512    2    0
         2
           3           4.460612348    3    0
         3
           4           4.417083296    4    0
         4
           5           3.684321398    5    0
         5
           6           3.609082424    6    0
         6
           7           3.417142782    7    0
         7
           8           3.323274200    8    0
         8
           9           3.275881338    9    0
         9
          10           3.245215723   10    0
        10
          11           3.195526300   11    0
        11
          12           3.157393801   12    0
        12
          13           3.121696980   13    0
        13
          14           3.038685961   14    0
        14
          15           2.946333033   15    0
        15
          16           2.318807614   16    0
        16
          17           2.244396968   17    0
        17
          18           2.196278311   18    0
        18
          19           1.902541201   19    0
        19
          20           1.348128356   20    0
        20
          21           1.213877265   21    0
        21
          22           0.884032756   22    0
        22
          23           0.878523530   23    0
        23
          24           0.871694430   24    0
        24
          25           0.858752522   25    0
        25
          26           0.710356178   26    0
        26
          27           0.702333274   27    0
        27
          28           0.699562598   28    0
        28
          29           0.697464444   29    0
        29
          30           0.691429595   30    0
        30
          31           0.690658199   31    0
        31
          32           0.687164070   32    0
        32
          33           0.686651920   33    0
        33
          34           0.638612032   34    0
        34
          35           0.554181598   35    0
        35
          36           0.553750785   36    0
        36
          37           0.523121131   37    0
        37
          38           0.516058257   38    0
        38
          39           0.453273736   39    0
        39
          40           0.403108498   40    0
        40
          41           0.382252718   41    0
        41
          42           0.373765746   42    0
        42
          43           0.350011080   43    0
        43
          44           0.340686877   44    0
        44
          45           0.329667448   45    0
        45
          46           0.309544434   46    0
        46
          47           0.280211178   47    0
        47
          48           0.275811404   48    0
        48
          49           0.268684839   49    0
        49
          50           0.240566886   50    0
        50
          51           0.230646515   51    0
        51
          52           0.103350357   52    0
        52
          53           0.078214350   53    0
        53
          54           0.071159243   54    0
        54
          55           0.068789420   55    0
        55
          56           0.053968733   56    0
        56
          57           0.030196362   57    0
        57
          58           0.020213082   58    0
        58
          59           0.018155293   59    0
        59
          60           0.013014471   60    0
        60
$end
