$energy      SCF               SCFKIN            SCFPOT            RIRPA
     1 -348.1581733976      0.00000000      0.00000000     -2.961995741464
     2 -348.1604832175      0.00000000      0.00000000     -2.960445142599
     3 -348.1612703539      0.00000000      0.00000000     -2.959672950361
     4 -348.1610157731      0.00000000      0.00000000     -2.959965668695
     5 -348.1609764491      0.00000000      0.00000000     -2.960005650074
     6 -348.1609842482      0.00000000      0.00000000     -2.959998141338
     7 -348.1609899775      0.00000000      0.00000000     -2.959992365382
     8 -348.1609891953      0.00000000      0.00000000     -2.959993247575
$end
