$hessapprox internal
  0.692327227155D-02  0.409594721739D-04  0.417529054437D+00  0.243366595446D-03
 -0.520477289042D-02  0.413891513204D+00  0.230282850833D-03 -0.518010832781D-02
 -0.563514567722D-02  0.413253222513D+00 -0.227434595525D-02  0.109622254216D-03
  0.973524397666D-03  0.111539848200D-02  0.313499167940D+00  0.123127261365D-02
  0.966095626796D-04 -0.549734372502D-03 -0.525187745558D-03  0.619529172555D-02
  0.317003706259D+00  0.289980637389D-04 -0.272058127772D-03 -0.503024468309D-03
 -0.235161446105D-03  0.140739052620D-03 -0.197225307772D-03  0.318792941234D+00
  0.110430041405D-02  0.840009209084D-03  0.341558389911D-03 -0.160769718457D-03
  0.611073911490D-02 -0.271539925740D-02  0.134317431941D-02  0.324292146429D+00
 -0.116837565015D-02  0.166184968579D-03  0.941956430854D-03  0.689912002162D-03
 -0.582925073382D-02  0.326647670573D-02  0.490179384472D-03  0.108080817579D-02
  0.328444919627D+00 -0.245544093702D-03  0.117772282338D-03  0.303096548621D-03
  0.131142621887D-03 -0.116210747708D-02  0.766891481282D-03  0.348471469799D-03
 -0.512141935054D-03 -0.101364057174D-02  0.641372661859D-02  0.613900923215D-04
 -0.521320949491D-02 -0.565216537039D-02 -0.565474600957D-02  0.202777685914D-03
 -0.597644323229D-04 -0.314281475081D-03  0.737384485623D-03  0.270243881641D-03
  0.115581978064D-03  0.414082673119D+00  0.116186203623D-03 -0.492389904484D-02
 -0.550665359730D-02 -0.543145092271D-02  0.566466088051D-03 -0.222298479394D-03
 -0.334281298302D-03  0.525512791883D-03  0.619484114904D-03  0.206259301817D-03
 -0.551967036290D-02  0.413546766476D+00  0.403197677089D-03 -0.525796181068D-02
 -0.539147888183D-02 -0.573502036618D-02  0.165515317201D-02 -0.861127728175D-03
 -0.401208363444D-03 -0.127310904304D-02  0.121524702545D-02  0.192722329111D-03
 -0.568823337014D-02 -0.549391691156D-02  0.413434452742D+00 -0.148392140835D-02
  0.121516562799D-03  0.984836600480D-03  0.751222552205D-03 -0.773346468332D-02
  0.424282689752D-02  0.147450108659D-03  0.296188117844D-02 -0.400490880811D-02
 -0.931184433976D-03  0.178733400862D-03  0.418401015995D-03  0.170949699405D-02
  0.318751992953D+00  0.438060624122D-03  0.446161574544D-04 -0.220329555559D-03
 -0.251987479877D-03  0.212735357661D-02 -0.110193814004D-02 -0.107110352982D-03
 -0.931225111378D-03  0.113501277481D-02  0.286358045698D-03 -0.862343627001D-04
 -0.125796208393D-03 -0.250183199225D-03  0.158710052758D-02  0.319040235181D+00
  0.803515448607D-03 -0.589395858799D-03 -0.107229692800D-02 -0.676109304561D-03
  0.360653507296D-02 -0.236253799588D-02 -0.122607098739D-02  0.135770038989D-02
  0.331394116232D-02  0.135954506738D-02 -0.650751669221D-03 -0.907517516583D-03
 -0.417973160573D-03  0.329606025583D-02 -0.776828393913D-03  0.314326905426D+00
  0.994456487084D-03 -0.299007990442D-03 -0.627708136904D-03 -0.362192228246D-03
  0.483684442519D-02 -0.298477678465D-02 -0.760332048855D-03 -0.568584139176D-03
  0.341226532667D-02  0.108337658632D-02 -0.152922294469D-03 -0.473215419360D-03
 -0.453998027433D-03  0.362490878195D-02 -0.111265667311D-02 -0.345136049691D-02
  0.325658843487D+00 -0.180800906586D-02 -0.208177742996D-04  0.797457343883D-03
  0.749047465635D-03 -0.902696488741D-02  0.495437825018D-02  0.401267199309D-03
  0.365154061455D-02 -0.486412746273D-02 -0.119039494176D-02  0.611037318665D-04
  0.472288054178D-03  0.119364567022D-02 -0.624692350246D-02  0.168155836147D-02
  0.369990578438D-02  0.440710531812D-02  0.322280735841D+00  0.186905714649D-03
 -0.490852074785D-02 -0.514343400743D-02 -0.564500153620D-02  0.878667600675D-03
 -0.817435555803D-04  0.202829906806D-03 -0.274929330300D-02  0.256082602714D-03
 -0.342410979516D-03 -0.565797899285D-02 -0.489269406150D-02 -0.504174973773D-02
  0.838052496866D-03  0.919637342674D-04  0.133285307006D-02  0.615000652637D-03
  0.246332153718D-03  0.409138053527D+00  0.266102038145D-02  0.710275133957D-03
 -0.314251538779D-03 -0.475628170314D-03  0.132564475128D-01 -0.718381762662D-02
 -0.269364788522D-03 -0.639805185151D-02  0.665930183160D-02  0.144666385218D-02
  0.679491112424D-03 -0.605163724317D-04 -0.110116363229D-02  0.905899687384D-02
 -0.240696485330D-02 -0.443201664220D-02 -0.588442908136D-02  0.103987426646D-01
 -0.434949900414D-03  0.321025923066D+00  0.739858803913D-03  0.550936389016D-03
  0.591037678672D-03 -0.914975316935D-04  0.370250783657D-02 -0.161093338810D-02
  0.812471746616D-03 -0.481645058670D-02  0.535250863485D-03 -0.440388304557D-03
  0.552465338245D-03  0.232728814325D-03 -0.110031755054D-03  0.228408035605D-02
 -0.410299797148D-03  0.165580792914D-02  0.393972714294D-05  0.200553651338D-02
 -0.163110138151D-02 -0.354321864108D-02  0.332508957789D+00 -0.244958751211D-03
  0.117969262607D-03  0.303153997116D-03  0.130910135430D-03 -0.115892356325D-02
  0.765403709870D-03  0.349172139252D-03 -0.515223465702D-03 -0.101321923514D-02
 -0.419016698907D-03  0.115903628868D-03  0.206177910901D-03  0.191827698810D-03
 -0.929705307859D-03  0.285795781741D-03  0.136023545835D-02  0.108320895949D-02
 -0.118858032875D-02 -0.344631879907D-03  0.144362093432D-02 -0.442641209805D-03
  0.641314827996D-02  0.639049816393D-04 -0.521146807324D-02 -0.564968143373D-02
 -0.565511704485D-02  0.216923946146D-03 -0.655254676831D-04 -0.309104716349D-03
  0.713255778855D-03  0.270437709834D-03  0.112255914473D-03 -0.567994333934D-02
 -0.551790572085D-02 -0.569001432772D-02  0.185206555489D-03 -0.881846981932D-04
 -0.640193211029D-03 -0.149288101947D-03  0.678461102797D-04 -0.566724121740D-02
  0.665126337761D-03  0.535440970765D-03  0.112565583469D-03  0.414087951496D+00
  0.116682610572D-03 -0.492244116845D-02 -0.550768983258D-02 -0.543187971621D-02
  0.570006478558D-03 -0.223210189509D-03 -0.332794293142D-03  0.526831981304D-03
  0.617792250709D-03  0.205901993303D-03 -0.551888873866D-02 -0.511759432404D-02
 -0.549828282382D-02  0.418036592541D-03 -0.126137439108D-03 -0.908028812450D-03
 -0.474707383091D-03  0.473420861244D-03 -0.489877235206D-02 -0.621681473089D-04
  0.231516544526D-03  0.205822649364D-03 -0.551713470729D-02  0.413546566251D+00
  0.401018714590D-03 -0.525912751874D-02 -0.538878111725D-02 -0.573352821007D-02
  0.164415128526D-02 -0.855942581252D-03 -0.399267397498D-03 -0.127219820640D-02
  0.120645203010D-02  0.189561376545D-03 -0.568639338396D-02 -0.549485650401D-02
 -0.504328000541D-02  0.170021178876D-02 -0.249331818017D-03 -0.409439846402D-03
 -0.443758599495D-03  0.118310745271D-02 -0.505062849881D-02 -0.108568109319D-02
 -0.109212820844D-03  0.188671358168D-03 -0.568817988998D-02 -0.549921527375D-02
  0.413438666521D+00 -0.149348316512D-02  0.116511191576D-03  0.982482727038D-03
  0.752101020259D-03 -0.778421349308D-02  0.426777707927D-02  0.140406771365D-03
  0.300503204222D-02 -0.401914231869D-02 -0.930009242510D-03  0.172845409447D-03
  0.416181898399D-03  0.171736263810D-02 -0.483035396785D-02  0.159604589830D-02
  0.329414655992D-02  0.363436288262D-02 -0.628028983043D-02  0.856406171689D-03
  0.911283069525D-02  0.231458916211D-02 -0.928511105138D-03  0.179467748895D-03
  0.415811210624D-03  0.170802734174D-02  0.318696474072D+00  0.432650983438D-03
  0.406062101276D-04 -0.223792262996D-03 -0.252363206013D-03  0.209814067090D-02
 -0.108826683365D-02 -0.113360871250D-03 -0.899132512931D-03  0.112965138624D-02
  0.289042196136D-03 -0.910949651438D-04 -0.128488412650D-03 -0.246439021839D-03
  0.157230126166D-02 -0.301917998739D-03 -0.784328669774D-03 -0.111135420771D-02
  0.166412868369D-02  0.105483603651D-03 -0.237675500103D-02 -0.387529600053D-03
  0.288494325722D-03 -0.929292333530D-04 -0.128829286498D-03 -0.245609966499D-03
  0.158103996987D-02  0.319050221561D+00  0.793547713747D-03 -0.594887823578D-03
 -0.107462421118D-02 -0.674810614885D-03  0.355351817246D-02 -0.233700346521D-02
 -0.123386857661D-02  0.140456920256D-02  0.329952518636D-02  0.136110968425D-02
 -0.656498459821D-03 -0.910146840839D-03 -0.409633517284D-03  0.326701111784D-02
 -0.767950449417D-03 -0.410952052906D-02 -0.344181367655D-02  0.366541969533D-02
  0.135149690976D-02 -0.437565647576D-02  0.168898141884D-02  0.136182173307D-02
 -0.645776136848D-03 -0.910662496189D-03 -0.401138490555D-03  0.326477444927D-02
 -0.775679234600D-03  0.314319754341D+00  0.990917341652D-03 -0.299827342279D-03
 -0.627723025854D-03 -0.361208204142D-03  0.481848998785D-02 -0.297538349143D-02
 -0.761966930412D-03 -0.554602639121D-03  0.340582878817D-02  0.108312037754D-02
 -0.154125685727D-03 -0.473078134551D-03 -0.451219721114D-03  0.361401260178D-02
 -0.110931356674D-02 -0.345020126460D-02 -0.306783568185D-02  0.439436505650D-02
  0.620551435122D-03 -0.586463064459D-02  0.131835719616D-04  0.108295889525D-02
 -0.150447477586D-03 -0.474569296264D-03 -0.441001697478D-03  0.362336913859D-02
 -0.110807632139D-02 -0.344076097351D-02  0.325668022502D+00 -0.180077942411D-02
 -0.163361934030D-04  0.799313415568D-03  0.747937218137D-03 -0.898827561041D-02
  0.493634137875D-02  0.407594169351D-03  0.361472004312D-02 -0.485417722367D-02
 -0.119203699787D-02  0.650884729074D-04  0.474896090930D-03  0.118768150869D-02
 -0.622572282291D-02  0.167556483166D-02  0.370453235204D-02  0.440081247514D-02
 -0.725259087249D-02  0.233502772717D-03  0.103572968909D-01  0.197931008157D-02
 -0.119024059737D-02  0.717003154649D-04  0.476028231868D-03  0.117715454240D-02
 -0.625883232599D-02  0.165831899936D-02  0.367032288018D-02  0.438815607255D-02
  0.322330192939D+00 -0.444961627831D-03  0.396387658265D-04  0.242315963790D-03
  0.230181143205D-03 -0.228717221068D-02  0.123773721128D-02  0.271631473194D-04
  0.111556601487D-02 -0.117184967890D-02 -0.245130497729D-03  0.594854860868D-04
  0.115560406965D-03  0.404796513106D-03 -0.149087711840D-02  0.440470805897D-03
  0.802745176559D-03  0.996408773405D-03 -0.181637105982D-02  0.192009535593D-03
  0.267444568527D-02  0.747613740408D-03 -0.244540593674D-03  0.620386961091D-04
  0.116055606317D-03  0.402599460944D-03 -0.150051222694D-02  0.435009474016D-03
  0.792695526801D-03  0.992845648504D-03 -0.180907473164D-02  0.691847467301D-02
  0.411502003706D-04 -0.457493807033D-02 -0.520488466116D-02 -0.518039702747D-02
  0.110679616541D-03  0.959786343170D-04 -0.271787707215D-03  0.838520323460D-03
  0.166335397480D-03  0.117581199952D-03 -0.521331066312D-02 -0.492428322945D-02
 -0.525837729179D-02  0.121964450338D-03  0.442735537508D-04 -0.588939482365D-03
 -0.298637980012D-03 -0.202326488452D-04 -0.490991178920D-02  0.709273572666D-03
  0.549938840113D-03  0.117777783407D-03 -0.521157383345D-02 -0.492282624838D-02
 -0.525953802933D-02  0.116965982585D-03  0.402688160445D-04 -0.594422648133D-03
 -0.299455439578D-03 -0.157593246165D-04  0.398307035465D-04  0.417528201522D+00
  0.238701391096D-03 -0.520445121843D-02 -0.558654288250D-02 -0.563978024894D-02
  0.950026850796D-03 -0.533429815073D-03 -0.507076762124D-03  0.365666953780D-03
  0.937690951776D-03  0.305875446109D-03 -0.566202460628D-02 -0.550548025523D-02
 -0.539244332381D-02  0.974672960863D-03 -0.211319592299D-03 -0.107633988013D-02
 -0.633401270865D-03  0.783028845384D-03 -0.511826684469D-02 -0.293772069594D-03
  0.604836874447D-03  0.305932016974D-03 -0.565947291817D-02 -0.550651818344D-02
 -0.538992583646D-02  0.972243116883D-03 -0.214837407964D-03 -0.107879086766D-02
 -0.633435294077D-03  0.785026978188D-03  0.237649848760D-03 -0.520457587056D-02
  0.413877195945D+00  0.230986228344D-03 -0.518153327818D-02 -0.563269606137D-02
 -0.568242779120D-02  0.111889073503D-02 -0.528080361889D-03 -0.233383873294D-03
 -0.170440919743D-03  0.689152402024D-03  0.129241473691D-03 -0.565284733488D-02
 -0.543237871034D-02 -0.573412981720D-02  0.752232831164D-03 -0.253989911461D-03
 -0.670985652821D-03 -0.357027465901D-03  0.750176859456D-03 -0.565326677909D-02
 -0.477885866231D-03 -0.968689165491D-04  0.129007630546D-03 -0.565324632324D-02
 -0.543281714711D-02 -0.573259214494D-02  0.753142310179D-03 -0.254339780286D-03
 -0.669640360302D-03 -0.356037679611D-03  0.749016164647D-03  0.230886828628D-03
 -0.518181826383D-02 -0.563747597627D-02  0.413254484098D+00 -0.227801134828D-02
  0.107971532039D-03  0.970930992630D-03  0.111519893319D-02 -0.115010346837D-01
  0.620496074720D-02  0.136949738272D-03  0.613317283954D-02 -0.583352669856D-02
 -0.116034686572D-02  0.199683647123D-03  0.565277487161D-03  0.165668371286D-02
 -0.774386075907D-02  0.213103589989D-02  0.360144371881D-02  0.483694124574D-02
 -0.903883653375D-02  0.887831750528D-03  0.132766881261D-01  0.371748917078D-02
 -0.115715335805D-02  0.213905138223D-03  0.568825925751D-03  0.164565615833D-02
 -0.779474762683D-02  0.210172245118D-02  0.354827199836D-02  0.481854432051D-02
 -0.900002076937D-02 -0.229087068209D-02  0.109030998246D-03  0.947434537504D-03
  0.111869408333D-02  0.313460592731D+00  0.122424884952D-02  0.921510782795D-04
 -0.554000858118D-03 -0.525147614040D-03  0.615725326901D-02 -0.330765220431D-02
 -0.205985632263D-03 -0.267277443807D-02  0.326075243081D-02  0.771002562671D-03
 -0.659990621739D-04 -0.224752219427D-03 -0.855089854389D-03  0.422435126377D-02
 -0.109526749148D-02 -0.237367366016D-02 -0.298456967274D-02  0.493240729587D-02
 -0.602063302943D-04 -0.714563621424D-02 -0.158066436125D-02  0.769532683544D-03
 -0.716035010956D-04 -0.225668138698D-03 -0.849946630697D-03  0.424903628393D-02
 -0.108179512757D-02 -0.234843663690D-02 -0.297525945095D-02  0.491461475508D-02
  0.123064860535D-02  0.915259204707D-04 -0.537723144313D-03 -0.528017240656D-03
  0.616679354644D-02  0.317039449808D+00  0.319407537419D-04 -0.270624438246D-03
 -0.501588424228D-03 -0.235145813686D-03  0.156375761616D-03 -0.205030694802D-03
 -0.337016406321D-03  0.132794019608D-02  0.493775595059D-03  0.347515302022D-03
 -0.311919757418D-03 -0.333630366215D-03 -0.403341567067D-03  0.155611308108D-03
 -0.110089250734D-03 -0.122379097836D-02 -0.761678937602D-03  0.411055170303D-03
  0.195297984586D-03 -0.285454388582D-03  0.801941023165D-03  0.348209894124D-03
 -0.306795811808D-03 -0.332142519747D-03 -0.401377248375D-03  0.148663613954D-03
 -0.116270707557D-03 -0.123148079706D-02 -0.763283258448D-03  0.417293334429D-03
  0.301286253429D-04 -0.270355466466D-03 -0.505646477193D-03 -0.233370017297D-03
  0.152629891759D-03 -0.213704401199D-03  0.318798527206D+00  0.111363285559D-02
  0.844204889762D-03  0.343180586966D-03 -0.161714766581D-03  0.615959157082D-02
 -0.274008532694D-02  0.134822471318D-02 -0.636471649400D-02  0.109699769102D-02
 -0.511863994956D-03  0.742433323089D-03  0.527119948857D-03 -0.127975657339D-02
  0.299000451589D-02 -0.940023238544D-03  0.135552440232D-02 -0.580262506856D-03
  0.368508980244D-02 -0.276350861288D-02 -0.645078576820D-02 -0.484233840656D-02
 -0.514962225212D-03  0.718181275303D-03  0.528441300790D-03 -0.127879311087D-02
  0.303341979693D-02 -0.907751316019D-03  0.140268179720D-02 -0.566191932788D-03
  0.364804195302D-02  0.112496407282D-02  0.842710343413D-03  0.367354164093D-03
 -0.171407995164D-03  0.618214418422D-02 -0.269723143144D-02  0.133290635816D-02
  0.324216704289D+00 -0.116553512017D-02  0.167995404478D-03  0.942892530586D-03
  0.689649390104D-03 -0.581393344650D-02  0.325924157232D-02  0.493076861281D-03
  0.106666213951D-02 -0.334135802564D-02 -0.101461443686D-02  0.272370978720D-03
  0.620176966882D-03  0.121221374751D-02 -0.399728820526D-02  0.113239046186D-02
  0.331616745228D-02  0.341048152306D-02 -0.485480926175D-02  0.248349622493D-03
  0.664383656257D-02  0.524937134996D-03 -0.101419893462D-02  0.272511720260D-03
  0.618491638390D-03  0.120343512203D-02 -0.401142934319D-02  0.112709699684D-02
  0.330185437772D-02  0.340407522011D-02 -0.484494288093D-02 -0.116898628102D-02
  0.168143535069D-03  0.938643984467D-03  0.688879036875D-03 -0.581816343307D-02
  0.325360360468D-02  0.496642743947D-03  0.108276973245D-02  0.328451182921D+00
  0.186102082080D-03 -0.491189899450D-02 -0.513882096426D-02 -0.564540490840D-02
  0.873980149114D-03 -0.791441575246D-04  0.206067903171D-03 -0.277573236442D-02
  0.252932759988D-03 -0.347332170928D-03 -0.565918029722D-02 -0.489144475360D-02
 -0.503380785926D-02  0.837605030006D-03  0.929456876603D-04  0.135229381794D-02
  0.629509398903D-03  0.240741979056D-03 -0.495730819418D-02 -0.432293372457D-03
 -0.164521559499D-02 -0.349569182130D-03 -0.566851381192D-02 -0.489760044477D-02
 -0.504272293082D-02  0.856099557393D-03  0.106575836383D-03  0.137109040568D-02
  0.635091087893D-03  0.227795660404D-03  0.191241114968D-03 -0.491329235025D-02
 -0.511359953315D-02 -0.565367693968D-02  0.883196233615D-03 -0.574454702607D-04
  0.198486770434D-03 -0.279004788654D-02  0.245135932902D-03  0.409142300202D+00
  0.268504790741D-02  0.722067343849D-03 -0.307844634885D-03 -0.477205514977D-03
  0.133828252478D-01 -0.724705404155D-02 -0.253841454176D-03 -0.650377121334D-02
  0.669803931476D-02  0.144510868702D-02  0.694093266071D-03 -0.550316148314D-04
 -0.111774690925D-02  0.913027717944D-02 -0.242963818174D-02 -0.443062586572D-02
 -0.590980283848D-02  0.104835985408D-01 -0.475655716001D-03 -0.151969165327D-01
 -0.361608812657D-02  0.144201898307D-02  0.679376211653D-03 -0.566822829552D-04
 -0.110213155118D-02  0.918483443293D-02 -0.239892808715D-02 -0.437347295746D-02
 -0.588976458834D-02  0.104415246192D-01  0.269865252108D-02  0.721050180364D-03
 -0.287198142010D-03 -0.479524956379D-03  0.134033949386D-01 -0.720823148359D-02
 -0.270163093407D-03 -0.655715694909D-02  0.668234651586D-02 -0.473290310180D-03
  0.320753029712D+00  0.721240035625D-03  0.540557526563D-03  0.587402042578D-03
 -0.894118622129D-04  0.360389105712D-02 -0.156292209681D-02  0.799894762080D-03
 -0.473456992213D-02  0.505526172199D-03 -0.439259061154D-03  0.542171461692D-03
  0.227541632672D-03 -0.953969298836D-04  0.222874007115D-02 -0.393728326548D-03
  0.165457519790D-02  0.254369169823D-04  0.193957297201D-02 -0.160171770875D-02
 -0.343685271714D-02 -0.274855027763D-02 -0.441473348981D-03  0.525427649818D-03
  0.226323029935D-03 -0.946457686599D-04  0.225866980048D-02 -0.371360701163D-03
  0.168712229822D-02  0.344873084276D-04  0.191383428606D-02  0.728847228309D-03
  0.539576053816D-03  0.600951354863D-03 -0.946961311782D-04  0.361859752964D-02
 -0.153317846602D-02  0.789557305921D-03 -0.475993558904D-02  0.495395740168D-03
 -0.161558298008D-02 -0.350829588988D-02  0.332623627354D+00  0.824633949334D-04
 -0.394084060478D-02 -0.231335551783D-02 -0.434795426170D-02  0.493685564569D-03
  0.502262078905D-03  0.183690027684D-02 -0.122171404173D-01 -0.996968252632D-03
 -0.214558026783D-02 -0.437871242160D-02 -0.258229929943D-02 -0.198112374296D-02
  0.666249391259D-03  0.371145504556D-03  0.795586366899D-02  0.497154128391D-02
 -0.936389940445D-03 -0.383861159843D-02 -0.946800053952D-03 -0.767532369571D-02
 -0.215375273085D-02 -0.441804416715D-02 -0.260943897295D-02 -0.200700277373D-02
  0.739847795679D-03  0.428618799122D-03  0.803352119602D-02  0.499076312952D-02
 -0.993755825170D-03  0.102207709198D-03 -0.394399978092D-02 -0.224750647462D-02
 -0.436753926474D-02  0.527738388203D-03  0.587912046008D-03  0.180865894312D-02
 -0.122726630038D-01 -0.102829155049D-02 -0.382704938286D-02 -0.110785571334D-02
 -0.754991961313D-02  0.103838882040D+01  0.207361819672D-04  0.904086298104D-05
  0.287312899941D-05 -0.268611202953D-05  0.108965761582D-03 -0.549150956774D-04
  0.119844417217D-04 -0.829754986622D-04  0.343985347359D-04  0.147881996960D-06
  0.112270035345D-04  0.255436781563D-05 -0.171685124251D-04  0.612799551480D-04
 -0.198214924794D-04 -0.443471836181D-05 -0.253570079465D-04  0.740039225947D-04
 -0.363199484511D-04 -0.116123216862D-03 -0.577538050055D-04  0.112647713200D-06
  0.109492788744D-04  0.257259363744D-05 -0.170390170491D-04  0.618552472240D-04
 -0.194285675182D-04 -0.380265712602D-05 -0.251623484704D-04  0.735009137811D-04
  0.208778234703D-04  0.902901699131D-05  0.297807065369D-05 -0.272841476432D-05
  0.109227285430D-03 -0.544181975506D-04  0.118026528751D-04 -0.835009222072D-04
  0.342227750489D-04 -0.365785762910D-04 -0.117546306182D-03 -0.566080674610D-04
 -0.138827523673D-03  0.432666863898D+00  0.736120799615D-05  0.276420627435D-05
  0.263324812346D-05 -0.332288406104D-06  0.381644701881D-04 -0.196900463180D-04
  0.439376250795D-05 -0.338383203099D-04  0.123561406831D-04 -0.577982429624D-06
  0.451535446894D-05  0.128630912032D-05 -0.357622761333D-05  0.222393865483D-04
 -0.723157137374D-05  0.107517294463D-05 -0.658720589709D-05  0.258667969950D-04
 -0.122918003611D-04 -0.410704144432D-04 -0.221458367885D-04 -0.592569888485D-06
  0.440849097878D-05  0.127708010581D-05 -0.352565575676D-05  0.224628121672D-04
 -0.707838020388D-05  0.132217905132D-05 -0.651462980936D-05  0.256691051560D-04
  0.741508221857D-05  0.276071385284D-05  0.264654826416D-05 -0.336765608098D-06
  0.382598327457D-04 -0.194953609542D-04  0.432472651565D-05 -0.340380225526D-04
  0.122848613091D-04 -0.123573139909D-04 -0.416117613377D-04 -0.216999866913D-04
 -0.442407113009D-04 -0.437847675933D-06  0.176098315436D+00 -0.300671674969D-03
 -0.351421392573D-03 -0.104658913646D-02 -0.927861923812D-04 -0.633558025601D-03
  0.176106123910D-03  0.117302629837D-04  0.298924257663D-02 -0.111641739532D-03
  0.242566642585D-03 -0.335864542830D-03 -0.651784897175D-04 -0.180438922539D-02
 -0.174274009639D-02 -0.361545571622D-03 -0.194863627504D-02 -0.484782722872D-03
 -0.277909536721D-04 -0.719410878175D-03  0.904714584757D-04  0.875209740082D-04
  0.244097105140D-03 -0.328443537262D-03 -0.589734501624D-04 -0.180203289277D-02
 -0.175944782059D-02 -0.373531691064D-03 -0.196586113514D-02 -0.488697641272D-03
 -0.150356058126D-04 -0.304838470862D-03 -0.350767075418D-03 -0.105784250325D-02
 -0.904416238104D-04 -0.640010163820D-03  0.159121201989D-03  0.174783429952D-04
  0.300201557160D-02 -0.105146298678D-03 -0.725859694381D-03  0.126693507791D-03
  0.578784866316D-04 -0.656178576226D-03  0.315221414327D-04  0.891456243996D-05
  0.118851731445D-01  0.128869306195D-03 -0.315842687941D-02 -0.225255902370D-02
 -0.353422642418D-02  0.479006464086D-03  0.184630483207D-03  0.992974512214D-03
 -0.662136180353D-02 -0.759351972849D-03 -0.122851430819D-02 -0.336448996648D-02
 -0.276692625062D-02 -0.219846441033D-02  0.586504469734D-03  0.201653880137D-03
  0.452086102601D-02  0.280730037079D-02 -0.621214108922D-03 -0.403647111903D-02
 -0.190873366409D-04 -0.374614543897D-02 -0.123252586891D-02 -0.338640119907D-02
 -0.277956090613D-02 -0.220826687521D-02  0.623716478310D-03  0.231224355770D-03
  0.456108958375D-02  0.281684105228D-02 -0.652199787240D-03  0.138408572328D-03
 -0.315995890936D-02 -0.222994416798D-02 -0.354186648382D-02  0.496106298274D-03
  0.227733418522D-03  0.979201887455D-03 -0.664902215527D-02 -0.774939164160D-03
 -0.403583652754D-02 -0.999581449040D-04 -0.368074550177D-02 -0.567691443144D-02
 -0.682810959287D-04 -0.216707037131D-04 -0.108764646756D-02  0.368075389353D+00
 -0.929036274228D-03 -0.335682498864D-02 -0.310469244226D-02 -0.303282629269D-02
 -0.449331081871D-02  0.238457662999D-02  0.575584630400D-04  0.192328691900D-02
 -0.205709001412D-02 -0.570685597114D-03 -0.353799542186D-02 -0.293205776571D-02
 -0.294783854648D-02 -0.333451850189D-02  0.623117687304D-03  0.137822980538D-02
  0.236013592859D-02 -0.345100301821D-02 -0.305261589894D-02  0.521195000431D-02
  0.631434183817D-03 -0.570015659392D-03 -0.353383546676D-02 -0.293375356417D-02
 -0.295306638842D-02 -0.335204619413D-02  0.613174209514D-03  0.136045150433D-02
  0.235386899138D-02 -0.343820452100D-02 -0.933655086148D-03 -0.335656167678D-02
 -0.311702686484D-02 -0.303075875890D-02 -0.450059261522D-02  0.237271709105D-02
  0.629620326153D-04  0.194096544786D-02 -0.205259897513D-02 -0.305081135602D-02
  0.525773913619D-02  0.596819086984D-03 -0.967101941555D-03  0.378140204965D-04
  0.146911479944D-04  0.891534867184D-03 -0.186413855697D-02  0.353799226026D+00
 -0.197561423998D-02  0.261060132116D-03  0.694260882993D-03  0.903730410893D-03
 -0.917543396635D-02  0.523663727033D-02  0.118876145673D-02  0.385237329722D-02
 -0.614770459133D-02 -0.167349248375D-02  0.440748630869D-03  0.662524284201D-03
 -0.158814604727D-03 -0.774289872185D-02  0.153786374764D-02  0.434959475542D-02
  0.518782686376D-02 -0.789859435160D-02 -0.207256333136D-02  0.109523105919D-01
  0.822340366130D-03 -0.167110764427D-02  0.442857252490D-03  0.671000393107D-03
 -0.166889190224D-03 -0.777973653383D-02  0.152081759909D-02  0.431328537831D-02
  0.517431173916D-02 -0.787479572735D-02 -0.198497550452D-02  0.261771501073D-03
  0.669078873930D-03  0.904611468742D-03 -0.918577356580D-02  0.521357501686D-02
  0.119953846656D-02  0.388900011846D-02 -0.613651671690D-02 -0.210177341367D-02
  0.110429406139D-01  0.752561287080D-03 -0.100390841940D-01  0.848387726652D-04
  0.255915501259D-04  0.368271212395D-02 -0.534938499648D-02 -0.357566072977D-02
  0.355779437557D+00  0.150750247223D-02 -0.192982652364D-02 -0.100574079925D-02
 -0.189226481038D-02  0.697111340915D-02 -0.405607538876D-02 -0.394938221602D-03
 -0.680477478782D-02  0.430359495889D-02  0.553375518607D-03 -0.150345672510D-02
 -0.171222804661D-02 -0.153132191536D-03  0.605120747134D-02 -0.131176759513D-02
 -0.719816368244D-03 -0.181427941991D-02  0.554088944983D-02 -0.513733787894D-03
 -0.824182075397D-02 -0.268474693786D-02  0.549716752485D-03 -0.151555010629D-02
 -0.172801670286D-02 -0.145473199210D-03  0.609722830550D-02 -0.128458128016D-02
 -0.671119995186D-03 -0.180017675489D-02  0.550493124697D-02  0.151845356284D-02
 -0.193016072875D-02 -0.998418186321D-03 -0.188849176379D-02  0.698449634168D-02
 -0.401926272002D-02 -0.408336896409D-03 -0.684531170746D-02  0.428721329848D-02
 -0.482924450151D-03 -0.834740079548D-02 -0.259612717115D-02  0.538341382849D-02
 -0.958959072680D-04 -0.266090637193D-04 -0.328967509423D-02  0.236205844158D-02
  0.222560844435D-02  0.151596110516D-02  0.364333982471D+00  0.542846345191D-03
 -0.394522819043D-03  0.229030353129D-02  0.112908545488D-02  0.305257997878D-02
 -0.219752073006D-02  0.108012631976D-02 -0.933927953220D-02  0.119706998171D-02
 -0.107556985238D-02  0.131505939304D-02  0.113958660418D-02  0.233200789432D-02
  0.179802982742D-02 -0.129232120962D-02  0.358167907177D-02  0.303413420885D-02
  0.203453221273D-02 -0.794844986110D-03 -0.458494166543D-02 -0.592163978057D-02
 -0.108000918418D-02  0.129180973021D-02  0.111803850036D-02  0.234176771004D-02
  0.184768778296D-02 -0.125659505531D-02  0.363884183121D-02  0.304668404257D-02
  0.198733585137D-02  0.553719277936D-03 -0.393654107922D-03  0.226161472137D-02
  0.114194851529D-02  0.306704578917D-02 -0.215058459075D-02  0.106633715500D-02
 -0.937832516890D-02  0.117713583558D-02 -0.768873472362D-03 -0.469214137552D-02
 -0.582168197367D-02  0.863554832386D-03 -0.927127192928D-04 -0.231117748515D-04
  0.152022910794D-02 -0.449323012946D-03  0.419872020635D-02 -0.195003535105D-02
  0.616904868670D-02  0.373763287138D+00 -0.307557173450D-03 -0.352259710589D-03
 -0.104577851415D-02 -0.895874237257D-04 -0.669421455190D-03  0.193976791082D-03
  0.772671754142D-05  0.301867945753D-02 -0.122898830545D-03  0.242787356933D-03
 -0.337224569317D-03 -0.639193163951D-04 -0.179751340358D-02 -0.176363598674D-02
 -0.355296664103D-03 -0.194870904888D-02 -0.477190672503D-03 -0.517803859239D-04
 -0.705810044098D-03  0.128324509392D-03  0.107066616218D-03  0.244330845621D-03
 -0.329706595169D-03 -0.577143710727D-04 -0.179519443332D-02 -0.178054532534D-02
 -0.367421243417D-03 -0.196615438003D-02 -0.481172582476D-03 -0.388507840311D-04
 -0.311773869339D-03 -0.351600871263D-03 -0.105708034438D-02 -0.872253391529D-04
 -0.675964823925D-03  0.176814145004D-03  0.135393467990D-04  0.303163427929D-02
 -0.116340144047D-03 -0.712180043358D-03  0.165040806050D-03  0.770269851341D-04
 -0.609690627304D-03  0.319197240862D-04  0.906545829891D-05  0.440118175131D-02
 -0.106413675551D-02  0.881096731078D-03  0.365778801783D-02 -0.326042875523D-02
  0.155031089105D-02  0.118688234929D-01  0.122339934597D-03 -0.315848843845D-02
 -0.225914100329D-02 -0.353753679787D-02  0.446018122781D-03  0.205535938088D-03
  0.989477536369D-03 -0.659322600768D-02 -0.769341839604D-03 -0.122728032157D-02
 -0.337333366970D-02 -0.276584534067D-02 -0.219803179174D-02  0.569233947103D-03
  0.211782719575D-03  0.452093259233D-02  0.280746270047D-02 -0.643574861871D-03
 -0.401414487332D-02  0.133625911683D-04 -0.372972054329D-02 -0.123128883176D-02
 -0.339516884982D-02 -0.277847677722D-02 -0.220800142163D-02  0.606321007897D-03
  0.241270584312D-03  0.456099217997D-02  0.281696580633D-02 -0.674392307323D-03
  0.131863361422D-03 -0.316003039527D-02 -0.223612782109D-02 -0.354529795515D-02
  0.463095879549D-03  0.248569892757D-03  0.975718420079D-03 -0.662077373595D-02
 -0.784896162012D-03 -0.401346826889D-02 -0.672169293098D-04 -0.366465131509D-02
 -0.561927950598D-02 -0.680641991026D-04 -0.216149185702D-04 -0.109827228964D-02
 -0.461914156495D-02 -0.188009121954D-02 -0.538096749247D-02  0.237576506430D-02
 -0.470618169683D-03 -0.107484577087D-02  0.368118539773D+00 -0.930446811675D-03
 -0.335565986034D-02 -0.310547865897D-02 -0.303111334086D-02 -0.449974588225D-02
  0.238726552800D-02  0.569749775018D-04  0.194138907286D-02 -0.206197290327D-02
 -0.570011490653D-03 -0.353575546910D-02 -0.293323915196D-02 -0.295181738829D-02
 -0.334229514950D-02  0.623091156852D-03  0.137223897148D-02  0.235919297990D-02
 -0.345599769825D-02 -0.305954603137D-02  0.522265943888D-02  0.640852941846D-03
 -0.569327640956D-03 -0.353155199456D-02 -0.293488199010D-02 -0.295699650401D-02
 -0.335995476697D-02  0.613057642876D-03  0.135433013787D-02  0.235288863975D-02
 -0.344311303461D-02 -0.935102896819D-03 -0.335539092541D-02 -0.311798969721D-02
 -0.302900480966D-02 -0.450708284440D-02  0.237526776277D-02  0.624291607927D-04
  0.195917533311D-02 -0.205742785726D-02 -0.305781794772D-02  0.526874585013D-02
  0.606020013951D-03 -0.991763287781D-03  0.380852207390D-04  0.147752537621D-04
  0.898695486377D-03 -0.187126683273D-02 -0.293455969596D-02 -0.356338357234D-02
  0.221283565161D-02  0.419290506942D-02  0.888176337743D-03 -0.188737893093D-02
  0.353790692748D+00 -0.196572087174D-02  0.267238496033D-03  0.695606273025D-03
  0.902804840494D-03 -0.912278541435D-02  0.521102955711D-02  0.119537717729D-02
  0.381349087410D-02 -0.613263423082D-02 -0.167370023563D-02  0.446811703710D-03
  0.664885108011D-03 -0.168484827491D-03 -0.771446004171D-02  0.152888226407D-02
  0.434789843832D-02  0.517492599119D-02 -0.786353842734D-02 -0.209053009556D-02
  0.108967529051D-01  0.793794961385D-03 -0.167133232069D-02  0.448780507537D-03
  0.673383124658D-03 -0.176510874130D-03 -0.775102030146D-02  0.151202917896D-02
  0.431189173013D-02  0.516150620453D-02 -0.783997893192D-02 -0.197501188591D-02
  0.267942220203D-03  0.670523288191D-03  0.903645472446D-03 -0.913298946167D-02
  0.518821376489D-02  0.120606271042D-02  0.384986322492D-02 -0.612153010414D-02
 -0.211990396682D-02  0.109866888077D-01  0.724561443839D-03 -0.101154485410D-01
  0.842909924446D-04  0.253700675770D-04  0.370081455112D-02 -0.538752719498D-02
 -0.355838932112D-02 -0.585101149813D-02  0.146196603043D-02 -0.200973540387D-02
  0.367608410995D-02 -0.541896267280D-02 -0.354596814818D-02  0.355865505816D+00
  0.149633651956D-02 -0.193732628091D-02 -0.101230302755D-02 -0.189487606210D-02
  0.691220814038D-02 -0.402587170051D-02 -0.402580261866D-03 -0.675336979009D-02
  0.428556792564D-02  0.554587860443D-03 -0.151369564068D-02 -0.171756090793D-02
 -0.148641365534D-03  0.601869234288D-02 -0.130039333811D-02 -0.721377469949D-03
 -0.180424294993D-02  0.550110285293D-02 -0.495896518353D-03 -0.817795224033D-02
 -0.264903115088D-02  0.550951044008D-03 -0.152562068318D-02 -0.173334409005D-02
 -0.141059488481D-03  0.606437138598D-02 -0.127344385751D-02 -0.673059848127D-03
 -0.179025220640D-02  0.546544891582D-02  0.150720471319D-02 -0.193765498256D-02
 -0.100500483302D-02 -0.189109174268D-02  0.692544093644D-02 -0.398935899331D-02
 -0.415872435772D-03 -0.679360016363D-02  0.426929434225D-02 -0.464961416949D-03
 -0.828269919853D-02 -0.256109443757D-02  0.545680802570D-02 -0.952280579916D-04
 -0.263608388512D-04 -0.330875073115D-02  0.239811488335D-02  0.220034515644D-02
  0.147312946815D-02  0.254595971689D-02  0.621025924965D-02 -0.327973690823D-02
  0.241173150366D-02  0.218742681931D-02  0.141946811892D-02  0.364426506358D+00
  0.554879541112D-03 -0.385813904879D-03  0.228096270820D-02  0.112278952781D-02
  0.311826753583D-02 -0.222708713746D-02  0.108459169128D-02 -0.936070159721D-02
  0.121955802856D-02 -0.107028147421D-02  0.131596476291D-02  0.114043792415D-02
  0.230863049712D-02  0.183305231564D-02 -0.130114086384D-02  0.356092314297D-02
  0.300109869604D-02  0.208139271981D-02 -0.808420178214D-03 -0.465588966186D-02
 -0.594466084477D-02 -0.107473381703D-02  0.129261101605D-02  0.111897464340D-02
  0.231838091982D-02  0.188295820958D-02 -0.126525446287D-02  0.361833276924D-02
  0.301375150045D-02  0.203402543998D-02  0.565826329275D-03 -0.384961716221D-03
  0.225266437364D-02  0.113551610853D-02  0.313288772541D-02 -0.217993543144D-02
  0.107070508957D-02 -0.939999953998D-02  0.119956097285D-02 -0.782703873045D-03
 -0.476376812524D-02 -0.584425423269D-02  0.786767014088D-03 -0.932461119450D-04
 -0.233718487457D-04  0.154666670368D-02 -0.491524349141D-03  0.421504213235D-02
 -0.188020068554D-02  0.607262912637D-02  0.123153551932D-01  0.157694094304D-02
 -0.512406959532D-03  0.420938093780D-02 -0.194008624602D-02  0.611420578389D-02
  0.373531926676D+00  0.111171572848D-03 -0.323308335264D-02 -0.414057599045D-02
 -0.306136236478D-02  0.551808475039D-03 -0.936666106521D-03 -0.137134162995D-02
  0.574387017301D-02  0.185391854839D-02  0.130427402635D-02 -0.330176144194D-02
 -0.358476581198D-02 -0.408532432858D-02  0.192977186033D-03 -0.691264192455D-03
 -0.514553210094D-02 -0.267550344591D-02  0.155792282802D-02 -0.236965519837D-02
 -0.557609116400D-03  0.327327128775D-02  0.130765220683D-02 -0.328044401761D-02
 -0.357746095685D-02 -0.407100991836D-02  0.158911961513D-03 -0.720347517100D-03
 -0.518114498658D-02 -0.268366154007D-02  0.158463622662D-02  0.101516251154D-03
 -0.323151446500D-02 -0.418158847894D-02 -0.304787087027D-02  0.532936265411D-03
 -0.978664277686D-03 -0.135737284406D-02  0.576923696942D-02  0.186785770418D-02
 -0.236025861604D-02 -0.480788922054D-03  0.321585221246D-02  0.378029136630D-02
  0.612124493362D-04  0.232273083003D-04  0.904683146285D-03  0.193732990970D-02
 -0.746269417596D-03  0.573282643663D-02 -0.269308976333D-02  0.623975225502D-02
  0.886371825829D-03  0.190179452098D-02 -0.741008585288D-03  0.576482358488D-02
 -0.273469711169D-02  0.625267438579D-02  0.370803314114D+00  0.123452532139D-03
 -0.322958931160D-02 -0.413827111895D-02 -0.306355155019D-02  0.614668466445D-03
 -0.968783793653D-03 -0.136695011619D-02  0.568744596430D-02  0.188054765846D-02
  0.130568235962D-02 -0.329822984115D-02 -0.358164765476D-02 -0.408781263578D-02
  0.234455310979D-03 -0.701841237340D-03 -0.514754728661D-02 -0.269130620846D-02
  0.160358830420D-02 -0.237462228209D-02 -0.630671717377D-03  0.323793224065D-02
  0.130902970785D-02 -0.327707219523D-02 -0.357439614837D-02 -0.407347895752D-02
  0.200800641417D-03 -0.730653998396D-03 -0.518272710745D-02 -0.269933071990D-02
  0.162997966117D-02  0.113903164138D-03 -0.322803109201D-02 -0.417904780412D-02
 -0.305011541626D-02  0.595970091398D-03 -0.101041529261D-02 -0.135311818942D-02
  0.571244583976D-02  0.189434830734D-02 -0.236522422554D-02 -0.554839463494D-03
  0.318128520576D-02  0.375958597746D-02  0.603762139318D-04  0.229332894941D-04
  0.910051540272D-03  0.192239630046D-02 -0.719339054739D-03  0.576577810036D-02
 -0.272371010299D-02  0.621177676400D-02  0.892014652914D-03  0.188713595144D-02
 -0.714056286190D-03  0.579735685729D-02 -0.276484992073D-02  0.622424221356D-02
 -0.509258210954D-02  0.370831483414D+00 -0.981759845082D-03  0.222788045602D-02
 -0.722377250617D-03  0.230966191852D-02 -0.523111825274D-02  0.182656345022D-02
 -0.263915271768D-02  0.214666195478D-01 -0.125467192050D-02  0.255876420479D-02
  0.221596064871D-02 -0.225054121009D-03 -0.175051090301D-02 -0.465509582306D-02
  0.236421531770D-03 -0.106803811875D-01 -0.538947811542D-02 -0.235924415133D-02
  0.340826076284D-03  0.785840886943D-02  0.130121881502D-01  0.257271331116D-02
  0.227872753913D-02 -0.178062747799D-03 -0.171387299787D-02 -0.479210596129D-02
  0.134893404208D-03 -0.108234813881D-01 -0.542658547779D-02 -0.225511422793D-02
 -0.101857798505D-02  0.223247129009D-02 -0.843163949840D-03  0.234043853991D-02
 -0.529107497529D-02  0.167767619799D-02 -0.258840428853D-02  0.215748772209D-01
 -0.119878006229D-02  0.304560826003D-03  0.816490694309D-02  0.127741607609D-01
 -0.224965050727D-02  0.266072458509D-03  0.852970234272D-04  0.174157714617D-02
  0.405326749283D-02 -0.285815277021D-02  0.125237440710D-01 -0.992976221883D-02
 -0.323325797264D-02  0.165723814430D-02  0.394289047377D-02 -0.281131081225D-02
  0.126690158878D-01 -0.100744380466D-01 -0.307613912563D-02 -0.534711324309D-02
 -0.529642333601D-02  0.378385868809D+00
$end
