$coord
    1.82184789962668      1.65368669473067      0.71434224842605      c
    3.13662339015439      3.21240370221062      0.84289774154954      h
    2.70430597306538     -0.78070905037804      0.22486138115633      c
    4.70451955902140     -1.10966450834991     -0.03214918315422      h
    1.00935499550933     -2.79233283862922      0.08015755650744      c
    1.69501119367927     -4.68158557244186     -0.28726102812522      h
   -1.56909029247956     -2.36896839971670      0.41735756456419      c
   -2.88326856151913     -3.92992048644950      0.31013532392540      h
   -2.45208435083106      0.06503041030753      0.90752704236755      c
   -4.44916378442171      0.39309349235630      1.18780806466478      h
   -0.75673154568956      2.07828151543105      1.06127278137393      c
   -1.43705194527603      3.95664961569089      1.48297577118069      h
$redundant
     number_of_atoms            20
     degrees_of_freedom         54
     internal_coordinates       64
     frozen_coordinates          0
# definitions of redundant internals
   1 k  1.0000000000000 stre    1    2           val=   2.04322
   2 k -0.7000382797673 bend    3    2    1      val=  10.56755
        0.7001327870221 bend   11    2    1
        0.1405720007577 bend   16    2    1
   3 k  0.1044980503879 bend    3    2    1      val=  98.16761
       -0.0942962823810 bend   11    2    1
        0.9900446295972 bend   16    2    1
   4 k  1.0000000000000 stre    3    4           val=   2.04331
   5 k  0.7071067839603 bend    5    4    3      val=   0.00267
       -0.7071067784128 bend    1    4    3
   6 k  1.0000000000000 outp    4    1    5    3 val=   0.29439
   7 k  1.0000000000000 stre    5    6           val=   2.04313
   8 k  0.7071067813571 bend    3    6    5      val=  -0.00007
       -0.7071067810160 bend    7    6    5
   9 k  1.0000000000000 outp    6    7    3    5 val=  -0.17898
  10 k  1.0000000000000 stre    7    8           val=   2.04331
  11 k  0.7071067840230 bend    5    8    7      val=   0.00372
       -0.7071067783501 bend    9    8    7
  12 k  1.0000000000000 outp    8    9    5    7 val=  -0.32350
  13 k  1.0000000000000 stre    9   10           val=   2.04316
  14 k -0.7008320677869 bend    7   10    9      val=   9.88466
        0.7009313251264 bend   11   10    9
        0.1323997364730 bend   16   10    9
  15 k  0.0991066766084 bend    7   10    9      val=  98.40533
       -0.0881299502546 bend   11   10    9
        0.9911664736661 bend   16   10    9
  16 k  1.0000000000000 stre   11   12           val=   2.04180
  17 k -0.7070639407286 bend    1   12   11      val=   0.73157
        0.7070816778905 bend    9   12   11
        0.0098022708016 bend   16   12   11
  18 k  0.0169253457809 bend    1   12   11      val= 110.92761
        0.0030639756144 bend    9   12   11
        0.9998520614189 bend   16   12   11
  19 k  1.0000000000000 stre   13   14           val=   2.28679
  20 k  0.7071068363108 bend   15   14   13      val=  -1.18124
       -0.7071067260623 bend   17   14   13
  21 k  1.0000000000000 outp   14   17   15   13 val=  -0.08444
  22 k  1.0000000000000 tors   18   17   13   15 val=  58.61468
        1.0000000000000 tors   20   17   13   15
        1.0000000000000 tors   19   17   13   15
  23 k  1.0000000000000 stre   17   18           val=   2.04719
  24 k  1.0000000000000 stre   17   20           val=   2.05480
  25 k  1.0000000000000 stre   17   19           val=   2.05526
  26 k  0.4422863863794 bend   20   18   17      val=   0.13868
        0.4361047814021 bend   19   18   17
        0.3442802622866 bend   19   20   17
       -0.3804657618683 bend   13   18   17
       -0.4185624683299 bend   13   20   17
       -0.4191869955200 bend   13   19   17
  27 k -0.2857975414425 bend   20   18   17      val=   0.41376
       -0.3280967164797 bend   19   18   17
        0.7270309560420 bend   19   20   17
       -0.4607709472186 bend   13   18   17
        0.1990750759015 bend   13   20   17
        0.1736592849558 bend   13   19   17
  28 k -0.6555186509371 bend   20   18   17      val=   0.10354
        0.6370528368492 bend   19   18   17
        0.0290094899434 bend   19   20   17
       -0.0140698486857 bend   13   18   17
       -0.2821770378015 bend   13   20   17
        0.2894746785553 bend   13   19   17
  29 k  0.2032956941765 bend   20   18   17      val=   1.29429
        0.2222920105493 bend   19   18   17
       -0.4354858449612 bend   19   20   17
       -0.6838513689370 bend   13   18   17
        0.3685254759376 bend   13   20   17
        0.3408012329812 bend   13   19   17
  30 k  0.2891668993699 bend   20   18   17      val=   0.06166
       -0.2827325112196 bend   19   18   17
       -0.0073183161791 bend   19   20   17
       -0.0172814045025 bend   13   18   17
       -0.6366479380088 bend   13   20   17
        0.6563322556024 bend   13   19   17
  31 k  1.0000000000000 tors   17   13   15   16 val= 179.80445
  32 k  1.0000000000000 stre   13   17           val=   2.83497
  33 k  1.0000000000000 bend   15   17   13      val= 111.08510
  34 k  1.0000000000000 tors   13   15   16    1 val= 182.95385
        1.0000000000000 tors   13   15   16    9
  35 k  1.0000000000000 stre   15   13           val=   2.55121
  36 k  1.0000000000000 bend   16   13   15      val= 106.35162
  37 k  1.0000000000000 stre   16   15           val=   1.83917
  38 k -0.7069634880314 bend    1   15   16      val=   0.94215
        0.7072500453096 bend    9   15   16
  39 k -0.6275232318550 outp   15    9    1   16 val=   3.87353
       -0.5510643539138 outp   15   11    1   16
        0.5500387907483 outp   15   11    9   16
  40 k  1.0000000000000 tors    5    3    1   11 val=  30.69967
        1.0000000000000 tors    5    3    1   16
  41 k  1.0000000000000 tors    9   16    1    3 val= 149.96173
        1.0000000000000 tors    9   16    1   11
  42 k  1.0000000000000 tors    7    5    3    1 val=   0.19187
  43 k  1.0000000000000 tors    9    7    5    3 val=  -0.20904
  44 k  1.0000000000000 tors   11    9    7    5 val= -31.22661
        1.0000000000000 tors   16    9    7    5
  45 k  1.0000000000000 tors    1   16    9    7 val=  30.10539
        1.0000000000000 tors    1   16    9   11
  46 k  1.0000000000000 stre    1    3           val=   2.63526
  47 k  1.0000000000000 stre    1   11           val=   2.63623
  48 k  1.0000000000000 stre    1   16           val=   4.90240
  49 k  1.0000000000000 stre   11   16           val=   4.62153
  50 k  1.0000000000000 bend   11    3    1      val= 120.05102
  51 k  1.0000000000000 bend   16    3    1      val=  85.22504
  52 k  1.0000000000000 stre    3    5           val=   2.63447
  53 k  1.0000000000000 bend    1    5    3      val= 120.00892
  54 k  1.0000000000000 stre    5    7           val=   2.63464
  55 k  1.0000000000000 bend    7    3    5      val= 119.99482
  56 k  1.0000000000000 stre    7    9           val=   2.63520
  57 k  1.0000000000000 bend    9    5    7      val= 120.01050
  58 k  1.0000000000000 stre    9   11           val=   2.63648
  59 k  1.0000000000000 stre    9   16           val=   4.85236
  60 k  1.0000000000000 bend   11    7    9      val= 120.04565
  61 k  1.0000000000000 bend   16    7    9      val=  85.18798
  62 k  1.0000000000000 bend    9    1   11      val= 119.88830
  63 k  1.0000000000000 bend    9    1   16      val=  55.78639
  64 k  1.0000000000000 outp   11    9    1   16 val= -16.53069
        54 non zero eigenvalues  of BmBt
           1           4.463867926    1    0
         1
           2           4.080068641    2    0
         2
           3           3.806018904    3    0
         3
           4           3.510235606    4    0
         4
           5           3.340271999    5    0
         5
           6           3.007752889    6    0
         6
           7           2.522466233    7    0
         7
           8           2.451652983    8    0
         8
           9           2.368516263    9    0
         9
          10           2.279419889   10    0
        10
          11           2.239300703   11    0
        11
          12           2.205360472   12    0
        12
          13           2.023171990   13    0
        13
          14           2.014091027   14    0
        14
          15           2.010433142   15    0
        15
          16           1.995602019   16    0
        16
          17           1.926511295   17    0
        17
          18           1.747982013   18    0
        18
          19           1.516974268   19    0
        19
          20           1.507673853   20    0
        20
          21           1.155217616   21    0
        21
          22           1.149435795   22    0
        22
          23           0.986388128   23    0
        23
          24           0.893766218   24    0
        24
          25           0.877570586   25    0
        25
          26           0.715388908   26    0
        26
          27           0.711288140   27    0
        27
          28           0.708246453   28    0
        28
          29           0.564571241   29    0
        29
          30           0.523716715   30    0
        30
          31           0.494371117   31    0
        31
          32           0.399206961   32    0
        32
          33           0.365480123   33    0
        33
          34           0.286178207   34    0
        34
          35           0.250891594   35    0
        35
          36           0.151145377   36    0
        36
          37           0.131230411   37    0
        37
          38           0.030936886   38    0
        38
          39           0.022272143   39    0
        39
          40           1.321782395    0    0
         0.000000000         0.000000000         0.000000000         0.000000000
         0.000000000         0.000000000         0.000000000         0.000000000
         0.000000000         0.000000000         0.000000000         0.000000000
         0.000000000         0.000000000         0.000000000         0.000000000
         0.000000000         0.000000000         0.000000000         0.000000000
         0.000000000         0.000000000         0.000000000         0.000000000
         0.000000000         0.000000000         0.000000000         0.000000000
         0.000000000         0.000000000         0.000000000         0.000000000
         0.000000000         0.000000000         0.000000000         0.000000000
         0.000000000         0.000000000         0.000000000        -0.002692845
        -0.082221476        -0.007751715        -0.007523188        -0.002373812
        -0.086978129        -0.353226320         0.303319358         0.069599115
         0.007051925         0.001137012         0.024711119         0.531123834
        -0.026024450        -0.525325712         0.000188521         0.338520392
         0.023316406        -0.290851610        -0.063813554         0.010576909
        -0.022799305        -0.009193190        -0.001207483        -0.002562313
          41           1.163260077    0    0
         0.000000000         0.000000000         0.000000000         0.000000000
         0.000000000         0.000000000         0.000000000         0.000000000
         0.000000000         0.000000000         0.000000000         0.000000000
         0.000000000         0.000000000         0.000000000         0.000000000
         0.000000000         0.000000000         0.000000000         0.000000000
         0.000000000         0.000000000         0.000000000         0.000000000
         0.000000000         0.000000000         0.000000000         0.000000000
         0.000000000         0.000000000         0.000000000         0.000000000
         0.000000000         0.000000000         0.000000000         0.000000000
         0.000000000         0.000000000         0.000000000        -0.200699840
         0.035875615         0.094167691        -0.091158200         0.196813904
        -0.036319685        -0.092806735        -0.053067878        -0.406934547
         0.143183265         0.334422855         0.168736926         0.014568734
        -0.243511715         0.014478814         0.176035043        -0.093753605
        -0.233804415        -0.029684639        -0.387296851         0.319930261
         0.160794429        -0.351821464        -0.038153956        -0.069830632
          42           1.090614664    0    0
         0.000000000         0.000000000         0.000000000         0.000000000
         0.000000000         0.000000000         0.000000000         0.000000000
         0.000000000         0.000000000         0.000000000         0.000000000
         0.000000000         0.000000000         0.000000000         0.000000000
         0.000000000         0.000000000         0.000000000         0.000000000
         0.000000000         0.000000000         0.000000000         0.000000000
         0.000000000         0.000000000         0.000000000         0.000000000
         0.000000000         0.000000000         0.000000000         0.000000000
         0.000000000         0.000000000         0.000000000         0.000000000
         0.000000000         0.000000000         0.000000000         0.023613800
        -0.099159146         0.007776944        -0.005111469        -0.028285479
         0.098249762         0.437789718        -0.343983603        -0.185912784
        -0.282848823        -0.058723579        -0.008230067        -0.206372482
        -0.131213852        -0.247486745         0.184695131         0.445465627
        -0.118612394        -0.322926789        -0.174217274        -0.070284104
        -0.014184367         0.193903727        -0.035410652         0.068543557
          43           1.021485893    0    0
         0.000000000         0.000000000         0.000000000         0.000000000
         0.000000000         0.000000000         0.000000000         0.000000000
         0.000000000         0.000000000         0.000000000         0.000000000
         0.000000000         0.000000000         0.000000000         0.000000000
         0.000000000         0.000000000         0.000000000         0.000000000
         0.000000000         0.000000000         0.000000000         0.000000000
         0.000000000         0.000000000         0.000000000         0.000000000
         0.000000000         0.000000000         0.000000000         0.000000000
         0.000000000         0.000000000         0.000000000         0.000000000
         0.000000000         0.000000000         0.000000000         0.101140823
        -0.018346914        -0.065859084        -0.070261939         0.106895113
        -0.013254837        -0.006268428         0.472179189         0.238278485
        -0.006021276        -0.212391151        -0.099216407        -0.314418501
         0.178273605         0.299115785         0.012948954         0.033476616
        -0.201142244        -0.491232173        -0.261802090         0.226611753
         0.103473936        -0.004335836        -0.003597804        -0.000294597
          44           0.795584810    0    0
         0.000000000         0.000000000         0.000000000         0.000000000
         0.000000000         0.000000000         0.000000000         0.000000000
         0.000000000         0.000000000         0.000000000         0.000000000
         0.000000000         0.000000000         0.000000000         0.000000000
         0.000000000         0.000000000         0.000000000         0.000000000
         0.000000000         0.000000000         0.000000000         0.000000000
         0.000000000         0.000000000         0.000000000         0.000000000
         0.000000000         0.000000000         0.000000000         0.000000000
         0.000000000         0.000000000         0.000000000         0.000000000
         0.000000000         0.000000000         0.000000000         0.057751317
         0.024140663         0.014041574        -0.027483536        -0.034122560
        -0.022421863        -0.297002386        -0.134201160        -0.282818047
        -0.648714813        -0.072371810         0.026719642         0.105110361
         0.163409760         0.092703897        -0.285903815        -0.300286563
         0.165010693        -0.126681738        -0.316770629        -0.071440430
         0.038317353         0.100429625         0.043383828        -0.007407198
          45           0.724888560    0    0
         0.000000000         0.000000000         0.000000000         0.000000000
         0.000000000         0.000000000         0.000000000         0.000000000
         0.000000000         0.000000000         0.000000000         0.000000000
         0.000000000         0.000000000         0.000000000         0.000000000
         0.000000000         0.000000000         0.000000000         0.000000000
         0.000000000         0.000000000         0.000000000         0.000000000
         0.000000000         0.000000000         0.000000000         0.000000000
         0.000000000         0.000000000         0.000000000         0.000000000
         0.000000000         0.000000000         0.000000000         0.000000000
         0.000000000         0.000000000         0.000000000        -0.298143908
        -0.040747098         0.171021684         0.199443173        -0.358005235
        -0.045554754        -0.104443803         0.257528735        -0.467865586
        -0.043979358         0.014248831         0.160971589        -0.158129160
         0.004400789         0.164294311         0.004472249         0.076685711
        -0.021775538        -0.272163627         0.475898223         0.006515130
        -0.164044247        -0.007874710        -0.004349204        -0.005131766
          46           0.649611382    0    0
         0.000000000         0.000000000         0.000000000         0.000000000
         0.000000000         0.000000000         0.000000000         0.000000000
         0.000000000         0.000000000         0.000000000         0.000000000
         0.000000000         0.000000000         0.000000000         0.000000000
         0.000000000         0.000000000         0.000000000         0.000000000
         0.000000000         0.000000000         0.000000000         0.000000000
         0.000000000         0.000000000         0.000000000         0.000000000
         0.000000000         0.000000000         0.000000000         0.000000000
         0.000000000         0.000000000         0.000000000         0.000000000
         0.000000000         0.000000000         0.000000000        -0.442166857
        -0.024644030         0.250571420        -0.225771203         0.396402700
         0.018354630         0.078410864        -0.016076985        -0.180526608
         0.350353837        -0.195585104         0.010488637        -0.057562498
         0.267366168        -0.041873401        -0.296566314         0.090560327
         0.263069309        -0.056671123        -0.126608939        -0.191264639
        -0.007135906         0.154783251         0.066246581         0.080073975
          47           0.518695272    0    0
         0.000000000         0.000000000         0.000000000         0.000000000
         0.000000000         0.000000000         0.000000000         0.000000000
         0.000000000         0.000000000         0.000000000         0.000000000
         0.000000000         0.000000000         0.000000000         0.000000000
         0.000000000         0.000000000         0.000000000         0.000000000
         0.000000000         0.000000000         0.000000000         0.000000000
         0.000000000         0.000000000         0.000000000         0.000000000
         0.000000000         0.000000000         0.000000000         0.000000000
         0.000000000         0.000000000         0.000000000         0.000000000
         0.000000000         0.000000000         0.000000000        -0.069356390
        -0.187574933         0.045513251        -0.042521400         0.063464411
         0.190240171         0.167486102        -0.069751345         0.047548924
        -0.018196729         0.048538097         0.059958317         0.612874881
        -0.134177081         0.607986251        -0.048905534         0.160411759
        -0.133925859        -0.075557952         0.049295622         0.053725688
         0.056717571         0.214794060         0.026112300         0.063718118
          48           0.443538215    0    0
         0.000000000         0.000000000         0.000000000         0.000000000
         0.000000000         0.000000000         0.000000000         0.000000000
         0.000000000         0.000000000         0.000000000         0.000000000
         0.000000000         0.000000000         0.000000000         0.000000000
         0.000000000         0.000000000         0.000000000         0.000000000
         0.000000000         0.000000000         0.000000000         0.000000000
         0.000000000         0.000000000         0.000000000         0.000000000
         0.000000000         0.000000000         0.000000000         0.000000000
         0.000000000         0.000000000         0.000000000         0.000000000
         0.000000000         0.000000000         0.000000000         0.034239989
         0.065290279        -0.034914627         0.040845158        -0.029780040
         0.132527167        -0.553460714        -0.389947013         0.000374353
         0.106055718        -0.014089819        -0.050151702        -0.147549287
         0.347226487         0.140777138        -0.059235066         0.442373426
        -0.337234540         0.131530395         0.028589866         0.056212915
         0.032984635         0.007359497        -0.052721728         0.024563928
          49           0.440242373    0    0
         0.000000000         0.000000000         0.000000000         0.000000000
         0.000000000         0.000000000         0.000000000         0.000000000
         0.000000000         0.000000000         0.000000000         0.000000000
         0.000000000         0.000000000         0.000000000         0.000000000
         0.000000000         0.000000000         0.000000000         0.000000000
         0.000000000         0.000000000         0.000000000         0.000000000
         0.000000000         0.000000000         0.000000000         0.000000000
         0.000000000         0.000000000         0.000000000         0.000000000
         0.000000000         0.000000000         0.000000000         0.000000000
         0.000000000         0.000000000         0.000000000        -0.120340717
         0.149642470         0.143328054        -0.135955279         0.111627812
        -0.095296567         0.086061491         0.413579984        -0.066677431
        -0.399807368        -0.087802594         0.017808093        -0.011237435
         0.076469122         0.066535149         0.209644671         0.353199883
        -0.104550558         0.550998019        -0.054891004        -0.071067112
         0.036900816        -0.023609398         0.199673972        -0.091100554
          50           0.380196074    0    0
         0.000000000         0.000000000         0.000000000         0.000000000
         0.000000000         0.000000000         0.000000000         0.000000000
         0.000000000         0.000000000         0.000000000         0.000000000
         0.000000000         0.000000000         0.000000000         0.000000000
         0.000000000         0.000000000         0.000000000         0.000000000
         0.000000000         0.000000000         0.000000000         0.000000000
         0.000000000         0.000000000         0.000000000         0.000000000
         0.000000000         0.000000000         0.000000000         0.000000000
         0.000000000         0.000000000         0.000000000         0.000000000
         0.000000000         0.000000000         0.000000000        -0.185439299
        -0.109813550         0.219526758        -0.213570913         0.173589999
         0.122020679        -0.337262358        -0.061452068         0.161897504
        -0.087703119        -0.166151067         0.041965178        -0.089801356
        -0.232571356        -0.097518407         0.448828007        -0.339147997
        -0.245705970        -0.058698012         0.164683122        -0.151104127
         0.045016217         0.346169331         0.046477488         0.089514489
          51           0.309690268    0    0
         0.000000000         0.000000000         0.000000000         0.000000000
         0.000000000         0.000000000         0.000000000         0.000000000
         0.000000000         0.000000000         0.000000000         0.000000000
         0.000000000         0.000000000         0.000000000         0.000000000
         0.000000000         0.000000000         0.000000000         0.000000000
         0.000000000         0.000000000         0.000000000         0.000000000
         0.000000000         0.000000000         0.000000000         0.000000000
         0.000000000         0.000000000         0.000000000         0.000000000
         0.000000000         0.000000000         0.000000000         0.000000000
         0.000000000         0.000000000         0.000000000        -0.144050486
         0.296124760         0.076712649         0.083244331        -0.150664584
         0.286004407         0.236708167        -0.046721270        -0.097167705
        -0.000522489        -0.404197329        -0.138413971         0.252050959
         0.266891564        -0.254552385        -0.007945213        -0.230300577
        -0.259635377         0.048297945         0.091241187         0.417009415
         0.138820334        -0.012054188        -0.002358082        -0.003354352
          52           0.210475918    0    0
         0.000000000         0.000000000         0.000000000         0.000000000
         0.000000000         0.000000000         0.000000000         0.000000000
         0.000000000         0.000000000         0.000000000         0.000000000
         0.000000000         0.000000000         0.000000000         0.000000000
         0.000000000         0.000000000         0.000000000         0.000000000
         0.000000000         0.000000000         0.000000000         0.000000000
         0.000000000         0.000000000         0.000000000         0.000000000
         0.000000000         0.000000000         0.000000000         0.000000000
         0.000000000         0.000000000         0.000000000         0.000000000
         0.000000000         0.000000000         0.000000000         0.017029649
         0.139253759         0.450794545        -0.461293605         0.009744873
        -0.139915195         0.072660835        -0.162278319         0.305801677
        -0.241874028         0.185477852         0.056457032        -0.024466436
         0.035500000        -0.023814948        -0.193184892         0.073337597
         0.037602716        -0.157802812         0.318729638         0.181963240
         0.062854899        -0.251472337        -0.209059703        -0.079899391
          53           0.149933524    0    0
         0.000000000         0.000000000         0.000000000         0.000000000
         0.000000000         0.000000000         0.000000000         0.000000000
         0.000000000         0.000000000         0.000000000         0.000000000
         0.000000000         0.000000000         0.000000000         0.000000000
         0.000000000         0.000000000         0.000000000         0.000000000
         0.000000000         0.000000000         0.000000000         0.000000000
         0.000000000         0.000000000         0.000000000         0.000000000
         0.000000000         0.000000000         0.000000000         0.000000000
         0.000000000         0.000000000         0.000000000         0.000000000
         0.000000000         0.000000000         0.000000000         0.498971727
        -0.046785445        -0.162505096        -0.146779280         0.505333373
        -0.037182411         0.004973384         0.056006628        -0.444385635
         0.003701312        -0.058570761        -0.146106189         0.033434517
         0.031290778        -0.030990611         0.004980873        -0.007333124
        -0.032127550        -0.045063973         0.435217682         0.046651706
         0.144233624         0.007744540         0.007312073         0.002021181
          54           0.031232423    0    0
         0.000000000         0.000000000         0.000000000         0.000000000
         0.000000000         0.000000000         0.000000000         0.000000000
         0.000000000         0.000000000         0.000000000         0.000000000
         0.000000000         0.000000000         0.000000000         0.000000000
         0.000000000         0.000000000         0.000000000         0.000000000
         0.000000000         0.000000000         0.000000000         0.000000000
         0.000000000         0.000000000         0.000000000         0.000000000
         0.000000000         0.000000000         0.000000000         0.000000000
         0.000000000         0.000000000         0.000000000         0.000000000
         0.000000000         0.000000000         0.000000000         0.082470504
        -0.218976808         0.210865327        -0.211455594        -0.081495121
         0.213231882        -0.037636101         0.054069559        -0.120844202
         0.021630932         0.070928325        -0.605279782         0.020823728
        -0.032923011         0.018239618         0.024907391        -0.041873208
        -0.034347169         0.057625383        -0.121170914         0.074056957
        -0.609794460        -0.106024014         0.016215227        -0.030177001
$user-defined bonds
$frag
 atom   1 fragment  1 symmetry  c1
 atom   2 fragment  1
 atom   3 fragment  1
 atom   4 fragment  1
 atom   5 fragment  1
 atom   6 fragment  1
 atom   7 fragment  1
 atom   8 fragment  1
 atom   9 fragment  1
 atom  10 fragment  1
 atom  11 fragment  1
 atom  12 fragment  1
   iteration     4
$end
