$coord
   -0.22649344313100      1.00984959730954      8.23935933790024      c
   -1.11124355405792      2.99301630586123      7.52266107719747      o
    0.53546790262379     -0.83747725299970      6.65334004913252      o
    0.21666199363630     -0.22158983436275      4.94993098432830      h
    0.17026268429071      0.25965272647722     10.94432426791679      c
   -0.41548845156396      1.78907721767269     12.17262525376594      h
   -0.91837212206267     -1.43472102856235     11.35430245760124      h
    2.15163566101761     -0.18657224724978     11.25616419851337      h
$redundant
     number_of_atoms             8
     degrees_of_freedom         18
     internal_coordinates       18
     frozen_coordinates          0
# definitions of redundant internals
   1 k  1.0000000000000 stre    1    2           val=   2.28679
   2 k  0.7071068363108 bend    3    2    1      val=  -1.18124
       -0.7071067260623 bend    5    2    1
   3 k  1.0000000000000 outp    2    5    3    1 val=  -0.08444
   4 k  1.0000000000000 tors    4    3    1    5 val= 179.80445
   5 k  1.0000000000000 stre    3    4           val=   1.83917
   6 k  1.0000000000000 bend    1    4    3      val= 106.35162
   7 k  1.0000000000000 tors    6    5    1    3 val=  58.61468
        1.0000000000000 tors    8    5    1    3
        1.0000000000000 tors    7    5    1    3
   8 k  1.0000000000000 stre    5    6           val=   2.04719
   9 k  1.0000000000000 stre    5    8           val=   2.05480
  10 k  1.0000000000000 stre    5    7           val=   2.05526
  11 k  0.4422863863794 bend    8    6    5      val=   0.13868
        0.4361047814021 bend    7    6    5
        0.3442802622866 bend    7    8    5
       -0.3804657618683 bend    1    6    5
       -0.4185624683299 bend    1    8    5
       -0.4191869955200 bend    1    7    5
  12 k -0.2857975414425 bend    8    6    5      val=   0.41376
       -0.3280967164797 bend    7    6    5
        0.7270309560420 bend    7    8    5
       -0.4607709472186 bend    1    6    5
        0.1990750759015 bend    1    8    5
        0.1736592849558 bend    1    7    5
  13 k -0.6555186509371 bend    8    6    5      val=   0.10354
        0.6370528368492 bend    7    6    5
        0.0290094899434 bend    7    8    5
       -0.0140698486857 bend    1    6    5
       -0.2821770378015 bend    1    8    5
        0.2894746785553 bend    1    7    5
  14 k  0.2032956941765 bend    8    6    5      val=   1.29429
        0.2222920105493 bend    7    6    5
       -0.4354858449612 bend    7    8    5
       -0.6838513689370 bend    1    6    5
        0.3685254759376 bend    1    8    5
        0.3408012329812 bend    1    7    5
  15 k  0.2891668993699 bend    8    6    5      val=   0.06166
       -0.2827325112196 bend    7    6    5
       -0.0073183161791 bend    7    8    5
       -0.0172814045025 bend    1    6    5
       -0.6366479380088 bend    1    8    5
        0.6563322556024 bend    1    7    5
  16 k  1.0000000000000 stre    1    3           val=   2.55121
  17 k  1.0000000000000 stre    1    5           val=   2.83497
  18 k  1.0000000000000 bend    5    3    1      val= 111.08510
        18 non zero eigenvalues  of BmBt
           1           4.124726048    1    0
         1
           2           3.814130342    2    0
         2
           3           3.703647152    3    0
         3
           4           2.832538413    4    0
         4
           5           2.468582121    5    0
         5
           6           2.416307610    6    0
         6
           7           1.788903213    7    0
         7
           8           1.184891424    8    0
         8
           9           0.883310725    9    0
         9
          10           0.872507487   10    0
        10
          11           0.710968491   11    0
        11
          12           0.706134076   12    0
        12
          13           0.466348700   13    0
        13
          14           0.295226173   14    0
        14
          15           0.293687419   15    0
        15
          16           0.275778580   16    0
        16
          17           0.237550873   17    0
        17
          18           0.111133271   18    0
        18
$user-defined bonds
$frag
 atom   1 fragment  1 symmetry  c1
 atom   2 fragment  1
 atom   3 fragment  1
 atom   4 fragment  1
 atom   5 fragment  1
 atom   6 fragment  1
 atom   7 fragment  1
 atom   8 fragment  1
   iteration     5
$end
