$coord
    0.46415789080271      3.69773596110424      8.04387518000230      c
   -0.21263826214251      4.01092186614650      6.12902935226922      h
    2.40034022134944      4.37181934982473      8.19777732786124      h
   -0.67741975689989      4.78175057792506      9.36357056306834      h
    0.39452841054188      0.95165565301241      8.82945101405544      c
    0.93239814563194      0.28578907508689     10.98097614499154      o
   -0.30919666294013     -0.68431190180106      6.97895353210756      n
   -0.61368426630711     -0.00780744320227      5.22893798917154      h
   -0.37872511655217     -3.38072286931408      7.39107834863376      c
   -0.23116099486963     -3.69613240186883      9.41307818844360      h
   -2.14607359796535     -4.17129088548904      6.69804375446222      h
    1.18809685450214     -4.33290439909420      6.45124680652112      h
$redundant
     number_of_atoms            12
     degrees_of_freedom         30
     internal_coordinates       30
     frozen_coordinates          0
# definitions of redundant internals
   1 k  1.0000000000000 tors    4    1    5    7 val= 124.87525
        1.0000000000000 tors    2    1    5    7
        1.0000000000000 tors    3    1    5    7
   2 k  1.0000000000000 stre    1    4           val=   2.05424
   3 k  1.0000000000000 stre    1    2           val=   2.05494
   4 k  1.0000000000000 stre    1    3           val=   2.05594
   5 k  0.4546999596110 bend    2    4    1      val=   0.51994
        0.3258798374841 bend    3    4    1
        0.4484892948698 bend    3    2    1
       -0.4157940272530 bend    5    4    1
       -0.3749878423499 bend    5    2    1
       -0.4152193102792 bend    5    3    1
   6 k -0.2480113255722 bend    2    4    1      val=   2.00874
        0.7262677978135 bend    3    4    1
       -0.3161286243783 bend    3    2    1
        0.2191238954792 bend    5    4    1
       -0.4826902224752 bend    5    2    1
        0.1734445982228 bend    5    3    1
   7 k -0.6732111870504 bend    2    4    1      val=   0.17864
        0.0487463250353 bend    3    4    1
        0.6401390783116 bend    3    2    1
       -0.2535398009835 bend    5    4    1
       -0.0200627885772 bend    5    2    1
        0.2644759113337 bend    5    3    1
   8 k  0.1839811563529 bend    2    4    1      val=  -0.94194
       -0.4640051303119 bend    3    4    1
        0.2449608043196 bend    3    2    1
        0.4032113634852 bend    5    4    1
       -0.6632978688308 bend    5    2    1
        0.2971546921374 bend    5    3    1
   9 k  0.2726083235300 bend    2    4    1      val=   0.10953
       -0.0311476600147 bend    3    4    1
       -0.2438346498542 bend    3    2    1
       -0.6217108704907 bend    5    4    1
       -0.0618471424094 bend    5    2    1
        0.6891369335900 bend    5    3    1
  10 k  1.0000000000000 stre    5    6           val=   2.31554
  11 k  0.7071069900844 bend    7    6    5      val=   0.80727
       -0.7071065722887 bend    1    6    5
  12 k  1.0000000000000 outp    6    1    7    5 val=   0.12749
  13 k  1.0000000000000 stre    7    8           val=   1.90077
  14 k  0.7072418221633 bend    5    8    7      val=  -0.17786
       -0.7069717144151 bend    9    8    7
  15 k  1.0000000000000 outp    8    9    5    7 val=  -5.64912
  16 k  1.0000000000000 tors   10    9    7    5 val= 133.15076
        1.0000000000000 tors   11    9    7    5
        1.0000000000000 tors   12    9    7    5
  17 k  1.0000000000000 stre    9   10           val=   2.05177
  18 k  1.0000000000000 stre    9   11           val=   2.05641
  19 k  1.0000000000000 stre    9   12           val=   2.06031
  20 k  0.3987488468553 bend   11   10    9      val=   0.35515
        0.3949255199371 bend   12   10    9
        0.4385175901305 bend   12   11    9
       -0.4110462150807 bend    7   10    9
       -0.4012607541594 bend    7   11    9
       -0.4034430941525 bend    7   12    9
  21 k  0.1678422783315 bend   11   10    9      val=   1.23545
        0.5297678392917 bend   12   10    9
       -0.6404781434422 bend   12   11    9
        0.4053651137881 bend    7   10    9
       -0.3266057280473 bend    7   11    9
       -0.0998527754231 bend    7   12    9
  22 k  0.7300479899831 bend   11   10    9      val=   0.79550
       -0.4954352834063 bend   12   10    9
       -0.2172697822907 bend   12   11    9
        0.1041949971374 bend    7   10    9
        0.2288638596133 bend    7   11    9
       -0.3333652506119 bend    7   12    9
  23 k  0.1228282517524 bend   11   10    9      val=   1.35445
        0.3072610715144 bend   12   10    9
       -0.4134519657412 bend   12   11    9
       -0.6777082246491 bend    7   10    9
        0.4718685963763 bend    7   11    9
        0.1939404973820 bend    7   12    9
  24 k  0.3269348358975 bend   11   10    9      val=   0.94614
       -0.2502622299195 bend   12   10    9
       -0.0726078287369 bend   12   11    9
       -0.1782284407683 bend    7   10    9
       -0.5345809719635 bend    7   11    9
        0.7125084840719 bend    7   12    9
  25 k  1.0000000000000 tors    1    5    7    9 val= 177.60058
  26 k  1.0000000000000 stre    5    1           val=   2.85709
  27 k  1.0000000000000 bend    7    1    5      val= 114.88573
  28 k  1.0000000000000 stre    7    9           val=   2.72861
  29 k  1.0000000000000 bend    5    9    7      val= 121.84564
  30 k  1.0000000000000 stre    5    7           val=   2.56826
        30 non zero eigenvalues  of BmBt
           1           7.148237546    1    0
         1
           2           4.324534337    2    0
         2
           3           3.927111665    3    0
         3
           4           3.848405780    4    0
         4
           5           3.523409956    5    0
         5
           6           3.436752067    6    0
         6
           7           2.848344851    7    0
         7
           8           2.827784723    8    0
         8
           9           2.439257773    9    0
         9
          10           2.150907641   10    0
        10
          11           1.434324523   11    0
        11
          12           1.323296468   12    0
        12
          13           0.887986267   13    0
        13
          14           0.875788345   14    0
        14
          15           0.707857565   15    0
        15
          16           0.707014879   16    0
        16
          17           0.703436040   17    0
        17
          18           0.702030497   18    0
        18
          19           0.625658469   19    0
        19
          20           0.456883175   20    0
        20
          21           0.357405027   21    0
        21
          22           0.335031335   22    0
        22
          23           0.308929452   23    0
        23
          24           0.299730301   24    0
        24
          25           0.267605702   25    0
        25
          26           0.257701894   26    0
        26
          27           0.232678905   27    0
        27
          28           0.085166809   28    0
        28
          29           0.055343222   29    0
        29
          30           0.037027909   30    0
        30
$user-defined bonds
$frag
 atom   1 fragment  1 symmetry  c1
 atom   2 fragment  1
 atom   3 fragment  1
 atom   4 fragment  1
 atom   5 fragment  1
 atom   6 fragment  1
 atom   7 fragment  1
 atom   8 fragment  1
 atom   9 fragment  1
 atom  10 fragment  1
 atom  11 fragment  1
 atom  12 fragment  1
   iteration     5
$end
