$coord
    7.92780343503116      2.11163410831204     -0.22590150153768      n
    8.85382488691056      0.45631493397723     -0.44877290847951      h
    9.44643651097423      4.27129805537644      0.05846769191447      c
   11.74351583953957      4.09059805082638      0.02977262388526      o
    7.98644888781377      6.56791337302821      0.36676505497495      c
    8.97243804518932      8.33139231326168      0.59926774217085      h
    5.43690463288477      6.45136351411737      0.35603753892200      c
    4.26451088476195      8.10744463736732      0.57841464641980      h
    4.14228707211451      4.23607251335117      0.06395057166232      n
    2.19059591604245      4.21894958391863      0.06236826995618      h
    5.33449632595032      1.95995502671692     -0.24267645868985      c
    4.20597317660453     -0.05055476797892     -0.51065378027149      o
$redundant
     number_of_atoms            12
     degrees_of_freedom         30
     internal_coordinates       30
     frozen_coordinates          0
# definitions of redundant internals
   1 k  1.0000000000000 stre    1    2           val=   1.90978
   2 k  0.7071067859361 bend   11    2    1      val=  -0.23709
       -0.7071067764370 bend    3    2    1
   3 k  1.0000000000000 outp    2    3   11    1 val=  -0.06613
   4 k  1.0000000000000 stre    3    4           val=   2.30435
   5 k -0.7071067809658 bend    1    4    3      val=   3.21792
        0.7071067814073 bend    5    4    3
   6 k  1.0000000000000 outp    4    5    1    3 val=  -0.00626
   7 k  1.0000000000000 stre    5    6           val=   2.03374
   8 k  0.7071067817485 bend    7    6    5      val=   1.42040
       -0.7071067806245 bend    3    6    5
   9 k  1.0000000000000 outp    6    3    7    5 val=   0.00773
  10 k  1.0000000000000 stre    7    8           val=   2.04122
  11 k  0.7071067811898 bend    5    8    7      val=   3.78551
       -0.7071067811833 bend    9    8    7
  12 k  1.0000000000000 outp    8    9    5    7 val=   0.00057
  13 k  1.0000000000000 stre    9   10           val=   1.95177
  14 k  0.7071068507613 bend    7   10    9      val=   1.83116
       -0.7071067116118 bend   11   10    9
  15 k  1.0000000000000 outp   10   11    7    9 val=  -0.12639
  16 k  1.0000000000000 stre   11   12           val=   2.32110
  17 k  0.7071067812016 bend    9   12   11      val=   0.50843
       -0.7071067811715 bend    1   12   11
  18 k  1.0000000000000 outp   12    1    9   11 val=  -0.00288
  19 k  1.0000000000000 stre    1   11           val=   2.59779
  20 k  1.0000000000000 stre   11    9           val=   2.58768
  21 k  1.0000000000000 stre    9    7           val=   2.58241
  22 k  1.0000000000000 stre    7    5           val=   2.55223
  23 k  1.0000000000000 stre    5    3           val=   2.73881
  24 k  1.0000000000000 stre    3    1           val=   2.65542
  25 k -0.5000000000000 bend    1    9   11      val=   4.11131
       -0.5000000000000 bend   11    7    9
        1.0000000000000 bend    9    5    7
       -0.5000000000000 bend    7    3    5
       -0.5000000000000 bend    5    1    3
        1.0000000000000 bend    3   11    1
  26 k  0.8660254037844 bend    1    9   11      val=  -0.43196
       -0.8660254037844 bend   11    7    9
        0.8660254037844 bend    7    3    5
       -0.8660254037844 bend    5    1    3
  27 k -1.0000000000000 bend    1    9   11      val=   3.43848
        1.0000000000000 bend   11    7    9
       -1.0000000000000 bend    9    5    7
        1.0000000000000 bend    7    3    5
       -1.0000000000000 bend    5    1    3
        1.0000000000000 bend    3   11    1
  28 k -0.5000000000000 tors   11    9    7    5 val=   0.02842
       -0.5000000000000 tors    9    7    5    3
        1.0000000000000 tors    7    5    3    1
       -0.5000000000000 tors    5    3    1   11
       -0.5000000000000 tors    3    1   11    9
        1.0000000000000 tors    1   11    9    7
  29 k  0.8660254037844 tors   11    9    7    5 val=   0.01775
       -0.8660254037844 tors    9    7    5    3
        0.8660254037844 tors    5    3    1   11
       -0.8660254037844 tors    3    1   11    9
  30 k -1.0000000000000 tors   11    9    7    5 val=   0.04290
        1.0000000000000 tors    9    7    5    3
       -1.0000000000000 tors    7    5    3    1
        1.0000000000000 tors    5    3    1   11
       -1.0000000000000 tors    3    1   11    9
        1.0000000000000 tors    1   11    9    7
        30 non zero eigenvalues  of BmBt
           1          11.378003589    1    0
         1
           2           5.764321139    2    0
         2
           3           4.664242767    3    0
         3
           4           4.431408246    4    0
         4
           5           4.344252382    5    0
         5
           6           3.632352659    6    0
         6
           7           3.473311216    7    0
         7
           8           3.379285120    8    0
         8
           9           3.205985709    9    0
         9
          10           2.615239635   10    0
        10
          11           1.958097600   11    0
        11
          12           1.902978502   12    0
        12
          13           1.860563054   13    0
        13
          14           1.569204263   14    0
        14
          15           1.547294563   15    0
        15
          16           1.029084218   16    0
        16
          17           0.907747884   17    0
        17
          18           0.547766200   18    0
        18
          19           0.460662088   19    0
        19
          20           0.397399183   20    0
        20
          21           0.383967754   21    0
        21
          22           0.370968017   22    0
        22
          23           0.339643573   23    0
        23
          24           0.290251211   24    0
        24
          25           0.276247216   25    0
        25
          26           0.261530482   26    0
        26
          27           0.223083816   27    0
        27
          28           0.145184681   28    0
        28
          29           0.113911992   29    0
        29
          30           0.097065995   30    0
        30
$user-defined bonds
$frag
 atom   1 fragment  1 symmetry  c1
 atom   2 fragment  1
 atom   3 fragment  1
 atom   4 fragment  1
 atom   5 fragment  1
 atom   6 fragment  1
 atom   7 fragment  1
 atom   8 fragment  1
 atom   9 fragment  1
 atom  10 fragment  2 symmetry  c1
 atom  11 fragment  2
 atom  12 fragment  2
   iteration     5
$end
