$coord
   -0.78072603125537      0.41299571099442     -1.03826821194388  c
    3.82649447246554      0.42453309899223     -1.16015633947962  c
    3.92764393929109      3.30710587955481     -1.15017735142351  c
    1.55004361923524      4.37386713921678     -2.40664465241032  c
   -0.77237257336712      3.31174460446754     -1.04917336257901  c
   -3.11958550040517     -0.65043262277977      0.34436517638649  c
   -3.06485909625013     -3.55452883937852      0.30963773524772  c
   -0.57349722221046     -4.58376163985555      1.36597334217732  c
    1.64753546006970     -3.35097622890433     -0.00370800734342  c
   -2.53082841915528      3.97511360402773     -1.94238096078848  h
   -0.76792934875531      4.00679323983864      0.91009323788225  h
    1.51480891279490      3.82030616805671     -4.41544530145544  h
    1.54332094519115      6.45095508227369     -2.34090291388925  h
    5.64569310882181      3.93042998845199     -2.14086493423878  h
    4.05221619177428      3.98607208981516      0.81282261717494  h
    3.85012512728783     -0.25799148058159     -3.14708171863240  h
    5.49649659476849     -0.36882860869690     -0.21265857468885  h
    3.44973201952358     -3.97389993618113      0.82159546537018  h
    1.64110150941461     -3.94527348419479     -2.01907379226042  h
   -0.46725327607854     -6.64266023062683      1.09301157493202  h
   -0.44176764494851     -4.20749056395559      3.40054867250748  h
   -3.27665924049560     -4.19792473247175     -1.66293590985293  h
   -4.68538721489231     -4.31004901069365      1.37127441444640  h
   -4.78697479792889     -0.02660917981731     -0.74551062799058  h
   -0.85554125529330     -0.25068371650910     -3.03764185683751  h
    1.56934949280244     -0.56179227302046      0.14990899150365  n
   -3.45826655419775      0.45686820207400      3.01729271590768  c
   -4.08226445893507      2.44164879454599      2.86330326556663  h
   -4.98044497852053     -0.58271958849062      3.98441110712134  h
   -1.26384099837463      0.31144648621200      4.59009619185208  o
    0.19363721762322      0.25574204763596      3.43829000773827  h
$user-defined bonds
$redundant
     number_of_atoms            31
     degrees_of_freedom         87
     internal_coordinates       87
     frozen_coordinates          0
# definitions of redundant internals
   1 k  1.0000000000000 stre   5   10           val=   2.08088
   2 k  1.0000000000000 stre   5   11           val=   2.07890
   3 k  0.0284884942888 bend  11   10    5      val=   0.59544
       -0.5163935670641 bend   4   10    5
       -0.4872085401259 bend   4   11    5
        0.4921931377542 bend   1   10    5
        0.5028914824931 bend   1   11    5
   4 k  0.0189659046086 bend  11   10    5      val=   0.50038
       -0.5014231212868 bend   4   10    5
        0.5216182372711 bend   4   11    5
       -0.4984094886107 bend   1   10    5
        0.4771975944097 bend   1   11    5
   5 k  0.9025463191071 bend  11   10    5      val=   1.81301
       -0.1835496345684 bend   4   10    5
       -0.2184367339435 bend   4   11    5
       -0.2279891503750 bend   1   10    5
       -0.2280921175563 bend   1   11    5
   6 k -0.0129066033908 bend  11   10    5      val=   1.41028
        0.4889858864853 bend   4   10    5
       -0.4863642109770 bend   4   11    5
       -0.5013460136983 bend   1   10    5
        0.5223296384820 bend   1   11    5
   7 k  1.0000000000000 stre   4   13           val=   2.07814
   8 k  1.0000000000000 stre   4   12           val=   2.08397
   9 k  0.0005096268515 bend  12   13    4      val=   0.00385
        0.5038204380002 bend   5   13    4
        0.4960599012871 bend   5   12    4
       -0.5105883256569 bend   3   13    4
       -0.4892737910124 bend   3   12    4
  10 k  0.0318801370124 bend  12   13    4      val=   0.62076
       -0.5059819454184 bend   5   13    4
        0.4937241265648 bend   5   12    4
       -0.4989428267001 bend   3   13    4
        0.5002584035345 bend   3   12    4
  11 k  0.8947430686163 bend  12   13    4      val=  -1.25971
       -0.2095833110836 bend   5   13    4
       -0.2360761332663 bend   5   12    4
       -0.2049183110120 bend   3   13    4
       -0.2403876494173 bend   3   12    4
  12 k -0.0033363438524 bend  12   13    4      val=   0.41411
       -0.4909727062538 bend   5   13    4
        0.5088814103239 bend   5   12    4
        0.4943707722520 bend   3   13    4
       -0.5055412152270 bend   3   12    4
  13 k  1.0000000000000 stre   3   14           val=   2.07887
  14 k  1.0000000000000 stre   3   15           val=   2.08084
  15 k  0.0313403562307 bend  15   14    3      val=   0.55673
        0.4957487938353 bend   2   14    3
        0.4993033131743 bend   2   15    3
       -0.5121657056067 bend   4   14    3
       -0.4915622106466 bend   4   15    3
  16 k  0.0184484460341 bend  15   14    3      val=   0.39019
       -0.4976007615338 bend   2   14    3
        0.4819014737989 bend   2   15    3
       -0.5047981800302 bend   4   14    3
        0.5147843276059 bend   4   15    3
  17 k  0.8965360790478 bend  15   14    3      val=  -0.27707
       -0.2309794547366 bend   2   14    3
       -0.2402776525242 bend   2   15    3
       -0.1925220397601 bend   4   14    3
       -0.2192566175949 bend   4   15    3
  18 k -0.0060296148804 bend  15   14    3      val=   0.75260
       -0.5027042200745 bend   2   14    3
        0.5172988212107 bend   2   15    3
        0.4885194666400 bend   4   14    3
       -0.4909203307579 bend   4   15    3
  19 k  1.0000000000000 stre   2   17           val=   2.07752
  20 k  1.0000000000000 stre   2   16           val=   2.10102
  21 k  0.0122970287050 bend  16   17    2      val=   0.31891
        0.4938198370580 bend  26   17    2
        0.5082772085505 bend  26   16    2
       -0.5136276573594 bend   3   17    2
       -0.4835614340254 bend   3   16    2
  22 k -0.0337668358503 bend  16   17    2      val=  -0.10761
        0.5274313693372 bend  26   17    2
       -0.4873443227296 bend  26   16    2
        0.4890577742283 bend   3   17    2
       -0.4939574435170 bend   3   16    2
  23 k  0.9042661945104 bend  16   17    2      val=   2.44999
       -0.2068937537461 bend  26   17    2
       -0.2269086619936 bend  26   16    2
       -0.1792829233653 bend   3   17    2
       -0.2363635264340 bend   3   16    2
  24 k -0.0149351063675 bend  16   17    2      val=   1.53245
       -0.4816960142778 bend  26   17    2
        0.5029896387919 bend  26   16    2
        0.5096716550413 bend   3   17    2
       -0.5049575425144 bend   3   16    2
  25 k  1.0000000000000 stre   9   18           val=   2.07776
  26 k  1.0000000000000 stre   9   19           val=   2.10117
  27 k  0.0185589406716 bend  19   18    9      val=   0.45490
        0.4954428226598 bend  26   18    9
        0.5057447037658 bend  26   19    9
       -0.5107951265481 bend   8   18    9
       -0.4873423935013 bend   8   19    9
  28 k -0.0308283809849 bend  19   18    9      val=   0.03062
        0.5219386813839 bend  26   18    9
       -0.4870094482079 bend  26   19    9
        0.4948119669218 bend   8   18    9
       -0.4945831967914 bend   8   19    9
  29 k  0.9037244986704 bend  19   18    9      val=   2.25461
       -0.2098394342546 bend  26   18    9
       -0.2317024242144 bend  26   19    9
       -0.1804859073641 bend   8   18    9
       -0.2301918030486 bend   8   19    9
  30 k -0.0110504321214 bend  19   18    9      val=   1.24892
       -0.4870037560590 bend  26   18    9
        0.5036715889346 bend  26   19    9
        0.5059005914711 bend   8   18    9
       -0.5030752941495 bend   8   19    9
  31 k  1.0000000000000 stre   8   21           val=   2.07327
  32 k  1.0000000000000 stre   8   20           val=   2.07963
  33 k  0.0254389199037 bend  20   21    8      val=   0.44217
        0.5031956675078 bend   9   21    8
        0.4929410584531 bend   9   20    8
       -0.4987010353920 bend   7   21    8
       -0.5044337139264 bend   7   20    8
  34 k  0.0076501381411 bend  20   21    8      val=  -0.17025
       -0.4894294172540 bend   9   21    8
        0.4943886432337 bend   9   20    8
       -0.5131746455151 bend   7   21    8
        0.5026250824968 bend   7   20    8
  35 k  0.8970564860816 bend  20   21    8      val=  -0.10554
       -0.2260769566476 bend   9   21    8
       -0.2395049979725 bend   9   20    8
       -0.2070617466630 bend   7   21    8
       -0.2096226597174 bend   7   20    8
  36 k -0.0042371752203 bend  20   21    8      val=   0.49883
        0.5088149528519 bend   9   21    8
       -0.5069681879535 bend   9   20    8
       -0.4887715318085 bend   7   21    8
        0.4951515285214 bend   7   20    8
  37 k  1.0000000000000 stre   7   23           val=   2.07942
  38 k  1.0000000000000 stre   7   22           val=   2.08563
  39 k  0.0168459094716 bend  22   23    7      val=   0.31967
       -0.5127954282685 bend   8   23    7
       -0.4896227486703 bend   8   22    7
        0.5071148733755 bend   6   23    7
        0.4897561977830 bend   6   22    7
  40 k  0.0480714702026 bend  22   23    7      val=   1.00923
       -0.5080136162758 bend   8   23    7
        0.5059196990398 bend   8   22    7
       -0.4968212131985 bend   6   23    7
        0.4866469353344 bend   6   22    7
  41 k  0.9005644369253 bend  22   23    7      val=   1.00195
       -0.1833539706196 bend   8   23    7
       -0.2324333150078 bend   8   22    7
       -0.2025924572012 bend   6   23    7
       -0.2455525743361 bend   6   22    7
  42 k -0.0014435560736 bend  22   23    7      val=   0.20583
        0.4828426554738 bend   8   23    7
       -0.5014219992136 bend   8   22    7
       -0.4965806722912 bend   6   23    7
        0.5185021704992 bend   6   22    7
  43 k  1.0000000000000 stre   6   24           val=   2.08738
  44 k  0.5910634351670 bend   7   24    6      val=   2.15107
       -0.7794848574118 bend  27   24    6
        0.2074786077510 bend   1   24    6
  45 k -0.5640288431790 bend   7   24    6      val=   0.77444
       -0.2155117046766 bend  27   24    6
        0.7971362300194 bend   1   24    6
  46 k  1.0000000000000 stre   1   25           val=   2.10798
  47 k  0.6937255572838 bend  26   25    1      val=   1.29288
       -0.7191876555444 bend   5   25    1
        0.0389097325083 bend   6   25    1
  48 k -0.4369028162689 bend  26   25    1      val=  -0.16182
       -0.3772561396450 bend   5   25    1
        0.8165743898975 bend   6   25    1
  49 k  1.0000000000000 stre  27   29           val=   2.08161
  50 k  1.0000000000000 stre  27   28           val=   2.08625
  51 k  0.0256798532243 bend  28   29   27      val=   0.41556
       -0.4948884963663 bend  30   29   27
       -0.5155916217078 bend  30   28   27
        0.4933868925489 bend   6   29   27
        0.4951369256967 bend   6   28   27
  52 k  0.0149000379432 bend  28   29   27      val=   0.75621
        0.5456346373738 bend  30   29   27
       -0.5283601862013 bend  30   28   27
        0.4578400964749 bend   6   29   27
       -0.4618211678392 bend   6   28   27
  53 k  0.9095847080280 bend  28   29   27      val=   4.11723
       -0.2037872322600 bend  30   29   27
       -0.1828387803066 bend  30   28   27
       -0.2208466951483 bend   6   29   27
       -0.2211857602730 bend   6   28   27
  54 k -0.0072386414451 bend  28   29   27      val=   0.83008
       -0.4615990618422 bend  30   29   27
        0.4579486745471 bend  30   28   27
        0.5460236885171 bend   6   29   27
       -0.5282187532028 bend   6   28   27
  55 k  1.0000000000000 tors  31   30   27    6 val=  25.46743
  56 k  1.0000000000000 stre  30   31           val=   1.85849
  57 k  1.0000000000000 bend  27   31   30      val= 106.11631
  58 k  0.7071067811865 tors  30   27    6    1 val=  11.27580
        0.7071067811865 tors  30   27    6    7
  59 k  1.0000000000000 stre  27   30           val=   2.70377
  60 k  1.0000000000000 bend   6   30   27      val= 114.76921
  61 k  1.0000000000000 stre   6   27           val=   2.91296
  62 k  0.7146923642559 bend   7   27    6      val=   1.33472
       -0.6994389354864 bend   1   27    6
  63 k  0.6994389354864 bend   7   27    6      val= 113.03671
        0.7146923642559 bend   1   27    6
  64 k  1.0000000000000 stre   1    5           val=   2.89878
  65 k  1.0000000000000 stre   5    4           val=   2.89214
  66 k  1.0000000000000 stre   4    3           val=   2.89304
  67 k  1.0000000000000 stre   3    2           val=   2.88436
  68 k  1.0000000000000 stre   2   26           val=   2.78995
  69 k -0.2886751345948 bend  26    5    1      val=  -0.63569
       -0.2886751345948 bend   1    4    5
        0.5773502691896 bend   5    3    4
       -0.2886751345948 bend   4    2    3
       -0.2886751345948 bend   3   26    2
        0.5773502691896 bend   2    1   26
  70 k  0.5000000000000 bend  26    5    1      val=  -1.02636
       -0.5000000000000 bend   1    4    5
        0.5000000000000 bend   4    2    3
       -0.5000000000000 bend   3   26    2
  71 k -0.4082482904639 bend  26    5    1      val=   0.18241
        0.4082482904639 bend   1    4    5
       -0.4082482904639 bend   5    3    4
        0.4082482904639 bend   4    2    3
       -0.4082482904639 bend   3   26    2
        0.4082482904639 bend   2    1   26
  72 k -0.2886751345948 tors   1    5    4    3 val=  -0.43739
       -0.2886751345948 tors   5    4    3    2
        0.5773502691896 tors   4    3    2   26
       -0.2886751345948 tors   3    2   26    1
       -0.2886751345948 tors   2   26    1    5
        0.5773502691896 tors  26    1    5    4
  73 k  0.5000000000000 tors   1    5    4    3 val=   0.79502
       -0.5000000000000 tors   5    4    3    2
        0.5000000000000 tors   3    2   26    1
       -0.5000000000000 tors   2   26    1    5
  74 k -0.4082482904639 tors   1    5    4    3 val=  57.08749
        0.4082482904639 tors   5    4    3    2
       -0.4082482904639 tors   4    3    2   26
        0.4082482904639 tors   3    2   26    1
       -0.4082482904639 tors   2   26    1    5
        0.4082482904639 tors  26    1    5    4
  75 k  1.0000000000000 stre   1    6           val=   2.91767
  76 k  1.0000000000000 stre   6    7           val=   2.90482
  77 k  1.0000000000000 stre   7    8           val=   2.89518
  78 k  1.0000000000000 stre   8    9           val=   2.88596
  79 k  1.0000000000000 stre   9   26           val=   2.79451
  80 k -0.2886751345948 bend  26    6    1      val=   0.18563
       -0.2886751345948 bend   1    7    6
        0.5773502691896 bend   6    8    7
       -0.2886751345948 bend   7    9    8
       -0.2886751345948 bend   8   26    9
        0.5773502691896 bend   9    1   26
  81 k  0.5000000000000 bend  26    6    1      val=  -0.63319
       -0.5000000000000 bend   1    7    6
        0.5000000000000 bend   7    9    8
       -0.5000000000000 bend   8   26    9
  82 k -0.4082482904639 bend  26    6    1      val=  -0.63752
        0.4082482904639 bend   1    7    6
       -0.4082482904639 bend   6    8    7
        0.4082482904639 bend   7    9    8
       -0.4082482904639 bend   8   26    9
        0.4082482904639 bend   9    1   26
  83 k -0.2886751345948 tors   1    6    7    8 val=  -0.46522
       -0.2886751345948 tors   6    7    8    9
        0.5773502691896 tors   7    8    9   26
       -0.2886751345948 tors   8    9   26    1
       -0.2886751345948 tors   9   26    1    6
        0.5773502691896 tors  26    1    6    7
  84 k  0.5000000000000 tors   1    6    7    8 val=  -3.58846
       -0.5000000000000 tors   6    7    8    9
        0.5000000000000 tors   8    9   26    1
       -0.5000000000000 tors   9   26    1    6
  85 k -0.4082482904639 tors   1    6    7    8 val= -56.85091
        0.4082482904639 tors   6    7    8    9
       -0.4082482904639 tors   7    8    9   26
        0.4082482904639 tors   8    9   26    1
       -0.4082482904639 tors   9   26    1    6
        0.4082482904639 tors  26    1    6    7
  86 k  0.7071067811865 tors   2   26    1    9 val= 177.79423
        0.7071067811865 tors   5   26    1    6
  87 k  1.0000000000000 stre   1   26           val=   2.80799
        87 non zero eigenvalues  of BmBt
           1           6.702864945    1    0
         1
           2           5.741657012    2    0
         2
           3           5.497816028    3    0
         3
           4           4.548789174    4    0
         4
           5           4.277921454    5    0
         5
           6           4.231591788    6    0
         6
           7           4.147095061    7    0
         7
           8           4.020270429    8    0
         8
           9           3.919597163    9    0
         9
          10           3.906360285   10    0
        10
          11           3.686063225   11    0
        11
          12           3.493598327   12    0
        12
          13           3.392198953   13    0
        13
          14           3.366886863   14    0
        14
          15           3.259369021   15    0
        15
          16           3.234846374   16    0
        16
          17           3.112062006   17    0
        17
          18           3.065685777   18    0
        18
          19           2.865283624   19    0
        19
          20           2.720741034   20    0
        20
          21           2.604064144   21    0
        21
          22           2.362659793   22    0
        22
          23           2.354475153   23    0
        23
          24           2.224939007   24    0
        24
          25           2.189284387   25    0
        25
          26           2.047070357   26    0
        26
          27           1.946520371   27    0
        27
          28           1.848987171   28    0
        28
          29           1.815440160   29    0
        29
          30           1.764163494   30    0
        30
          31           1.565007631   31    0
        31
          32           1.466929266   32    0
        32
          33           1.197101511   33    0
        33
          34           1.129324330   34    0
        34
          35           1.012298890   35    0
        35
          36           0.979600002   36    0
        36
          37           0.814002159   37    0
        37
          38           0.798171679   38    0
        38
          39           0.776006953   39    0
        39
          40           0.760013722   40    0
        40
          41           0.757979642   41    0
        41
          42           0.754010270   42    0
        42
          43           0.749558884   43    0
        43
          44           0.743388223   44    0
        44
          45           0.661764171   45    0
        45
          46           0.640997026   46    0
        46
          47           0.606709260   47    0
        47
          48           0.508943009   48    0
        48
          49           0.462806965   49    0
        49
          50           0.442550350   50    0
        50
          51           0.405890775   51    0
        51
          52           0.403892278   52    0
        52
          53           0.391394336   53    0
        53
          54           0.382269349   54    0
        54
          55           0.364690150   55    0
        55
          56           0.362708078   56    0
        56
          57           0.347737602   57    0
        57
          58           0.343966449   58    0
        58
          59           0.339162088   59    0
        59
          60           0.323279863   60    0
        60
          61           0.308314417   61    0
        61
          62           0.296120031   62    0
        62
          63           0.278196166   63    0
        63
          64           0.273012241   64    0
        64
          65           0.269275108   65    0
        65
          66           0.260974463   66    0
        66
          67           0.258885391   67    0
        67
          68           0.252916989   68    0
        68
          69           0.247709088   69    0
        69
          70           0.241651368   70    0
        70
          71           0.223800970   71    0
        71
          72           0.155333572   72    0
        72
          73           0.147055012   73    0
        73
          74           0.128323774   74    0
        74
          75           0.108260116   75    0
        75
          76           0.096445111   76    0
        76
          77           0.077172315   77    0
        77
          78           0.073085399   78    0
        78
          79           0.063504431   79    0
        79
          80           0.060497879   80    0
        80
          81           0.055105450   81    0
        81
          82           0.047233257   82    0
        82
          83           0.034291715   83    0
        83
          84           0.027062514   84    0
        84
          85           0.025369234   85    0
        85
          86           0.012749218   86    0
        86
          87           0.005859274   87    0
        87
$end
