$hessapprox internal
  0.412630325132D+00 -0.113313763578D-02  0.413080372322D+00  0.306030812424D-03
  0.977078012578D-03  0.334696332047D+00  0.122316214590D-02  0.249549158011D-02
 -0.329968816761D-02  0.331506453527D+00 -0.410337038799D-03  0.141257568523D-02
 -0.381700757815D-02 -0.417317485029D-02  0.304145754550D+00 -0.158107487872D-02
 -0.177822913000D-03 -0.498838047801D-02 -0.785736975450D-02 -0.209126846137D-03
  0.288711884984D+00 -0.866753917879D-03 -0.105224307818D-02  0.404725368026D-03
 -0.304085601492D-03 -0.258011201099D-03 -0.114068447656D-02  0.415730975966D+00
 -0.129121643204D-02 -0.185575178271D-02  0.143970243217D-02  0.135309516633D-02
  0.163412287266D-02  0.248231074583D-03 -0.884739222785D-03  0.409705571375D+00
  0.367380988904D-03 -0.104086774454D-02  0.117297245422D-02  0.360114025612D-02
  0.287807365702D-02  0.752833117183D-02  0.128066722013D-02 -0.663210400201D-03
  0.331458810202D+00  0.942906702548D-03  0.186786968027D-02 -0.305028547977D-02
 -0.352797683882D-02 -0.659509403354D-02 -0.257006436708D-02 -0.234059010794D-03
  0.136076095407D-02  0.336288657303D-02  0.332281550711D+00  0.400173883229D-03
  0.110689785173D-02 -0.168481271889D-02 -0.345087517181D-02 -0.696342954244D-02
  0.397311505780D-02 -0.309571860423D-03  0.121949809660D-02  0.230790452648D-02
 -0.413300569704D-02  0.312031212028D+00 -0.103078059308D-02 -0.751716189474D-03
 -0.249402304886D-02 -0.960173503961D-03 -0.291623621306D-03 -0.190735125120D-01
  0.933290241598D-03 -0.274969657858D-03 -0.310603944887D-02  0.882202613582D-03
  0.408519197283D-02  0.321007192306D+00 -0.626493224377D-03 -0.909442822170D-03
  0.152424817572D-03 -0.819234157522D-04 -0.463832350310D-03 -0.312506046376D-02
 -0.837317666216D-03 -0.860195083379D-03  0.266528018264D-03 -0.283390970012D-03
 -0.440693876722D-06 -0.178220530040D-02  0.415364099144D+00 -0.108121048742D-02
 -0.170294881648D-02  0.130210840168D-02  0.137542324263D-02  0.155272721769D-02
 -0.320422457595D-03 -0.880813524186D-03 -0.131358103554D-02 -0.848165897422D-03
  0.132692974996D-02  0.108925474090D-02 -0.140204399048D-02 -0.633110298458D-03
  0.412948922760D+00  0.295363797935D-03 -0.773419201891D-04  0.481781481029D-03
 -0.435492732886D-03  0.897360468418D-03 -0.670601282143D-03 -0.808874468876D-04
  0.905107838456D-04  0.552661603572D-03 -0.166864467754D-03  0.155037230867D-03
  0.121687693792D-02  0.130057156644D-03  0.550500280090D-04  0.337013608183D+00
  0.106816289392D-03  0.772442804884D-03 -0.224911832229D-02 -0.294826895748D-02
 -0.171487013065D-02 -0.112407131313D-01 -0.221249616124D-03  0.279231305194D-03
  0.194530789301D-02 -0.178239237108D-02 -0.140303079425D-03 -0.468481085063D-02
 -0.100629688369D-02 -0.669993934507D-04 -0.168171226781D-03  0.334082169457D+00
  0.685623094770D-03  0.124144931769D-02 -0.189386061627D-02 -0.348020546661D-02
 -0.776247186485D-02  0.562844178809D-02 -0.244848387565D-03  0.133485584765D-02
  0.222256333620D-02 -0.458158291677D-02 -0.569147270605D-02  0.488245104699D-02
  0.117575164828D-03  0.121291939540D-02  0.101370971869D-03  0.294891554861D-03
  0.310850813950D+00  0.595164703969D-03  0.401069724098D-04  0.107133447770D-02
  0.302300371060D-02  0.114800093429D-02  0.153185011527D-01  0.503943591340D-04
 -0.479015462732D-03 -0.145173094712D-02  0.229745873303D-02 -0.919313634857D-03
  0.544759758673D-02  0.424239257084D-03  0.178911656703D-03 -0.692079780946D-03
  0.374610859228D-02 -0.134331374797D-02  0.336672050817D+00 -0.114050752355D-02
 -0.146262609240D-02  0.509877457903D-03  0.126549705681D-02  0.325742265276D-03
 -0.155134492359D-02 -0.105314559683D-02 -0.140434077618D-02  0.490081686655D-03
  0.867232850661D-03  0.418894549209D-03 -0.785977763311D-03 -0.790699839088D-03
 -0.104561927804D-02 -0.167783032571D-03  0.107240006982D-03  0.611541957475D-03
  0.111648336179D-02  0.415727807522D+00 -0.104634656981D-02 -0.265723462793D-02
  0.194971850467D-02  0.255719445817D-02  0.339257298592D-02 -0.142410245866D-02
 -0.110172535799D-02 -0.198371792765D-02 -0.150058988934D-02  0.226477325726D-02
  0.212976817421D-02 -0.217672698270D-02 -0.107995585523D-02 -0.153734466544D-02
 -0.258957037828D-03  0.675766337936D-04  0.231152616354D-02  0.504357863184D-03
 -0.151498427889D-02  0.394477051612D+00 -0.405760140310D-04 -0.103324327717D-02
  0.124894717374D-02  0.201785052602D-02  0.827741766672D-02 -0.134006298965D-01
  0.143986740401D-03 -0.763948542096D-03 -0.281990382445D-03  0.352948386585D-02
  0.626275780436D-02 -0.646640812322D-02 -0.530295998681D-04 -0.535017995344D-03
 -0.533468321008D-03 -0.212925823061D-02  0.696060492274D-02  0.350086119642D-02
 -0.620304245153D-03 -0.232846263335D-02  0.328168768932D+00 -0.287410173941D-02
 -0.446750537381D-03  0.205304169526D-03  0.452295190697D-02  0.290843406949D-02
 -0.582751909545D-02 -0.507092627689D-03 -0.140573031707D-02  0.398634986184D-05
  0.444415150232D-02  0.302632286192D-02 -0.592379466692D-02  0.359703462807D-03
 -0.142652783316D-03  0.125196342874D-03  0.236672266261D-03  0.385876683656D-02
  0.495619977470D-02 -0.354016074654D-03  0.527955691002D-03 -0.302998687371D-02
  0.333536503922D+00  0.447005673278D-04  0.242084652466D-02 -0.353804166406D-02
 -0.480474686907D-02 -0.120699083708D-01  0.637158169492D-02  0.661936359523D-05
  0.195994605351D-02  0.205906102572D-02 -0.564263725880D-02 -0.783260835747D-02
  0.302667174049D-02  0.258908391768D-03  0.189817739418D-02  0.814056278896D-03
 -0.248071843253D-03 -0.862424959944D-02 -0.459055647757D-03  0.131855572872D-02
  0.436750588196D-02  0.107361322577D-01  0.350199414495D-02  0.301330960717D+00
 -0.245504520655D-03 -0.372894271690D-03 -0.868948457147D-03 -0.318329795366D-02
  0.849584111792D-03 -0.141328469698D-01 -0.146238573312D-02 -0.333418515421D-03
  0.593518286006D-02 -0.135919548641D-02  0.395743172291D-03 -0.161081356245D-03
 -0.161451060497D-02 -0.494704858590D-03 -0.130239268630D-02 -0.317488671025D-02
  0.956139383153D-03  0.525645438920D-02 -0.104505475580D-02 -0.132958121022D-02
 -0.441998225674D-02  0.210308145994D-03  0.341988665145D-02  0.329718373789D+00
 -0.121735900978D-02 -0.139604434021D-02  0.842906573522D-03  0.122434150485D-02
  0.460409228235D-03 -0.135670985693D-03 -0.113723483683D-02 -0.134238613415D-02
  0.107025843939D-02  0.480160466974D-03  0.126933029847D-03  0.119687481295D-02
 -0.913510738977D-03 -0.114096539027D-02 -0.259436211240D-03  0.377628708984D-03
  0.285966641293D-03  0.141416100811D-03 -0.126250344448D-02 -0.147775214351D-02
 -0.265048809796D-03 -0.365646770487D-03  0.112045619249D-02 -0.163003931116D-02
  0.415066044398D+00 -0.131408699785D-02 -0.262320553913D-02  0.186787098844D-02
  0.240739340894D-02  0.315207405542D-02  0.111790112832D-04 -0.100833526336D-02
 -0.202796206081D-02 -0.835832671650D-03  0.251125395800D-02  0.175226685667D-02
  0.108398447902D-03 -0.964002227212D-03 -0.190568770948D-02 -0.217956295613D-03
  0.121407062588D-02  0.198773319150D-02 -0.327453535071D-03 -0.176245880802D-02
 -0.252542863014D-02 -0.222660948063D-02 -0.211998127674D-02  0.342906708979D-02
 -0.732665483777D-03 -0.152927342792D-02  0.395026687289D+00  0.243694407182D-04
 -0.110537952160D-02  0.249213915625D-02  0.416990747744D-02  0.952040844730D-02
 -0.277459955949D-02  0.727690898372D-03 -0.985443862403D-03 -0.244057262881D-02
  0.525649154525D-02  0.627070901446D-02 -0.252294965105D-02  0.581621472436D-03
 -0.103161971837D-02 -0.301938392111D-03  0.955734236846D-03  0.693502380973D-02
  0.293537457503D-04 -0.359391346106D-03 -0.241645988151D-02 -0.778747735994D-02
 -0.432954225191D-02  0.100462751167D-01 -0.465151624084D-03 -0.510938459462D-04
 -0.217158951156D-02  0.328946212793D+00 -0.239942481706D-02 -0.121029393683D-02
  0.148126373214D-03  0.369300808651D-02  0.388015399294D-02 -0.107682740321D-01
 -0.422318694735D-03 -0.178145922335D-02  0.822062459285D-04  0.407734280282D-02
  0.392400909295D-02 -0.529768819561D-02  0.149027208668D-03 -0.137301604676D-02
  0.102840477549D-03  0.562981273427D-03  0.485492060380D-02  0.293320325655D-02
 -0.141810424188D-02 -0.144233635931D-02 -0.642902417891D-02 -0.802689727581D-02
  0.539362947478D-02 -0.215109591399D-02 -0.637516069841D-03 -0.210879885033D-02
 -0.507060389012D-02  0.330019125336D+00 -0.608062625953D-03  0.206845541073D-02
 -0.437089407565D-02 -0.433953747274D-02 -0.122812508395D-01 -0.122342444378D-02
  0.178052713091D-03  0.161664743685D-02  0.149530604656D-02 -0.536825786396D-02
 -0.650597996677D-02 -0.248717604773D-02 -0.137875508737D-03  0.135019954026D-02
  0.130016014437D-02 -0.171676907891D-02 -0.696222572581D-02  0.114645247731D-02
  0.812162633491D-03  0.363324775781D-02  0.840135779624D-02  0.110450107970D-02
 -0.129303246567D-01  0.235857649010D-02  0.128926348455D-02  0.332781843592D-02
  0.917853022795D-02  0.368218151590D-02  0.302020068788D+00  0.142739170214D-02
  0.941980658334D-03 -0.312652504765D-02 -0.656794449540D-02 -0.428079665363D-02
 -0.261067148914D-01 -0.229260174197D-02  0.953086972049D-03  0.995868132043D-02
 -0.782108566027D-02 -0.303848478780D-02  0.101266677301D-03 -0.115847580464D-02
  0.116356128122D-02 -0.187349207939D-02 -0.627438350947D-02 -0.322393468666D-02
  0.461685435585D-02 -0.127301256757D-02 -0.837472180430D-05 -0.463072037112D-02
  0.482585221714D-02  0.941088921808D-03 -0.159563279657D-01 -0.145891400027D-02
  0.435680186215D-03  0.351442801841D-02  0.688965468201D-03  0.992503635576D-03
  0.308098596244D+00 -0.201974483309D-02 -0.150354766704D-02  0.489251152287D-03
  0.118008176120D-02 -0.136614523153D-03  0.244993198529D-02 -0.663433707733D-03
 -0.153118669045D-02 -0.114504664687D-02  0.214840961185D-02  0.464837126249D-03
 -0.461319419682D-03 -0.584344860186D-03 -0.147234548404D-02  0.587959609575D-03
  0.142256217088D-02  0.659509777276D-03 -0.116849562214D-03 -0.111513355989D-02
 -0.120782641400D-02  0.919630276416D-03 -0.375313601539D-02 -0.753953383080D-03
  0.287728442987D-02 -0.920843814749D-03 -0.170951864360D-02  0.161073633490D-03
 -0.258501888250D-02 -0.117016240870D-02  0.409168399370D-02  0.417686507865D+00
 -0.471733729046D-03 -0.132799101429D-02  0.623248476488D-03 -0.716177953963D-03
  0.318088536170D-03 -0.261723754283D-02 -0.117176810285D-02 -0.994074733167D-03
  0.182046736834D-02 -0.407694145187D-03 -0.164375153543D-03  0.120875029370D-02
 -0.992467977478D-03 -0.912425989709D-03 -0.382522066932D-03 -0.695861107880D-03
 -0.163161413841D-03  0.406353745048D-03 -0.117808958697D-02 -0.170248734235D-02
 -0.459226276737D-03  0.611863675527D-03  0.105541371202D-02 -0.281797603833D-02
 -0.147597431172D-02 -0.146745969479D-02  0.580712571778D-03 -0.115304459941D-03
  0.128078946944D-02 -0.527761223393D-02  0.385948811132D-04  0.413498435254D+00
  0.105112491848D-02 -0.461780346946D-03  0.125497536147D-02  0.324740114244D-03
  0.298094608374D-02  0.291076154073D-02  0.832987669271D-04 -0.100706578000D-03
 -0.467494317241D-03  0.111655478680D-02  0.948242008057D-03  0.294872940764D-02
  0.457093353900D-03 -0.606824805212D-04 -0.527606717492D-03  0.112578637276D-02
  0.714455013515D-03 -0.132056819817D-02  0.807533339176D-04 -0.951862405248D-03
 -0.144143905415D-02  0.754903784838D-03  0.270040084782D-02  0.107967662457D-03
 -0.151668709185D-03 -0.922732670170D-03 -0.175508440376D-02 -0.129526970130D-03
  0.358294508808D-02 -0.189366499263D-02  0.786470718320D-03 -0.338075149378D-03
  0.335603612935D+00 -0.282569925224D-02 -0.555646785569D-03  0.824299981520D-03
  0.230184495887D-02 -0.231644289183D-02  0.200847956167D-01  0.120975880874D-02
 -0.677567132765D-03 -0.598829546024D-02  0.466286962614D-02 -0.943482634186D-03
  0.106457545635D-02  0.741061607969D-03 -0.937198589715D-03  0.235311575078D-02
  0.506086883990D-02 -0.875539140334D-03 -0.343557945626D-02  0.498356680213D-03
  0.175672766699D-02  0.840089932770D-02 -0.711184387990D-02 -0.787982123042D-02
  0.138342158623D-01  0.794597773435D-03  0.495688160914D-03  0.217233436978D-02
 -0.825855206429D-03 -0.750081038596D-02  0.226291686726D-01 -0.413088001040D-02
  0.446092799815D-02  0.334850501755D-02  0.317559784753D+00 -0.186904462065D-02
  0.582764177190D-03 -0.263022285771D-02 -0.129548911810D-02 -0.796964131294D-02
 -0.173513069935D-02 -0.737410407789D-05  0.398224081540D-03  0.289438188166D-03
 -0.258877363126D-02 -0.318691701430D-02 -0.536130424707D-02 -0.492648946343D-03
  0.317734869174D-03  0.165841748033D-02 -0.181410570293D-02 -0.314014805621D-02
  0.157868746791D-02 -0.515441605090D-04  0.196672422975D-02  0.579615797638D-02
 -0.107976892417D-02 -0.812616655807D-02  0.218498490495D-02  0.281676000395D-03
  0.158004541260D-02  0.540533349297D-02  0.104160928606D-02 -0.956007622622D-02
  0.535995490180D-02 -0.202375601232D-02  0.146077179397D-02  0.412130016606D-02
 -0.889684639608D-02  0.308632372540D+00 -0.164062062649D-02 -0.855445153672D-04
 -0.143256956921D-02  0.452424647986D-02 -0.915148430228D-03 -0.804644401972D-02
  0.414283764695D-03 -0.108286696606D-02 -0.308565404660D-02  0.118809432031D-02
  0.221429234219D-02 -0.108097956278D-01 -0.341607968063D-03 -0.874850576793D-03
  0.106854183773D-02 -0.113621730997D-02  0.279460397382D-02  0.210079662592D-02
 -0.520061049060D-03 -0.458028552189D-03 -0.248990471354D-02 -0.226423290773D-02
  0.134702746436D-02  0.385812288734D-03  0.686013819139D-03  0.352242732021D-03
 -0.160028480480D-02 -0.844448386243D-03 -0.106944493156D-02  0.760511718101D-02
 -0.228174235160D-02  0.843968959112D-03  0.136769069539D-02 -0.614203914432D-02
 -0.386961206757D-02  0.334786031217D+00 -0.385336837461D-03 -0.130390750882D-02
  0.445801460258D-03 -0.581133208279D-03 -0.668997641633D-03 -0.453921927347D-03
 -0.102160654892D-02 -0.877836934669D-03  0.185685793757D-02 -0.893139315358D-03
 -0.824028171387D-03  0.252799807993D-02 -0.123274816006D-02 -0.100574844354D-02
 -0.441422213805D-03 -0.173775934700D-03 -0.106689285749D-02 -0.767818640274D-04
 -0.126727699821D-02 -0.174336354039D-02  0.254595404643D-03  0.129481018878D-02
  0.182703525188D-03 -0.196304991366D-02 -0.133006661647D-02 -0.121674982007D-02
  0.146292721869D-02  0.476205851997D-03  0.712311904168D-03 -0.603436479853D-02
  0.175461087064D-03 -0.184247041180D-02 -0.687427142572D-03  0.491509425788D-02
  0.158898557288D-02  0.102652004319D-02  0.413396623708D+00 -0.152655612835D-02
 -0.195123938775D-02  0.883450070712D-03  0.185823526340D-02  0.775226583573D-03
  0.942561933334D-03 -0.613947548078D-03 -0.161279336837D-02 -0.190335766746D-02
  0.233758908833D-02  0.113054191530D-02 -0.235324262051D-02 -0.357170236520D-03
 -0.132677197954D-02  0.542193187985D-03  0.879045590312D-03  0.136273502940D-02
 -0.402430649279D-04 -0.101120498972D-02 -0.160183578729D-02 -0.686628972597D-04
 -0.308664546745D-02  0.617883257466D-03  0.196541460853D-02 -0.884581714899D-03
 -0.199970036179D-02 -0.929671834313D-03 -0.259962906015D-02 -0.238728082613D-03
  0.487899834219D-02 -0.287327921539D-02  0.563895780256D-04  0.843107177074D-03
 -0.538476120782D-02 -0.167470204355D-02 -0.256911405568D-02 -0.790014001853D-04
  0.407903253499D+00 -0.767027729052D-03 -0.509272381805D-03  0.122061308114D-02
  0.394016259709D-02  0.135316907408D-02  0.106291813471D-01  0.100961574401D-02
 -0.553804513461D-03 -0.434685497925D-02  0.310904140079D-02  0.125953107299D-02
 -0.144973781239D-02  0.703852339823D-03 -0.514604196806D-03  0.101721550590D-02
  0.259477373597D-02  0.141235710519D-02 -0.210623239716D-02  0.490967883361D-03
 -0.769427824017D-04  0.205785451676D-02 -0.182137914280D-02 -0.377680190508D-03
  0.641969923064D-02  0.562607413319D-03 -0.346880847480D-03 -0.154034260196D-02
 -0.680157510658D-04 -0.530264532847D-03  0.140213137408D-01 -0.212689519532D-02
  0.235761354062D-02  0.108017600186D-02 -0.113858274341D-01 -0.294106982668D-02
 -0.301354348998D-02  0.260983960040D-02 -0.226518185924D-02  0.329213099333D+00
  0.106853553397D-02  0.119776802577D-02 -0.176815513353D-02 -0.383125166458D-02
 -0.640272150798D-02 -0.506257743527D-02 -0.118357502451D-02  0.108528201757D-02
  0.541978023010D-02 -0.678926694231D-02 -0.470296459517D-02  0.305821631881D-02
 -0.120459183476D-02  0.959472941354D-03 -0.615487037204D-03 -0.332021254524D-02
 -0.526924172788D-02  0.379851065076D-03 -0.425426152788D-03  0.923147019282D-03
  0.356734793403D-02  0.725977613332D-02 -0.452901125682D-02 -0.705379560980D-02
 -0.957673528409D-03  0.198459162402D-02  0.626311212799D-02  0.673156555740D-02
 -0.320822180115D-02 -0.121765701411D-01  0.265608396873D-02 -0.258692750514D-02
  0.309092151777D-03  0.838680599022D-02 -0.502178735264D-03  0.488254171083D-02
 -0.309816724269D-02  0.342865834969D-02  0.562324352481D-02  0.325238581730D+00
  0.235091354552D-03  0.226731295854D-03 -0.397356972231D-03 -0.120073863335D-03
 -0.233941697029D-02  0.577435419917D-02  0.229416184555D-03  0.201282076744D-03
 -0.638587090560D-03 -0.413448246858D-03 -0.170956723054D-02  0.210718112659D-02
  0.257692430992D-03  0.499920304011D-04  0.218040592491D-03  0.134923528229D-02
 -0.205200799940D-02 -0.131780689328D-02  0.331095536672D-03  0.320359906184D-03
  0.305409009338D-02  0.788002035801D-03 -0.314734501498D-02  0.278587168796D-02
  0.300112483327D-03  0.229279097248D-03  0.218725405002D-02  0.165346018635D-02
 -0.236346175269D-02  0.218793690167D-02 -0.189973520625D-03  0.552862477797D-03
  0.143404180524D-03 -0.266242739769D-02 -0.109309481690D-02  0.368606720149D-03
  0.159560284550D-03 -0.239186481203D-03 -0.947459985645D-03 -0.185008858944D-03
  0.315402874436D+00 -0.667617947899D-03  0.645408485240D-03 -0.210410038334D-02
 -0.311892410388D-02 -0.193107202449D-02 -0.183528239018D-01 -0.801866684083D-03
  0.530200672038D-03  0.341084175718D-02 -0.213925795130D-02  0.278465557329D-04
 -0.644902464742D-02 -0.367791020518D-03  0.830822979746D-03 -0.751001181421D-04
 -0.458215075011D-02  0.620817822871D-03  0.489577444561D-02 -0.339385255858D-03
  0.120354979965D-02 -0.333180115837D-02 -0.228009982905D-02  0.688822725666D-04
 -0.640956354521D-02 -0.136257204309D-03  0.404264901663D-03  0.958593129869D-05
 -0.483282691173D-02 -0.255903980983D-02 -0.758962056457D-02 -0.706580098898D-03
 -0.991539575725D-03  0.167007339424D-02  0.219236856398D-02 -0.248495789668D-02
 -0.155444681365D-02 -0.583600424060D-03  0.633436778804D-03  0.357824144513D-02
 -0.123964698569D-02  0.119739295345D-02  0.330872551621D+00 -0.124656763302D-02
 -0.110349990287D-02  0.264634911123D-03  0.163961562329D-02 -0.101124905844D-02
 -0.279361957913D-02 -0.106194614742D-02 -0.144287624063D-02 -0.339637037425D-03
  0.287774280089D-03 -0.116553743859D-03 -0.260972883658D-02 -0.897031243189D-03
 -0.966302924946D-03  0.134900243994D-03 -0.622747556271D-03  0.122554532366D-03
  0.783258791583D-03 -0.976852064759D-03 -0.104734636947D-02  0.503976323475D-03
  0.698621646385D-03  0.628508673062D-04 -0.144705070471D-02 -0.122363828537D-02
 -0.976096479892D-03  0.777283941181D-03  0.410230884307D-03 -0.507120895480D-03
  0.489638645659D-03 -0.598755368148D-03 -0.128403510907D-02  0.461459526440D-03
  0.549650174932D-03 -0.133691778404D-02 -0.403448742060D-03 -0.164330192151D-02
 -0.114871598794D-02 -0.179614905349D-03 -0.164719054519D-02  0.457683117183D-06
  0.653006206740D-04  0.407859475257D+00  0.627031911077D-03 -0.255926301569D-03
  0.226966649569D-02  0.924861889690D-03  0.171476086872D-02  0.834896506740D-02
 -0.800220716949D-03 -0.219912079534D-03  0.199673963016D-02  0.114308540684D-03
 -0.138191679839D-02  0.949539726884D-02  0.675210340546D-03  0.316030252481D-03
 -0.104066377526D-02  0.264829477968D-02 -0.169519298939D-02 -0.289003631007D-02
 -0.218680999733D-03  0.231682028851D-03  0.148523154984D-02  0.217145776398D-02
  0.742480935067D-03 -0.170206830181D-02 -0.142553619245D-02 -0.683901437385D-03
 -0.312655041538D-04  0.145657559318D-02  0.358313933254D-02 -0.314991613155D-02
  0.128713922353D-02 -0.148062971867D-02 -0.213971773017D-02  0.401640950466D-02
  0.431272225676D-02  0.553436204068D-02 -0.198061515083D-02  0.145650067222D-02
  0.157441864911D-02 -0.311245417240D-02 -0.526924660870D-03  0.327004147796D-02
  0.151250992847D-02  0.328846734427D+00  0.155970116299D-02  0.611034738711D-03
  0.201333083467D-02  0.798818658995D-03 -0.336332430820D-02  0.321783375415D-01
  0.102155139763D-02  0.964081088396D-03 -0.355276193206D-02 -0.585059892630D-03
 -0.489948176401D-02  0.142235136934D-01  0.933556569087D-03  0.676141488233D-03
  0.274527075064D-03  0.637705662841D-02 -0.636975526349D-02 -0.837412750421D-02
  0.140293720600D-02  0.183236339852D-02  0.111769124933D-01  0.588694696890D-02
 -0.797953275513D-02  0.104505708566D-01  0.497428360140D-03  0.197148107524D-02
  0.533982833776D-02  0.940091809248D-02 -0.324080924591D-02  0.101029356059D-01
  0.109936983559D-02  0.167917277946D-02 -0.105604491931D-02 -0.648002498743D-02
 -0.585096054037D-03  0.283852563584D-02  0.515296903965D-03  0.574516306834D-03
 -0.525977814977D-02 -0.247741416521D-02 -0.407412416434D-02  0.945576758841D-02
  0.597053821524D-03 -0.484442980175D-02  0.314837450095D+00  0.601429342990D-03
 -0.160498901504D-02  0.839785172509D-03 -0.228306745187D-02  0.957392181820D-03
  0.310807010219D-02 -0.677847321998D-03 -0.560970261483D-03 -0.902239440117D-04
  0.819440918869D-04 -0.984576623670D-03  0.497844817205D-02 -0.107970384286D-02
 -0.129839335666D-02 -0.753925311541D-03  0.136533397268D-02 -0.146848548262D-02
 -0.152526734784D-02 -0.108760263303D-02 -0.214532872913D-02 -0.365376361875D-05
  0.136592270348D-02  0.625297045571D-04  0.899487306919D-04 -0.447174698642D-03
 -0.150569181316D-02  0.877275576240D-03  0.783938453524D-03  0.134401392325D-02
 -0.516198709998D-02 -0.239050807948D-03 -0.183253968162D-02 -0.230715806463D-02
  0.348347362432D-02  0.301840427130D-02  0.341618102412D-02 -0.152461841471D-02
 -0.895672071999D-03  0.220354982642D-02 -0.428961488924D-03 -0.683688053018D-03
  0.444106689187D-03 -0.536976374536D-03 -0.239686168421D-02 -0.380614951914D-03
  0.388423980916D+00 -0.230047815886D-02  0.151589473738D-02 -0.494886181855D-02
 -0.471156391811D-02 -0.245016612655D-02 -0.365885469503D-01 -0.942577816577D-03
  0.496145104855D-03  0.561997536141D-02 -0.228983169616D-02  0.218346428435D-02
 -0.171092661870D-01 -0.194589687499D-02  0.685289944859D-03  0.194085272364D-03
 -0.923252030566D-02  0.355166750405D-02  0.127529418604D-01 -0.742850931268D-03
  0.156770336301D-02 -0.770735591175D-02 -0.393085730849D-02  0.196614294130D-02
 -0.999850746717D-02  0.340401063780D-03  0.146822078175D-02 -0.100560373739D-02
 -0.761068790391D-02 -0.407725480114D-02 -0.139183052341D-01  0.125549845233D-03
 -0.110123530135D-02  0.363641018570D-02  0.816363655655D-02 -0.489201924111D-02
 -0.531768659009D-02  0.645361763578D-03 -0.185131833449D-03  0.578719570118D-02
 -0.159572308632D-02  0.377444826360D-02 -0.138248053835D-01 -0.944765448185D-03
  0.853687468782D-02  0.228032049609D-01  0.473254002327D-02  0.305762821905D+00
 -0.452177690638D-03 -0.351105993755D-03  0.476826595062D-04 -0.203614818793D-02
 -0.273731143114D-02  0.494021866835D-02 -0.243541796971D-03  0.186510801568D-03
  0.523522913052D-03 -0.963750860055D-03 -0.215737979505D-02  0.270856320304D-02
 -0.329341764971D-03  0.161615442809D-03  0.984982939291D-04  0.511487573516D-03
 -0.234461856302D-02 -0.532182558567D-03  0.113969820076D-03  0.578514052845D-03
  0.359032616934D-02  0.290828109338D-03 -0.396236874903D-02  0.187216158521D-02
 -0.278184418735D-03  0.311621557884D-03  0.286028678269D-02  0.902143176284D-03
 -0.360090189585D-02 -0.307165937314D-03 -0.359389266098D-03  0.620621426567D-04
  0.103802355304D-02 -0.197625535180D-02 -0.223802533971D-02 -0.135933446685D-02
 -0.177076606557D-03  0.225683261737D-03 -0.263150096874D-03 -0.231601500116D-02
 -0.103991862996D-02  0.509792244194D-03 -0.142131397661D-02 -0.882781820892D-03
 -0.225303208017D-02  0.559099480855D-04  0.144093666185D-02  0.332134095121D+00
 -0.551404940015D-03 -0.141127643176D-02  0.152564775276D-02  0.262530486541D-02
  0.224098234832D-02  0.270439565928D-02 -0.872787289005D-03 -0.156205344253D-02
 -0.228559025838D-02  0.110875084062D-02  0.147253925809D-02 -0.603710245793D-03
 -0.931866027422D-03 -0.121233013694D-02 -0.705976338357D-04  0.353577303580D-03
  0.140684764561D-02 -0.122805651887D-02 -0.101914532182D-02 -0.207794719195D-02
 -0.100981303436D-02  0.267927448304D-02  0.329098150575D-02  0.869832214233D-04
 -0.112858705634D-02 -0.146223736987D-02 -0.133222115878D-02  0.174728607240D-02
  0.332870409924D-02  0.147349917847D-02 -0.315663511958D-03 -0.154630164768D-02
 -0.100140932242D-02  0.156368486316D-02  0.173971741528D-02 -0.251364744264D-04
 -0.191983315457D-02 -0.877870270250D-03 -0.571377924267D-03 -0.697251328604D-03
  0.104211076579D-04  0.318081758513D-02 -0.813825611776D-03 -0.364341039674D-04
 -0.189313136016D-02 -0.750175946265D-03  0.410517619705D-02  0.208554184359D-03
  0.410272215102D+00 -0.225304316380D-02 -0.264299342446D-02  0.203582087743D-02
  0.324329814256D-02  0.338490418311D-02 -0.228979101203D-02 -0.165569882556D-02
 -0.271316596922D-02 -0.793355754207D-03  0.291802566930D-02  0.256141279057D-02
 -0.271326494848D-02 -0.120787101835D-02 -0.206252077833D-02  0.172662207246D-03
 -0.118367559608D-03  0.314654320389D-02  0.773128017919D-03 -0.200345756105D-02
 -0.284179245948D-02 -0.211378065322D-02 -0.194297008397D-02  0.430271089462D-02
 -0.164920082896D-02 -0.235018293213D-02 -0.303861276713D-02 -0.262139856962D-02
 -0.257107079157D-02  0.331158011769D-02  0.273722233432D-02 -0.255123680160D-02
 -0.158316088759D-02  0.533891894553D-03 -0.181026641524D-02 -0.215633959512D-03
 -0.159476192545D-02 -0.134891830230D-02 -0.233579260580D-02 -0.133541309757D-02
  0.173865560804D-02  0.869627843093D-03  0.508708453923D-03 -0.163385702436D-02
  0.776023536008D-03  0.270662949296D-02 -0.392110222876D-03 -0.108887452376D-02
  0.206847107414D-03 -0.212136051217D-02  0.404175168890D+00 -0.543454422734D-03
  0.199509196236D-02 -0.585869622192D-02 -0.942614156392D-02 -0.922184767817D-02
 -0.242178572246D-01  0.737739265673D-04  0.246989438846D-02  0.379641044898D-02
 -0.580456360420D-02 -0.331428540561D-02 -0.117563256816D-01 -0.569302129506D-03
  0.207163765274D-02  0.106870335134D-02 -0.727604713633D-02 -0.297255452180D-02
  0.717936990069D-02  0.608524772071D-03  0.400136958430D-02  0.541201294562D-03
 -0.339961524907D-02 -0.852443688577D-02 -0.416607554972D-02  0.204603402083D-02
  0.350567751151D-02  0.539547966015D-02 -0.340269381948D-02 -0.124562029108D-01
 -0.824350636125D-02 -0.125777431029D-02  0.899130118381D-03  0.438148191691D-02
 -0.138996629734D-02 -0.914326042837D-02 -0.421227675360D-02  0.147562146145D-02
  0.471065977494D-03  0.342453220147D-02 -0.136212657943D-02  0.553825828277D-04
 -0.973704399418D-02 -0.136672553754D-03  0.832072337988D-02  0.124694038102D-01
  0.937613966459D-03 -0.215792060970D-01 -0.224310710937D-04  0.566494266628D-02
  0.315999497009D-02  0.318571328582D+00  0.162780782207D-03  0.306095571822D-02
 -0.479255420092D-02 -0.265450019983D-02 -0.748619186176D-02 -0.558926651153D-02
  0.256416662927D-03  0.124292388171D-02  0.579388798922D-03 -0.417129280361D-02
 -0.346823144161D-02 -0.374497701609D-02 -0.159016510998D-02  0.148181581719D-03
  0.493310918083D-03 -0.296321094143D-02 -0.374123298144D-02  0.211790467439D-02
  0.520830614043D-03  0.159951727821D-02  0.325984964402D-02  0.477742732473D-02
 -0.655670593095D-02  0.524021882615D-03  0.180184128263D-02  0.288377573688D-02
  0.591385710356D-02  0.486568657053D-02 -0.732420650701D-02 -0.134154885896D-02
  0.101700835820D-02 -0.291001630641D-03  0.107220403765D-02 -0.902120188156D-03
 -0.539450540307D-02  0.527041440267D-03  0.546204109849D-03 -0.101256202935D-02
  0.707366355496D-03 -0.326538821261D-02 -0.641771494290D-03 -0.238458631807D-02
  0.778648658720D-04  0.289704324028D-02 -0.453973113879D-03  0.202184152986D-02
 -0.408512097529D-02 -0.311443206767D-02  0.212104742995D-02  0.142375556000D-02
 -0.118974600054D-01  0.348110906874D+00 -0.639384585864D-03  0.249083791661D-02
 -0.482542698265D-02 -0.590953617167D-02 -0.131861441141D-01 -0.779418111238D-02
 -0.840378523020D-03  0.181042533714D-02  0.558618412542D-02 -0.745835275098D-02
 -0.764542436055D-02 -0.128916311486D-02 -0.643141607157D-03  0.186426921381D-02
  0.657251802234D-03 -0.371281721258D-02 -0.800992759417D-02  0.313508847622D-02
  0.349101655329D-03  0.429673755880D-02  0.797934686186D-02  0.302943570675D-02
 -0.128103415191D-01 -0.306009629851D-02  0.268002663089D-03  0.364155343903D-02
  0.102496059601D-01  0.384720703721D-02 -0.129977851919D-01 -0.710552500355D-02
  0.281627851069D-03 -0.448694038005D-03  0.346941505208D-02 -0.866303987569D-03
 -0.856349710460D-02  0.152867276769D-02 -0.839130370031D-03  0.117956454238D-02
  0.308025770173D-02 -0.782163370534D-02 -0.154944561526D-02 -0.478699964810D-02
 -0.127692191614D-03  0.232541420944D-02 -0.201691486474D-03  0.745002588892D-03
 -0.747154505953D-02 -0.421057425715D-02  0.403312595042D-02  0.350983272979D-02
 -0.140086557554D-01 -0.695520669215D-02  0.301346944858D+00 -0.160695764286D-02
 -0.220333613745D-02 -0.174021302399D-03  0.472675531677D-03  0.115720355900D-01
 -0.384778468036D-01 -0.283472222346D-03 -0.214322487903D-02 -0.305758815832D-03
  0.566494628098D-02  0.108771998910D-01 -0.207691738125D-01 -0.104241282198D-02
 -0.197499560265D-02 -0.197629107258D-03 -0.707174302354D-02  0.130367944827D-01
  0.946639936939D-02 -0.158954566952D-02 -0.464186274811D-02 -0.178893188481D-01
 -0.100931569487D-01  0.158833061120D-01 -0.973112165356D-02  0.574716307872D-06
 -0.394328197793D-02 -0.118693998164D-01 -0.135657343913D-01  0.939095830477D-02
 -0.658263101114D-02 -0.143384138779D-02 -0.911970999581D-03  0.193796743893D-03
  0.844856064949D-02  0.444322004783D-02 -0.671984455388D-02  0.900699970254D-03
 -0.192332412046D-02  0.387755833538D-02  0.858131838383D-02  0.595195086858D-02
 -0.110168360804D-01 -0.812732790027D-03  0.847974226673D-02  0.261033661787D-01
  0.217045232486D-04 -0.270203549780D-01  0.489402962984D-02 -0.425566129905D-03
 -0.520870428081D-02 -0.110791660772D-01 -0.661334769661D-03  0.859400659643D-02
  0.299488170616D+00  0.106247112521D-02 -0.691728406613D-03 -0.161750134487D-02
 -0.182775377210D-02  0.822871939228D-03 -0.225013090828D-02 -0.813699941044D-04
  0.352633798344D-03 -0.282110355965D-04 -0.819953288485D-03  0.124571641834D-03
 -0.652513358123D-03  0.109653510501D-03 -0.513144043177D-03 -0.771739429059D-03
  0.426856490590D-03  0.141064450893D-03  0.143408291887D-02 -0.315668046767D-03
 -0.149522511902D-02 -0.421248054321D-02  0.322994128313D-02  0.287048140554D-02
 -0.395863097709D-03  0.660036082199D-03 -0.443595344825D-03 -0.797816770394D-04
 -0.622304181064D-03  0.165006941000D-02 -0.671364870691D-02  0.219041502627D-03
 -0.175661709711D-02 -0.945499448221D-03 -0.647116600871D-04 -0.542347297566D-04
  0.223923299876D-02 -0.112625893695D-02  0.698725598398D-04  0.329734513434D-02
 -0.955265861191D-03  0.122109681476D-02 -0.610919531275D-03 -0.805143637734D-03
  0.801083912661D-03  0.856330618298D-03  0.605173636664D-03  0.562245062335D-03
  0.178549795889D-02  0.110323533431D-02 -0.109697951671D-02 -0.249717202790D-02
  0.104789877556D-02 -0.144452324150D-03 -0.494619458833D-02  0.468517806080D-01
 -0.466740394832D-02 -0.373568414272D-02  0.280969523173D-03  0.761232606104D-03
 -0.461622787536D-02  0.354279928510D-03 -0.341112148018D-02 -0.399201302845D-02
 -0.172925152657D-02 -0.115191373009D-02 -0.443588759152D-03 -0.594821326405D-02
 -0.415082495764D-02 -0.345821611076D-02  0.157695926536D-02 -0.253098123743D-02
 -0.427799672324D-03  0.607025999153D-03 -0.363704623542D-02 -0.394553566870D-02
  0.409024974117D-02  0.171287599568D-02 -0.253978731895D-02  0.112652209064D-02
 -0.369632268574D-02 -0.284843195465D-02  0.444051079694D-02  0.287552209153D-02
 -0.445930999487D-02  0.328650381939D-02 -0.492025053941D-02 -0.297930142689D-02
  0.369561112139D-02 -0.563338502779D-02 -0.734435795474D-02 -0.633099623780D-02
 -0.344626116769D-02 -0.393066692527D-02 -0.222472552064D-02 -0.316108782587D-02
 -0.360615636114D-03  0.962251395219D-03 -0.677924689010D-02  0.322237411478D-02
 -0.737617612557D-03  0.177221683320D-02 -0.236169870776D-02 -0.457984509882D-03
 -0.612374680365D-02 -0.763531030244D-02  0.395951230371D-04 -0.568543497133D-02
 -0.492927379905D-02  0.117558273366D-02  0.185673916387D-02  0.542186180239D+00
  0.130399792237D-02 -0.691156736202D-03  0.348290398810D-02  0.382119519909D-02
  0.135121850409D-01 -0.242536515444D-02  0.116646876509D-02 -0.312501657783D-03
 -0.289636785227D-02  0.548012731385D-02  0.644654208840D-02  0.185168226234D-02
  0.150045046399D-02 -0.845376678116D-03 -0.117002142930D-02  0.208605183677D-02
  0.729684430120D-02 -0.378744132228D-02  0.383502357637D-04 -0.224975475320D-02
 -0.106179762478D-01 -0.372014888110D-02  0.123480676340D-01 -0.309389050631D-02
  0.877292146924D-03 -0.221018281930D-02 -0.106867073913D-01 -0.480039079011D-02
  0.132959749391D-01  0.401960148995D-02  0.312491375267D-03 -0.594289220145D-03
 -0.486576198056D-02  0.109559270484D-02  0.952209701112D-02  0.487219056190D-02
  0.101433186177D-02 -0.609468675852D-03 -0.291213302249D-03  0.838765147812D-02
  0.140117487436D-02  0.314936792514D-02  0.320274437084D-02 -0.375849700534D-02
  0.280129752819D-02 -0.263035976595D-02  0.212013600928D-02  0.303052184590D-02
  0.235395004773D-02 -0.116633602167D-02  0.769695719595D-02  0.163631391645D-01
  0.137229527977D-01 -0.142686701064D-01 -0.279821914661D-02  0.156505864287D-01
  0.359478327685D+00  0.154435004237D-02 -0.181998141708D-02 -0.150953654955D-02
 -0.606522765626D-02 -0.707699767395D-03 -0.129318058043D-02 -0.413418776281D-03
  0.958799500219D-03  0.227525677953D-03 -0.351901720725D-02 -0.145539710173D-02
 -0.936279859300D-03  0.500621087475D-03  0.147066780799D-04 -0.327335169656D-03
 -0.381358252006D-03 -0.154991817786D-02 -0.113966854751D-04 -0.454170571802D-03
 -0.189807697619D-03 -0.197603232732D-02  0.390200263128D-02  0.129951438041D-03
 -0.789257388392D-03  0.562526524772D-03  0.504096052055D-03  0.228403754293D-02
 -0.556612320304D-03 -0.115352472791D-02 -0.591457780169D-02 -0.226452563729D-02
 -0.174962329964D-02  0.164947058283D-03 -0.664251444530D-02 -0.292603537561D-02
  0.429483412982D-02 -0.183566072818D-02  0.601137970559D-03  0.359371628994D-02
 -0.808789297633D-03  0.717262900910D-03  0.774112557715D-03 -0.147377747763D-03
  0.331345213557D-02 -0.218862506510D-02 -0.790984437806D-03  0.127382287386D-02
  0.140718239242D-02  0.720143108938D-03 -0.147411567695D-02 -0.308802492451D-02
 -0.109852931304D-01 -0.272625305714D-02  0.691745408552D-03  0.452856112766D-01
 -0.176870949262D-02 -0.765687824669D-02  0.776571436629D-01  0.101510848545D-02
  0.668082149248D-02 -0.878561592459D-02 -0.106680488916D-01 -0.178660492626D-01
 -0.144168073075D-01  0.102287229627D-02  0.522556861073D-02  0.128073787564D-02
 -0.146672969464D-01 -0.747435766977D-02 -0.112299166991D-01 -0.170026314210D-02
  0.437613789573D-02  0.211789359773D-02 -0.998614946333D-02 -0.873267317188D-02
  0.319931517588D-02  0.220347645238D-02  0.831354940644D-02  0.689294994794D-02
  0.109292319126D-01 -0.148619121625D-01 -0.964439319047D-03  0.425912122374D-02
  0.101270392061D-01  0.126690553538D-01  0.106719994406D-01 -0.175430576137D-01
 -0.785781979338D-02  0.307654944932D-02  0.607311358239D-03  0.380536573965D-02
  0.301265102418D-02 -0.127173907088D-01 -0.292239035809D-02  0.436758565270D-03
  0.194595624375D-02  0.308601728440D-02 -0.108373105496D-01 -0.211048942814D-02
 -0.354887008729D-02  0.208638261671D-02  0.121294690419D-01  0.104722275894D-02
  0.821930819314D-02 -0.128702251444D-01 -0.318461636351D-02  0.337976208693D-02
  0.697049105339D-02 -0.224710121770D-01 -0.110043494685D-01 -0.173280780964D-01
  0.281766536354D-02  0.325492887765D-02 -0.164148314402D-01  0.324232144646D-01
 -0.531847692949D-02  0.443660870990D+00 -0.283770316959D-03  0.574410850898D-03
 -0.213350958965D-02  0.681876518517D-02 -0.522926649781D-02 -0.380363690887D-02
  0.124706298057D-02  0.671017097106D-03  0.149890356520D-02 -0.203807656021D-02
 -0.304095611954D-02 -0.362720325998D-02  0.171535969608D-03  0.495602802044D-03
 -0.398530731641D-03 -0.202411050565D-03 -0.237811001578D-02  0.452577915444D-03
  0.367738517996D-03  0.914616967015D-03  0.570844702414D-03  0.300725486167D-02
 -0.306988859039D-02 -0.623642043493D-02  0.655975981017D-03  0.343575044587D-02
  0.141259657986D-02  0.612869393965D-02 -0.352408369782D-02  0.341077481526D-02
 -0.258061852324D-02  0.114142760106D-03  0.258953815248D-02 -0.131881624360D-01
 -0.584137153775D-02  0.300621496250D-02 -0.112646213740D-03  0.376904309498D-02
 -0.689125192799D-03 -0.627609421347D-03 -0.266521107167D-02  0.239740127310D-02
 -0.782301301123D-02 -0.918492191423D-02 -0.796542442041D-02  0.636378303858D-02
 -0.195148677310D-02  0.495512292176D-03  0.478894013749D-02  0.222094535304D-02
  0.461205058430D-02  0.894601425569D-02 -0.987939707963D-02  0.534846954221D-02
  0.728410453709D-02  0.201137584730D-01  0.231315308824D-01  0.542182011204D-02
  0.549904486256D-02  0.456044267579D+00 -0.143420698435D-03  0.151430626226D-02
  0.190069476193D-02 -0.860971293431D-03  0.476323639861D-02  0.684449209932D-02
  0.138972775261D-03  0.141105257805D-02 -0.149793506930D-02 -0.685394435257D-03
  0.183683577565D-02  0.276179824885D-02  0.123123532865D-02  0.194010848127D-02
  0.444957770998D-03 -0.584777706380D-03  0.210002376028D-02 -0.389217267024D-02
  0.942284463411D-03  0.307575196077D-02 -0.776883594679D-03  0.118543196821D-02
  0.248761183016D-02 -0.995022472688D-03  0.250375091584D-03  0.238057731592D-02
 -0.383785000202D-02  0.335933955747D-02  0.358095703091D-02  0.777898294314D-02
 -0.178937435828D-02  0.769377751602D-03  0.956058491730D-03 -0.917477379937D-02
 -0.844171500902D-03  0.169919174493D-02  0.928149848214D-03  0.263106390713D-02
 -0.352417304269D-02  0.253644675773D-02 -0.548452001198D-03  0.531379667184D-02
 -0.188651805386D-03 -0.334444872101D-02 -0.481364089280D-02  0.493789272444D-02
  0.280235477556D-02  0.400479381893D-02  0.175515537961D-02 -0.213416107453D-03
  0.843406853618D-02 -0.602964089902D-03  0.845208404901D-03  0.305488174867D-02
  0.284925225734D-02  0.745972538622D-02  0.514714991608D-02  0.100985469658D-02
 -0.265483954987D-03  0.534224773381D-01  0.376382291326D+00  0.192031203699D-02
  0.131180247300D-02 -0.142979664973D-02  0.403931506189D-02  0.170191202689D-02
 -0.798598737516D-02 -0.967145758224D-03 -0.149735537116D-02 -0.229161104382D-02
  0.107078961361D-02  0.214244625771D-02 -0.448093227913D-02 -0.146332767167D-02
 -0.135629107821D-02 -0.166244305369D-02 -0.580460405982D-03  0.193762255996D-02
  0.409984619273D-02 -0.240300057327D-03 -0.256583597567D-02 -0.587341631646D-02
  0.639723502768D-02  0.616850162168D-02 -0.146472371108D-02  0.767746435671D-03
 -0.113973161032D-02 -0.244564564237D-02  0.893158396561D-03  0.497577159417D-02
 -0.427135022743D-02  0.357550334720D-03 -0.280346488409D-02 -0.381032514337D-02
  0.509175592305D-02  0.455535016552D-02  0.421254282450D-02 -0.270168211504D-02
 -0.984899443693D-03  0.317112641083D-02  0.793970310737D-03  0.135908493789D-02
  0.268626998425D-02  0.125212387582D-02  0.351683223949D-02  0.633542934251D-03
 -0.126136089169D-02  0.187337749868D-02 -0.320336089903D-02 -0.347293500018D-02
  0.372181368422D-03 -0.446090839080D-03  0.500251281069D-02  0.719334514092D-02
 -0.751962601487D-02  0.226641562897D-01 -0.983806750901D-02 -0.117485574087D-02
  0.361079557671D-01  0.167112615349D-02 -0.513772201592D-02 -0.672960252132D-02
  0.373367311296D+00 -0.254824450453D-02 -0.565716418305D-02  0.228571704089D-02
  0.109050814049D-01  0.510049161394D-03 -0.711553305758D-02 -0.359825350081D-03
 -0.173983247563D-02  0.324718485589D-02  0.274839061189D-02  0.100279017482D-03
 -0.953317535069D-02 -0.533236004631D-03  0.757881291535D-04 -0.163110171853D-02
 -0.736605331675D-03  0.237764236395D-02  0.695384596302D-02 -0.118179049279D-02
 -0.192290265790D-02 -0.381999797855D-02 -0.128492089580D-02  0.262040697264D-02
 -0.136227310108D-01 -0.275199428414D-02  0.190584222480D-02 -0.573858606473D-02
  0.448713937930D-02 -0.119816431106D-02  0.458127134098D-02 -0.120289884832D-01
 -0.242038732931D-03  0.933575521236D-02 -0.330192087455D-01 -0.101775601541D-01
 -0.265719680485D-02 -0.110654966053D-02  0.106719478747D-01 -0.216127906308D-02
  0.381085124141D-02 -0.346770833783D-02  0.457696198387D-02 -0.267509387888D-01
 -0.219758635339D-01 -0.724996877564D-02  0.117913877709D-01 -0.872288113757D-02
  0.116220638557D-01  0.328969371373D-02 -0.149898073442D-02  0.232330484319D-01
 -0.103634133571D-01 -0.194488112155D-01  0.312330163392D-02  0.313992062057D-01
  0.470945675259D-01  0.181307772857D-01  0.567367928430D-01 -0.368464385328D-02
  0.204253923234D+00  0.137088539693D+00 -0.381653750865D-01  0.992476180257D+00
  0.609103576526D-03  0.581701191326D-03  0.124197381017D-02 -0.366831690583D-02
  0.295165047257D-02 -0.347996106016D-02  0.564092307609D-03  0.116484027595D-02
  0.920277760914D-03 -0.313623559663D-02  0.116006988320D-02  0.166513925000D-03
 -0.742119867592D-03  0.485243586390D-03  0.178806504706D-03 -0.295659756263D-02
  0.139613206307D-02 -0.256664965765D-02 -0.125868012572D-03  0.101276540958D-02
 -0.293499644349D-02  0.125202872342D-02  0.229444070037D-02 -0.409472942215D-02
  0.263194249097D-03  0.323387902896D-02 -0.112354837344D-02  0.377326444949D-02
  0.300663303121D-02 -0.347958641705D-02  0.295864649162D-02 -0.843945754482D-03
 -0.425224624574D-03  0.740420069366D-02  0.137673395425D-02  0.103238942961D-02
  0.407691074476D-03  0.182905088314D-02  0.159219643866D-02 -0.409728442063D-02
  0.907221108120D-03 -0.468519433242D-03  0.333461771875D-03  0.129081523169D-02
  0.304585338281D-02  0.430178312489D-02 -0.389409077520D-02  0.177566700550D-02
 -0.107094711329D-02 -0.592183274185D-03  0.180894201214D-02 -0.227875481126D-02
  0.955013047325D-03 -0.402255350194D-02  0.374960056269D-03 -0.390330079231D-02
  0.510070286118D-02  0.831973416712D-03 -0.164710733445D-02  0.438410099344D-02
 -0.415891511921D-02 -0.768058125820D-02 -0.104202920718D-03  0.372540735758D+00
 -0.562370870222D-04  0.262150852653D-02 -0.958177038939D-03 -0.430135120584D-02
 -0.113126390078D-02 -0.672072597093D-02 -0.133898783617D-03  0.174504220262D-02
  0.175219879817D-02 -0.509508458013D-02 -0.378647153019D-03 -0.722868013640D-03
 -0.324104659855D-03  0.164117564519D-02  0.385297342661D-03 -0.367187671384D-02
 -0.207122501136D-03 -0.112468909507D-02  0.237444466960D-03  0.336092027001D-02
 -0.141816119321D-02  0.122737255568D-02 -0.723391533354D-03 -0.461090933669D-02
  0.508073596292D-03  0.416097460159D-02  0.692198888514D-03  0.360483318023D-02
 -0.475563924419D-03 -0.343221393577D-02  0.188222907457D-02 -0.829541212138D-03
  0.549443064689D-03  0.424721122527D-02 -0.186673834121D-02  0.190317319728D-02
 -0.214883483043D-03  0.184374117135D-02  0.147195162387D-02 -0.426618640629D-02
  0.566900253604D-03 -0.114862740716D-02  0.191210693864D-02  0.280722637321D-02
  0.298951471056D-02  0.543109027902D-02 -0.647272024526D-02  0.361565748009D-03
  0.131271984271D-02  0.756751609004D-03 -0.275098239976D-02 -0.281150176524D-02
 -0.268315060998D-02 -0.195022535519D-02  0.142338462634D-02 -0.531172186077D-02
  0.953366237508D-02  0.106334154861D-02 -0.743357656831D-02  0.595745127075D-02
 -0.365485062599D-02 -0.388157645489D-03  0.252376879523D-02 -0.474325759113D-03
  0.372964963561D+00 -0.208339237850D-02  0.197820005505D-02  0.445117367860D-03
  0.385530568428D-02  0.180152084990D-02  0.352103246759D-03  0.395668958900D-03
  0.154184409526D-03 -0.305244539179D-02  0.917478560712D-03  0.310786251018D-02
 -0.504943092105D-02  0.864069544023D-03  0.115362291057D-02  0.141224559126D-02
 -0.805122282292D-03  0.372208391441D-02 -0.807659509804D-03  0.461365042454D-03
  0.352135266713D-02 -0.155652152133D-02 -0.343453193086D-02  0.195929754384D-02
  0.165953779831D-02  0.505123360798D-03  0.253063153063D-02 -0.374008462991D-02
 -0.159587047583D-02  0.571535282672D-03  0.132838797233D-01 -0.263291944834D-02
  0.191942585874D-02  0.207337912652D-02 -0.103816167000D-01 -0.493335606946D-02
 -0.338469385806D-02  0.235957456915D-02 -0.143029552590D-02 -0.621405285701D-02
  0.533424757510D-02  0.786122948983D-04  0.291672523383D-02  0.238425853121D-02
  0.572495721589D-02  0.287425648764D-03  0.864007805669D-02 -0.258260837394D-02
  0.294100093321D-04  0.106886011134D-02 -0.134987791734D-02  0.194120258945D-02
  0.142996750694D-03  0.344675007366D-02 -0.269492606130D-02  0.286266011669D-02
 -0.820720048303D-02  0.656383133836D-02  0.314699014021D-02 -0.113556226735D-02
  0.558649030967D-02 -0.715986762440D-02  0.797196975146D-02  0.138644419143D-02
 -0.148346706657D-02 -0.219012981730D-02  0.363133528008D+00 -0.594309357234D-03
  0.215429556259D-02 -0.303517005018D-03  0.605216228239D-03  0.217653009462D-02
 -0.736787556011D-02 -0.178101506052D-03  0.718551530541D-03  0.814374062557D-03
 -0.825392917861D-03  0.226657132417D-02 -0.492558321254D-02  0.118100168532D-03
  0.178059237616D-02  0.402029592219D-03 -0.372584674121D-02  0.255122791288D-02
  0.266936335766D-02  0.494639930407D-03  0.331057132150D-02 -0.269239871578D-02
  0.213064788958D-02  0.321003004778D-02 -0.332171179652D-02  0.254546558425D-03
  0.268432575938D-02 -0.259541106924D-02 -0.950251843838D-05  0.196062186377D-02
  0.197434157625D-03  0.229501812380D-03  0.119021449728D-03  0.863186819300D-03
  0.164030574994D-02 -0.514897498466D-03 -0.588520225610D-03  0.575604090610D-03
  0.100914767907D-02 -0.775402412773D-04  0.530430165485D-04  0.111363867616D-02
 -0.180813238942D-03  0.220572494803D-02  0.388942295572D-02  0.428155880423D-02
  0.505302958991D-02 -0.474965857045D-02  0.490818813443D-03  0.551238372549D-03
  0.291625634465D-03 -0.676498878538D-03 -0.108584628801D-02  0.230031529831D-02
 -0.627716434258D-02 -0.643312745927D-03 -0.503984744284D-02  0.238582569262D-02
 -0.163482429870D-02 -0.532481079684D-02  0.655329787721D-02 -0.616269924243D-02
  0.228862390261D-02  0.742190445640D-02 -0.552974725500D-02 -0.659602263610D-02
 -0.598609763497D-02  0.376797457605D+00 -0.230656077517D-03  0.410106418543D-02
  0.831114211337D-05 -0.512312094855D-02 -0.278807543815D-02  0.442742875698D-02
 -0.146791600131D-03  0.229870077649D-02  0.269203218892D-02 -0.317240057842D-02
 -0.283113553849D-02  0.331297213395D-02  0.934214976607D-03  0.344864391521D-02
  0.138478782600D-02 -0.365821646195D-02 -0.320007397908D-02 -0.803617486669D-03
  0.168722056977D-02  0.714200369040D-02  0.710227783623D-02  0.344846597759D-02
 -0.679441267427D-02  0.238830083763D-03  0.713207949143D-04  0.555323827586D-02
  0.416835564508D-02  0.456727804250D-02 -0.519830952626D-02  0.240102654270D-02
  0.726615191550D-03  0.155932159260D-02  0.330938656355D-02 -0.228673527348D-02
 -0.374777582338D-02 -0.232051585453D-03  0.137433460188D-02  0.298977593261D-02
 -0.100848974105D-02 -0.431691811865D-02 -0.963119289949D-03  0.159658309732D-02
  0.249348822912D-02  0.265944118417D-02 -0.273870719828D-02  0.560411255175D-02
 -0.302782609160D-03 -0.152482791986D-02  0.197701350243D-02  0.346071553414D-02
 -0.173794087144D-02 -0.885354084136D-02 -0.525987279005D-02  0.766525990974D-02
 -0.117627146763D-03 -0.585388561857D-02  0.647181525552D-02 -0.333187644296D-02
 -0.143074575479D-01  0.354747913603D-02 -0.840071974956D-02 -0.319989492310D-02
  0.100625078724D-01 -0.479168264451D-02 -0.104408684917D-01 -0.832132166773D-02
 -0.319383407210D-02  0.404370531663D+00  0.233053212595D-03  0.232952487104D-03
 -0.265468780982D-02  0.513726408351D-03 -0.208858686722D-02 -0.204770245969D-02
 -0.694964326042D-03 -0.235241329441D-03  0.508216572459D-04 -0.281208930155D-02
 -0.120520995409D-02 -0.323899263698D-02 -0.204710979984D-02 -0.261290645706D-03
 -0.184573976689D-02  0.216461395530D-03 -0.942466242966D-03  0.479448326657D-02
  0.603932473200D-03 -0.689288214322D-04 -0.217161191749D-02  0.881323484175D-02
  0.119342591635D-02 -0.147378112056D-02  0.122896739065D-02  0.114508455335D-02
  0.363431405502D-03  0.566317743226D-02  0.181007478165D-03 -0.572442746212D-02
  0.193176613825D-02 -0.276417062972D-02 -0.230017354166D-02  0.459130629045D-02
 -0.980341474731D-03  0.475613912505D-02 -0.221828130424D-02 -0.173318476857D-03
  0.215541071927D-02 -0.503717886722D-02  0.142258543147D-03 -0.807542769723D-03
  0.370723341938D-03  0.312277200460D-03 -0.542196107667D-03  0.182996673486D-04
  0.217053016388D-02  0.426738253486D-03 -0.238716934258D-03 -0.740427434409D-03
 -0.192102789965D-02  0.270757800923D-02 -0.114261144102D-02 -0.188044666930D-03
  0.620624997190D-02 -0.366383890449D-02  0.520109951171D-02  0.698068836481D-02
 -0.221803848659D-02  0.312459571844D-02  0.954974561582D-03  0.942414428616D-02
  0.246115301340D-02 -0.262367571423D-02  0.210084251678D-02  0.542767599696D-02
 -0.105286401327D-02 -0.105767177687D-01  0.388979531382D+00  0.119766572485D-02
  0.284076188762D-02 -0.338734585825D-02 -0.263615436317D-02 -0.310500982388D-02
 -0.564993527215D-02 -0.129037692915D-02  0.959608558709D-03  0.216303950073D-02
 -0.241020163732D-02 -0.184905096697D-02  0.221525385591D-02 -0.720191812761D-03
  0.978076512403D-03 -0.127137735232D-02 -0.133393086487D-02 -0.204289971073D-02
  0.404899679993D-02  0.608436854354D-03  0.176933225369D-02 -0.292954057774D-03
  0.398654226259D-02 -0.100661433160D-02 -0.282001545405D-02  0.271461194303D-03
  0.139443290896D-02  0.165490746810D-02  0.187343879591D-02 -0.149124817749D-02
 -0.797656065621D-02  0.128984089933D-02 -0.161224540816D-02 -0.207222496186D-03
  0.433320647135D-02 -0.177019629702D-02  0.311150353122D-02 -0.177786061423D-02
  0.159390069784D-02  0.216841078567D-02 -0.421188146375D-02  0.494561115277D-03
 -0.106102529713D-02  0.196318439740D-02  0.128653445107D-03  0.218354071290D-02
  0.463999756092D-03 -0.171760013712D-02 -0.971261482821D-03  0.200538783225D-02
  0.170989568675D-02 -0.435012036001D-02  0.216023646783D-02 -0.352047129805D-02
 -0.668957374107D-03 -0.388053750277D-02  0.508612407211D-03 -0.290681452504D-03
 -0.971755352502D-02 -0.624651897766D-02 -0.264303811796D-03 -0.244168374628D-02
  0.164471916652D-01  0.187976916611D-02 -0.100068935465D-01 -0.468606477757D-02
  0.380343914586D-02 -0.704759938853D-03 -0.535158912688D-02  0.485990863977D-02
  0.377589270426D+00 -0.622139024892D-03 -0.145271002825D-02 -0.427893155335D-03
  0.293167706090D-02 -0.834788403933D-03  0.430591632351D-02  0.922400277124D-04
 -0.801832401479D-03 -0.139389241058D-02 -0.986846749496D-03 -0.262177933533D-03
 -0.422400738247D-02 -0.145692243402D-02 -0.460654215131D-03 -0.921042777650D-03
  0.128165688836D-02 -0.406235170007D-04  0.282343390606D-02  0.479427760915D-03
 -0.523764663650D-03 -0.602853186613D-03  0.677122439532D-02  0.119032620876D-02
  0.170057286942D-02  0.820682925494D-03  0.430456158620D-03 -0.352959455977D-03
  0.399002219328D-02  0.159749052005D-03  0.250480832491D-03  0.889516582139D-03
 -0.119375601842D-02 -0.145001296287D-02  0.918822139515D-03 -0.799982549104D-03
  0.872279017463D-03 -0.943694126930D-03 -0.948079516182D-03 -0.119980108755D-03
 -0.275748296415D-02 -0.498277601410D-03  0.978944229628D-03 -0.957975396382D-03
  0.441858529186D-03 -0.297389680173D-02  0.407426961601D-03  0.470462383652D-02
  0.119490069960D-02 -0.190793182555D-02 -0.147881024864D-02  0.225841736650D-02
  0.762073401482D-04  0.775962369696D-03  0.241981610232D-02  0.542703225125D-02
 -0.505844280224D-02  0.475668261399D-02  0.878583479483D-02 -0.121739247836D-02
 -0.320350513727D-03  0.909520360435D-03 -0.410991083724D-03  0.539177674939D-03
  0.194371977828D-02  0.286897570666D-02  0.717034383287D-03 -0.673763721892D-03
 -0.625090192335D-02  0.181963471908D-01 -0.164977283219D-02  0.382246397811D+00
 -0.223027243175D-05  0.297936906788D-03  0.493817241797D-03 -0.497690195679D-02
 -0.211825859818D-03  0.782526455667D-02  0.332263767687D-04 -0.103201151576D-03
 -0.664160531132D-03 -0.244532115204D-03 -0.287983130390D-03  0.113999031866D-01
 -0.109421529621D-02 -0.261925990826D-02 -0.269841673929D-03  0.500832499743D-02
 -0.132175428383D-03 -0.532768983448D-02 -0.142679296472D-02 -0.759613005564D-03
 -0.139312050969D-02 -0.113543409941D-01 -0.213043902378D-02  0.414930083082D-02
 -0.664068353962D-03  0.178581502228D-02 -0.886384947770D-04 -0.230832445360D-02
 -0.849285683238D-04 -0.115674535412D-02 -0.523547743985D-03 -0.193512390719D-03
 -0.419712889416D-03  0.280915269145D-03 -0.290753124218D-03  0.104470597972D-02
 -0.321171394454D-04 -0.193558405341D-03 -0.438765875770D-03  0.264287373348D-03
  0.377181890744D-03 -0.616705466321D-03 -0.747539797956D-03 -0.261897109822D-02
  0.101811186684D-02  0.483342830944D-02 -0.731880068608D-04  0.148133718028D-02
 -0.351111554952D-03 -0.196477170185D-02  0.149556992622D-02 -0.156002535520D-02
 -0.294884673281D-02  0.189586447835D-02  0.194930444760D-02  0.276546030146D-02
 -0.161228435635D-02  0.595477982107D-02  0.164272916840D-02 -0.105696279217D-02
  0.181891305456D-02  0.504705041967D-03  0.746819671018D-02  0.709592535268D-02
  0.558734124054D-02 -0.348832858177D-02 -0.977103458758D-02 -0.161198180030D-01
  0.128064084023D-01  0.718675756506D-02  0.577976882481D-02  0.472435106652D-01
 -0.375609112803D-04  0.371274474296D-02 -0.480384324719D-02  0.742240502902D-02
 -0.298989179293D-02  0.217936582774D-02 -0.611192252693D-03 -0.179623070395D-02
  0.180777587528D-02  0.445856009610D-02 -0.146212893706D-02  0.134077605303D-02
 -0.169842051976D-02 -0.110907726110D-02 -0.242576347358D-02  0.425526937744D-02
 -0.140969688027D-02  0.110205417913D-01  0.127453418902D-02  0.118029111474D-02
 -0.818518547938D-03  0.682234586043D-02  0.533217590293D-03  0.410169968734D-02
  0.610624926692D-03  0.145610373707D-02 -0.693350413913D-03  0.148750119138D-02
  0.127574060563D-03 -0.661380945884D-02  0.100989416600D-02 -0.120375294840D-02
 -0.146895002978D-02  0.487797625440D-02  0.166420596924D-02  0.392100634752D-02
 -0.897433804437D-03  0.422155866346D-03  0.238259437324D-02 -0.184942578065D-02
  0.479174521887D-03 -0.155036886824D-02  0.227346363949D-03 -0.190780917867D-02
  0.606118267017D-03  0.380939130372D-02  0.719021704883D-02 -0.178296082593D-02
  0.774885007245D-03  0.239952685022D-02 -0.220798620764D-02  0.940315142598D-02
  0.307687517939D-03 -0.233604343215D-03 -0.138695457159D-02  0.273376969909D-02
 -0.313170559236D-02 -0.510029696623D-02 -0.109959852785D-02 -0.319636299268D-02
 -0.132115790186D-02  0.182870283723D-01 -0.112589006031D-02 -0.854304866927D-02
 -0.501187573230D-02 -0.323957673466D-03  0.271578294836D-02 -0.266000220307D-02
  0.198442153202D-01  0.198721956270D-01  0.823829098853D-02  0.368605291343D-02
  0.585390885104D-01 -0.298741542598D-02  0.427115472197D-02 -0.118833400181D-02
 -0.298875494247D-02 -0.195349075096D-02  0.290543624312D-02 -0.993917172658D-03
  0.219842622106D-02  0.775795813166D-03 -0.329253899019D-02  0.177750232070D-02
  0.184160568182D-02 -0.705133353691D-03  0.267411134174D-02  0.409563188238D-03
 -0.134367432052D-02  0.676053247363D-03  0.281521722910D-02 -0.411550631005D-03
  0.399688540167D-02  0.145651548645D-02  0.864449021721D-03  0.483994912656D-06
  0.303607163569D-02  0.914173647214D-04 -0.277892235785D-03 -0.862432498495D-03
 -0.639108853677D-02 -0.173805789786D-02 -0.245185743838D-02 -0.267982980800D-02
  0.629760435749D-03 -0.255837418320D-03 -0.273876675336D-02  0.457421488263D-03
 -0.176099872862D-02  0.307975787294D-03 -0.208379753864D-02  0.271313035621D-03
  0.471175839630D-02  0.788251008952D-03 -0.219331273260D-02  0.100309810931D-03
 -0.463214419035D-03  0.195973164530D-02  0.819886225839D-02  0.244624232535D-02
  0.841860009681D-03  0.761339074261D-03 -0.717873479824D-03 -0.305054478539D-02
  0.159710089581D-02 -0.169861141324D-02  0.211777384204D-04  0.183797954212D-02
  0.937931296266D-04 -0.354169855315D-02  0.569499901891D-02 -0.421951633853D-02
 -0.727180347378D-02 -0.192566374806D-02  0.870698668635D-02  0.385504000980D-03
 -0.817007152314D-02 -0.701512891787D-02 -0.133827063032D-01 -0.962996135035D-02
 -0.186116126828D-01  0.199264345570D-01  0.116909885440D-01  0.107650989069D-01
  0.414072623165D-02  0.432509504706D-02  0.614979143594D-01  0.247745016751D-02
 -0.863860167477D-03  0.240326302207D-02 -0.699976726943D-02  0.666637073656D-02
 -0.660698589563D-02  0.343095035849D-03  0.161426253986D-02  0.129925353142D-02
 -0.311071315481D-02  0.264085160259D-02  0.577017358424D-03 -0.659435873781D-03
  0.142699653595D-02 -0.101670465956D-02 -0.453888830995D-02  0.226755312274D-02
 -0.105566273124D-02  0.444842350910D-03 -0.560859582577D-03 -0.586433613054D-02
  0.574841399346D-02  0.695917980537D-02 -0.577735234800D-02  0.343112918355D-03
  0.663955163574D-03 -0.317314186861D-02  0.113721423866D-02  0.704436538262D-02
 -0.149361996669D-01  0.473652197905D-02 -0.200940775212D-02 -0.312378784211D-02
  0.184101097976D-01  0.902298132814D-02 -0.176607036521D-03 -0.193822432661D-02
  0.411702107508D-02  0.704142046343D-02 -0.639570826332D-02  0.145815874757D-02
  0.672478676587D-04  0.443149906983D-03 -0.544105126606D-03  0.592650888141D-02
 -0.250521025059D-02 -0.338004277982D-02  0.600293172167D-02 -0.318425215336D-02
  0.954723537501D-03  0.450551755357D-02 -0.605539198017D-02  0.397663641351D-02
 -0.902483036422D-02 -0.743824487689D-02  0.280450959180D-02 -0.416399037181D-02
 -0.544008558683D-02 -0.437126853948D-02  0.959588253013D-02  0.386751118322D-02
 -0.233968896661D-01  0.295479091039D-01 -0.771287970253D-03 -0.249613836011D-02
  0.414835500408D-02 -0.425951854096D-02  0.427470363842D-02 -0.883177089366D-02
 -0.138435325583D-01  0.122020031251D-02  0.198466153886D-02 -0.157535563986D-01
 -0.820139893780D-03  0.351767194209D+00 -0.106279005363D-02  0.193589821009D-02
  0.365247464268D-03 -0.135530651111D-02  0.908054198746D-03  0.752363357858D-04
 -0.327450278324D-03  0.117053823577D-02  0.609855744424D-03 -0.112186864633D-02
  0.831550925962D-03 -0.131949277680D-02  0.145084083525D-03  0.211771719403D-02
  0.150115040081D-03 -0.211472025560D-02  0.129317043478D-02  0.242487775694D-02
  0.115509213135D-02  0.399787791093D-02 -0.324828159204D-03  0.127340842499D-02
  0.785960675627D-03 -0.263893775578D-03  0.144052572242D-03  0.208530033696D-02
 -0.193742587919D-02 -0.198904741777D-02 -0.823808211759D-03  0.240996641848D-02
  0.118997684334D-03  0.459996520273D-03  0.167946496736D-02 -0.296909330771D-02
 -0.405363738156D-02 -0.322601997424D-02  0.132684701332D-02  0.333825636234D-03
 -0.211989575051D-02 -0.154148269997D-02  0.410660542785D-03  0.153547429033D-02
  0.229720844016D-02  0.381821308956D-02  0.252479435642D-02  0.617996730059D-02
 -0.299460997749D-02  0.186607934592D-02  0.218061385809D-02 -0.224904602447D-03
 -0.106488604622D-02 -0.201677792628D-02 -0.871852917453D-03 -0.262766618923D-02
  0.756758172601D-02 -0.471422437917D-02  0.339712277216D-02  0.932703879680D-02
  0.306997654932D-03 -0.506964965693D-02 -0.808725246530D-02  0.722552310687D-02
 -0.177395419070D-01 -0.263800795656D-02 -0.369556561146D-02 -0.563196452591D-02
 -0.422912356211D-02 -0.647364434380D-02  0.558079926922D-02  0.115927389547D-02
  0.494697624596D-02 -0.226597438577D-02  0.188977995596D-02 -0.539059002203D-03
  0.613177429833D-02  0.368554616129D+00 -0.249480618624D-02  0.110146872364D-02
  0.143969459247D-02  0.961479088111D-03  0.348619132521D-02  0.262630975134D-02
 -0.147408659438D-03  0.580051969382D-04 -0.845311506472D-03  0.183870573749D-02
  0.276674991125D-02 -0.106947324857D-02 -0.300946341294D-03  0.787599502525D-03
  0.628068237979D-03 -0.763848291846D-03  0.360219701054D-02  0.110255991414D-02
  0.357944750922D-03  0.313399726983D-02 -0.559593598695D-03 -0.314186208637D-02
  0.194095291317D-02  0.108042960344D-02 -0.402547676238D-03  0.216280871367D-02
 -0.345091015690D-02 -0.151855002645D-02  0.851259364195D-03  0.834653743604D-02
 -0.875027696819D-03  0.121505745364D-02  0.233638346345D-02 -0.508807843670D-02
 -0.442104636371D-02 -0.419994383718D-02  0.246499964771D-02 -0.921967479479D-03
 -0.540866138061D-02  0.173143522354D-02  0.609396280954D-03  0.259560351194D-03
  0.901356031135D-03  0.287722474603D-02  0.358965709522D-02  0.867084426842D-02
 -0.234388377666D-02  0.175494293314D-02  0.112088147771D-02 -0.282272850936D-02
  0.251284085211D-02  0.483391086913D-03  0.144484488825D-02 -0.443187585568D-02
 -0.170726240349D-02 -0.499273715527D-02  0.134636443965D-02 -0.492813519473D-02
  0.296289093952D-02  0.551265554877D-04 -0.733751138641D-02  0.309021707649D-02
 -0.453156909602D-02 -0.243783896202D-02 -0.334552301139D-02 -0.108453061217D-01
 -0.588915812499D-02 -0.771897632254D-02  0.640737872918D-02  0.377075716901D-02
  0.357033206841D-02  0.493633619093D-03  0.472745834052D-02 -0.289445811056D-02
  0.755062207231D-02 -0.467389902836D-02  0.364856674068D+00 -0.319762187606D-03
  0.122465061229D-02  0.829436661177D-03 -0.101415307633D-02  0.234306209778D-02
 -0.136001814759D-02 -0.256479052874D-03  0.625403970995D-03  0.359948367648D-03
 -0.169489584153D-02  0.142853513137D-02 -0.882957136446D-03 -0.129138471141D-02
  0.835249894797D-03  0.130336113324D-03 -0.309004709923D-02  0.153857793578D-02
  0.313896951524D-03 -0.207649800934D-03  0.196643317000D-02 -0.868054282930D-03
  0.359657662080D-02  0.205826036572D-02 -0.354130141736D-02 -0.390788311456D-03
  0.377847438381D-02 -0.105508465272D-02  0.595577270698D-02  0.221868008020D-02
 -0.895759081638D-03  0.139485420920D-02 -0.647564196255D-03  0.100748043840D-02
  0.396670520835D-02 -0.563436450083D-03  0.517762578041D-03 -0.270427274290D-04
  0.224324777548D-02 -0.622917257526D-03 -0.318320840519D-02  0.484537278756D-03
  0.130033227984D-03 -0.173062061820D-02 -0.113040978296D-03  0.166012912073D-02
  0.687176658157D-02 -0.845309547740D-03  0.125399043817D-02 -0.160781991098D-02
 -0.919531862135D-03  0.503151525356D-02 -0.253065061439D-02  0.328251917600D-04
 -0.190898910566D-02 -0.240806355801D-02 -0.341271296130D-02  0.367418277936D-02
 -0.349013092372D-02 -0.667020028100D-02  0.195658251060D-01  0.442307931986D-02
 -0.685128282676D-02  0.546929403265D-01 -0.530556385904D-02 -0.522611648297D-02
 -0.500649476826D-02 -0.440489765641D-02 -0.534753714124D-02 -0.150195952397D-02
  0.211143276495D-03 -0.212545741614D-02  0.302197846918D-02  0.404872771308D-02
  0.131842563970D-02 -0.404938482272D-02 -0.752900046312D-02 -0.301187891836D-02
  0.380834699464D+00 -0.148875979732D-02  0.302360448412D-02  0.548624474889D-03
 -0.330719385463D-02 -0.231555834904D-02 -0.490128409027D-02 -0.635735756548D-03
  0.145544112769D-02  0.306514139063D-02 -0.450270060082D-02 -0.100580933439D-02
 -0.122352664919D-02 -0.492654146377D-03  0.201368407898D-02  0.177861263447D-02
 -0.604149028617D-02 -0.874760094498D-03 -0.147938793610D-02 -0.464439282566D-03
  0.485820642265D-02  0.362015793851D-02  0.616353225251D-03 -0.404514238619D-02
 -0.532114775425D-02 -0.109336958079D-02  0.526972643437D-02  0.293119056204D-02
  0.426645139074D-02 -0.363731984522D-02  0.285829856651D-02 -0.938269473750D-03
  0.304479071904D-03  0.435545449057D-02 -0.413190924509D-02 -0.546862018356D-02
 -0.732835858365D-03  0.933203318973D-03  0.233206989030D-02 -0.104415443492D-02
 -0.335257133409D-02 -0.356524096078D-04  0.403577824599D-03 -0.162343675150D-02
  0.228588645615D-02  0.166096712946D-03  0.977514156663D-02 -0.710941696100D-02
 -0.192862604477D-02  0.496814337411D-03  0.111088391368D-03 -0.638672328816D-03
 -0.683653544969D-02 -0.606029766105D-02  0.219582521656D-02  0.551306112937D-02
 -0.959715865582D-02  0.136451152040D-01  0.705058007486D-02 -0.118881761415D-01
  0.187225911302D-01  0.108622319805D-02 -0.406988636515D-02  0.402805644826D-01
 -0.379715858663D-02 -0.881660897714D-02 -0.911056238410D-02 -0.556720324062D-02
 -0.962089385786D-02 -0.111699768529D-01 -0.512716952426D-02 -0.888839590677D-02
 -0.975683953964D-02 -0.995213546107D-02 -0.149632877540D-01  0.379861791094D-02
 -0.117698768084D-01 -0.126172014611D-01 -0.429826949954D-02  0.398372408603D+00
  0.101915390882D-02  0.251380540891D-02 -0.478350817662D-02  0.349623968432D-02
 -0.592043677613D-02  0.156809465715D-03 -0.183433168124D-03  0.374392253688D-03
 -0.100491179304D-02 -0.372296130235D-02 -0.215848151700D-02 -0.289372513052D-02
 -0.122623225189D-02  0.763190205607D-03 -0.240541102489D-02  0.225976296959D-02
 -0.258913948155D-02  0.628701546460D-02  0.166910674349D-02  0.156938603851D-02
 -0.309248903165D-02  0.107661178058D-01  0.384797630155D-03  0.249532770870D-02
  0.276360245625D-02  0.200049763543D-02  0.927287742547D-03  0.310265874132D-02
 -0.139629163679D-02 -0.798583241246D-02  0.182127440856D-02 -0.251206269772D-02
 -0.425353216398D-02  0.439780307745D-02 -0.178459863727D-03  0.466164096167D-02
 -0.310625846840D-02 -0.564584324803D-03  0.391812571476D-02 -0.430021535925D-02
 -0.668039272416D-03  0.210569426097D-02  0.287061657399D-02  0.233895531951D-02
 -0.356404319887D-02  0.163809665328D-02  0.532494118739D-02 -0.870260859443D-03
  0.438762544489D-03  0.292944869455D-02 -0.369751949403D-02  0.622534625240D-02
 -0.402462492696D-03  0.151012534266D-02  0.274874669745D-01 -0.561904285102D-02
  0.104430100881D-01  0.385930767069D-01 -0.325402808376D-02 -0.165446239881D-02
  0.820285362654D-05  0.185014449649D-01 -0.209234124496D-01 -0.107906268736D-02
  0.354007168142D-02  0.721102477495D-02 -0.685182249145D-04 -0.126649310375D-01
  0.325294713384D-01  0.124281820523D-01  0.212647751239D-01  0.100437685519D-01
  0.190367914740D-01  0.127465472933D-01 -0.134908765271D-01  0.150993729462D-01
  0.100865817129D-01 -0.444428591059D-02 -0.127272377058D-01  0.405415790892D+00
 -0.556798075802D-03  0.286548781649D-02 -0.164468967451D-02  0.292199945966D-02
  0.678756472956D-03  0.222473812306D-02 -0.180101536555D-03 -0.209685107416D-03
 -0.287260187079D-02  0.171344290833D-02  0.190127670752D-02  0.204508277100D-02
  0.883865462248D-06 -0.372109593202D-03 -0.713775410299D-04  0.230049388097D-02
  0.195735300365D-02 -0.110234157166D-03  0.590211084230D-04  0.814166100006D-03
 -0.171894430250D-02 -0.163091467791D-02  0.239089492805D-02  0.261674479701D-02
  0.192808319760D-03  0.998844035028D-03 -0.197485999894D-02  0.121367783747D-02
  0.260347285470D-02  0.349982657601D-02  0.190496906465D-02  0.237567080432D-03
 -0.992832260322D-03  0.357670406073D-02 -0.835291964334D-03  0.100813196303D-02
  0.242040978027D-04 -0.173811476704D-02 -0.354658729941D-02  0.966848894425D-03
  0.104155102441D-02 -0.775973042777D-03  0.451370330709D-02  0.303186116556D-02
  0.203773645958D-02  0.522029179717D-02  0.313054306389D-02 -0.186326424135D-02
  0.609392251971D-03 -0.863967345395D-03  0.468005505603D-03  0.802581631164D-02
  0.478759763918D-02 -0.207734818860D-02 -0.573330149159D-02 -0.510971554132D-02
 -0.422451662196D-02 -0.118485847144D-01  0.397949833901D-02 -0.257042035761D-01
 -0.168772602773D-01  0.194575915373D-01 -0.783866681678D-01 -0.584318928138D-02
  0.274877146016D-03 -0.370399431177D-02 -0.352728425081D-02 -0.464936078108D-02
  0.879691971285D-02  0.158467856706D-01 -0.276369436602D-02  0.135804147699D-01
  0.161431365063D-01  0.935166534201D-02 -0.115045466548D-01 -0.120183680734D-02
 -0.359685948472D-03 -0.311348731777D-02 -0.890912939114D-02  0.145961712119D-01
  0.389061262480D+00 -0.180820762577D-02 -0.104207109783D-02 -0.206006367876D-02
  0.140084049710D-03 -0.542061813074D-02  0.324714353630D-02 -0.589091190461D-03
 -0.440463767886D-03  0.868691144529D-03 -0.268740017318D-02 -0.306610279428D-02
 -0.403577982816D-02 -0.115585441022D-02  0.381411918284D-04 -0.179712712341D-03
  0.618191504810D-03 -0.276468145922D-02  0.337596655519D-02  0.401104886552D-03
  0.134934837932D-02  0.300946059897D-02  0.381636858777D-02 -0.489781063605D-02
  0.228923208820D-02  0.818881979283D-03  0.694518253113D-03  0.304457581681D-02
  0.205864531737D-02 -0.613878693662D-02  0.271139782694D-02 -0.289842309936D-02
 -0.623360780602D-03  0.120645428032D-02 -0.967242642525D-02 -0.627532649660D-02
  0.534042163964D-03 -0.846771542647D-04 -0.159355391517D-02 -0.746103412527D-03
 -0.869339392636D-03 -0.147789844357D-02  0.903691337478D-04 -0.187170370410D-02
  0.501030853120D-03 -0.404513754939D-02 -0.426149243271D-03  0.410317750212D-03
  0.421668849440D-03  0.977700320364D-03 -0.121787734738D-02 -0.436028345280D-02
 -0.310655223600D-02 -0.632386507301D-02  0.599189655691D-02  0.701820303685D-02
 -0.491620561925D-02  0.115734948276D-01  0.569199721270D-02 -0.903320304126D-02
  0.181293314937D-01  0.567340122398D-02  0.199877027589D-02  0.502099920468D-01
  0.279718640170D-02  0.221822634381D-04 -0.235091365075D-02 -0.183213351796D-02
 -0.128807451742D-01  0.184383703117D-01 -0.437610573259D-02  0.190609499347D-01
 -0.314432598201D-03  0.964888917842D-02  0.282009169013D-02  0.749519268473D-02
  0.493274624718D-04 -0.118018921739D-02  0.600170702700D-03 -0.105934869099D-01
  0.204578737805D-01 -0.110466220611D-01  0.382340979942D+00 -0.178838904358D-02
 -0.186662716247D-03 -0.194061529774D-02 -0.207417824720D-02 -0.185689092117D-03
 -0.303823982867D-02 -0.324154337642D-03 -0.156651021562D-03  0.353268244905D-02
  0.227443966527D-03 -0.137339492924D-02  0.648481837409D-03 -0.448504253678D-03
 -0.793546699563D-05 -0.240064534827D-03  0.173715232292D-04 -0.807539816654D-03
  0.259047445948D-02 -0.421215850361D-03 -0.117612611155D-02  0.637868698201D-03
  0.304609840120D-03 -0.162366904096D-02 -0.414157312459D-02 -0.527190663967D-03
  0.319479702712D-03  0.138893169098D-02  0.768982337533D-02 -0.542849926032D-03
 -0.671134449949D-02  0.456114417225D-03 -0.725617068199D-04  0.186332952493D-02
  0.261969126165D-02 -0.195846126085D-02  0.345897341069D-02 -0.730865372401D-04
  0.193934195912D-02  0.133620747916D-02 -0.136779732541D-02 -0.361557359484D-03
 -0.953407844599D-02 -0.485675125071D-02 -0.708730854665D-02  0.488750959678D-02
  0.300904826349D-03 -0.345143194034D-02  0.354481827007D-02  0.274920455019D-02
 -0.136925179073D-05 -0.226758722188D-02  0.276233020416D-03 -0.723173424878D-02
 -0.220560357387D-02  0.150555156640D-01  0.155942232717D-01 -0.325435016194D-02
  0.156926788654D-01 -0.605879081133D-02  0.594453068982D-01  0.304758135915D-01
 -0.159378844257D-01  0.174702603776D+00 -0.794119213426D-03 -0.101157692929D-02
 -0.126079053840D-02  0.100654532994D-02  0.864865536768D-02 -0.429464141934D-02
 -0.794493409485D-02  0.391759112861D-03 -0.103210824486D-02 -0.425394154573D-02
 -0.326621470191D-02  0.957023685847D-03 -0.116832458984D-01  0.517822319372D-02
  0.252803826487D-01  0.172659375345D-01 -0.160094199833D-01 -0.100934794501D-01
  0.271146401242D-02  0.955346607344D-01 -0.133823082440D-02 -0.360959107929D-02
  0.406695529073D-02 -0.800780605345D-02  0.299879850497D-02  0.467456029798D-02
 -0.102173377454D-02  0.520157752436D-03  0.539232412806D-02  0.890804424665D-03
 -0.780381387700D-03  0.823347162233D-02  0.471789697161D-03  0.172623207823D-02
 -0.283424953385D-03 -0.101571764714D-02 -0.589377301962D-03  0.721672228638D-03
  0.766678774913D-03  0.158884083935D-03  0.360982732138D-02 -0.412801850071D-02
 -0.124465948470D-02 -0.526967679247D-03 -0.229673796827D-02 -0.319101769931D-02
  0.120386124787D-02 -0.413232268184D-02 -0.558307188969D-03 -0.112157975322D-01
  0.601772556447D-02  0.334192680929D-03  0.111708901592D-02  0.177285188284D-01
  0.166754187015D-02 -0.896797145636D-02  0.299421513715D-03  0.114402590222D-02
  0.153653069688D-02 -0.101610257015D-01  0.696436049268D-03 -0.591291609694D-02
  0.219613021314D-02 -0.273952506317D-02  0.103091205869D-01 -0.760236984379D-02
 -0.550482866913D-02  0.618790975608D-02  0.101762756993D-02 -0.938045647706D-03
 -0.419878372536D-03 -0.425919041318D-02 -0.329572321710D-02 -0.283343296149D-02
 -0.138773565319D-01  0.327506662237D-02 -0.896103755119D-02 -0.298315051256D-01
  0.113719489575D-02 -0.273264533905D-01 -0.122721071124D-01 -0.390822411998D-01
 -0.734158539489D-01  0.305677666342D-02 -0.391511539833D-02 -0.168771599086D-02
 -0.820649177892D-03  0.123394049570D-01 -0.176794605753D-01 -0.152043175826D-01
 -0.119633514412D-02 -0.109983774346D-01 -0.168698977620D-01 -0.100623324915D-01
  0.204952995697D-01  0.429238605127D-02  0.100283683873D-01 -0.323273849116D-02
 -0.624689892501D-02 -0.275036427255D-01  0.175362483829D-03 -0.105244844064D-01
  0.388164316721D-03  0.709173618221D-01 -0.126455092012D-02 -0.160182855861D-02
  0.112613157056D-02  0.130393343576D-02  0.152237297410D-02 -0.240957093370D-02
 -0.478465334015D-03 -0.637259293968D-03  0.257364658601D-02  0.610647112703D-03
  0.939931922217D-04 -0.283945235146D-02 -0.531155737218D-03  0.789253437281D-03
 -0.171092784137D-03 -0.192797672915D-02  0.687144479374D-03  0.324899809663D-02
 -0.278062201813D-03 -0.795598889651D-04  0.947864918710D-03  0.123185780665D-02
  0.116997852960D-02 -0.422626117820D-02 -0.191160717571D-02 -0.204337075458D-02
 -0.279616041513D-02 -0.561412591534D-02 -0.131320615130D-02  0.114783252833D-02
 -0.674041250346D-02  0.890063259430D-03  0.285114379273D-02 -0.134871941700D-01
 -0.345379051980D-02 -0.299812211377D-02 -0.102874825838D-03  0.117931698542D-02
 -0.624127178854D-03  0.400154142589D-02 -0.207878701295D-02  0.312589033420D-02
 -0.367417819042D-02 -0.377378347265D-02 -0.376845057475D-05 -0.174113154095D-02
 -0.246556168264D-02  0.493878677971D-02  0.111732062440D-02 -0.327405230089D-04
  0.409148510888D-02 -0.355040269086D-02 -0.332053216450D-02 -0.148555724012D-02
  0.970878170395D-02  0.114461159038D-01 -0.109283502807D-02  0.210219304002D-01
 -0.313111215741D-02  0.678074214270D-01  0.338524825592D-01 -0.102901678593D-01
  0.193646879227D+00 -0.302654911903D-03 -0.147657280434D-02 -0.756672393579D-03
  0.355482263011D-02  0.151594261944D-01 -0.102923825612D-01 -0.555515650838D-02
 -0.292848642465D-02 -0.101324424271D-01 -0.850446195659D-02 -0.739172614861D-02
  0.147602390714D-01  0.144285998048D-02  0.359155649021D-02  0.190225652061D-01
  0.235419632944D-01 -0.152938747456D-01 -0.289606144792D-01  0.168249523273D-02
  0.477086338407D-01 -0.117855469173D-01  0.109705508300D+00 -0.125842635706D-03
  0.160359319119D-01 -0.990160111102D-02  0.495555808741D-02 -0.591620204012D-02
 -0.628766798830D-02 -0.486975654810D-03  0.777104417784D-03 -0.566958275231D-02
  0.112897335468D-02 -0.504961310343D-03  0.459275401238D-02  0.445850651947D-03
  0.210734075629D-03  0.255437832752D-02 -0.270233395104D-02 -0.273929652745D-02
 -0.432406128799D-02 -0.659806915476D-03 -0.302162964956D-02  0.248576483352D-02
  0.107126727749D-01 -0.209571240178D-03  0.843757012633D-03  0.574115374565D-03
 -0.331519319035D-02  0.216098281330D-02  0.122331627362D-01  0.288043394706D-02
  0.111063643608D-02  0.203603655250D-02  0.641020781302D-04 -0.807426739453D-04
  0.207282943614D-02  0.187427896584D-02  0.495418443076D-02  0.554664903151D-03
 -0.140405803518D-02 -0.216618414309D-02  0.597677127180D-02 -0.133763655296D-03
 -0.863833978701D-03  0.147239890219D-02  0.236818794595D-02 -0.120520021250D-02
  0.111163901335D-01  0.777598558952D-02 -0.729900132069D-02  0.354990983069D-02
  0.690136272181D-02 -0.998303138993D-02  0.289598943859D-01  0.422351950571D-02
 -0.191366523618D-02  0.113758489786D-01 -0.361788530313D-02  0.105722881498D-01
 -0.573282635114D-03  0.330487291918D-02  0.117558277120D-01 -0.493250254555D-03
  0.417923973719D-01 -0.141360975359D-02 -0.240987498598D-01 -0.754460529071D-02
  0.739678648270D-03  0.615035775163D-02  0.278308811772D-01 -0.411339088552D-01
  0.273252231850D-01 -0.607319327960D-01 -0.632915355186D-02  0.228323874355D-01
  0.132802293211D-01 -0.454465799771D-01 -0.112021412367D-01 -0.849991453490D-03
  0.853874719703D-02  0.345908007566D-01 -0.479448796915D-01  0.300105696704D-01
 -0.534307447184D-01  0.107058694481D-01 -0.229122050054D-01 -0.866790775863D-02
  0.253136555149D+00  0.140496472766D-02  0.191667821365D-02  0.234153604116D-02
  0.788581296793D-03  0.209622733482D-02  0.145677610194D-01 -0.838923355052D-03
 -0.110136173609D-03  0.569075133824D-03 -0.133496983482D-02 -0.123952119772D-02
  0.112463702748D-01 -0.602223528862D-03  0.257619079122D-03 -0.943907102484D-03
  0.158393122649D-02 -0.180276986593D-02 -0.435097937755D-02  0.333228229388D-03
  0.117844853906D-02  0.244182518026D-02  0.801046273753D-02  0.102844631141D-02
 -0.190037412229D-03 -0.119458100048D-02  0.242400468188D-02  0.636269296900D-03
  0.844685019921D-02  0.476537243274D-02 -0.941211906604D-03  0.235020787811D-02
 -0.197988174857D-02 -0.195087505831D-02  0.431828395129D-02  0.370815671208D-02
  0.580192802147D-02 -0.220679253397D-02  0.286424420943D-02  0.591276478669D-03
 -0.658189493178D-02 -0.602660000200D-03  0.772618377289D-02  0.709131699055D-03
 -0.430349710004D-02 -0.962683901822D-02  0.339966356621D-02  0.123683656054D-01
 -0.109776347953D-02 -0.338362545220D-02  0.608074155599D-03  0.129479504492D-01
  0.223981182681D-02  0.316882872254D-02  0.116910022052D-01  0.880257499955D-02
 -0.666210852926D-02  0.516414482653D-02  0.106904543506D-01  0.136689923810D-02
  0.100048182769D-01 -0.606581041076D-02  0.105979547159D-02  0.130512851713D-01
 -0.520931755150D-02 -0.425770340152D-02 -0.682469997892D-03 -0.263621380218D-02
 -0.831233833065D-02 -0.973616929804D-03  0.251593812867D-02 -0.345512347983D-02
  0.110382141990D-02  0.732119192861D-02 -0.765319459641D-02 -0.860502155330D-02
 -0.589712586733D-03 -0.230809952441D-02 -0.727474064656D-02 -0.769497748852D-02
  0.244611119031D-02  0.164615446272D-02 -0.115743923033D-02  0.438686229452D-02
 -0.115764663551D-01  0.122372416027D-01  0.224029216995D-01  0.381253927660D+00
$end
