$energy      SCF               SCFKIN            SCFPOT            RIRPA
     1 -645.1281454052      0.00000000      0.00000000     -4.400322757445
     2 -645.1287492709      0.00000000      0.00000000     -4.399739386462
     3 -645.1288282737      0.00000000      0.00000000     -4.399648194146
     4 -645.1289066326      0.00000000      0.00000000     -4.399582842434
     5 -645.1288993614      0.00000000      0.00000000     -4.399590453400
     6 -645.1288963177      0.00000000      0.00000000     -4.399593426995
     7 -645.1288966437      0.00000000      0.00000000     -4.399593261243
     8 -645.1289025916      0.00000000      0.00000000     -4.399587196113
     9 -645.1289081543      0.00000000      0.00000000     -4.399581788763
    10 -645.1288992357      0.00000000      0.00000000     -4.399590813350
    11 -645.1288981372      0.00000000      0.00000000     -4.399591920311
    12 -645.1288959660      0.00000000      0.00000000     -4.399593928199
    13 -645.1288946032      0.00000000      0.00000000     -4.399595289242
    14 -645.1288936709      0.00000000      0.00000000     -4.399596092189
$end
