$hessapprox internal
  0.102837463124D+01 -0.102619839261D-01  0.447030604312D+00 -0.771015825384D-02
 -0.104391601967D-01  0.198958960477D+00  0.125025100363D-02  0.927511019703D-03
 -0.359623358033D-02  0.251051296448D-01 -0.150947453331D-01  0.442143801270D-03
 -0.164680818050D-02  0.851350404431D-03  0.603136798458D+00  0.802572836203D-02
 -0.274156506779D-01 -0.250685977924D-02  0.154605140523D-02  0.857021345536D-02
  0.342137992478D+00 -0.415390481031D-01 -0.872344179884D-02 -0.768546772099D-02
  0.186578617119D-02 -0.120519807058D-01  0.458832924206D-02  0.108646206605D+01
  0.953209075719D-02 -0.418816556834D-02  0.192565850499D-02  0.315588004810D-03
  0.380492952738D-02 -0.883286962447D-02  0.745854206961D-02  0.459559240636D+00
  0.131288701666D-02  0.720931694755D-02 -0.151779340678D-01  0.872423066628D-03
 -0.106040539534D-02  0.159450787178D-02  0.634954511255D-03 -0.563031925375D-02
  0.216501709978D+00 -0.144098478406D-01 -0.396974576783D-02 -0.122292684865D-02
  0.773592459508D-03 -0.476612604664D-02 -0.972565545969D-03 -0.125270089278D-01
  0.178979815422D-02 -0.106263657421D-02  0.442459859489D+00  0.819603372980D-02
 -0.123078558217D-01 -0.176943976715D-02  0.671106948758D-03  0.522023713434D-02
 -0.221754910043D-01  0.553248277784D-02 -0.513950407903D-02  0.894044587066D-03
  0.542055085434D-03  0.361426668907D+00  0.177931115322D-02  0.334434351979D-02
 -0.486491053285D-02  0.208931346824D-02  0.722653414020D-03  0.159928875974D-02
  0.277153069295D-02 -0.737403683694D-03 -0.837878255409D-03  0.524445751571D-03
  0.902498798614D-03  0.958555278607D-01 -0.127361981991D-01 -0.183790201810D-02
 -0.139515560146D-02  0.910677802094D-03 -0.467700284038D-02  0.197279101830D-02
 -0.110541829512D-01  0.210335598568D-02 -0.108367102654D-02 -0.522866858038D-02
  0.187941927363D-02  0.934987547568D-03  0.442025348581D+00  0.469084983766D-02
 -0.367918450485D-02 -0.362829655075D-03  0.279707535389D-03  0.203682855602D-02
 -0.817624550878D-02  0.307250639608D-02 -0.226307252839D-02  0.882063537456D-04
  0.232407470001D-03 -0.431381152123D-02  0.174127253976D-03  0.599752494949D-03
  0.370092996192D+00 -0.103662874811D-02 -0.243110019905D-02 -0.911642247119D-04
  0.117144279941D-02  0.398229748003D-03 -0.406903260099D-02 -0.185265842510D-02
 -0.165699089352D-02  0.698867039434D-04  0.775643450882D-05 -0.224723454113D-02
 -0.230931365036D-01 -0.206824423625D-03 -0.551915730268D-03  0.101976619166D+00
 -0.114027481890D-01 -0.222523051285D-02 -0.123140881386D-02  0.845719162252D-03
 -0.426977974784D-02  0.345415945779D-03 -0.102040402973D-01  0.148624830692D-02
 -0.932755953777D-03 -0.512860320418D-02  0.980418102455D-03  0.944591401059D-03
 -0.481526704292D-02  0.199402052872D-03 -0.265424995750D-03  0.443191814861D+00
  0.590410870674D-03 -0.263341591700D-02 -0.415512988296D-03  0.756994783154D-04
  0.678185879048D-03 -0.446674027550D-02  0.180202438031D-03 -0.100731023786D-02
  0.279736494926D-03 -0.210945119688D-03 -0.221186410479D-02  0.141785303286D-03
  0.631962101449D-04 -0.822767705557D-03 -0.407814892694D-03 -0.884983681880D-04
  0.371822378708D+00  0.585141017787D-02  0.508532368667D-02 -0.461700918221D-02
  0.277680033335D-02  0.210268439724D-02  0.848626601544D-02  0.613191488506D-02
  0.364926172900D-02 -0.706580740763D-03  0.172724169776D-02  0.523305060173D-02
 -0.218054222018D-03  0.264691473162D-02  0.158605004455D-02  0.192959489159D-01
  0.210277300361D-02  0.776482703788D-03  0.104694876330D+00 -0.143677341533D-01
 -0.299430328838D-02 -0.144377970592D-02  0.679576388492D-03 -0.513505785650D-02
  0.255577335197D-03 -0.126511710689D-01  0.183003855195D-02 -0.762904242188D-03
 -0.587111347199D-02  0.119305578171D-02  0.637215694883D-03 -0.546150579544D-02
  0.406606212592D-03 -0.474861495328D-03 -0.533638926799D-02 -0.830107370286D-04
  0.226919969210D-02  0.444534980010D+00  0.144882103781D-02 -0.314207449057D-02
 -0.399259125676D-03 -0.173856544571D-04  0.101143112449D-02 -0.546614352525D-02
  0.773607281032D-03 -0.138931488458D-02  0.166996141404D-03 -0.272549894623D-04
 -0.281602989220D-02  0.988163706001D-04  0.268017047107D-03 -0.106656852884D-02
 -0.428683526198D-03  0.751106953804D-04 -0.554075375156D-03  0.850482140264D-03
  0.123575799651D-03  0.371040091024D+00  0.968598124410D-03 -0.382383627028D-02
  0.118065074169D-01 -0.502936734580D-02 -0.723238759972D-03 -0.544002140386D-02
 -0.128934932318D-02 -0.142874101893D-02 -0.377273470299D-03 -0.975734007918D-03
 -0.317455385872D-02 -0.678102047358D-03 -0.110767052915D-02 -0.153522068208D-02
  0.154551771263D-02 -0.123428066346D-02 -0.535351740368D-03  0.172998259462D-01
 -0.682925787307D-03 -0.461109401848D-03  0.983528970466D-01 -0.851048947701D-03
  0.135603017177D-02  0.393134158704D-03 -0.722728191412D-04 -0.580380715658D-03
  0.206961756987D-02 -0.636709110695D-03  0.502279523852D-03  0.297049039142D-04
 -0.135648318700D-03  0.110783044731D-02 -0.980826911554D-04 -0.273203521273D-03
  0.415694856643D-03  0.287079012018D-03 -0.187401005295D-03  0.227771439787D-03
 -0.580835687075D-03 -0.187408148735D-03  0.313118003302D-03  0.566603866906D-03
  0.918238047676D-02 -0.103291160988D-01 -0.349682012457D-02 -0.450344428198D-03
  0.511570374953D-03 -0.426489875267D-02 -0.337439255067D-02 -0.103922018885D-01
 -0.351466945261D-03 -0.136573492371D-03 -0.581827677037D-02 -0.113107036023D-02
  0.275560897436D-04 -0.554739310291D-02 -0.799036835391D-03  0.221515812776D-03
 -0.564301418273D-02 -0.450817803198D-03  0.139704519355D-03 -0.605695300214D-02
 -0.377239097355D-03 -0.766060244766D-03  0.393638968837D-04  0.433123350089D+00
 -0.140022580031D-01 -0.569641858958D-02 -0.974857681159D-03  0.705785697914D-03
 -0.487378595097D-02 -0.455044368429D-02 -0.131773014434D-01  0.307639872988D-03
 -0.585004293327D-03 -0.663134931947D-02 -0.133868661858D-02  0.289786138197D-03
 -0.606612719093D-02 -0.675227995018D-03 -0.185420631751D-03 -0.613775454832D-02
 -0.571459146875D-03  0.152294146964D-02 -0.676716007510D-02 -0.474069583051D-03
 -0.118387143521D-02  0.598054027928D-04 -0.725841801885D-02  0.427515003966D+00
 -0.148196649694D-01 -0.477899101779D-02 -0.104407177495D-02  0.788524139740D-03
 -0.502882146761D-02 -0.420592138405D-02 -0.133320836788D-01  0.131837321751D-02
 -0.170536786314D-02 -0.646031079647D-02 -0.106389999725D-02  0.836949491038D-03
 -0.593912266398D-02 -0.432193965839D-03  0.324874233194D-03 -0.593334616777D-02
 -0.521651538598D-03  0.122330440839D-02 -0.665529494722D-02 -0.375205434684D-03
 -0.104902078603D-02  0.104392791911D-04 -0.697289476060D-02 -0.788340760840D-02
  0.426515604077D+00  0.361294556020D-02 -0.303673708079D-01 -0.221246693668D-02
  0.128641336410D-02  0.826600691109D-02 -0.487535289991D-01  0.159137602155D-02
 -0.786330368234D-02  0.763663064018D-03 -0.136193622622D-02 -0.233483457982D-01
  0.212148396234D-02  0.196100111018D-02 -0.812391863363D-02 -0.451785183616D-02
  0.449729199902D-03 -0.473103524728D-02  0.841698360979D-02  0.110314435484D-03
 -0.565568565957D-02 -0.409268537065D-02  0.217259891188D-02 -0.291978616299D-02
 -0.469673142289D-02 -0.423750479594D-02  0.278967504961D+00 -0.127757170556D-02
  0.920449037283D-02  0.227131700207D-02 -0.284169375023D-03 -0.277400454468D-02
  0.141535116454D-01 -0.861713701625D-03  0.295450878492D-02 -0.241124486140D-02
 -0.263605223990D-04  0.688006814699D-02 -0.319759085027D-03 -0.105679148844D-02
  0.229968582905D-02  0.138488660350D-02 -0.669758156494D-03  0.139292084510D-02
 -0.229816426541D-02 -0.520356874240D-03  0.173418607465D-02  0.129519449997D-02
 -0.709675316338D-03  0.434517655419D-04  0.710022567243D-03  0.814958665961D-03
  0.158876700777D-01  0.321106682740D+00  0.695531803113D-02  0.582379317370D-02
 -0.188140815610D-03  0.101798602791D-03  0.366470261543D-03  0.571062918857D-02
  0.501449281093D-02 -0.730139875034D-03  0.143415419966D-03  0.100452684243D-02
  0.208864411402D-02  0.451539544651D-03  0.374408266559D-03  0.150040318614D-03
  0.109084858657D-03  0.271361148901D-03  0.492706591007D-03  0.639753560627D-03
  0.751270690605D-03  0.435200009247D-03 -0.759490697648D-03 -0.174806725579D-03
 -0.202467989010D-03  0.756466138826D-03  0.917096833647D-03  0.755728166279D-02
 -0.249672758430D-02  0.319753921517D+00  0.615300306719D-02 -0.706619521053D-02
 -0.420841162329D-03  0.647553296055D-03  0.309161548300D-02 -0.151856966433D-01
  0.384049158821D-02 -0.323613744258D-02 -0.695374870253D-03 -0.152611636903D-03
 -0.770521235422D-02  0.867591510842D-03  0.613823778300D-03 -0.315551194495D-02
 -0.139995064603D-02 -0.875386686327D-04 -0.150196447468D-02  0.335241935136D-02
  0.178738051145D-03 -0.187044268256D-02 -0.238602995297D-02  0.700412217614D-03
 -0.193085504909D-02 -0.182499254539D-02 -0.125488589419D-02 -0.152458632548D-01
  0.439645992505D-02  0.723962162493D-03  0.333258019739D+00  0.745854989557D-02
 -0.618658962832D-03 -0.388836849545D-03  0.695470623055D-03  0.226549842075D-02
 -0.537910649714D-02  0.551922528671D-02 -0.141436550377D-02 -0.147550327326D-02
  0.769518792437D-03 -0.305520466141D-02  0.184823956494D-02  0.928660846908D-03
 -0.157348833039D-02 -0.972828724631D-03  0.472516803605D-03 -0.569900029430D-03
  0.342295611561D-02  0.822246722045D-03 -0.785188104040D-03 -0.204978994922D-02
  0.245508560044D-03 -0.967648632441D-03 -0.374298120820D-03  0.265061793914D-03
 -0.445038654461D-02  0.126788428527D-02 -0.818135398329D-03 -0.238325379686D-02
  0.340720936451D+00  0.200093794162D-03 -0.536279323002D-02  0.518111198870D-02
 -0.163899819477D-02  0.123882420041D-03 -0.924024552824D-03 -0.115638817406D-02
 -0.101492496932D-02 -0.843637003497D-02  0.135110782996D-03 -0.158615834589D-02
  0.216251255664D-03 -0.174411742835D-04 -0.719764581407D-03  0.293969067318D-03
 -0.582843348800D-04 -0.369224077214D-03  0.249759607189D-03 -0.487161275021D-04
 -0.723828812075D-03  0.981630338403D-03  0.507331058994D-03 -0.286350279834D-03
 -0.178109547473D-03 -0.270353579431D-05  0.190439978986D-03  0.121302462291D-02
 -0.142980718248D-02 -0.672376839945D-03 -0.752905279362D-03  0.912186165263D-02
  0.520138958523D-02  0.261854779004D-01  0.154512530414D-02  0.199519283646D-02
 -0.713105368119D-02  0.314578437769D-01  0.179629256992D-02  0.420701499440D-02
 -0.375940401453D-02 -0.383522667550D-02  0.147582522475D-01  0.197533489833D-02
 -0.643695198820D-02  0.309753929368D-02  0.259326276748D-02 -0.635087493251D-02
  0.287116757274D-02  0.371891178080D-03 -0.551599194969D-02  0.351591272986D-02
 -0.353215679662D-02 -0.181656083455D-02 -0.828278764956D-02 -0.537504048124D-02
 -0.408678811002D-02  0.387539166368D-01 -0.135125172806D-01 -0.999017128070D-02
  0.635945028177D-02 -0.451687030739D-03  0.286719809089D-03  0.577903602586D+00
 -0.491429939095D-02  0.230265984620D-02 -0.848169992433D-02  0.264787222976D-02
  0.172386326227D-02  0.112752756359D-01  0.127230228323D-02  0.503031154663D-02
  0.288612575130D-02  0.353391388658D-02  0.596768279988D-02  0.428432655039D-02
  0.404739638940D-02  0.334238440547D-02 -0.727740065794D-03  0.452424541546D-02
  0.953854226688D-03  0.618952140255D-02  0.331717780151D-02  0.993532210709D-03
 -0.648587891418D-02 -0.606051937964D-03  0.597231818381D-02  0.533321677341D-02
  0.491517478067D-02  0.802309739271D-02 -0.149372926821D-02  0.295105143324D-02
  0.587676302349D-02  0.521430085815D-02 -0.214467216081D-02  0.158928067856D-01
  0.407108270578D+00 -0.587720656574D-02 -0.236732140066D-02  0.126054969673D-01
  0.469776478427D-03 -0.764286637379D-03  0.322793826012D-02 -0.275800172844D-02
  0.983909659006D-02 -0.264177748869D-01  0.393717052194D-03  0.201060696216D-02
  0.350301674951D-02  0.272197924149D-03  0.122205757186D-02  0.102559944747D-02
  0.311759087673D-03  0.170784247599D-03  0.244707411596D-02 -0.236698620601D-03
  0.486219858520D-03 -0.253466050609D-02 -0.430019904290D-03 -0.859234248774D-03
 -0.402281600550D-03  0.215292325340D-02  0.485723375508D-02  0.129205490542D-02
 -0.230600956627D-03  0.356412225743D-02  0.404359188851D-02  0.781570037033D-02
  0.288360892454D-02 -0.904125318601D-03  0.552664177081D-01 -0.795799509926D-02
  0.380899769844D-02 -0.240576706375D-04  0.722041330993D-03 -0.608144631057D-02
  0.475488554562D-02 -0.935080081859D-02  0.158343373988D-03 -0.103915823978D-02
 -0.676193299531D-02  0.243243267381D-02  0.103264451624D-02 -0.728938971259D-02
 -0.185865932457D-03  0.793940304065D-03 -0.734373272234D-02  0.259689235647D-03
 -0.492070416970D-03 -0.749209515232D-02  0.443695388000D-03 -0.988192929120D-03
 -0.354957075553D-03 -0.891803185433D-02 -0.874284623058D-02 -0.792139111999D-02
  0.751459020362D-02 -0.355438684848D-02 -0.329200459519D-02 -0.540250351581D-03
 -0.141629364012D-02 -0.858168343417D-03 -0.233684132997D-01  0.103234120169D-01
 -0.689514571902D-04  0.409663495723D+00  0.161086704032D-03 -0.426627098978D-02
 -0.138709683731D-02 -0.707343608089D-03  0.188384841966D-02 -0.234968698938D-02
  0.601720896992D-03 -0.265154903854D-02  0.622435612196D-02  0.133588427198D-02
 -0.112234570175D-02  0.140094421958D-02  0.177085211360D-02 -0.161447500020D-05
 -0.469518849619D-03  0.197026537138D-02 -0.177600050921D-03 -0.106628756355D-02
  0.173933242961D-02 -0.273142603399D-03  0.191012210446D-02  0.208096320073D-03
  0.333499422327D-02  0.244364893646D-02  0.982679952715D-03 -0.482075752084D-02
  0.105323291813D-02  0.216143825760D-02 -0.939226271743D-03 -0.337643887594D-03
  0.534337489600D-03  0.942254190772D-02 -0.449972783286D-02 -0.104683851313D-01
  0.647507806563D-02  0.403168426136D+00 -0.496814441853D-02 -0.906892101626D-02
  0.390593405003D-03  0.177957906118D-02  0.786882915922D-03 -0.458360140217D-02
 -0.323370371843D-02  0.206228834936D-02 -0.490195540018D-02 -0.178314150361D-02
 -0.174667943796D-02  0.140884953080D-02 -0.736402038552D-03 -0.564645548109D-03
 -0.171336958679D-02 -0.105162172522D-02 -0.699768315941D-03  0.667404207431D-02
 -0.183504710873D-02 -0.775685016463D-03 -0.359117552850D-02 -0.765535487059D-05
 -0.252784424723D-02 -0.288427245476D-02 -0.304468226775D-02 -0.628717005641D-02
  0.192543402151D-02  0.193826932583D-02 -0.141725273554D-02  0.829657204808D-03
  0.149111914951D-02  0.640836503153D-02  0.613997572164D-02  0.557674031675D-02
 -0.108197611327D-02 -0.419950123867D-03  0.449693759390D+00 -0.209028206192D-02
 -0.163962676509D-01  0.164551568261D-01 -0.446609148717D-02  0.541324692649D-03
 -0.758043204298D-02 -0.512032676488D-02 -0.362530034622D-02 -0.972074613824D-02
 -0.731591860917D-03 -0.483985591698D-02 -0.865713099335D-02 -0.684298582087D-03
 -0.186313988349D-02  0.582900585926D-03 -0.763376046677D-03 -0.919325523753D-03
 -0.811838654092D-02 -0.569919082486D-03 -0.116588375733D-02  0.945191084183D-02
  0.807939412242D-03  0.201077124615D-03 -0.205081507013D-03 -0.231823162992D-02
 -0.843899572477D-02  0.316098477111D-02 -0.125366918838D-03 -0.394337134825D-02
 -0.361842303151D-02  0.521453851607D-02  0.147107671853D-02 -0.962200018691D-02
  0.796275510610D-03  0.202795311296D-03  0.484127748613D-02  0.243592221082D-03
  0.434728812161D+00 -0.651008228215D-02 -0.119076970992D-01  0.170757717711D-01
 -0.186293158146D-02 -0.192063487376D-02  0.452301457919D-02 -0.896594097290D-02
  0.229069883214D-02 -0.267100542165D-01 -0.202676612095D-02  0.285893319168D-02
 -0.496565328539D-03 -0.163626589466D-02  0.864722097569D-03 -0.928124560543D-02
 -0.165995562624D-02  0.380955872319D-03  0.168563321750D-02 -0.136932352085D-02
  0.388376860722D-03 -0.237535021288D-01 -0.130358983568D-03 -0.238850758405D-02
 -0.139465687856D-02 -0.376551210574D-02  0.470753310656D-02  0.460565506516D-03
 -0.226554731941D-03  0.117620706918D-02  0.565328705324D-03  0.129730945356D-01
 -0.502483311939D-02 -0.796682907431D-02  0.182700434445D-01 -0.467846925027D-02
  0.361935459695D-02  0.557519854442D-02  0.290866463883D-01  0.146543520037D+00
 -0.261704640395D-02 -0.811607680336D-02  0.184227276520D-01 -0.102028900476D-02
  0.496081942134D-03 -0.178110735116D-02 -0.278473175337D-02  0.473021134916D-02
 -0.201301548325D-01 -0.105971872176D-03  0.121671936018D-04 -0.838180579073D-03
  0.106271885189D-03  0.129816159943D-03 -0.410370581777D-03 -0.549509315593D-04
 -0.159311224436D-04  0.386198454541D-03  0.231561874289D-04  0.441128121535D-03
  0.351998450599D-03 -0.372731323592D-03 -0.311586166547D-03  0.123362213845D-03
 -0.472325786541D-03 -0.234325089284D-02  0.159111765650D-02  0.103528300284D-02
 -0.105959651976D-03  0.531582384391D-03  0.145104344812D-01 -0.321786651474D-03
 -0.475619886618D-02  0.178862867326D-01  0.654046362175D-04 -0.204903548593D-02
  0.382897730156D-02  0.207571470655D-01  0.417723940951D-01  0.371719046710D-01
  0.123545108893D-01  0.118579664298D-01  0.720813428340D-02 -0.185089944537D-03
 -0.159218466918D-02  0.143123791596D-01  0.661515727940D-02 -0.903864909046D-03
 -0.510940554226D-02 -0.115669633600D-02  0.567903575983D-02 -0.225162179797D-03
 -0.283733357619D-02  0.530271800833D-04  0.879337703258D-03 -0.313941441452D-02
  0.121752828524D-02 -0.491104304282D-03 -0.205490100931D-02  0.137998927949D-02
  0.688469964660D-03 -0.732785330241D-03 -0.483977388569D-02 -0.260394609948D-02
 -0.242223436545D-02  0.193696619823D-01 -0.724337813421D-02 -0.745491788350D-02
  0.479914017346D-03 -0.324943842988D-02  0.239923824736D-02 -0.361488508416D-01
  0.103665314838D-01  0.168109961211D-02 -0.149519141556D-01  0.995963515266D-02
  0.527792415587D-02  0.106834221479D-01  0.106201389948D-01  0.685872150593D-02
  0.570890366354D+00 -0.375059385979D-01 -0.251977160539D-01 -0.185456811263D-02
 -0.378936109113D-02 -0.433801441720D-02 -0.260735303367D-02 -0.269195005974D-01
  0.324412111439D-02 -0.154326537653D-02 -0.268130803456D-02 -0.276338503034D-03
 -0.183759847354D-02 -0.824624543833D-03  0.303683377309D-02 -0.283822671735D-03
  0.743558570204D-03 -0.694640991247D-03 -0.311572060679D-02 -0.212243525162D-02
 -0.970865776672D-03  0.858248244396D-02  0.943828624909D-03  0.537210768822D-02
  0.661694493974D-03 -0.139866127847D-02 -0.100989497663D-01  0.626395134185D-02
  0.916826220221D-02  0.407724748933D-02  0.631451889405D-02 -0.433846236232D-02
  0.437028448501D-01 -0.249368084844D-01 -0.461063189087D-02  0.176695343657D-01
 -0.469677212990D-02 -0.271305033444D-02  0.615477267980D-02  0.382763562516D-02
  0.142990921649D-01  0.409964549479D-01  0.347131211886D+00  0.396417310185D-01
  0.205533590587D-01  0.330872122498D-02  0.213754899052D-02  0.389785727890D-02
  0.794824132599D-02  0.263807637482D-01 -0.670201605782D-02 -0.216910183595D-02
  0.131411907301D-02  0.850367628775D-03  0.393919378145D-02 -0.907272110031D-03
 -0.372555416981D-02 -0.184703962723D-03 -0.243185868475D-02  0.536418003552D-03
  0.490468586131D-02  0.198297310318D-03  0.213451906721D-03 -0.654426723999D-02
 -0.478731996198D-03 -0.792413027488D-02 -0.318831856061D-02 -0.145047966137D-02
  0.173412472417D-01 -0.811097530145D-02 -0.128378815870D-01 -0.512507380447D-02
 -0.827567395316D-02 -0.138149849255D-02 -0.532790977610D-01  0.286659719739D-01
  0.396876088101D-02 -0.235625427877D-01  0.139106387506D-01  0.770604974256D-02
  0.537765599332D-03  0.403987610243D-02  0.145079821583D-02 -0.420268642711D-01
  0.742122778092D-01  0.487342804874D+00  0.107135707035D-01 -0.150031214817D-01
  0.129145403703D-01 -0.495827342285D-02  0.360287149615D-02 -0.556397626365D-02
  0.450201893331D-02 -0.730241836158D-02 -0.113236927876D-01  0.232105449015D-02
 -0.636044731907D-02 -0.802447517898D-02  0.183768676212D-02 -0.314547036123D-02
 -0.186233205099D-03  0.145840326552D-02 -0.121112963868D-02 -0.545728391388D-02
  0.206161900193D-02 -0.227060371381D-02  0.602873803702D-02  0.148091809121D-02
  0.125891119692D-02  0.184729515727D-02  0.610140291779D-03 -0.369679823433D-02
  0.282130327448D-02 -0.413124109486D-02 -0.477057919309D-02 -0.529196154969D-02
 -0.399197133131D-02 -0.118245219482D-02 -0.487404127591D-02  0.484558728259D-02
 -0.905626289395D-03  0.637775016147D-02  0.416490292040D-02  0.204096572482D-01
  0.261924592412D-01  0.300668920892D-01  0.571914136968D-02  0.171965282696D-02
 -0.105650845305D-01  0.420782115706D+00 -0.678981861394D-02 -0.103565742788D-01
  0.129461705252D-01 -0.213121816640D-02 -0.208840536733D-02 -0.751166740361D-02
 -0.962559356331D-02 -0.541405851411D-02 -0.156217486858D-01 -0.242363274742D-02
 -0.437761872493D-02  0.324946138085D-01 -0.266691663845D-02 -0.157752145851D-02
  0.848650563561D-02 -0.232193954575D-02 -0.715618666305D-03 -0.832075061381D-02
 -0.251038536336D-02 -0.807115258898D-03 -0.236804701434D-02  0.813611924240D-03
 -0.141420629425D-02 -0.221839982950D-02 -0.242563045265D-02 -0.653520051589D-02
  0.329590081041D-02 -0.300180393837D-03 -0.314204769618D-02 -0.197172181723D-02
  0.897804189217D-02 -0.592415432721D-03 -0.913128758571D-02  0.110139289036D-01
 -0.626848173866D-03  0.656604839721D-02 -0.408585830724D-02  0.190498163536D-01
  0.403599808499D-01  0.243372575403D-01  0.843564210073D-02  0.621621500689D-02
  0.112141283385D-02  0.132597477896D-01  0.152611547724D+00 -0.131605605631D-01
 -0.482835968642D-02 -0.776424962917D-03  0.120666766329D-02 -0.470633327609D-02
 -0.169282037070D-02 -0.122548397360D-01  0.103565354857D-02 -0.129430851802D-02
 -0.668011378529D-02  0.651989831275D-04  0.103816466828D-02 -0.614093983938D-02
 -0.337128028457D-03 -0.381232897349D-03 -0.622679220002D-02 -0.360682333958D-03
  0.323671149509D-02 -0.695007252471D-02 -0.216159895613D-03 -0.186705151747D-02
 -0.159173237188D-03 -0.763661716558D-02 -0.827972871859D-02 -0.820432137911D-02
 -0.178892885620D-02 -0.402529312490D-03  0.353591161745D-03 -0.135457503614D-02
 -0.154352582324D-03  0.530977087736D-03 -0.820733303392D-02  0.767003180329D-02
 -0.172603851762D-03 -0.981411493392D-02  0.390183852570D-02 -0.725079326964D-03
  0.778285515091D-03  0.239913632678D-03  0.571220035668D-03 -0.356909663336D-02
  0.485902776195D-02 -0.476912688373D-02  0.397654238847D-02 -0.208709036963D-02
  0.598053221502D+00 -0.192745141866D-01 -0.156788541882D-02 -0.346410953862D-02
  0.169628386334D-02 -0.751631982966D-02  0.202147804464D-02 -0.169278970276D-01
  0.302749996689D-02 -0.137390583207D-02 -0.852346290348D-02  0.235658582970D-02
  0.247287121388D-02 -0.811065496209D-02  0.616880078674D-03 -0.486300872962D-03
 -0.798787943415D-02 -0.447731171036D-05  0.365566665412D-02 -0.895283853933D-02
  0.282997753170D-03 -0.306414368827D-02 -0.380516260707D-03 -0.946645187087D-02
 -0.102496315944D-01 -0.951927110474D-02  0.256921217887D-02 -0.155541790003D-02
  0.182062985422D-03  0.553239995632D-03  0.125723298990D-02 -0.920688236087D-03
 -0.113243830105D-01  0.817221578367D-02  0.156584122765D-02 -0.124847246630D-01
  0.248806287462D-02 -0.192434647773D-02 -0.439091471373D-02 -0.581475476115D-02
 -0.128740108543D-02 -0.682216871170D-02 -0.320761443091D-03 -0.463335274646D-02
 -0.909888916780D-03 -0.541015513248D-02 -0.106409777658D-01  0.618107575584D+00
 -0.290286036918D-01 -0.384213705966D-02 -0.469091678257D-02  0.164668977694D-02
 -0.101758770227D-01  0.916197010921D-03 -0.247890107513D-01  0.401034157252D-02
  0.250041023344D-03 -0.110173901872D-01  0.267846857846D-02  0.195710626140D-02
 -0.102814658089D-01  0.116620830041D-02  0.368917664304D-03 -0.992129145383D-02
 -0.445768530443D-04  0.323070390769D-02 -0.113226079764D-01  0.415887203684D-03
 -0.200386716363D-02 -0.418874293066D-03 -0.108629131342D-01 -0.124498587772D-01
 -0.119304529409D-01  0.393791293813D-03 -0.993060150946D-03  0.191905923163D-02
  0.106562302814D-02  0.223633013682D-02 -0.513867599899D-03 -0.849080265891D-02
  0.567676380334D-02 -0.921890814312D-03 -0.128293429581D-01  0.182815467434D-02
 -0.466774745065D-02 -0.461801835865D-02 -0.842091908357D-02 -0.360777811356D-02
 -0.384747829984D-02 -0.775467149352D-02  0.331813797484D-02  0.192589278125D-02
 -0.577565294316D-02 -0.131978653250D-01 -0.160969251894D-01  0.602156922892D+00
 -0.185795684485D-01  0.412815835497D-02 -0.287475139569D-02  0.127730719962D-02
 -0.877649861341D-02  0.103910994545D-01 -0.163649185703D-01  0.393938441669D-02
 -0.983309954447D-03 -0.816905611318D-02  0.633125771811D-02  0.220496963811D-02
 -0.838496659569D-02  0.191012708101D-02  0.351352481686D-03 -0.801132029854D-02
  0.825817572833D-03  0.221941362318D-02 -0.879878918829D-02  0.127581103020D-02
 -0.150039457479D-02 -0.747397368792D-03 -0.894711911770D-02 -0.934151631712D-02
 -0.875678809008D-02  0.119174311691D-01 -0.446032345042D-02 -0.134014475454D-02
  0.296570214234D-02  0.172932846197D-02 -0.893862251035D-03 -0.190772052529D-01
  0.652888990265D-02 -0.175102446486D-03 -0.140147742263D-01  0.396342550590D-02
 -0.983320853132D-03 -0.221154576065D-02 -0.632001348646D-02 -0.104561844788D-02
 -0.106612103625D-01  0.343130468920D-02 -0.912970481268D-02  0.141958883139D-03
 -0.334309362959D-02 -0.102826549766D-01 -0.134620347908D-01 -0.159178675749D-01
  0.611622815385D+00 -0.213591207361D-01 -0.107893917917D-01 -0.211792222536D-02
  0.802314424242D-03 -0.577479062504D-02 -0.540993917533D-02 -0.185185234304D-01
  0.137259786014D-02 -0.900908756874D-03 -0.802920372372D-02 -0.127768158413D-02
  0.669091058610D-03 -0.689572015308D-02 -0.239353126567D-03 -0.905522440195D-03
 -0.680167907376D-02 -0.765923263998D-03  0.388781005484D-02 -0.805643771297D-02
 -0.679083583459D-03 -0.985437334096D-03  0.107416572207D-03 -0.773580619934D-02
 -0.932680671106D-02 -0.954335491698D-02 -0.705870763431D-02  0.164793484683D-02
  0.261586470001D-02 -0.147789717446D-02  0.849563230944D-03 -0.440900750541D-03
  0.112511711977D-02  0.401573788819D-02 -0.109209866888D-02 -0.736299246157D-02
  0.240393937563D-02 -0.245840813325D-02  0.169107902071D-03  0.188321450409D-03
  0.181028186388D-02  0.387360731608D-02 -0.920580031994D-02  0.896358168935D-02
  0.346297583183D-02 -0.312278150618D-02 -0.840865908588D-02 -0.116064458382D-01
 -0.157472919705D-01 -0.997390750365D-02  0.622286318379D+00 -0.244452577877D-01
 -0.182384225659D-01  0.832728507008D-02 -0.143835371628D-02 -0.548587407423D-02
 -0.489909112437D-02 -0.214677144850D-01  0.179069605449D-02 -0.669420253382D-02
 -0.745099477713D-02 -0.131441348880D-02 -0.497050046314D-02 -0.641171986381D-02
  0.415117127759D-04  0.160279442847D-03 -0.613552439326D-02 -0.753629400645D-03
 -0.245057416120D-02 -0.752331414587D-02 -0.563113340658D-03  0.557123701484D-02
  0.164562609362D-03 -0.566943579915D-02 -0.761385876774D-02 -0.928143214533D-02
 -0.791722438393D-02  0.230149885699D-02  0.324873628298D-02 -0.153343783676D-02
  0.219301388483D-03  0.469566846894D-02  0.342703420886D-02 -0.355480248615D-02
 -0.693372404073D-03 -0.455561776600D-02  0.379369162479D-02 -0.756576035675D-03
  0.173183204012D-01  0.143137161938D-01  0.112779415722D-01  0.119802338033D-01
 -0.684647959602D-02  0.151687318520D-01  0.212436746403D-01  0.729695752622D-02
 -0.604985010049D-02 -0.123139332494D-01 -0.173535599023D-01 -0.101939629632D-01
 -0.980673127631D-02  0.606821640469D+00 -0.584036220061D-02  0.127460270315D-03
 -0.177161892359D-02 -0.387364596481D-03 -0.242485011913D-02 -0.326608910192D-02
 -0.554007160042D-02 -0.844632154112D-03  0.340939530737D-02 -0.242878630809D-02
 -0.112855290127D-02 -0.413549425842D-03 -0.240015999501D-02 -0.289557423949D-03
  0.496182965394D-03 -0.225696726760D-02 -0.204573340064D-03 -0.328146849603D-02
 -0.234618257697D-02 -0.111546409291D-03  0.108162388776D-02  0.123972063564D-03
 -0.193214329511D-02 -0.258397122577D-02 -0.227798500012D-02 -0.325482686907D-02
  0.593666716254D-03  0.595010231365D-03 -0.797207182248D-03 -0.339821573723D-03
 -0.674207128502D-03 -0.810588878057D-03 -0.903251127577D-03 -0.340079630231D-02
 -0.172309732787D-02  0.294992895685D-03 -0.453328561665D-02 -0.230754155987D-02
 -0.648158186518D-02 -0.455022034046D-02 -0.117105638789D-02 -0.168375301065D-02
 -0.259785987808D-03 -0.103853498818D-02 -0.555770219878D-03 -0.358733785482D-02
 -0.328454498678D-02 -0.355075851183D-02 -0.254649695549D-02 -0.409618243032D-02
 -0.561595347401D-02  0.434771240736D+00 -0.139551805467D-01 -0.138734275260D-01
  0.262890206781D-02 -0.207620723368D-02 -0.727884543347D-03 -0.611534751573D-02
 -0.105613016255D-01  0.178460956324D-03 -0.851452647793D-03 -0.100822053341D-02
 -0.229935816033D-02 -0.225454690552D-02  0.103725100118D-04  0.444117106248D-03
 -0.668779207384D-03  0.506755035172D-03 -0.635780073600D-03 -0.238881498962D-02
 -0.454536856948D-03 -0.690332309256D-03  0.471689185261D-02  0.498948769101D-03
  0.248609414309D-02  0.485105152934D-03 -0.102942903769D-02 -0.100066630068D-01
  0.396452095694D-02  0.472226691235D-02 -0.216942341194D-03  0.149897451568D-02
  0.156230170793D-02  0.200496365473D-01 -0.119112678443D-01 -0.359231998985D-02
  0.835633821770D-02 -0.110216858830D-02 -0.207504224131D-02  0.856509642734D-02
  0.998874947365D-02  0.639037510200D-02  0.198338853024D-01 -0.235625265550D-01
  0.309317759642D-01  0.986496154399D-02  0.730001808891D-02  0.223495883926D-02
 -0.192828885260D-03 -0.339926149480D-02  0.253106877497D-02 -0.307780180981D-02
  0.524034514622D-03 -0.119581610724D-02  0.427545134187D+00 -0.879506247456D-02
 -0.341728008570D-02 -0.889440767244D-03 -0.672493035469D-03 -0.189099722809D-02
 -0.196609775669D-02 -0.693972910547D-02  0.302585013200D-03  0.199773256665D-02
 -0.166190323437D-02 -0.272985576235D-03 -0.312684300283D-04 -0.129994799343D-02
  0.470288635160D-03 -0.887289739077D-04 -0.983183501826D-03 -0.125502314344D-03
 -0.145719213268D-02 -0.142150637256D-02 -0.275272244892D-04  0.220490385916D-02
  0.104083011973D-03 -0.377872278789D-04 -0.107003868173D-02 -0.144334493044D-02
 -0.338351184181D-02  0.112606545378D-02  0.209429932150D-02  0.322276218796D-03
  0.926330740457D-03  0.241951341835D-03  0.622711529193D-02 -0.475270680746D-02
 -0.343064269966D-02  0.208966226188D-02 -0.444824704020D-03 -0.289624013391D-02
  0.796146411709D-03 -0.883483533173D-03 -0.123851734366D-02  0.609048609249D-02
 -0.101262160417D-01  0.119645482341D-01  0.285567904641D-02  0.193655766939D-02
 -0.102739959598D-02 -0.166443942879D-02 -0.312108256402D-02 -0.627131929538D-03
 -0.317055917691D-02 -0.373141821733D-02  0.198384219731D-03 -0.385219860132D-02
  0.432849837214D+00  0.227641232047D-03  0.297950680902D-02 -0.887443415508D-02
  0.918677663994D-03 -0.162295275872D-04 -0.508574028112D-03  0.115796788828D-02
 -0.245638271153D-03  0.994005571977D-02  0.356522696917D-03 -0.503335449731D-03
 -0.308235216367D-01 -0.118243429790D-03  0.104049024435D-03 -0.174001996175D-02
  0.402591871198D-04 -0.286876116993D-04 -0.290473485709D-01  0.131298161154D-04
 -0.159477204112D-03 -0.286593151335D-01 -0.892843583988D-04  0.714243422631D-03
  0.396474746645D-03  0.490020627355D-03 -0.137290486115D-02 -0.516801146938D-03
 -0.306249774388D-03 -0.263688249099D-03 -0.118006309158D-02 -0.628835715293D-02
  0.820375072098D-03  0.240465005503D-02 -0.842841863463D-02  0.367533771873D-03
 -0.265127648143D-02 -0.176359954221D-02 -0.733618917819D-02 -0.984173891772D-02
 -0.114518151807D-01 -0.434488209773D-02 -0.514972909775D-02 -0.283137691588D-02
 -0.725605299867D-02 -0.409841702895D-01 -0.557686573378D-03  0.874015438896D-03
  0.159617302083D-02  0.408691722692D-03 -0.774936829535D-03 -0.382847032591D-02
  0.240086194391D-02 -0.327578091830D-02 -0.407964843796D-03  0.751700693326D-01
 -0.404623977981D-02 -0.708418510225D-02  0.689496063699D-02  0.901823469469D-03
 -0.598156762979D-03  0.136809802509D-02 -0.583576701165D-02  0.308677555747D-03
 -0.145121936647D-01 -0.939317396469D-03  0.107508035206D-02 -0.172485574583D-01
 -0.771562378907D-03  0.496242073284D-03  0.354043136183D-01 -0.848693733221D-03
  0.109005514724D-03  0.180121099746D-01 -0.878963806968D-03  0.942411062575D-04
 -0.193295093300D-01 -0.142051284075D-04 -0.110907389931D-02 -0.662890857274D-03
 -0.177238171500D-02  0.900848275459D-03  0.728300476745D-03  0.131204160657D-03
  0.284170404013D-03  0.161075423441D-03  0.756374755203D-02 -0.823588099601D-03
 -0.341603356524D-02  0.107831937022D-01 -0.208853639477D-02  0.186752048881D-02
  0.280008181833D-02  0.148035861979D-01  0.540859216366D-01  0.232564445855D-01
  0.643648297442D-02  0.829474211098D-03  0.345646371197D-02  0.135026393272D-01
  0.299077074607D-01  0.367244918733D-03 -0.302260780523D-02 -0.403386237799D-02
 -0.306673868160D-02 -0.361260994454D-04  0.698436985666D-02 -0.367878720101D-02
  0.454251549887D-02 -0.870010599720D-03 -0.506288699456D-02  0.825340518070D-01
 -0.360557436103D-02 -0.457532406851D-02  0.477483751820D-02 -0.213107706520D-04
 -0.116384948655D-02 -0.858275281598D-03 -0.435165950105D-02 -0.178859633524D-02
 -0.118094736421D-01 -0.123209975003D-02 -0.594874947677D-03  0.320987360729D-01
 -0.129776171924D-02 -0.273390693934D-03 -0.317542615617D-01 -0.102403587699D-02
 -0.648236183032D-04 -0.332105126989D-01 -0.116999928418D-02 -0.158425486550D-03
 -0.305641514912D-01  0.959205971972D-04 -0.107736333123D-02 -0.102705898055D-02
 -0.162098955968D-02 -0.441620419969D-03  0.907526647836D-03 -0.259181737014D-03
 -0.651074470374D-03 -0.371123580806D-03  0.596657947180D-02 -0.171615414124D-02
 -0.230479121607D-02  0.916498505808D-02 -0.132216768387D-02  0.354706293717D-02
  0.311843141222D-03  0.102751082080D-01  0.492347909625D-01  0.179335781949D-01
  0.395322823842D-02  0.326654097033D-02  0.842383609465D-03  0.855871543293D-02
  0.467070413527D-01 -0.653007920226D-03 -0.237544598347D-02 -0.359521802434D-02
 -0.227453834668D-02 -0.995580464025D-03  0.390380064601D-02 -0.145058291560D-02
  0.453052708144D-02  0.482909925268D-03 -0.427194281304D-02  0.712912424787D-02
  0.895509234778D-01
$end
