$coord
   -0.00098493281936      0.12088822413658      9.90463354037022      c
    0.00104036793547     -0.14392118701206     12.77651261855151      c
   -1.67521478931803      0.73305543720148     13.59546212349092      h
    0.01852317303332     -2.12960807968799     13.33022102519421      h
    1.66146755326570      0.76251347081849     13.59597925838554      h
   -2.34321607369285     -1.16724743237869      8.82012252650936      c
   -2.38724520726434     -0.99914283044954      6.76631301363205      h
   -2.36605460264651     -3.17276917022486      9.29824818440411      h
   -4.06465022885464     -0.31254082246037      9.56672520248762      h
    2.36609568151318     -1.12168382229003      8.82093165621685      c
    2.40639746634784     -0.95484809398034      6.76685422930679      h
    2.42870331740944     -3.12585335715318      9.30109655159667      h
    4.07027382705897     -0.23229685633578      9.56627955782233      h
   -0.02790951454495      2.91729076562723      9.19670192517805      c
    1.63082782854437      3.88216039665398      9.95061786207757      h
   -0.02890011087354      3.15625594392155      7.14889700952909      h
   -1.70618653514146      3.84955637342711      9.94841257057775      h
$redundant
     number_of_atoms            17
     degrees_of_freedom         45
     internal_coordinates       45
     frozen_coordinates          0
# definitions of redundant internals
   1 k  1.0000000000000 tors    3    2    1    6 val=  59.95123
        1.0000000000000 tors    3    2    1   10
        1.0000000000000 tors    3    2    1   14
        1.0000000000000 tors    4    2    1    6
        1.0000000000000 tors    4    2    1   10
        1.0000000000000 tors    4    2    1   14
        1.0000000000000 tors    5    2    1    6
        1.0000000000000 tors    5    2    1   10
        1.0000000000000 tors    5    2    1   14
   2 k  1.0000000000000 stre    2    3           val=   2.06146
   3 k  1.0000000000000 stre    2    4           val=   2.06152
   4 k  1.0000000000000 stre    2    5           val=   2.06159
   5 k  0.4179998471563 bend    4    3    2      val=   1.25139
        0.4180684299364 bend    5    3    2
        0.4179567215027 bend    5    4    2
       -0.3982628196062 bend    1    3    2
       -0.3982652630904 bend    1    4    2
       -0.3982192880228 bend    1    5    2
   6 k  0.6880923048402 bend    4    3    2      val=   0.00142
       -0.3094477279286 bend    5    3    2
       -0.3785967180537 bend    5    4    2
        0.2404948972791 bend    1    3    2
        0.1965089805702 bend    1    4    2
       -0.4370149124647 bend    1    5    2
   7 k  0.0399975656520 bend    4    3    2      val=   0.00193
       -0.6158347983311 bend    5    3    2
        0.5759532851280 bend    5    4    2
       -0.3658067064286 bend    1    3    2
        0.3911112614897 bend    1    4    2
       -0.0253563389415 bend    1    5    2
   8 k  0.1065157671094 bend    4    3    2      val=   0.00073
        0.3144285230331 bend    5    3    2
       -0.4209945842130 bend    5    4    2
       -0.6627732555156 bend    1    3    2
        0.4951382724993 bend    1    4    2
        0.1676972218116 bend    1    5    2
   9 k  0.4245799169267 bend    4    3    2      val=   0.00241
       -0.3045086054967 bend    5    3    2
       -0.1200840368317 bend    5    4    2
       -0.1890142005319 bend    1    3    2
       -0.4794988330061 bend    1    4    2
        0.6685362582256 bend    1    5    2
  10 k  1.0000000000000 tors    7    6    1    2 val=  59.92700
        1.0000000000000 tors    7    6    1   10
        1.0000000000000 tors    7    6    1   14
        1.0000000000000 tors    8    6    1    2
        1.0000000000000 tors    8    6    1   10
        1.0000000000000 tors    8    6    1   14
        1.0000000000000 tors    9    6    1    2
        1.0000000000000 tors    9    6    1   10
        1.0000000000000 tors    9    6    1   14
  11 k  1.0000000000000 stre    6    7           val=   2.06115
  12 k  1.0000000000000 stre    6    8           val=   2.06185
  13 k  1.0000000000000 stre    6    9           val=   2.06186
  14 k  0.4183273535515 bend    8    7    6      val=   1.25906
        0.4170247272519 bend    9    7    6
        0.4188637336247 bend    9    8    6
       -0.3986220809420 bend    1    7    6
       -0.3976555380305 bend    1    8    6
       -0.3982665997096 bend    1    9    6
  15 k -0.6092322509005 bend    8    7    6      val=   0.00047
        0.5833614237769 bend    9    7    6
        0.0271731097647 bend    9    8    6
       -0.0172945703208 bend    1    7    6
       -0.3709302770288 bend    1    8    6
        0.3871676164637 bend    1    9    6
  16 k  0.3218904517542 bend    8    7    6      val=   0.02587
        0.3681321512464 bend    9    7    6
       -0.6881733850750 bend    9    8    6
        0.4369888762897 bend    1    7    6
       -0.2336902128532 bend    1    8    6
       -0.2042357823162 bend    1    9    6
  17 k  0.0198726473266 bend    8    7    6      val=   0.01189
       -0.3886804931042 bend    9    7    6
        0.3687670235819 bend    9    8    6
        0.5809254701943 bend    1    7    6
       -0.6116443733641 bend    1    8    6
        0.0309869827291 bend    1    9    6
  18 k  0.4374572375258 bend    8    7    6      val=   0.03386
       -0.2018116158860 bend    9    7    6
       -0.2356189674273 bend    9    8    6
       -0.3711107130882 bend    1    7    6
       -0.3171899779990 bend    1    8    6
        0.6885160097677 bend    1    9    6
  19 k  1.0000000000000 tors   11   10    1    2 val=  60.00127
        1.0000000000000 tors   11   10    1    6
        1.0000000000000 tors   11   10    1   14
        1.0000000000000 tors   13   10    1    2
        1.0000000000000 tors   13   10    1    6
        1.0000000000000 tors   13   10    1   14
        1.0000000000000 tors   12   10    1    2
        1.0000000000000 tors   12   10    1    6
        1.0000000000000 tors   12   10    1   14
  20 k  1.0000000000000 stre   10   11           val=   2.06124
  21 k  1.0000000000000 stre   10   13           val=   2.06174
  22 k  1.0000000000000 stre   10   12           val=   2.06184
  23 k  0.4170269558352 bend   13   11   10      val=   1.25844
        0.4183024525956 bend   12   11   10
        0.4188707597657 bend   12   13   10
       -0.3985834192499 bend    1   11   10
       -0.3983158393014 bend    1   13   10
       -0.3976614300298 bend    1   12   10
  24 k  0.5898703215085 bend   13   11   10      val=   0.00070
       -0.6033559260509 bend   12   11   10
        0.0148156979006 bend   12   13   10
       -0.0094747719403 bend    1   11   10
        0.3834529389507 bend    1   13   10
       -0.3750589256439 bend    1   12   10
  25 k  0.3576252520071 bend   13   11   10      val=   0.02539
        0.3327575112509 bend   12   11   10
       -0.6885807383723 bend   12   13   10
        0.4371981325498 bend    1   11   10
       -0.2111376779812 bend    1   13   10
       -0.2269622400474 bend    1   12   10
  26 k -0.3999007068341 bend   13   11   10      val=   0.01483
        0.0456791681502 bend   12   11   10
        0.3541579604571 bend   12   13   10
        0.5580250675054 bend    1   11   10
        0.0716066805893 bend    1   13   10
       -0.6293214477881 bend    1   12   10
  27 k -0.1784919564128 bend   13   11   10      val=   0.03225
        0.4355517437597 bend   12   11   10
       -0.2569599355655 bend   12   13   10
       -0.4048074844302 bend    1   11   10
        0.6854519121100 bend    1   13   10
       -0.2805235609571 bend    1   12   10
  28 k  1.0000000000000 tors   16   14    1    2 val=  59.97182
        1.0000000000000 tors   16   14    1    6
        1.0000000000000 tors   16   14    1   10
        1.0000000000000 tors   15   14    1    2
        1.0000000000000 tors   15   14    1    6
        1.0000000000000 tors   15   14    1   10
        1.0000000000000 tors   17   14    1    2
        1.0000000000000 tors   17   14    1    6
        1.0000000000000 tors   17   14    1   10
  29 k  1.0000000000000 stre   14   16           val=   2.06170
  30 k  1.0000000000000 stre   14   15           val=   2.06174
  31 k  1.0000000000000 stre   14   17           val=   2.06175
  32 k  0.4177309344899 bend   15   16   14      val=   1.26913
        0.4177446930427 bend   17   16   14
        0.4189936396416 bend   17   15   14
       -0.3983968868084 bend    1   16   14
       -0.3979420378736 bend    1   15   14
       -0.3979404764774 bend    1   17   14
  33 k  0.6068614386502 bend   15   16   14      val=   0.00137
       -0.5858273352882 bend   17   16   14
       -0.0209635757390 bend   17   15   14
        0.0133347451812 bend    1   16   14
        0.3726718958758 bend    1   15   14
       -0.3860361363864 bend    1   17   14
  34 k  0.3267886407395 bend   15   16   14      val=   0.01629
        0.3631427573101 bend   17   16   14
       -0.6882957889270 bend   17   15   14
        0.4373406167507 bend    1   16   14
       -0.2307020105539 bend    1   15   14
       -0.2075938253148 bend    1   17   14
  35 k  0.3750885447586 bend   15   16   14      val=   0.00131
       -0.3838197927306 bend   17   16   14
        0.0087349407680 bend   17   15   14
        0.0137640008504 bend    1   16   14
       -0.6033820827552 bend    1   15   14
        0.5896229859830 bend    1   17   14
  36 k -0.2265363663178 bend   15   16   14      val=   0.01078
       -0.2113705591259 bend   17   16   14
        0.4377096344374 bend   17   15   14
        0.6891521501702 bend    1   16   14
       -0.3324770892360 bend    1   15   14
       -0.3562896805130 bend    1   17   14
  37 k  1.0000000000000 stre    1    2           val=   2.88406
  38 k  1.0000000000000 stre    1   10           val=   2.88470
  39 k  1.0000000000000 stre    1    6           val=   2.88470
  40 k  1.0000000000000 stre    1   14           val=   2.88475
  41 k -0.4285368055032 bend   10    2    1      val=   0.02668
       -0.4276084871855 bend    6    2    1
        0.3653176376192 bend    6   10    1
       -0.3647455617538 bend   14    2    1
        0.4279206956577 bend   14   10    1
        0.4288295291478 bend   14    6    1
  42 k -0.5060624036653 bend   10    2    1      val=   0.00032
        0.4946058120997 bend    6    2    1
       -0.0146692192581 bend    6   10    1
        0.0147019093343 bend   14    2    1
       -0.4936663408397 bend   14   10    1
        0.5051021144521 bend   14    6    1
  43 k -0.2464192191499 bend   10    2    1      val=   0.00137
       -0.2701324407031 bend    6    2    1
       -0.6049491049834 bend    6   10    1
        0.6058953184873 bend   14    2    1
        0.2696699461219 bend   14   10    1
        0.2459910496075 bend   14    6    1
  44 k  0.2812937903409 bend   10    2    1      val=   0.02323
        0.2955157354097 bend    6    2    1
       -0.5776885808160 bend    6   10    1
       -0.5768287483209 bend   14    2    1
        0.2960712798090 bend   14   10    1
        0.2818342591284 bend   14    6    1
  45 k  0.5035741694860 bend   10    2    1      val=   0.00114
       -0.4953741172531 bend    6    2    1
       -0.0082201013677 bend    6   10    1
       -0.0082078590734 bend   14    2    1
       -0.4963059775065 bend   14   10    1
        0.5045423445624 bend   14    6    1
        45 non zero eigenvalues  of BmBt
           1           4.189410772    1    0
         1
           2           4.189043924    2    0
         2
           3           4.189030044    3    0
         3
           4           3.600698130    4    0
         4
           5           3.599054978    5    0
         5
           6           3.598394572    6    0
         6
           7           3.330195996    7    0
         7
           8           3.329788042    8    0
         8
           9           3.192469302    9    0
         9
          10           3.191672645   10    0
        10
          11           3.191530141   11    0
        11
          12           3.102918968   12    0
        12
          13           1.675521089   13    0
        13
          14           1.675301110   14    0
        14
          15           1.675286134   15    0
        15
          16           0.888581792   16    0
        16
          17           0.869436607   17    0
        17
          18           0.869387014   18    0
        18
          19           0.869306652   19    0
        19
          20           0.865838305   20    0
        20
          21           0.865832047   21    0
        21
          22           0.865785482   22    0
        22
          23           0.808356590   23    0
        23
          24           0.698606308   24    0
        24
          25           0.698586289   25    0
        25
          26           0.695534354   26    0
        26
          27           0.695422421   27    0
        27
          28           0.695325430   28    0
        28
          29           0.657319215   29    0
        29
          30           0.657250320   30    0
        30
          31           0.657230703   31    0
        31
          32           0.395437354   32    0
        32
          33           0.395431299   33    0
        33
          34           0.333811855   34    0
        34
          35           0.333797328   35    0
        35
          36           0.333740804   36    0
        36
          37           0.299051530   37    0
        37
          38           0.298953707   38    0
        38
          39           0.298944617   39    0
        39
          40           0.179406909   40    0
        40
          41           0.060309735   41    0
        41
          42           0.060291994   42    0
        42
          43           0.060281438   43    0
        43
          44           0.047154994   44    0
        44
          45           0.047144583   45    0
        45
$user-defined bonds
$frag
 atom   1 fragment  1 symmetry  c1
 atom   2 fragment  1
 atom   3 fragment  1
 atom   4 fragment  1
 atom   5 fragment  1
 atom   6 fragment  1
 atom   7 fragment  1
 atom   8 fragment  1
 atom   9 fragment  1
 atom  10 fragment  1
 atom  11 fragment  1
 atom  12 fragment  1
 atom  13 fragment  1
 atom  14 fragment  1
 atom  15 fragment  1
 atom  16 fragment  1
 atom  17 fragment  1
   iteration     5
$end
