$coord
    0.77248204829002      1.98614944094148      0.70966029697428      c
    1.91228710453408      3.68221772852222      0.69556638688342      h
    1.92594817663366     -0.37750988469872      0.54623182236096      c
    3.96005585271459     -0.51369053993142      0.41043148018167      h
    0.45678958026948     -2.56413669745043      0.56066274810008      c
    1.35156299513674     -4.39661545552808      0.43099395306102      h
   -2.16596574530111     -2.38910056494805      0.74436686162195      c
   -3.30547468146015     -4.08544925765130      0.75477512923172      h
   -3.32077379084842     -0.02638101145209      0.91264650699306      c
   -5.35456502850895      0.11006459850225      1.05643094019406      h
   -1.85133827968591      2.16223697549022      0.89248685758483      c
   -2.74775896315403      3.99488270409979      1.01503972446434      h
$redundant
     number_of_atoms            24
     degrees_of_freedom         66
     internal_coordinates       83
     frozen_coordinates          0
# definitions of redundant internals
   1 k  1.0000000000000 stre    1    2           val=   2.04353
   2 k -0.7056720193485 bend    3    2    1      val=   5.12990
        0.7056742002602 bend   11    2    1
        0.0636468710608 bend   20    2    1
   3 k  0.0452694116379 bend    3    2    1      val= 108.88468
       -0.0447408511457 bend   11    2    1
        0.9979724127493 bend   20    2    1
   4 k  1.0000000000000 stre    3    4           val=   2.04318
   5 k -0.7058962038176 bend    5    4    3      val=   4.84837
        0.7059011474619 bend    1    4    3
        0.0584304667778 bend   20    4    3
   6 k  0.0419124200852 bend    5    4    3      val= 113.21178
       -0.0407207133088 bend    1    4    3
        0.9982911261502 bend   20    4    3
   7 k  1.0000000000000 stre    5    6           val=   2.04338
   8 k -0.7070935622175 bend    3    6    5      val=   0.53178
        0.7070940073890 bend    7    6    5
        0.0060629188624 bend   20    6    5
   9 k  0.0047524082617 bend    3    6    5      val= 123.33007
       -0.0038218522578 bend    7    6    5
        0.9999814038576 bend   20    6    5
  10 k  1.0000000000000 stre    7    8           val=   2.04357
  11 k -0.7056069054513 bend    5    8    7      val=   5.36545
        0.7056026588953 bend    9    8    7
        0.0651443223876 bend   20    8    7
  12 k  0.0456006334880 bend    5    8    7      val= 111.65548
       -0.0465273337420 bend    9    8    7
        0.9978756382638 bend   20    8    7
  13 k  1.0000000000000 stre    9   10           val=   2.04343
  14 k -0.7059157287493 bend    7   10    9      val=   4.64022
        0.7059107174834 bend   11   10    9
        0.0580779032544 bend   20   10    9
  15 k  0.0404125806066 bend    7   10    9      val= 108.85546
       -0.0417219472788 bend   11   10    9
        0.9983116259185 bend   20   10    9
  16 k  1.0000000000000 stre   11   12           val=   2.04381
  17 k -0.7070898016604 bend    1   12   11      val=   0.53997
        0.7070886786673 bend    9   12   11
        0.0070436417032 bend   20   12   11
  18 k  0.0039570282865 bend    1   12   11      val= 115.05256
       -0.0060041765278 bend    9   12   11
        0.9999741455615 bend   20   12   11
  19 k  1.0000000000000 tors   16   13   17   19 val= 124.87525
        1.0000000000000 tors   14   13   17   19
        1.0000000000000 tors   15   13   17   19
  20 k  1.0000000000000 stre   13   16           val=   2.05424
  21 k  1.0000000000000 stre   13   14           val=   2.05494
  22 k  1.0000000000000 stre   13   15           val=   2.05594
  23 k  0.4546999596110 bend   14   16   13      val=   0.51994
        0.3258798374841 bend   15   16   13
        0.4484892948698 bend   15   14   13
       -0.4157940272530 bend   17   16   13
       -0.3749878423499 bend   17   14   13
       -0.4152193102792 bend   17   15   13
  24 k -0.2480113255722 bend   14   16   13      val=   2.00874
        0.7262677978135 bend   15   16   13
       -0.3161286243783 bend   15   14   13
        0.2191238954792 bend   17   16   13
       -0.4826902224752 bend   17   14   13
        0.1734445982228 bend   17   15   13
  25 k -0.6732111870504 bend   14   16   13      val=   0.17864
        0.0487463250353 bend   15   16   13
        0.6401390783116 bend   15   14   13
       -0.2535398009835 bend   17   16   13
       -0.0200627885772 bend   17   14   13
        0.2644759113337 bend   17   15   13
  26 k  0.1839811563529 bend   14   16   13      val=  -0.94194
       -0.4640051303119 bend   15   16   13
        0.2449608043196 bend   15   14   13
        0.4032113634852 bend   17   16   13
       -0.6632978688308 bend   17   14   13
        0.2971546921374 bend   17   15   13
  27 k  0.2726083235300 bend   14   16   13      val=   0.10953
       -0.0311476600147 bend   15   16   13
       -0.2438346498542 bend   15   14   13
       -0.6217108704907 bend   17   16   13
       -0.0618471424094 bend   17   14   13
        0.6891369335900 bend   17   15   13
  28 k  1.0000000000000 stre   17   18           val=   2.31554
  29 k  0.7071069900844 bend   19   18   17      val=   0.80727
       -0.7071065722887 bend   13   18   17
  30 k  1.0000000000000 outp   18   13   19   17 val=   0.12749
  31 k  1.0000000000000 tors   22   21   19   17 val=  99.91580
        1.0000000000000 tors   22   21   19   20
        1.0000000000000 tors   23   21   19   17
        1.0000000000000 tors   23   21   19   20
        1.0000000000000 tors   24   21   19   17
        1.0000000000000 tors   24   21   19   20
  32 k  1.0000000000000 stre   21   22           val=   2.05177
  33 k  1.0000000000000 stre   21   23           val=   2.05641
  34 k  1.0000000000000 stre   21   24           val=   2.06031
  35 k  0.4010053096655 bend   23   22   21      val=   0.35645
        0.3932889886936 bend   24   22   21
        0.4379358159619 bend   24   23   21
       -0.4105018685212 bend   19   22   21
       -0.3997026001863 bend   19   23   21
       -0.4055327131504 bend   19   24   21
  36 k  0.6289353221706 bend   23   22   21      val=   0.41564
       -0.5284820301445 bend   24   22   21
       -0.0981315079259 bend   24   23   21
        0.0678939073939 bend   19   22   21
        0.3630844875076 bend   19   23   21
       -0.4231753581706 bend   19   24   21
  37 k  0.2754896956738 bend   23   22   21      val=   1.28123
        0.4498167399608 bend   24   22   21
       -0.6667048872594 bend   24   23   21
        0.4184685755178 bend   19   22   21
       -0.2735662148012 bend   19   23   21
       -0.1652891368375 bend   19   24   21
  38 k  0.2139108765677 bend   23   22   21      val=   1.49119
        0.2278327025073 bend   24   22   21
       -0.4240837437079 bend   24   23   21
       -0.6976910266978 bend   19   22   21
        0.3585063291470 bend   19   23   21
        0.3273955071529 bend   19   24   21
  39 k  0.4050895875038 bend   23   22   21      val=   0.76213
       -0.3884642518786 bend   24   22   21
       -0.0130580252733 bend   24   23   21
       -0.0134236560533 bend   19   22   21
       -0.5775285039780 bend   19   23   21
        0.5925437297242 bend   19   24   21
  40 k  1.0000000000000 tors   13   17   19   20 val=   4.04542
  41 k  1.0000000000000 stre   17   13           val=   2.85709
  42 k  1.0000000000000 bend   19   13   17      val= 114.88573
  43 k  1.0000000000000 stre   19   21           val=   2.72861
  44 k -0.7059762940682 bend   17   21   19      val=  -1.16878
        0.7082354638210 bend   20   21   19
  45 k  1.0000000000000 outp   21   20   17   19 val=   5.47149
  46 k  1.0000000000000 tors   17   19   20    1 val= 145.18442
        1.0000000000000 tors   17   19   20    3
        1.0000000000000 tors   17   19   20    5
        1.0000000000000 tors   17   19   20    7
        1.0000000000000 tors   17   19   20    9
  47 k  1.0000000000000 stre   19   17           val=   2.56826
  48 k  1.0000000000000 bend   20   17   19      val= 118.72198
  49 k  1.0000000000000 stre   20   19           val=   1.90077
  50 k -0.5962146656342 bend    1   19   20      val=   3.84703
       -0.3444148872008 bend    3   19   20
        0.0282141674184 bend    5   19   20
        0.3923096920191 bend    7   19   20
        0.6092647407014 bend    9   19   20
  51 k  0.1998002219454 bend    1   19   20      val= 134.49512
        0.5344351066443 bend    3   19   20
        0.6372662978229 bend    5   19   20
        0.4962613415151 bend    7   19   20
        0.1485777058425 bend    9   19   20
  52 k  1.0000000000000 tors    5   20    1    3 val=  61.38150
        1.0000000000000 tors    5   20    1   11
        1.0000000000000 tors    7   20    1    3
        1.0000000000000 tors    7   20    1   11
        1.0000000000000 tors    9   20    1    3
        1.0000000000000 tors    9   20    1   11
  53 k  1.0000000000000 tors    7   20    3    1 val=  61.42967
        1.0000000000000 tors    7   20    3    5
        1.0000000000000 tors    9   20    3    1
        1.0000000000000 tors    9   20    3    5
        1.0000000000000 tors   11   20    3    1
        1.0000000000000 tors   11   20    3    5
  54 k  1.0000000000000 tors    1   20    5    3 val=  59.85944
        1.0000000000000 tors    1   20    5    7
        1.0000000000000 tors    9   20    5    3
        1.0000000000000 tors    9   20    5    7
        1.0000000000000 tors   11   20    5    3
        1.0000000000000 tors   11   20    5    7
  55 k  1.0000000000000 tors    1   20    7    5 val=  58.41998
        1.0000000000000 tors    1   20    7    9
        1.0000000000000 tors    3   20    7    5
        1.0000000000000 tors    3   20    7    9
        1.0000000000000 tors   11   20    7    5
        1.0000000000000 tors   11   20    7    9
  56 k  1.0000000000000 tors    1   20    9    7 val=  58.76452
        1.0000000000000 tors    1   20    9   11
        1.0000000000000 tors    3   20    9    7
        1.0000000000000 tors    3   20    9   11
        1.0000000000000 tors    5   20    9    7
        1.0000000000000 tors    5   20    9   11
  57 k  1.0000000000000 tors    3   20   11    1 val=  60.14468
        1.0000000000000 tors    3   20   11    9
        1.0000000000000 tors    5   20   11    1
        1.0000000000000 tors    5   20   11    9
        1.0000000000000 tors    7   20   11    1
        1.0000000000000 tors    7   20   11    9
  58 k  1.0000000000000 stre    1    3           val=   2.63516
  59 k  1.0000000000000 stre    1   11           val=   2.63607
  60 k  1.0000000000000 stre    1   20           val=   5.13042
  61 k  1.0000000000000 stre    3   20           val=   5.33986
  62 k  1.0000000000000 stre   11   20           val=   5.00457
  63 k  1.0000000000000 bend   11    3    1      val= 119.99373
  64 k  1.0000000000000 stre    3    5           val=   2.63438
  65 k  1.0000000000000 stre    5   20           val=   5.42895
  66 k  1.0000000000000 bend    1    5    3      val= 120.00424
  67 k  1.0000000000000 stre    5    7           val=   2.63500
  68 k  1.0000000000000 stre    7   20           val=   5.30957
  69 k  1.0000000000000 bend    7    3    5      val= 120.02245
  70 k  1.0000000000000 stre    7    9           val=   2.63521
  71 k  1.0000000000000 stre    9   20           val=   5.09500
  72 k  1.0000000000000 bend    9    5    7      val= 120.01296
  73 k  1.0000000000000 stre    9   11           val=   2.63623
  74 k  1.0000000000000 bend   11    7    9      val= 119.97403
  75 k  1.0000000000000 bend    9    1   11      val= 119.99231
  76 k  0.3027824745129 bend    5    1   20      val=  55.12330
        0.3730160310587 bend    7    1   20
        0.2966868131147 bend    7    3   20
        0.3246652479327 bend    9    1   20
        0.3737761102148 bend    9    3   20
        0.3052765286001 bend    9    5   20
        0.3171655721121 bend   11    3   20
        0.3747953886744 bend   11    5   20
        0.3190349548617 bend   11    7   20
  77 k  0.0121291109595 bend    5    1   20      val=   0.13990
        0.2275334384537 bend    7    1   20
        0.1450621775300 bend    7    3   20
        0.5045910280871 bend    9    1   20
        0.3192627280153 bend    9    3   20
        0.0722269772623 bend    9    5   20
       -0.3409278615945 bend   11    3   20
       -0.5449625677437 bend   11    5   20
       -0.3899549272411 bend   11    7   20
  78 k  0.3256191134187 bend    5    1   20      val=   0.05907
        0.5652356911808 bend    7    1   20
        0.0375683982070 bend    7    3   20
        0.0336827138901 bend    9    1   20
       -0.5057677156075 bend    9    3   20
       -0.3536024327787 bend    9    5   20
       -0.3264422824384 bend   11    3   20
       -0.0583299111034 bend   11    5   20
        0.2848373074621 bend   11    7   20
  79 k -0.4583426255666 bend    5    1   20      val=   0.07009
        0.1243727284997 bend    7    1   20
        0.5533573521182 bend    7    3   20
       -0.1880447224729 bend    9    1   20
        0.1687191008552 bend    9    3   20
       -0.4273374601892 bend    9    5   20
        0.2732426609645 bend   11    3   20
       -0.2919049996297 bend   11    5   20
        0.2488669619434 bend   11    7   20
  80 k  0.4489808904434 bend    5    1   20      val=   0.00450
       -0.0048091292178 bend    7    1   20
       -0.0441551693371 bend    7    3   20
        0.0531373532237 bend    9    1   20
        0.0061705612488 bend    9    3   20
       -0.5030267604674 bend    9    5   20
        0.5419810449777 bend   11    3   20
       -0.0011995069011 bend   11    5   20
       -0.4967905851580 bend   11    7   20
  81 k  0.3451465892242 bend    5    1   20      val=   0.84768
        0.0098493019858 bend    7    1   20
        0.5515482661495 bend    7    3   20
       -0.5930169930458 bend    9    1   20
        0.0116167935202 bend    9    3   20
        0.2678369326185 bend    9    5   20
       -0.2261762758613 bend   11    3   20
        0.0212103672891 bend   11    5   20
       -0.3184729493292 bend   11    7   20
  82 k -0.3727702503984 bend    5    1   20      val=  -0.00293
        0.4819202362586 bend    7    1   20
       -0.0447642099792 bend    7    3   20
       -0.0388704162454 bend    9    1   20
       -0.4317415243923 bend    9    3   20
        0.4119014055167 bend    9    5   20
        0.3870258266898 bend   11    3   20
       -0.0508615496967 bend   11    5   20
       -0.3418202495968 bend   11    7   20
  83 k -0.2458428852171 bend    5    1   20      val=   0.01424
       -0.2187684300183 bend    7    1   20
        0.4487051241934 bend    7    3   20
        0.4251879693918 bend    9    1   20
       -0.3063395842895 bend    9    3   20
       -0.1679177311528 bend    9    5   20
       -0.1974099961228 bend   11    3   20
        0.5276392628569 bend   11    5   20
       -0.2648893135008 bend   11    7   20
        66 non zero eigenvalues  of BmBt
           1           9.512476224    1    0
         1
           2           5.251146258    2    0
         2
           3           4.135075118    3    0
         3
           4           3.716669562    4    0
         4
           5           3.594855590    5    0
         5
           6           3.474215310    6    0
         6
           7           3.127547048    7    0
         7
           8           3.058133715    8    0
         8
           9           2.820956823    9    0
         9
          10           2.639934861   10    0
        10
          11           2.347010013   11    0
        11
          12           2.338983720   12    0
        12
          13           2.208148332   13    0
        13
          14           2.207719653   14    0
        14
          15           2.164176370   15    0
        15
          16           2.027756969   16    0
        16
          17           2.021257760   17    0
        17
          18           2.019101212   18    0
        18
          19           1.891444663   19    0
        19
          20           1.517742778   20    0
        20
          21           1.511440703   21    0
        21
          22           1.143633980   22    0
        22
          23           1.142755711   23    0
        23
          24           0.966871645   24    0
        24
          25           0.940224807   25    0
        25
          26           0.884846615   26    0
        26
          27           0.826869682   27    0
        27
          28           0.739404810   28    0
        28
          29           0.716679519   29    0
        29
          30           0.707260631   30    0
        30
          31           0.705120197   31    0
        31
          32           0.702590286   32    0
        32
          33           0.698297386   33    0
        33
          34           0.594046420   34    0
        34
          35           0.582903456   35    0
        35
          36           0.579869086   36    0
        36
          37           0.545797042   37    0
        37
          38           0.532441772   38    0
        38
          39           0.455285881   39    0
        39
          40           0.437248668   40    0
        40
          41           0.354084649   41    0
        41
          42           0.322303697   42    0
        42
          43           0.307877406   43    0
        43
          44           0.275700676   44    0
        44
          45           0.241049001   45    0
        45
          46           0.168390124   46    0
        46
          47           0.096061559   47    0
        47
          48           0.050221007   48    0
        48
          49           0.029973788   49    0
        49
          50           0.018837899   50    0
        50
          51           0.011519559   51    0
        51
          52           1.519456006    0    0
         0.000000000         0.000000000         0.000000000         0.000000000
         0.000000000         0.000000000         0.000000000         0.000000000
         0.000000000         0.000000000         0.000000000         0.000000000
         0.000000000         0.000000000         0.000000000         0.000000000
         0.000000000         0.000000000         0.000000000         0.000000000
         0.000000000         0.000000000         0.000000000         0.000000000
         0.000000000         0.000000000         0.000000000         0.000000000
         0.000000000         0.000000000         0.000000000         0.000000000
         0.000000000         0.000000000         0.000000000         0.000000000
         0.000000000         0.000000000         0.000000000         0.000000000
         0.000000000         0.000000000         0.000000000         0.000000000
         0.000000000         0.000000000         0.000000000         0.000000000
         0.000000000         0.000000000         0.000000000         0.096622776
        -0.129702947         0.143371892        -0.125766292         0.090179804
        -0.074323810         0.373390880        -0.306260674        -0.024013716
         0.039106421         0.010893611         0.014294805        -0.470190190
         0.002479722        -0.008635177         0.462489868        -0.035545355
         0.000010344        -0.395804874         0.025959945         0.006000324
         0.305701090        -0.001653711        -0.010009720        -0.007832907
         0.000083233        -0.024319694         0.002364912        -0.000671294
        -0.000474551         0.015952310         0.002413744
          53           1.150347303    0    0
         0.000000000         0.000000000         0.000000000         0.000000000
         0.000000000         0.000000000         0.000000000         0.000000000
         0.000000000         0.000000000         0.000000000         0.000000000
         0.000000000         0.000000000         0.000000000         0.000000000
         0.000000000         0.000000000         0.000000000         0.000000000
         0.000000000         0.000000000         0.000000000         0.000000000
         0.000000000         0.000000000         0.000000000         0.000000000
         0.000000000         0.000000000         0.000000000         0.000000000
         0.000000000         0.000000000         0.000000000         0.000000000
         0.000000000         0.000000000         0.000000000         0.000000000
         0.000000000         0.000000000         0.000000000         0.000000000
         0.000000000         0.000000000         0.000000000         0.000000000
         0.000000000         0.000000000         0.000000000        -0.005004855
         0.001700842        -0.001529861        -0.000172939         0.005503708
        -0.000411865         0.116495053        -0.073159032        -0.202783619
         0.242636074         0.176252987         0.299562390        -0.047809828
        -0.262086730        -0.361027774        -0.077674653         0.234102950
         0.386836577         0.117181151        -0.198997603        -0.350620726
        -0.050734171         0.289970255        -0.264648466        -0.002034600
        -0.066071734         0.000594163         0.104155762        -0.000128746
         0.000552225        -0.000612638        -0.015567710
          54           1.059837072    0    0
         0.000000000         0.000000000         0.000000000         0.000000000
         0.000000000         0.000000000         0.000000000         0.000000000
         0.000000000         0.000000000         0.000000000         0.000000000
         0.000000000         0.000000000         0.000000000         0.000000000
         0.000000000         0.000000000         0.000000000         0.000000000
         0.000000000         0.000000000         0.000000000         0.000000000
         0.000000000         0.000000000         0.000000000         0.000000000
         0.000000000         0.000000000         0.000000000         0.000000000
         0.000000000         0.000000000         0.000000000         0.000000000
         0.000000000         0.000000000         0.000000000         0.000000000
         0.000000000         0.000000000         0.000000000         0.000000000
         0.000000000         0.000000000         0.000000000         0.000000000
         0.000000000         0.000000000         0.000000000        -0.075838093
         0.078469389        -0.014866454        -0.058341787         0.090819855
        -0.019655037         0.428888403        -0.183223801         0.091844276
        -0.024138912        -0.231784634        -0.257991669        -0.313193536
        -0.125263127        -0.002301988        -0.173924146         0.035753626
         0.172978492         0.427919772         0.049967128        -0.088294168
        -0.319442953        -0.172111103         0.347878344        -0.006779048
         0.040243689         0.007125161        -0.029233105         0.000786521
         0.004566253         0.018977948        -0.068790282
          55           1.031978871    0    0
         0.000000000         0.000000000         0.000000000         0.000000000
         0.000000000         0.000000000         0.000000000         0.000000000
         0.000000000         0.000000000         0.000000000         0.000000000
         0.000000000         0.000000000         0.000000000         0.000000000
         0.000000000         0.000000000         0.000000000         0.000000000
         0.000000000         0.000000000         0.000000000         0.000000000
         0.000000000         0.000000000         0.000000000         0.000000000
         0.000000000         0.000000000         0.000000000         0.000000000
         0.000000000         0.000000000         0.000000000         0.000000000
         0.000000000         0.000000000         0.000000000         0.000000000
         0.000000000         0.000000000         0.000000000         0.000000000
         0.000000000         0.000000000         0.000000000         0.000000000
         0.000000000         0.000000000         0.000000000        -0.074012185
        -0.069447940         0.139390898        -0.101892201        -0.046168363
         0.148318550         0.157810078        -0.339415148        -0.032841368
         0.277067114         0.061065941         0.212665716         0.300264963
         0.077222935        -0.264025324        -0.302585497        -0.080574312
         0.028293129         0.104563001         0.284520586         0.265624985
         0.360336419        -0.314691984         0.072491956        -0.002614868
         0.015622030        -0.061665641        -0.006415612        -0.005142559
        -0.001006658        -0.055912254        -0.018680038
          56           1.013714602    0    0
         0.000000000         0.000000000         0.000000000         0.000000000
         0.000000000         0.000000000         0.000000000         0.000000000
         0.000000000         0.000000000         0.000000000         0.000000000
         0.000000000         0.000000000         0.000000000         0.000000000
         0.000000000         0.000000000         0.000000000         0.000000000
         0.000000000         0.000000000         0.000000000         0.000000000
         0.000000000         0.000000000         0.000000000         0.000000000
         0.000000000         0.000000000         0.000000000         0.000000000
         0.000000000         0.000000000         0.000000000         0.000000000
         0.000000000         0.000000000         0.000000000         0.000000000
         0.000000000         0.000000000         0.000000000         0.000000000
         0.000000000         0.000000000         0.000000000         0.000000000
         0.000000000         0.000000000         0.000000000         0.011804723
         0.025512428        -0.044667458         0.010083279         0.027101136
        -0.028739128         0.194089642         0.300352472         0.386787861
         0.272955920         0.339409935        -0.080879352         0.077907714
         0.306142732         0.074011462         0.280108236         0.396280065
         0.024327617         0.245114801         0.309921151        -0.088608059
         0.104661418         0.057937226         0.013125026         0.037976187
         0.002570908         0.014586132         0.001093008        -0.003001044
         0.000224625         0.017840662        -0.001359966
          57           0.805706682    0    0
         0.000000000         0.000000000         0.000000000         0.000000000
         0.000000000         0.000000000         0.000000000         0.000000000
         0.000000000         0.000000000         0.000000000         0.000000000
         0.000000000         0.000000000         0.000000000         0.000000000
         0.000000000         0.000000000         0.000000000         0.000000000
         0.000000000         0.000000000         0.000000000         0.000000000
         0.000000000         0.000000000         0.000000000         0.000000000
         0.000000000         0.000000000         0.000000000         0.000000000
         0.000000000         0.000000000         0.000000000         0.000000000
         0.000000000         0.000000000         0.000000000         0.000000000
         0.000000000         0.000000000         0.000000000         0.000000000
         0.000000000         0.000000000         0.000000000         0.000000000
         0.000000000         0.000000000         0.000000000         0.251667406
        -0.262335110        -0.006481937         0.270779144        -0.246272172
        -0.006807535         0.293389636        -0.156819134        -0.121886034
        -0.142897761         0.295320665         0.113222508        -0.135812834
         0.269254605         0.145491949        -0.149956848        -0.127541146
        -0.272763515         0.293437689        -0.125944997         0.136377241
        -0.142539423         0.122209119        -0.244885729        -0.003235873
        -0.184104817        -0.014959183        -0.099139493        -0.000771398
         0.008297462         0.003619053        -0.052075194
          58           0.744203497    0    0
         0.000000000         0.000000000         0.000000000         0.000000000
         0.000000000         0.000000000         0.000000000         0.000000000
         0.000000000         0.000000000         0.000000000         0.000000000
         0.000000000         0.000000000         0.000000000         0.000000000
         0.000000000         0.000000000         0.000000000         0.000000000
         0.000000000         0.000000000         0.000000000         0.000000000
         0.000000000         0.000000000         0.000000000         0.000000000
         0.000000000         0.000000000         0.000000000         0.000000000
         0.000000000         0.000000000         0.000000000         0.000000000
         0.000000000         0.000000000         0.000000000         0.000000000
         0.000000000         0.000000000         0.000000000         0.000000000
         0.000000000         0.000000000         0.000000000         0.000000000
         0.000000000         0.000000000         0.000000000         0.161210007
         0.135964762        -0.015546015        -0.118139536        -0.141266848
        -0.022284753         0.032206600         0.319191698         0.178875424
        -0.226988665         0.310370789        -0.091954413        -0.289906206
        -0.421111341         0.083490081        -0.330127404        -0.184471446
         0.149072669         0.023150049         0.152117790         0.056364239
         0.370234625        -0.063183586        -0.133782747         0.059914717
        -0.014116013         0.011996998        -0.009044455         0.007471957
        -0.078348457        -0.003936902        -0.004299042
          59           0.714906311    0    0
         0.000000000         0.000000000         0.000000000         0.000000000
         0.000000000         0.000000000         0.000000000         0.000000000
         0.000000000         0.000000000         0.000000000         0.000000000
         0.000000000         0.000000000         0.000000000         0.000000000
         0.000000000         0.000000000         0.000000000         0.000000000
         0.000000000         0.000000000         0.000000000         0.000000000
         0.000000000         0.000000000         0.000000000         0.000000000
         0.000000000         0.000000000         0.000000000         0.000000000
         0.000000000         0.000000000         0.000000000         0.000000000
         0.000000000         0.000000000         0.000000000         0.000000000
         0.000000000         0.000000000         0.000000000         0.000000000
         0.000000000         0.000000000         0.000000000         0.000000000
         0.000000000         0.000000000         0.000000000        -0.138985482
         0.046326140         0.248232981         0.062442195        -0.139768512
        -0.077643834         0.372136931         0.369116292         0.189916855
         0.340608020         0.019361630        -0.059440691         0.108622424
        -0.020503222        -0.179413474        -0.056399170        -0.367520744
        -0.000880496        -0.311949851        -0.178857492         0.180915131
        -0.308175699         0.064521604        -0.005560171         0.035520060
         0.001436321        -0.058575145         0.001301388         0.086938579
         0.010252948         0.022548385         0.001530225
          60           0.652007460    0    0
         0.000000000         0.000000000         0.000000000         0.000000000
         0.000000000         0.000000000         0.000000000         0.000000000
         0.000000000         0.000000000         0.000000000         0.000000000
         0.000000000         0.000000000         0.000000000         0.000000000
         0.000000000         0.000000000         0.000000000         0.000000000
         0.000000000         0.000000000         0.000000000         0.000000000
         0.000000000         0.000000000         0.000000000         0.000000000
         0.000000000         0.000000000         0.000000000         0.000000000
         0.000000000         0.000000000         0.000000000         0.000000000
         0.000000000         0.000000000         0.000000000         0.000000000
         0.000000000         0.000000000         0.000000000         0.000000000
         0.000000000         0.000000000         0.000000000         0.000000000
         0.000000000         0.000000000         0.000000000        -0.087515882
        -0.117192015         0.136680879        -0.135691583        -0.121223000
         0.326464708        -0.203472064         0.318903398        -0.339537236
         0.074296078         0.017619976         0.209986355        -0.324362900
        -0.027253057        -0.099110998         0.306047134        -0.132967676
         0.004661705         0.221422941         0.293603504         0.110166346
        -0.244474826        -0.199978491        -0.025263960         0.027827095
         0.012150249        -0.176141356         0.006346924        -0.031593463
        -0.009520970         0.062495030         0.006054858
          61           0.506606396    0    0
         0.000000000         0.000000000         0.000000000         0.000000000
         0.000000000         0.000000000         0.000000000         0.000000000
         0.000000000         0.000000000         0.000000000         0.000000000
         0.000000000         0.000000000         0.000000000         0.000000000
         0.000000000         0.000000000         0.000000000         0.000000000
         0.000000000         0.000000000         0.000000000         0.000000000
         0.000000000         0.000000000         0.000000000         0.000000000
         0.000000000         0.000000000         0.000000000         0.000000000
         0.000000000         0.000000000         0.000000000         0.000000000
         0.000000000         0.000000000         0.000000000         0.000000000
         0.000000000         0.000000000         0.000000000         0.000000000
         0.000000000         0.000000000         0.000000000         0.000000000
         0.000000000         0.000000000         0.000000000        -0.209729583
         0.063825571         0.238233115         0.228547679        -0.028450969
        -0.292074894         0.214319831         0.038946748        -0.373696161
        -0.394716605         0.109215214        -0.056824954         0.202114542
        -0.142671364        -0.067183908         0.011850197         0.229797981
        -0.024119245        -0.155506382         0.459708297         0.029378087
        -0.106535650         0.082163720         0.036826784         0.055419605
         0.002867036         0.024959938         0.001944432         0.127370654
         0.061322541         0.001928391         0.000731340
          62           0.497488585    0    0
         0.000000000         0.000000000         0.000000000         0.000000000
         0.000000000         0.000000000         0.000000000         0.000000000
         0.000000000         0.000000000         0.000000000         0.000000000
         0.000000000         0.000000000         0.000000000         0.000000000
         0.000000000         0.000000000         0.000000000         0.000000000
         0.000000000         0.000000000         0.000000000         0.000000000
         0.000000000         0.000000000         0.000000000         0.000000000
         0.000000000         0.000000000         0.000000000         0.000000000
         0.000000000         0.000000000         0.000000000         0.000000000
         0.000000000         0.000000000         0.000000000         0.000000000
         0.000000000         0.000000000         0.000000000         0.000000000
         0.000000000         0.000000000         0.000000000         0.000000000
         0.000000000         0.000000000         0.000000000        -0.194211798
        -0.286277694        -0.102301045         0.176978907         0.299035326
         0.106618977        -0.003104153        -0.152549165         0.253218888
        -0.138290069         0.314997731         0.059407943         0.236475984
        -0.406554615        -0.025380539         0.309194168        -0.347167798
        -0.062587619         0.159209295        -0.014243904        -0.076074114
        -0.053072571         0.001256293         0.103300956         0.139508548
         0.012720063        -0.001399892         0.007843997        -0.063981227
         0.134028311        -0.002098603        -0.000553920
          63           0.400164630    0    0
         0.000000000         0.000000000         0.000000000         0.000000000
         0.000000000         0.000000000         0.000000000         0.000000000
         0.000000000         0.000000000         0.000000000         0.000000000
         0.000000000         0.000000000         0.000000000         0.000000000
         0.000000000         0.000000000         0.000000000         0.000000000
         0.000000000         0.000000000         0.000000000         0.000000000
         0.000000000         0.000000000         0.000000000         0.000000000
         0.000000000         0.000000000         0.000000000         0.000000000
         0.000000000         0.000000000         0.000000000         0.000000000
         0.000000000         0.000000000         0.000000000         0.000000000
         0.000000000         0.000000000         0.000000000         0.000000000
         0.000000000         0.000000000         0.000000000         0.000000000
         0.000000000         0.000000000         0.000000000        -0.283992639
         0.291807548         0.063063292        -0.332865460         0.223835397
         0.037021089         0.038304375        -0.008031939        -0.204625403
        -0.244362956         0.493384794        -0.047884406        -0.016889580
         0.383026873        -0.032906653        -0.030398334        -0.117744696
         0.065868568         0.026547758        -0.318433695        -0.010112587
         0.000410668        -0.064602994         0.087417506         0.003090925
         0.176572141        -0.010565734         0.072328503         0.008110987
        -0.018562632        -0.002077089        -0.030617795
          64           0.392171076    0    0
         0.000000000         0.000000000         0.000000000         0.000000000
         0.000000000         0.000000000         0.000000000         0.000000000
         0.000000000         0.000000000         0.000000000         0.000000000
         0.000000000         0.000000000         0.000000000         0.000000000
         0.000000000         0.000000000         0.000000000         0.000000000
         0.000000000         0.000000000         0.000000000         0.000000000
         0.000000000         0.000000000         0.000000000         0.000000000
         0.000000000         0.000000000         0.000000000         0.000000000
         0.000000000         0.000000000         0.000000000         0.000000000
         0.000000000         0.000000000         0.000000000         0.000000000
         0.000000000         0.000000000         0.000000000         0.000000000
         0.000000000         0.000000000         0.000000000         0.000000000
         0.000000000         0.000000000         0.000000000        -0.151470954
        -0.213518724         0.410082669        -0.105443645        -0.225253138
         0.282017134         0.012636116         0.006741429         0.358270400
        -0.375719394        -0.074939873         0.079763855         0.026244693
        -0.073574190        -0.076301593        -0.001312115         0.428376639
        -0.013997574        -0.014049839        -0.300633004         0.085111746
         0.004323157        -0.063291197        -0.013266970         0.010390826
        -0.009358855        -0.201710510        -0.005344251         0.028111022
         0.008125915        -0.027868209         0.002660399
          65           0.309911744    0    0
         0.000000000         0.000000000         0.000000000         0.000000000
         0.000000000         0.000000000         0.000000000         0.000000000
         0.000000000         0.000000000         0.000000000         0.000000000
         0.000000000         0.000000000         0.000000000         0.000000000
         0.000000000         0.000000000         0.000000000         0.000000000
         0.000000000         0.000000000         0.000000000         0.000000000
         0.000000000         0.000000000         0.000000000         0.000000000
         0.000000000         0.000000000         0.000000000         0.000000000
         0.000000000         0.000000000         0.000000000         0.000000000
         0.000000000         0.000000000         0.000000000         0.000000000
         0.000000000         0.000000000         0.000000000         0.000000000
         0.000000000         0.000000000         0.000000000         0.000000000
         0.000000000         0.000000000         0.000000000         0.093688424
         0.065864756        -0.027355164        -0.064080782        -0.055295072
        -0.012953471         0.294825382         0.260907081        -0.263245886
        -0.096569117        -0.336551161        -0.006836672         0.270734667
        -0.019828301         0.023441818         0.249671690        -0.076044212
         0.001245128         0.302562604        -0.261057432         0.000766155
         0.360154798        -0.004703874        -0.013879699         0.445471002
        -0.002979514         0.014432683        -0.007550677        -0.002261869
        -0.033733740        -0.005274203        -0.000881635
          66           0.248404889    0    0
         0.000000000         0.000000000         0.000000000         0.000000000
         0.000000000         0.000000000         0.000000000         0.000000000
         0.000000000         0.000000000         0.000000000         0.000000000
         0.000000000         0.000000000         0.000000000         0.000000000
         0.000000000         0.000000000         0.000000000         0.000000000
         0.000000000         0.000000000         0.000000000         0.000000000
         0.000000000         0.000000000         0.000000000         0.000000000
         0.000000000         0.000000000         0.000000000         0.000000000
         0.000000000         0.000000000         0.000000000         0.000000000
         0.000000000         0.000000000         0.000000000         0.000000000
         0.000000000         0.000000000         0.000000000         0.000000000
         0.000000000         0.000000000         0.000000000         0.000000000
         0.000000000         0.000000000         0.000000000         0.040843710
        -0.040701082        -0.006196794         0.047266183        -0.034271429
        -0.007150399        -0.033707837         0.008590841        -0.306725545
         0.360117264         0.291533926        -0.199821921         0.010621208
        -0.374478848         0.205120924         0.012801479         0.349352768
        -0.205953608        -0.036401353        -0.301752752         0.201694095
         0.007305158        -0.197674179         0.197064299        -0.007855901
         0.129007139         0.002739901        -0.260682298        -0.000380504
         0.003740070        -0.000373647         0.022947814
$user-defined bonds
$frag
 atom   1 fragment  1 symmetry  c1
 atom   2 fragment  1
 atom   3 fragment  1
 atom   4 fragment  1
 atom   5 fragment  1
 atom   6 fragment  1
 atom   7 fragment  1
 atom   8 fragment  1
 atom   9 fragment  1
 atom  10 fragment  1
 atom  11 fragment  1
 atom  12 fragment  1
   iteration     4
$end
