$energy      SCF               SCFKIN            SCFPOT            RIRPA
     1 -309.9236447377      0.00000000      0.00000000     -2.746136477926
     2 -309.9261277499      0.00000000      0.00000000     -2.744367140032
     3 -309.9263972279      0.00000000      0.00000000     -2.743903670764
     4 -309.9265595077      0.00000000      0.00000000     -2.743966744897
     5 -309.9265509222      0.00000000      0.00000000     -2.743975583164
     6 -309.9265295485      0.00000000      0.00000000     -2.743997226837
     7 -309.9265243763      0.00000000      0.00000000     -2.744002419424
     8 -309.9265296875      0.00000000      0.00000000     -2.743997237162
     9 -309.9265285295      0.00000000      0.00000000     -2.743997972131
    10 -309.9265293509      0.00000000      0.00000000     -2.743997469126
    11 -309.9265293334      0.00000000      0.00000000     -2.743997575401
    12 -309.9265293840      0.00000000      0.00000000     -2.743997496133
$end
