$coord
    1.89788828976810      2.82782013243497      0.00000000000000      c
   -0.54109356556126      1.82559835591890      0.00000000000000      c
    3.98869917082709      1.21376017741839      0.00000000000000      c
   -0.92437506965142     -0.79419814577677      0.00000000000000      c
    3.62610222694594     -1.40324310262532      0.00000000000000      c
    1.18384529082146     -2.39654999666942      0.00000000000000      c
   -3.57708017840673     -1.89601387029458      0.00000000000000      c
   -3.80554841905032     -4.26228773175626      0.00000000000000      o
   -5.40461423317012     -0.32239433407857      0.00000000000000      o
    2.17080958076079      4.86372612942200      0.00000000000000      h
   -2.17813756751990      3.06220334574107      0.00000000000000      h
    5.88961832620102      1.99094566412107      0.00000000000000      h
    5.24757495068673     -2.66429273927976      0.00000000000000      h
    0.87296301724127     -4.42489948993974      0.00000000000000      h
   -8.44665181989261      2.37982560536390      0.00000000000000      na
$user-defined bonds
$redundant
     number_of_atoms            15
     degrees_of_freedom         39
     internal_coordinates       39
     frozen_coordinates          0
# definitions of redundant internals
   1 k  1.0000000000000 stre   15    9           val=   4.06890
   2 k  1.0000000000000 linc   15    7    9    4 val=   0.88397
   3 k  1.0000000000000 linp   15    7    9    4 val=   0.00000
   4 k  1.0000000000000 tors    8    7    4    2 val=  90.00000
        1.0000000000000 tors    8    7    4    6
        1.0000000000000 tors    9    7    4    2
        1.0000000000000 tors    9    7    4    6
   5 k  1.0000000000000 stre    7    8           val=   2.37728
   6 k  1.0000000000000 stre    7    9           val=   2.41167
   7 k -0.8156751124574 bend    9    8    7      val=  -3.88529
        0.4395484879116 bend    4    8    7
        0.3761266245458 bend    4    9    7
   8 k -0.0366166298868 bend    9    8    7      val=  -0.85903
       -0.6880870536794 bend    4    8    7
        0.7247036835662 bend    4    9    7
   9 k  1.0000000000000 outp    8    4    9    7 val=   0.00000
  10 k  1.0000000000000 stre    1   10           val=   2.05412
  11 k  0.7071067811865 bend    2   10    1      val=  -0.02914
       -0.7071067811865 bend    3   10    1
  12 k  1.0000000000000 outp   10    3    2    1 val=   0.00000
  13 k  1.0000000000000 stre    2   11           val=   2.05161
  14 k -0.7071067811865 bend    1   11    2      val=  -0.92540
        0.7071067811865 bend    4   11    2
  15 k  1.0000000000000 outp   11    4    1    2 val=   0.00000
  16 k  1.0000000000000 stre    3   12           val=   2.05366
  17 k -0.7071067811865 bend    1   12    3      val=   0.01491
        0.7071067811865 bend    5   12    3
  18 k  1.0000000000000 outp   12    5    1    3 val=   0.00000
  19 k  1.0000000000000 stre    5   13           val=   2.05412
  20 k  0.7071067811865 bend    6   13    5      val=   0.00510
       -0.7071067811865 bend    3   13    5
  21 k  1.0000000000000 outp   13    3    6    5 val=   0.00000
  22 k  1.0000000000000 stre    6   14           val=   2.05204
  23 k -0.7071067811865 bend    5   14    6      val=  -1.16172
        0.7071067811865 bend    4   14    6
  24 k  1.0000000000000 outp   14    4    5    6 val=   0.00000
  25 k  1.0000000000000 stre    4    7           val=   2.87243
  26 k -0.7071067811865 bend    2    7    4      val=  -0.33586
        0.7071067811865 bend    6    7    4
  27 k  1.0000000000000 outp    7    6    2    4 val=   0.00000
  28 k  1.0000000000000 stre    1    2           val=   2.63687
  29 k  1.0000000000000 stre    2    4           val=   2.64769
  30 k  1.0000000000000 stre    4    6           val=   2.64804
  31 k  1.0000000000000 stre    6    5           val=   2.63653
  32 k  1.0000000000000 stre    5    3           val=   2.64200
  33 k  1.0000000000000 stre    3    1           val=   2.64134
  34 k -0.5000000000000 bend    1    4    2      val=   0.23436
       -0.5000000000000 bend    2    6    4
        1.0000000000000 bend    4    5    6
       -0.5000000000000 bend    6    3    5
       -0.5000000000000 bend    5    1    3
        1.0000000000000 bend    3    2    1
  35 k  0.8660254037844 bend    1    4    2      val=   0.49766
       -0.8660254037844 bend    2    6    4
        0.8660254037844 bend    6    3    5
       -0.8660254037844 bend    5    1    3
  36 k -1.0000000000000 bend    1    4    2      val=  -0.35735
        1.0000000000000 bend    2    6    4
       -1.0000000000000 bend    4    5    6
        1.0000000000000 bend    6    3    5
       -1.0000000000000 bend    5    1    3
        1.0000000000000 bend    3    2    1
  37 k -0.5000000000000 tors    2    4    6    5 val=   0.00000
       -0.5000000000000 tors    4    6    5    3
        1.0000000000000 tors    6    5    3    1
       -0.5000000000000 tors    5    3    1    2
       -0.5000000000000 tors    3    1    2    4
        1.0000000000000 tors    1    2    4    6
  38 k  0.8660254037844 tors    2    4    6    5 val=   0.00000
       -0.8660254037844 tors    4    6    5    3
        0.8660254037844 tors    5    3    1    2
       -0.8660254037844 tors    3    1    2    4
  39 k -1.0000000000000 tors    2    4    6    5 val=   0.00000
        1.0000000000000 tors    4    6    5    3
       -1.0000000000000 tors    6    5    3    1
        1.0000000000000 tors    5    3    1    2
       -1.0000000000000 tors    3    1    2    4
        1.0000000000000 tors    1    2    4    6
        39 non zero eigenvalues  of BmBt
           1          10.908344906    1    0
         1
           2           5.334097832    2    0
         2
           3           4.934622805    3    0
         3
           4           4.419511123    4    0
         4
           5           4.407609271    5    0
         5
           6           3.804867414    6    0
         6
           7           3.689909651    7    0
         7
           8           3.543423376    8    0
         8
           9           3.315790071    9    0
         9
          10           3.149411779   10    0
        10
          11           2.904176881   11    0
        11
          12           2.439747724   12    0
        12
          13           2.188023959   13    0
        13
          14           2.065911886   14    0
        14
          15           1.921766730   15    0
        15
          16           1.773423375   16    0
        16
          17           1.711402362   17    0
        17
          18           1.430152621   18    0
        18
          19           1.234647527   19    0
        19
          20           1.127359740   20    0
        20
          21           0.823100885   21    0
        21
          22           0.755707197   22    0
        22
          23           0.556709458   23    0
        23
          24           0.489167315   24    0
        24
          25           0.387586470   25    0
        25
          26           0.379427746   26    0
        26
          27           0.359924644   27    0
        27
          28           0.351241050   28    0
        28
          29           0.339356007   29    0
        29
          30           0.294448611   30    0
        30
          31           0.274474325   31    0
        31
          32           0.264406754   32    0
        32
          33           0.174568048   33    0
        33
          34           0.135990502   34    0
        34
          35           0.111751949   35    0
        35
          36           0.095564219   36    0
        36
          37           0.079203877   37    0
        37
          38           0.027549639   38    0
        38
          39           0.018734236   39    0
        39
$end
