$coord
    0.00001368802035      2.41543521616967     -0.44475087016300  c
   -2.32377346733817      1.26232833192528     -1.64759892747409  c
   -2.32375086047923     -1.26231483995430     -1.64765298344771  c
   -0.00001369905600     -2.41544155252834     -0.44472617353611  c
    2.32377493794274      1.26228767152970     -1.64761091469059  c
    2.32374939580009     -1.26235546616966     -1.64764087334348  c
   -0.00003165953036      1.46070185038316      2.34521012742598  c
    0.00003164320414     -1.46065914931287      2.34521736508342  c
    0.00003130580130      4.46740843191202     -0.52413924998260  h
   -3.84934865774270      2.41243377022371     -2.35130949091305  h
   -3.84922755366128     -2.41241602663382     -2.35158248139327  h
   -0.00003127589937     -4.46741610654392     -0.52407754207970  h
    3.84934316354742      2.41237595238029     -2.35136327588376  h
    3.84923307931702     -2.41247373269596     -2.35152841369368  h
   -1.66607496279261      2.18499767627956      3.31020498819691  h
    1.66593481071009      2.18507051654039      3.31028204627017  h
   -1.66593311766236     -2.18501767443757      3.31029975364554  h
    1.66607322981889     -2.18494486906722      3.31022277500096  h
$user-defined bonds
$redundant
     number_of_atoms            18
     degrees_of_freedom         48
     internal_coordinates       60
     frozen_coordinates          0
# definitions of redundant internals
   1 k  1.0000000000000 stre   1    9           val=   2.05351
   2 k  0.7071053331877 bend   2    9    1      val=   0.00005
       -0.7071082291735 bend   5    9    1
        0.0000035370699 bend   7    9    1
   3 k -0.3925286634173 bend   2    9    1      val=   2.41299
       -0.3925228951374 bend   5    9    1
        0.8317734217855 bend   7    9    1
   4 k  1.0000000000000 stre   2   10           val=   2.03601
   5 k  0.7071782496479 bend   3   10    2      val=   1.32393
       -0.7070353055010 bend   1   10    2
   6 k  1.0000000000000 outp  10    1    3    2 val=  -2.14765
   7 k  1.0000000000000 stre   3   11           val=   2.03601
   8 k  0.7071782490450 bend   2   11    3      val=   1.32394
       -0.7070353061041 bend   4   11    3
   9 k  1.0000000000000 outp  11    4    2    3 val=   2.14504
  10 k  1.0000000000000 stre   4   12           val=   2.05351
  11 k -0.7071083069098 bend   3   12    4      val=   0.00005
        0.7071052554504 bend   6   12    4
        0.0000037002776 bend   8   12    4
  12 k -0.3925227255071 bend   3   12    4      val=   2.41299
       -0.3925287720749 bend   6   12    4
        0.8317734505584 bend   8   12    4
  13 k  1.0000000000000 stre   5   13           val=   2.03601
  14 k  0.7071782491579 bend   6   13    5      val=   1.32393
       -0.7070353059911 bend   1   13    5
  15 k  1.0000000000000 outp  13    1    6    5 val=   2.14734
  16 k  1.0000000000000 stre   6   14           val=   2.03601
  17 k  0.7071782490487 bend   5   14    6      val=   1.32394
       -0.7070353061003 bend   4   14    6
  18 k  1.0000000000000 outp  14    4    5    6 val=  -2.14535
  19 k  1.0000000000000 stre   7   15           val=   2.05707
  20 k  1.0000000000000 stre   7   16           val=   2.05707
  21 k  0.0504999810255 bend  16   15    7      val=   0.94857
       -0.5042609672554 bend   8   15    7
       -0.5042609975398 bend   8   16    7
        0.4944145843100 bend   1   15    7
        0.4944144961475 bend   1   16    7
  22 k  0.0000000831288 bend  16   15    7      val=  -0.00000
       -0.5195272234442 bend   8   15    7
        0.5195271510470 bend   8   16    7
       -0.4796785224613 bend   1   15    7
        0.4796785574889 bend   1   16    7
  23 k -0.8926830841756 bend  16   15    7      val=   1.04247
        0.1991975718209 bend   8   15    7
        0.1991976183024 bend   8   16    7
        0.2487543865239 bend   1   15    7
        0.2487545027837 bend   1   16    7
  24 k -0.0000000295547 bend  16   15    7      val=   0.00002
       -0.4796785104922 bend   8   15    7
        0.4796785694580 bend   8   16    7
        0.5195271871957 bend   1   15    7
       -0.5195271872956 bend   1   16    7
  25 k  1.0000000000000 stre   8   17           val=   2.05707
  26 k  1.0000000000000 stre   8   18           val=   2.05707
  27 k  0.0504998504088 bend  18   17    8      val=   0.94858
       -0.5042609979914 bend   7   17    8
       -0.5042609762149 bend   7   18    8
        0.4944145099602 bend   4   17    8
        0.4944145742402 bend   4   18    8
  28 k  0.0000000492085 bend  18   17    8      val=  -0.00000
        0.5195272134963 bend   7   17    8
       -0.5195272573760 bend   7   18    8
        0.4796785055146 bend   4   17    8
       -0.4796784700477 bend   4   18    8
  29 k -0.8926831485649 bend  18   17    8      val=   1.04246
        0.1991976034648 bend   7   17    8
        0.1991975846151 bend   7   18    8
        0.2487543654332 bend   4   17    8
        0.2487542944423 bend   4   18    8
  30 k -0.0000000216981 bend  18   17    8      val=   0.00002
        0.4796785092708 bend   7   17    8
       -0.4796784662915 bend   7   18    8
       -0.5195272356192 bend   4   17    8
        0.5195272352532 bend   4   18    8
  31 k  1.0000000000000 stre   1    2           val=   2.85946
  32 k  1.0000000000000 stre   1    5           val=   2.85946
  33 k  1.0000000000000 stre   1    7           val=   2.94880
  34 k  1.0000000000000 stre   2    3           val=   2.52464
  35 k  1.0000000000000 stre   3    4           val=   2.85946
  36 k  1.0000000000000 stre   4    6           val=   2.85946
  37 k  1.0000000000000 stre   4    8           val=   2.94880
  38 k  1.0000000000000 stre   5    6           val=   2.52464
  39 k  1.0000000000000 stre   7    8           val=   2.92136
  40 k  0.9099442814698 bend   5    2    1      val=  24.75117
       -0.2932594624437 bend   7    2    1
       -0.2932580643522 bend   7    5    1
  41 k  0.0000001621686 bend   5    2    1      val=   0.00102
       -0.7071048440476 bend   7    2    1
        0.7071087183201 bend   7    5    1
  42 k  0.4147305204833 bend   5    2    1      val= 106.29211
        0.6434295821701 bend   7    2    1
        0.6434259616833 bend   7    5    1
  43 k  1.0000000000000 bend   1    3    2      val= 113.78231
  44 k  1.0000000000000 bend   4    2    3      val= 113.78252
  45 k  0.9099448009852 bend   6    3    4      val=  24.74997
       -0.2932578497161 bend   8    3    4
       -0.2932580650894 bend   8    6    4
  46 k  0.0000010719440 bend   6    3    4      val=   0.00109
        0.7071087038965 bend   8    3    4
       -0.7071048584705 bend   8    6    4
  47 k  0.4147293806314 bend   6    3    4      val= 106.29239
        0.6434260753604 bend   8    3    4
        0.6434302031980 bend   8    6    4
  48 k  1.0000000000000 bend   1    6    5      val= 113.78288
  49 k  1.0000000000000 bend   4    5    6      val= 113.78194
  50 k  1.0000000000000 bend   1    8    7      val= 108.89125
  51 k  1.0000000000000 bend   4    7    8      val= 108.89198
  52 k  0.7071067811865 tors   3    2    1    5 val=  -4.30854
        0.7071067811865 tors   3    2    1    7
  53 k  0.7071067811865 tors   6    5    1    2 val=   4.30706
        0.7071067811865 tors   6    5    1    7
  54 k  0.7071067811865 tors   8    7    1    2 val=   0.00226
        0.7071067811865 tors   8    7    1    5
  55 k  1.0000000000000 tors   4    3    2    1 val=   0.00320
  56 k  0.7071067811865 tors   6    4    3    2 val=   4.30270
        0.7071067811865 tors   8    4    3    2
  57 k  0.7071067811865 tors   5    6    4    3 val=  -4.30418
        0.7071067811865 tors   5    6    4    8
  58 k  0.7071067811865 tors   7    8    4    3 val=   0.00226
        0.7071067811865 tors   7    8    4    6
  59 k  1.0000000000000 tors   4    6    5    1 val=  -0.00181
  60 k  1.0000000000000 tors   4    8    7    1 val=  -0.00271
        48 non zero eigenvalues  of BmBt
           1           3.389568124    1    0
         1
           2           2.799127698    2    0
         2
           3           2.647163346    3    0
         3
           4           2.601754171    4    0
         4
           5           2.396625520    5    0
         5
           6           2.289574845    6    0
         6
           7           2.188060209    7    0
         7
           8           2.186566386    8    0
         8
           9           2.182962570    9    0
         9
          10           2.111704644   10    0
        10
          11           2.032814632   11    0
        11
          12           1.993794148   12    0
        12
          13           1.833049921   13    0
        13
          14           1.730764059   14    0
        14
          15           1.530541492   15    0
        15
          16           1.386748642   16    0
        16
          17           1.356984535   17    0
        17
          18           1.142747960   18    0
        18
          19           1.089867929   19    0
        19
          20           0.998199283   20    0
        20
          21           0.982601173   21    0
        21
          22           0.803063938   22    0
        22
          23           0.797163493   23    0
        23
          24           0.757217266   24    0
        24
          25           0.713486300   25    0
        25
          26           0.624091655   26    0
        26
          27           0.530177922   27    0
        27
          28           0.387702193   28    0
        28
          29           0.337081128   29    0
        29
          30           0.222665636   30    0
        30
          31           1.284112120   31    0
        31
          32           1.130029191   32    0
        32
          33           0.768816883   33    0
        33
          34           0.765026691   34    0
        34
          35           0.740951380   35    0
        35
          36           0.500538762   36    0
        36
          37           0.459062530   37    0
        37
          38           0.421652127   38    0
        38
          39           0.353386578   39    0
        39
          40           0.760691322    0    0
         0.000000000         0.000000000         0.000000000         0.000000000
         0.000000000         0.000000000         0.000000000         0.000000000
         0.000000000         0.000000000         0.000000000         0.000000000
         0.000000000         0.000000000         0.000000000         0.000000000
         0.000000000         0.000000000         0.000000000         0.000000000
         0.000000000         0.000000000         0.000000000         0.000000000
         0.000000000         0.000000000         0.000000000         0.000000000
         0.000000000         0.000000000         0.000000000         0.000000000
         0.000000000         0.000000000         0.000000000         0.000000000
         0.000000000         0.000000000         0.000000000         0.127474274
         0.000000911         0.337381899        -0.390388409         0.390388362
        -0.127474503        -0.000001163        -0.337381687        -0.390388426
         0.390388264        -0.255181645         0.255181576         0.000000000
         0.000000000         0.000000000         0.000000000         0.000000000
         0.000000000         0.000000000         0.000000000         0.000000000
          41           0.358941812    0    0
         0.000000000         0.000000000         0.000000000         0.000000000
         0.000000000         0.000000000         0.000000000         0.000000000
         0.000000000         0.000000000         0.000000000         0.000000000
         0.000000000         0.000000000         0.000000000         0.000000000
         0.000000000         0.000000000         0.000000000         0.000000000
         0.000000000         0.000000000         0.000000000         0.000000000
         0.000000000         0.000000000         0.000000000         0.000000000
         0.000000000         0.000000000         0.000000000         0.000000000
         0.000000000         0.000000000         0.000000000         0.000000000
         0.000000000         0.000000000         0.000000000         0.000001625
         0.246004313         0.000001183         0.468764283        -0.468766345
         0.000001421         0.246004400         0.000001053        -0.468766419
         0.468764246        -0.000001231        -0.000001168         0.000000000
         0.000000000         0.000000000         0.000000000         0.000000000
         0.000000000         0.000000000         0.000000000         0.000000000
          42           0.317312976    0    0
         0.000000000         0.000000000         0.000000000         0.000000000
         0.000000000         0.000000000         0.000000000         0.000000000
         0.000000000         0.000000000         0.000000000         0.000000000
         0.000000000         0.000000000         0.000000000         0.000000000
         0.000000000         0.000000000         0.000000000         0.000000000
         0.000000000         0.000000000         0.000000000         0.000000000
         0.000000000         0.000000000         0.000000000         0.000000000
         0.000000000         0.000000000         0.000000000         0.000000000
         0.000000000         0.000000000         0.000000000         0.000000000
         0.000000000         0.000000000         0.000000000         0.169534351
         0.000000293         0.495424470        -0.280135632        -0.280131708
         0.169534778         0.000000641         0.495424456        -0.280131703
        -0.280135609        -0.262417210        -0.262417602         0.000000000
         0.000000000         0.000000000         0.000000000         0.000000000
         0.000000000         0.000000000         0.000000000         0.000000000
          43           0.287114297    0    0
         0.000000000         0.000000000         0.000000000         0.000000000
         0.000000000         0.000000000         0.000000000         0.000000000
         0.000000000         0.000000000         0.000000000         0.000000000
         0.000000000         0.000000000         0.000000000         0.000000000
         0.000000000         0.000000000         0.000000000         0.000000000
         0.000000000         0.000000000         0.000000000         0.000000000
         0.000000000         0.000000000         0.000000000         0.000000000
         0.000000000         0.000000000         0.000000000         0.000000000
         0.000000000         0.000000000         0.000000000         0.000000000
         0.000000000         0.000000000         0.000000000        -0.290052639
         0.000002012         0.140883472         0.197767128        -0.197767555
         0.290052291        -0.000001853        -0.140883421         0.197767448
        -0.197767292        -0.563735479         0.563735262         0.000000000
         0.000000000         0.000000000         0.000000000         0.000000000
         0.000000000         0.000000000         0.000000000         0.000000000
          44           0.097962473    0    0
         0.000000000         0.000000000         0.000000000         0.000000000
         0.000000000         0.000000000         0.000000000         0.000000000
         0.000000000         0.000000000         0.000000000         0.000000000
         0.000000000         0.000000000         0.000000000         0.000000000
         0.000000000         0.000000000         0.000000000         0.000000000
         0.000000000         0.000000000         0.000000000         0.000000000
         0.000000000         0.000000000         0.000000000         0.000000000
         0.000000000         0.000000000         0.000000000         0.000000000
         0.000000000         0.000000000         0.000000000         0.000000000
         0.000000000         0.000000000         0.000000000         0.677357083
        -0.000001280        -0.200267565         0.019374343         0.019375236
         0.677357037        -0.000000877        -0.200268298         0.019375365
         0.019374211         0.018149385         0.018149586         0.000000000
         0.000000000         0.000000000         0.000000000         0.000000000
         0.000000000         0.000000000         0.000000000         0.000000000
          45           0.086023911    0    0
         0.000000000         0.000000000         0.000000000         0.000000000
         0.000000000         0.000000000         0.000000000         0.000000000
         0.000000000         0.000000000         0.000000000         0.000000000
         0.000000000         0.000000000         0.000000000         0.000000000
         0.000000000         0.000000000         0.000000000         0.000000000
         0.000000000         0.000000000         0.000000000         0.000000000
         0.000000000         0.000000000         0.000000000         0.000000000
         0.000000000         0.000000000         0.000000000         0.000000000
         0.000000000         0.000000000         0.000000000         0.000000000
         0.000000000         0.000000000         0.000000000         0.000001425
         0.707106999        -0.000002298        -0.000000293         0.000000283
        -0.000000913        -0.707106564         0.000002603        -0.000000245
         0.000000234         0.000001020        -0.000001030         0.000000000
         0.000000000         0.000000000         0.000000000         0.000000000
         0.000000000         0.000000000         0.000000000         0.000000000
          46           0.399664331    0    0
         0.000000000         0.000000000         0.000000000         0.000000000
         0.000000000         0.000000000         0.000000000         0.000000000
         0.000000000         0.000000000         0.000000000         0.000000000
         0.000000000         0.000000000         0.000000000         0.000000000
         0.000000000         0.000000000         0.000000000         0.000000000
         0.000000000         0.000000000         0.000000000         0.000000000
         0.000000000         0.000000000         0.000000000         0.000000000
         0.000000000         0.000000000         0.000000000         0.000000000
         0.000000000         0.000000000         0.000000000         0.000000000
         0.000000000         0.000000000         0.000000000         0.000000000
         0.000000000         0.000000000         0.000000000         0.000000000
         0.000000000         0.000000000         0.000000000         0.000000000
         0.000000000         0.000000000         0.000000000         0.434763385
        -0.434763424         0.000000005        -0.349230165         0.434763331
        -0.434763192        -0.000000043         0.349230108         0.000000011
          47           0.319512796    0    0
         0.000000000         0.000000000         0.000000000         0.000000000
         0.000000000         0.000000000         0.000000000         0.000000000
         0.000000000         0.000000000         0.000000000         0.000000000
         0.000000000         0.000000000         0.000000000         0.000000000
         0.000000000         0.000000000         0.000000000         0.000000000
         0.000000000         0.000000000         0.000000000         0.000000000
         0.000000000         0.000000000         0.000000000         0.000000000
         0.000000000         0.000000000         0.000000000         0.000000000
         0.000000000         0.000000000         0.000000000         0.000000000
         0.000000000         0.000000000         0.000000000         0.000000000
         0.000000000         0.000000000         0.000000000         0.000000000
         0.000000000         0.000000000         0.000000000         0.000000000
         0.000000000         0.000000000         0.000000000        -0.364083472
        -0.364084171         0.301513770         0.351893489        -0.364084089
        -0.364083516         0.301513968         0.351893533        -0.200730165
          48           0.164785251    0    0
         0.000000000         0.000000000         0.000000000         0.000000000
         0.000000000         0.000000000         0.000000000         0.000000000
         0.000000000         0.000000000         0.000000000         0.000000000
         0.000000000         0.000000000         0.000000000         0.000000000
         0.000000000         0.000000000         0.000000000         0.000000000
         0.000000000         0.000000000         0.000000000         0.000000000
         0.000000000         0.000000000         0.000000000         0.000000000
         0.000000000         0.000000000         0.000000000         0.000000000
         0.000000000         0.000000000         0.000000000         0.000000000
         0.000000000         0.000000000         0.000000000         0.000000000
         0.000000000         0.000000000         0.000000000         0.000000000
         0.000000000         0.000000000         0.000000000         0.000000000
         0.000000000         0.000000000         0.000000000        -0.163383958
        -0.163383508        -0.510455570         0.243023490        -0.163383424
        -0.163383887        -0.510455662         0.243023487         0.503956715
$end
