$coord
    1.61677549053871      0.67752812891416      1.98374806200948      c
    2.86071561553758      1.70581714848454      3.23665833712621      h
    2.53770779844840     -1.27628071095419      0.47461869468871      c
    4.52189512729747     -1.76376590837483      0.53283294787259      h
    0.90292363927222     -2.60158803828351     -1.11081081433239      c
    1.61776429729664     -4.11753849113368     -2.28056738349635      h
   -1.65318878779945     -1.97014559220701     -1.19138120985945      c
   -2.92039358633331     -2.99653899347842     -2.42341528921288      h
   -2.57455776795476     -0.01325436713098      0.31340436305241      c
   -4.55720877969341      0.47898365403031      0.24713621236346      h
   -0.94192273005882      1.30987680449603      1.90293907155061      c
   -1.63671239792765      2.81633423512519      3.09544125372401      h
$redundant
     number_of_atoms            12
     degrees_of_freedom         30
     internal_coordinates       30
     frozen_coordinates          0
# definitions of redundant internals
   1 k  1.0000000000000 stre    1    2           val=   2.04317
   2 k  0.7071072108373 bend    3    2    1      val=   0.75225
       -0.7071063515356 bend   11    2    1
   3 k  1.0000000000000 outp    2   11    3    1 val=   0.48110
   4 k  1.0000000000000 stre    3    4           val=   2.04402
   5 k -0.7071067811647 bend    5    4    3      val=   0.01153
        0.7071067812084 bend    1    4    3
   6 k  1.0000000000000 outp    4    1    5    3 val=  -0.02960
   7 k  1.0000000000000 stre    5    6           val=   2.04388
   8 k -0.7071067809026 bend    7    6    5      val=   0.02551
        0.7071067814705 bend    3    6    5
   9 k  1.0000000000000 outp    6    3    7    5 val=  -0.08584
  10 k  1.0000000000000 stre    7    8           val=   2.04382
  11 k -0.7071067809503 bend    5    8    7      val=   0.02403
        0.7071067814228 bend    9    8    7
  12 k  1.0000000000000 outp    8    9    5    7 val=   0.08346
  13 k  1.0000000000000 stre    9   10           val=   2.04392
  14 k -0.7071067811845 bend    7   10    9      val=   0.00419
        0.7071067811886 bend   11   10    9
  15 k  1.0000000000000 outp   10   11    7    9 val=   0.01452
  16 k  1.0000000000000 stre   11   12           val=   2.04309
  17 k  0.7071072939509 bend    9   12   11      val=   0.75255
       -0.7071062684218 bend    1   12   11
  18 k  1.0000000000000 outp   12    1    9   11 val=  -0.52532
  19 k  1.0000000000000 stre    1    3           val=   2.63495
  20 k  1.0000000000000 stre    3    5           val=   2.63487
  21 k  1.0000000000000 stre    5    7           val=   2.63418
  22 k  1.0000000000000 stre    7    9           val=   2.63490
  23 k  1.0000000000000 stre    9   11           val=   2.63492
  24 k  1.0000000000000 stre   11    1           val=   2.63692
  25 k -0.5000000000000 bend    1    5    3      val=  -0.01787
       -0.5000000000000 bend    3    7    5
        1.0000000000000 bend    5    9    7
       -0.5000000000000 bend    7   11    9
       -0.5000000000000 bend    9    1   11
        1.0000000000000 bend   11    3    1
  26 k  0.8660254037844 bend    1    5    3      val=   0.03869
       -0.8660254037844 bend    3    7    5
        0.8660254037844 bend    7   11    9
       -0.8660254037844 bend    9    1   11
  27 k -1.0000000000000 bend    1    5    3      val=   0.00182
        1.0000000000000 bend    3    7    5
       -1.0000000000000 bend    5    9    7
        1.0000000000000 bend    7   11    9
       -1.0000000000000 bend    9    1   11
        1.0000000000000 bend   11    3    1
  28 k -0.5000000000000 tors    3    5    7    9 val=   0.09106
       -0.5000000000000 tors    5    7    9   11
        1.0000000000000 tors    7    9   11    1
       -0.5000000000000 tors    9   11    1    3
       -0.5000000000000 tors   11    1    3    5
        1.0000000000000 tors    1    3    5    7
  29 k  0.8660254037844 tors    3    5    7    9 val=   0.06798
       -0.8660254037844 tors    5    7    9   11
        0.8660254037844 tors    9   11    1    3
       -0.8660254037844 tors   11    1    3    5
  30 k -1.0000000000000 tors    3    5    7    9 val=   0.00379
        1.0000000000000 tors    5    7    9   11
       -1.0000000000000 tors    7    9   11    1
        1.0000000000000 tors    9   11    1    3
       -1.0000000000000 tors   11    1    3    5
        1.0000000000000 tors    1    3    5    7
        30 non zero eigenvalues  of BmBt
           1          11.030954573    1    0
         1
           2           5.094027778    2    0
         2
           3           5.075493265    3    0
         3
           4           4.376660016    4    0
         4
           5           4.373780209    5    0
         5
           6           3.553714386    6    0
         6
           7           3.502001488    7    0
         7
           8           3.501349817    8    0
         8
           9           3.185608110    9    0
         9
          10           2.617975337   10    0
        10
          11           1.988571245   11    0
        11
          12           1.894883537   12    0
        12
          13           1.886471519   13    0
        13
          14           1.579846704   14    0
        14
          15           1.573692193   15    0
        15
          16           0.996730168   16    0
        16
          17           0.991783441   17    0
        17
          18           0.542468064   18    0
        18
          19           0.478891669   19    0
        19
          20           0.404307579   20    0
        20
          21           0.381963721   21    0
        21
          22           0.358813438   22    0
        22
          23           0.358512996   23    0
        23
          24           0.279275186   24    0
        24
          25           0.278596692   25    0
        25
          26           0.260547741   26    0
        26
          27           0.259758091   27    0
        27
          28           0.150042339   28    0
        28
          29           0.108589532   29    0
        29
          30           0.108416419   30    0
        30
$user-defined bonds
$frag
 atom   1 fragment  1 symmetry  c1
 atom   2 fragment  1
 atom   3 fragment  1
 atom   4 fragment  1
 atom   5 fragment  1
 atom   6 fragment  1
 atom   7 fragment  1
 atom   8 fragment  1
 atom   9 fragment  1
 atom  10 fragment  1
 atom  11 fragment  1
 atom  12 fragment  1
   iteration     4
$end
