$coord
    1.37796687794422      2.10345645831171      0.61742691804617      c
    2.46272113735290      3.80632858578117      0.30076932153613      h
    2.59853853620026     -0.22556971476163      0.78003538190893      c
    4.63080173564056     -0.32999153244957      0.59206480913041      h
    1.20005131871056     -2.41989519807940      1.18936605504422      c
    2.14736096066529     -4.22546064097866      1.32321866027779      h
   -1.41915716854286     -2.28591533490859      1.43220517758013      c
   -2.50299120313442     -3.98999199649185      1.74648283599088      h
   -2.64001247091200      0.04284162966959      1.27195506925451      c
   -4.67220683140873      0.14832131604672      1.46264423039369      h
   -1.24135602088819      2.23799550845278      0.86613440178433      c
   -2.18797866991485      4.04512344116940      0.74662339115613      h
$redundant
     number_of_atoms            24
     degrees_of_freedom         66
     internal_coordinates       83
     frozen_coordinates          0
# definitions of redundant internals
   1 k  1.0000000000000 stre    1    2           val=   2.04371
   2 k -0.7070749053286 bend    3    2    1      val=   0.75839
        0.7070754433542 bend   11    2    1
        0.0094549278112 bend   14    2    1
   3 k  0.0073689913830 bend    3    2    1      val= 115.16851
       -0.0060022900348 bend   11    2    1
        0.9999548342202 bend   14    2    1
   4 k  1.0000000000000 stre    3    4           val=   2.04361
   5 k -0.7066705848883 bend    5    4    3      val=   2.87446
        0.7066732154223 bend    1    4    3
        0.0350663807428 bend   14    4    3
   6 k  0.0257699693348 bend    5    4    3      val= 112.66243
       -0.0238213384408 bend    1    4    3
        0.9993840365522 bend   14    4    3
   7 k  1.0000000000000 stre    5    6           val=   2.04337
   8 k -0.7068511751169 bend    7    6    5      val=   2.24046
        0.7068542282823 bend    3    6    5
        0.0268051524032 bend   14    6    5
   9 k  0.0202968237182 bend    7    6    5      val= 115.94203
       -0.0176113237999 bend    3    6    5
        0.9996388749048 bend   14    6    5
  10 k  1.0000000000000 stre    9   10           val=   2.04384
  11 k -0.7066316227124 bend    7   10    9      val=   2.96783
        0.7066319846562 bend   11   10    9
        0.0366468012759 bend   14   10    9
  12 k  0.0260249405186 bend    7   10    9      val= 113.45529
       -0.0258014622734 bend   11   10    9
        0.9993282678958 bend   14   10    9
  13 k  1.0000000000000 stre   11   12           val=   2.04355
  14 k -0.7068604964938 bend    9   12   11      val=   2.14896
        0.7068618195671 bend    1   12   11
        0.0263553891049 bend   14   12   11
  15 k  0.0193024744367 bend    9   12   11      val= 112.94646
       -0.0179696589711 bend    1   12   11
        0.9996521924335 bend   14   12   11
  16 k  1.0000000000000 stre   17   18           val=   2.04406
  17 k  0.7071067812091 bend   15   18   17      val=   0.05275
       -0.7071067811640 bend   19   18   17
  18 k  1.0000000000000 outp   18   19   15   17 val=  -0.01309
  19 k  1.0000000000000 stre   19   20           val=   2.04391
  20 k -0.7071067811863 bend   21   20   19      val=   0.00844
        0.7071067811868 bend   17   20   19
  21 k  1.0000000000000 outp   20   17   21   19 val=  -0.00547
  22 k  1.0000000000000 stre   21   22           val=   2.04396
  23 k -0.7071067811854 bend   19   22   21      val=   0.04010
        0.7071067811877 bend   23   22   21
  24 k  1.0000000000000 outp   22   23   19   21 val=   0.00375
  25 k  1.0000000000000 stre   23   24           val=   2.04428
  26 k -0.7071067811301 bend   13   24   23      val=   0.04045
        0.7071067812430 bend   21   24   23
  27 k  1.0000000000000 outp   24   21   13   23 val=   0.02516
  28 k  1.0000000000000 stre   13   23           val=   2.63410
  29 k  1.0000000000000 stre   23   21           val=   2.63432
  30 k  1.0000000000000 stre   21   19           val=   2.63382
  31 k  1.0000000000000 stre   19   17           val=   2.63417
  32 k  1.0000000000000 stre   17   15           val=   2.63399
  33 k -0.5000000000000 bend   15   23   13      val=   0.04028
       -0.5000000000000 bend   13   21   23
        1.0000000000000 bend   23   19   21
       -0.5000000000000 bend   21   17   19
       -0.5000000000000 bend   19   15   17
        1.0000000000000 bend   17   13   15
  34 k  0.8660254037844 bend   15   23   13      val=  -0.08943
       -0.8660254037844 bend   13   21   23
        0.8660254037844 bend   21   17   19
       -0.8660254037844 bend   19   15   17
  35 k -1.0000000000000 bend   15   23   13      val=   0.08546
        1.0000000000000 bend   13   21   23
       -1.0000000000000 bend   23   19   21
        1.0000000000000 bend   21   17   19
       -1.0000000000000 bend   19   15   17
        1.0000000000000 bend   17   13   15
  36 k -0.5000000000000 tors   13   23   21   19 val=   0.01997
       -0.5000000000000 tors   23   21   19   17
        1.0000000000000 tors   21   19   17   15
       -0.5000000000000 tors   19   17   15   13
       -0.5000000000000 tors   17   15   13   23
        1.0000000000000 tors   15   13   23   21
  37 k  0.8660254037844 tors   13   23   21   19 val=  -0.00617
       -0.8660254037844 tors   23   21   19   17
        0.8660254037844 tors   19   17   15   13
       -0.8660254037844 tors   17   15   13   23
  38 k -1.0000000000000 tors   13   23   21   19 val=   0.00887
        1.0000000000000 tors   23   21   19   17
       -1.0000000000000 tors   21   19   17   15
        1.0000000000000 tors   19   17   15   13
       -1.0000000000000 tors   17   15   13   23
        1.0000000000000 tors   15   13   23   21
  39 k  1.0000000000000 tors   16   15   13   17 val= 180.03942
        1.0000000000000 tors   14   15   13   23
  40 k  1.0000000000000 stre    7    8           val=   2.04386
  41 k  1.0000000000000 stre    8   16           val=   5.86956
  42 k  1.0000000000000 stre   16   15           val=   2.04402
  43 k  1.0000000000000 stre   15   13           val=   2.63408
  44 k  1.0000000000000 stre   13   14           val=   2.04331
  45 k -0.5000000000000 bend   14    8    7      val=   9.13010
       -0.5000000000000 bend    7   16    8
        1.0000000000000 bend    8   15   16
       -0.5000000000000 bend   16   13   15
       -0.5000000000000 bend   15   14   13
        1.0000000000000 bend   13    7   14
  46 k  0.8660254037844 bend   14    8    7      val=   9.25035
       -0.8660254037844 bend    7   16    8
        0.8660254037844 bend   16   13   15
       -0.8660254037844 bend   15   14   13
  47 k -1.0000000000000 bend   14    8    7      val=  -7.16577
        1.0000000000000 bend    7   16    8
       -1.0000000000000 bend    8   15   16
        1.0000000000000 bend   16   13   15
       -1.0000000000000 bend   15   14   13
        1.0000000000000 bend   13    7   14
  48 k -0.5000000000000 tors    7    8   16   15 val=   9.05988
       -0.5000000000000 tors    8   16   15   13
        1.0000000000000 tors   16   15   13   14
       -0.5000000000000 tors   15   13   14    7
       -0.5000000000000 tors   13   14    7    8
        1.0000000000000 tors   14    7    8   16
  49 k  0.8660254037844 tors    7    8   16   15 val= -29.78810
       -0.8660254037844 tors    8   16   15   13
        0.8660254037844 tors   15   13   14    7
       -0.8660254037844 tors   13   14    7    8
  50 k -1.0000000000000 tors    7    8   16   15 val=  13.78579
        1.0000000000000 tors    8   16   15   13
       -1.0000000000000 tors   16   15   13   14
        1.0000000000000 tors   15   13   14    7
       -1.0000000000000 tors   13   14    7    8
        1.0000000000000 tors   14    7    8   16
  51 k  1.0000000000000 tors    1   14    7   13 val= 179.62045
        1.0000000000000 tors    3   14    7   13
        1.0000000000000 tors    5   14    7   13
        1.0000000000000 tors    9   14    7   13
        1.0000000000000 tors   11   14    7   13
        1.0000000000000 tors    5   14    7    8
        1.0000000000000 tors    9   14    7    8
  52 k  1.0000000000000 tors    5   14    1    3 val=  60.20182
        1.0000000000000 tors    5   14    1   11
        1.0000000000000 tors    7   14    1    3
        1.0000000000000 tors    7   14    1   11
        1.0000000000000 tors    9   14    1    3
        1.0000000000000 tors    9   14    1   11
  53 k  1.0000000000000 tors    7   14    3    1 val=  60.76248
        1.0000000000000 tors    7   14    3    5
        1.0000000000000 tors    9   14    3    1
        1.0000000000000 tors    9   14    3    5
        1.0000000000000 tors   11   14    3    1
        1.0000000000000 tors   11   14    3    5
  54 k  1.0000000000000 tors    1   14    5    3 val=  60.63336
        1.0000000000000 tors    1   14    5    7
        1.0000000000000 tors    9   14    5    3
        1.0000000000000 tors    9   14    5    7
        1.0000000000000 tors   11   14    5    3
        1.0000000000000 tors   11   14    5    7
  55 k  1.0000000000000 tors    1   14    7    5 val=  59.79691
        1.0000000000000 tors    1   14    7    9
        1.0000000000000 tors    3   14    7    5
        1.0000000000000 tors    3   14    7    9
        1.0000000000000 tors   11   14    7    5
        1.0000000000000 tors   11   14    7    9
  56 k  1.0000000000000 tors    1   14    9    7 val=  59.16306
        1.0000000000000 tors    1   14    9   11
        1.0000000000000 tors    3   14    9    7
        1.0000000000000 tors    3   14    9   11
        1.0000000000000 tors    5   14    9    7
        1.0000000000000 tors    5   14    9   11
  57 k  1.0000000000000 tors    3   14   11    1 val=  59.44232
        1.0000000000000 tors    3   14   11    9
        1.0000000000000 tors    5   14   11    1
        1.0000000000000 tors    5   14   11    9
        1.0000000000000 tors    7   14   11    1
        1.0000000000000 tors    7   14   11    9
  58 k  1.0000000000000 stre    1    3           val=   2.63450
  59 k  1.0000000000000 stre    1   11           val=   2.63454
  60 k  1.0000000000000 stre    1   14           val=   5.37114
  61 k  1.0000000000000 stre    3   14           val=   5.45241
  62 k  1.0000000000000 stre   11   14           val=   5.40120
  63 k  1.0000000000000 bend   11    3    1      val= 119.99640
  64 k  1.0000000000000 stre    3    5           val=   2.63408
  65 k  1.0000000000000 stre    5   14           val=   5.56334
  66 k  1.0000000000000 bend    1    5    3      val= 120.00479
  67 k  1.0000000000000 stre    5    7           val=   2.63385
  68 k  1.0000000000000 stre    7   14           val=   5.59708
  69 k  1.0000000000000 bend    3    7    5      val= 119.99472
  70 k  1.0000000000000 stre    7    9           val=   2.63425
  71 k  1.0000000000000 stre    9   14           val=   5.51610
  72 k  1.0000000000000 bend    9    5    7      val= 120.01577
  73 k  1.0000000000000 stre    9   11           val=   2.63432
  74 k  1.0000000000000 bend   11    7    9      val= 119.99741
  75 k  1.0000000000000 bend    1    9   11      val= 119.99066
  76 k  0.3137126768713 bend    5    1   14      val=  52.24307
        0.3730259464165 bend    7    1   14
        0.3062930033530 bend    7    3   14
        0.3166211930246 bend    9    1   14
        0.3726669650655 bend    9    3   14
        0.3044235960005 bend    9    5   14
        0.3187841975715 bend   11    3   14
        0.3732301921761 bend   11    5   14
        0.3096660818831 bend   11    7   14
  77 k -0.2456939717903 bend    5    1   14      val=   0.01923
       -0.5604881138421 bend    7    1   14
       -0.0965779198018 bend    7    3   14
       -0.3951880343328 bend    9    1   14
        0.1479640485449 bend    9    3   14
        0.1930472883049 bend    9    5   14
        0.4752112237025 bend   11    3   14
        0.4125337206085 bend   11    5   14
        0.0693993979723 bend   11    7   14
  78 k -0.3579779300812 bend    5    1   14      val=   0.03672
       -0.1618169185474 bend    7    1   14
        0.2771558769217 bend    7    3   14
        0.2500956139728 bend    9    1   14
        0.6021778160736 bend    9    3   14
        0.0992558621175 bend    9    5   14
        0.0951685476056 bend   11    3   14
       -0.4396475486875 bend   11    5   14
       -0.3626113930227 bend   11    7   14
  79 k  0.3378992334480 bend    5    1   14      val=   0.00907
       -0.2187524389746 bend    7    1   14
       -0.4756551848022 bend    7    3   14
        0.2833209287822 bend    9    1   14
        0.0622073970192 bend    9    3   14
        0.5186657358767 bend    9    5   14
       -0.2498672488683 bend   11    3   14
        0.1565859002216 bend   11    5   14
       -0.4142658360776 bend   11    7   14
  80 k  0.5615155433825 bend    5    1   14      val=   0.00254
       -0.0018408831157 bend    7    1   14
        0.4031568235640 bend    7    3   14
       -0.4291427628633 bend    9    1   14
       -0.0019869068856 bend    9    3   14
       -0.1315706641249 bend    9    5   14
        0.1438289988495 bend   11    3   14
        0.0039457406361 bend   11    5   14
       -0.5477050603642 bend   11    7   14
  81 k -0.1479173368394 bend    5    1   14      val=   0.45029
        0.0109034370952 bend    7    1   14
        0.4032222828773 bend    7    3   14
       -0.3973504027570 bend    9    1   14
        0.0040770071980 bend    9    3   14
        0.5507215272020 bend    9    5   14
       -0.5688617630651 bend   11    3   14
        0.0071801460774 bend   11    5   14
        0.1748140213352 bend   11    7   14
  82 k -0.4233323584882 bend    5    1   14      val=   0.00220
        0.1452034046478 bend    7    1   14
        0.3143609143251 bend    7    3   14
        0.2979399188269 bend    9    1   14
       -0.5118431147735 bend    9    3   14
        0.1249421413708 bend    9    5   14
        0.1169431372309 bend   11    3   14
        0.3671318783853 bend   11    5   14
       -0.4313458931602 bend   11    7   14
  83 k -0.1161258161410 bend    5    1   14      val=   0.00404
        0.5074666869293 bend    7    1   14
       -0.3146400864921 bend    7    3   14
       -0.3187454840172 bend    9    1   14
       -0.1279166850478 bend    9    3   14
        0.4284758115864 bend    9    5   14
        0.4185706386844 bend   11    3   14
       -0.3790207969826 bend   11    5   14
       -0.0978925192810 bend   11    7   14
        66 non zero eigenvalues  of BmBt
           1          12.546776165    1    0
         1
           2           7.843190602    2    0
         2
           3           6.106954899    3    0
         3
           4           4.690972130    4    0
         4
           5           4.344321724    5    0
         5
           6           3.982187233    6    0
         6
           7           3.613573257    7    0
         7
           8           3.485887954    8    0
         8
           9           3.183194411    9    0
         9
          10           3.038528899   10    0
        10
          11           2.752889330   11    0
        11
          12           2.556736668   12    0
        12
          13           2.363457473   13    0
        13
          14           2.329659064   14    0
        14
          15           2.277814374   15    0
        15
          16           2.212478244   16    0
        16
          17           2.150313671   17    0
        17
          18           2.043200500   18    0
        18
          19           2.018785287   19    0
        19
          20           1.979049423   20    0
        20
          21           1.894433302   21    0
        21
          22           1.767025522   22    0
        22
          23           1.739480287   23    0
        23
          24           1.617580593   24    0
        24
          25           1.549630106   25    0
        25
          26           1.518443286   26    0
        26
          27           1.348824902   27    0
        27
          28           1.294298795   28    0
        28
          29           1.138600822   29    0
        29
          30           1.007850221   30    0
        30
          31           0.823129656   31    0
        31
          32           0.762212503   32    0
        32
          33           0.675951725   33    0
        33
          34           0.647016053   34    0
        34
          35           0.617279565   35    0
        35
          36           0.578620497   36    0
        36
          37           0.574615823   37    0
        37
          38           0.537677434   38    0
        38
          39           0.478095411   39    0
        39
          40           0.451363760   40    0
        40
          41           0.384352640   41    0
        41
          42           0.356562509   42    0
        42
          43           0.328296284   43    0
        43
          44           0.296557930   44    0
        44
          45           0.270645086   45    0
        45
          46           0.239358713   46    0
        46
          47           0.171471879   47    0
        47
          48           0.134748605   48    0
        48
          49           0.111189586   49    0
        49
          50           0.047904775   50    0
        50
          51           0.036707459   51    0
        51
          52           1.530498331    0    0
         0.000000000         0.000000000         0.000000000         0.000000000
         0.000000000         0.000000000         0.000000000         0.000000000
         0.000000000         0.000000000         0.000000000         0.000000000
         0.000000000         0.000000000         0.000000000         0.000000000
         0.000000000         0.000000000         0.000000000         0.000000000
         0.000000000         0.000000000         0.000000000         0.000000000
         0.000000000         0.000000000         0.000000000         0.000000000
         0.000000000         0.000000000         0.000000000         0.000000000
         0.000000000         0.000000000         0.000000000         0.000000000
         0.000000000         0.000000000         0.000000000         0.000000000
         0.000000000         0.000000000         0.000000000         0.000000000
         0.000000000         0.000000000         0.000000000         0.000000000
         0.000000000         0.000000000         0.000000000        -0.146246806
         0.093730681        -0.095422141         0.136835872        -0.096847135
         0.107770780        -0.468534137         0.457351487         0.008494700
        -0.062034825         0.033283146        -0.005557500         0.393912674
        -0.059675647         0.023037170        -0.293001959        -0.068447757
        -0.045024279         0.256821895         0.000484601         0.020697367
        -0.409723976         0.019466617        -0.012610973         0.002115746
        -0.001694480         0.012955135         0.003132831         0.012604242
         0.004850604         0.015481629        -0.004786701
          53           1.133790973    0    0
         0.000000000         0.000000000         0.000000000         0.000000000
         0.000000000         0.000000000         0.000000000         0.000000000
         0.000000000         0.000000000         0.000000000         0.000000000
         0.000000000         0.000000000         0.000000000         0.000000000
         0.000000000         0.000000000         0.000000000         0.000000000
         0.000000000         0.000000000         0.000000000         0.000000000
         0.000000000         0.000000000         0.000000000         0.000000000
         0.000000000         0.000000000         0.000000000         0.000000000
         0.000000000         0.000000000         0.000000000         0.000000000
         0.000000000         0.000000000         0.000000000         0.000000000
         0.000000000         0.000000000         0.000000000         0.000000000
         0.000000000         0.000000000         0.000000000         0.000000000
         0.000000000         0.000000000         0.000000000         0.002835157
        -0.010906745        -0.007103496         0.015375312         0.003844040
        -0.004167622        -0.012783113         0.015412533        -0.230260599
         0.106512806         0.141210972         0.276052760        -0.124268068
        -0.348772661        -0.289933120         0.001968576         0.101884758
         0.327361392        -0.031825510        -0.341159682        -0.356119526
        -0.132203684         0.355005996        -0.312489723        -0.000985806
         0.049596179        -0.001944506        -0.109439506         0.002212146
         0.003229828         0.005581487         0.008811241
          54           1.061829627    0    0
         0.000000000         0.000000000         0.000000000         0.000000000
         0.000000000         0.000000000         0.000000000         0.000000000
         0.000000000         0.000000000         0.000000000         0.000000000
         0.000000000         0.000000000         0.000000000         0.000000000
         0.000000000         0.000000000         0.000000000         0.000000000
         0.000000000         0.000000000         0.000000000         0.000000000
         0.000000000         0.000000000         0.000000000         0.000000000
         0.000000000         0.000000000         0.000000000         0.000000000
         0.000000000         0.000000000         0.000000000         0.000000000
         0.000000000         0.000000000         0.000000000         0.000000000
         0.000000000         0.000000000         0.000000000         0.000000000
         0.000000000         0.000000000         0.000000000         0.000000000
         0.000000000         0.000000000         0.000000000        -0.000496624
         0.060512650        -0.064978957         0.004121712         0.068321258
        -0.067278041         0.205723223         0.149331916         0.150568686
        -0.179210330        -0.193403290        -0.343098088        -0.491956325
        -0.153840976         0.202234231         0.139263756        -0.040031869
         0.046143146         0.174777663        -0.153837885        -0.159198198
        -0.493672716         0.034466583         0.219144143        -0.007104927
        -0.029381967        -0.007187410         0.032792084         0.001381529
         0.000980483         0.013819021         0.062804404
          55           1.032076310    0    0
         0.000000000         0.000000000         0.000000000         0.000000000
         0.000000000         0.000000000         0.000000000         0.000000000
         0.000000000         0.000000000         0.000000000         0.000000000
         0.000000000         0.000000000         0.000000000         0.000000000
         0.000000000         0.000000000         0.000000000         0.000000000
         0.000000000         0.000000000         0.000000000         0.000000000
         0.000000000         0.000000000         0.000000000         0.000000000
         0.000000000         0.000000000         0.000000000         0.000000000
         0.000000000         0.000000000         0.000000000         0.000000000
         0.000000000         0.000000000         0.000000000         0.000000000
         0.000000000         0.000000000         0.000000000         0.000000000
         0.000000000         0.000000000         0.000000000         0.000000000
         0.000000000         0.000000000         0.000000000         0.065347853
         0.024371913        -0.038241371         0.014956688        -0.015438917
        -0.051774501        -0.014732565         0.443876616         0.156762480
         0.123509705         0.347615865        -0.016712299        -0.053279065
         0.341251013         0.132029426         0.463887536         0.381316319
        -0.033771257         0.020200538         0.209878778        -0.131977766
         0.047810393         0.205385647        -0.154706287         0.028261275
         0.005290781        -0.008974396        -0.023573423        -0.008082939
        -0.009292944         0.042623523         0.013232879
          56           0.954005854    0    0
         0.000000000         0.000000000         0.000000000         0.000000000
         0.000000000         0.000000000         0.000000000         0.000000000
         0.000000000         0.000000000         0.000000000         0.000000000
         0.000000000         0.000000000         0.000000000         0.000000000
         0.000000000         0.000000000         0.000000000         0.000000000
         0.000000000         0.000000000         0.000000000         0.000000000
         0.000000000         0.000000000         0.000000000         0.000000000
         0.000000000         0.000000000         0.000000000         0.000000000
         0.000000000         0.000000000         0.000000000         0.000000000
         0.000000000         0.000000000         0.000000000         0.000000000
         0.000000000         0.000000000         0.000000000         0.000000000
         0.000000000         0.000000000         0.000000000         0.000000000
         0.000000000         0.000000000         0.000000000         0.218219260
        -0.042522796        -0.113474423         0.044434525        -0.054501252
        -0.053056678        -0.423470054         0.023593985        -0.141125208
        -0.421078369        -0.068687401        -0.035005073        -0.136553207
         0.017567778         0.317541822         0.105936111        -0.113541428
        -0.257354966        -0.372223645        -0.320931710         0.035336925
         0.153884505         0.143016213        -0.203371643        -0.027693562
        -0.010573476        -0.066378794         0.018372303        -0.033727958
        -0.001389935         0.029866499        -0.028415788
          57           0.807465548    0    0
         0.000000000         0.000000000         0.000000000         0.000000000
         0.000000000         0.000000000         0.000000000         0.000000000
         0.000000000         0.000000000         0.000000000         0.000000000
         0.000000000         0.000000000         0.000000000         0.000000000
         0.000000000         0.000000000         0.000000000         0.000000000
         0.000000000         0.000000000         0.000000000         0.000000000
         0.000000000         0.000000000         0.000000000         0.000000000
         0.000000000         0.000000000         0.000000000         0.000000000
         0.000000000         0.000000000         0.000000000         0.000000000
         0.000000000         0.000000000         0.000000000         0.000000000
         0.000000000         0.000000000         0.000000000         0.000000000
         0.000000000         0.000000000         0.000000000         0.000000000
         0.000000000         0.000000000         0.000000000        -0.121618532
        -0.097147663         0.121735827        -0.126088587        -0.005579601
         0.228309383        -0.276686531        -0.101826364        -0.534467028
        -0.038589313        -0.331676337         0.190356243        -0.158863059
         0.177392899        -0.098250874         0.334785963         0.217661602
        -0.020422809         0.103219669         0.187861392         0.008344620
        -0.218931180        -0.165279288         0.085339779        -0.038318720
         0.060315687         0.102601111         0.023042811        -0.008617692
         0.024761062         0.025414520         0.017479449
          58           0.794992790    0    0
         0.000000000         0.000000000         0.000000000         0.000000000
         0.000000000         0.000000000         0.000000000         0.000000000
         0.000000000         0.000000000         0.000000000         0.000000000
         0.000000000         0.000000000         0.000000000         0.000000000
         0.000000000         0.000000000         0.000000000         0.000000000
         0.000000000         0.000000000         0.000000000         0.000000000
         0.000000000         0.000000000         0.000000000         0.000000000
         0.000000000         0.000000000         0.000000000         0.000000000
         0.000000000         0.000000000         0.000000000         0.000000000
         0.000000000         0.000000000         0.000000000         0.000000000
         0.000000000         0.000000000         0.000000000         0.000000000
         0.000000000         0.000000000         0.000000000         0.000000000
         0.000000000         0.000000000         0.000000000         0.161905305
        -0.285457835         0.141012913         0.153159045        -0.302944306
         0.132278509         0.252929736         0.052567269        -0.152744609
        -0.045742430         0.338842278         0.195950890        -0.274193059
         0.090652018         0.016059003        -0.081135765        -0.334908209
        -0.206898134         0.231587506         0.063796085         0.252782339
        -0.178451830        -0.022986645        -0.234388534         0.006379111
         0.173616756        -0.058011720         0.067176603         0.000211844
        -0.004764633        -0.013071763         0.043992535
          59           0.766900952    0    0
         0.000000000         0.000000000         0.000000000         0.000000000
         0.000000000         0.000000000         0.000000000         0.000000000
         0.000000000         0.000000000         0.000000000         0.000000000
         0.000000000         0.000000000         0.000000000         0.000000000
         0.000000000         0.000000000         0.000000000         0.000000000
         0.000000000         0.000000000         0.000000000         0.000000000
         0.000000000         0.000000000         0.000000000         0.000000000
         0.000000000         0.000000000         0.000000000         0.000000000
         0.000000000         0.000000000         0.000000000         0.000000000
         0.000000000         0.000000000         0.000000000         0.000000000
         0.000000000         0.000000000         0.000000000         0.000000000
         0.000000000         0.000000000         0.000000000         0.000000000
         0.000000000         0.000000000         0.000000000        -0.067341674
         0.077795452         0.180045270        -0.247384231        -0.093507456
         0.149668126        -0.015382237         0.362218966         0.132274658
         0.455493373        -0.187502687         0.018368353        -0.088117411
         0.121624250        -0.132074407         0.130414963        -0.344839032
         0.022972751        -0.388720946        -0.285772321         0.179602551
        -0.063842212        -0.084117404        -0.004623345         0.001350561
         0.027959431         0.121869529         0.017317671        -0.032627840
        -0.037345024         0.041255673        -0.001270567
          60           0.666220654    0    0
         0.000000000         0.000000000         0.000000000         0.000000000
         0.000000000         0.000000000         0.000000000         0.000000000
         0.000000000         0.000000000         0.000000000         0.000000000
         0.000000000         0.000000000         0.000000000         0.000000000
         0.000000000         0.000000000         0.000000000         0.000000000
         0.000000000         0.000000000         0.000000000         0.000000000
         0.000000000         0.000000000         0.000000000         0.000000000
         0.000000000         0.000000000         0.000000000         0.000000000
         0.000000000         0.000000000         0.000000000         0.000000000
         0.000000000         0.000000000         0.000000000         0.000000000
         0.000000000         0.000000000         0.000000000         0.000000000
         0.000000000         0.000000000         0.000000000         0.000000000
         0.000000000         0.000000000         0.000000000         0.089154600
         0.124804160        -0.000601197        -0.219726764        -0.086526302
         0.092526672        -0.218227544         0.284872899         0.005607943
        -0.077210762         0.077762463        -0.013248115        -0.379628377
        -0.461991572         0.006333966        -0.128279653        -0.036249511
         0.206579677         0.004476086         0.438669085         0.036448427
         0.328027000        -0.205510587        -0.031091893        -0.013213870
        -0.003046435         0.046587015         0.001288233        -0.067681005
        -0.033682747         0.021041896        -0.004580203
          61           0.560230588    0    0
         0.000000000         0.000000000         0.000000000         0.000000000
         0.000000000         0.000000000         0.000000000         0.000000000
         0.000000000         0.000000000         0.000000000         0.000000000
         0.000000000         0.000000000         0.000000000         0.000000000
         0.000000000         0.000000000         0.000000000         0.000000000
         0.000000000         0.000000000         0.000000000         0.000000000
         0.000000000         0.000000000         0.000000000         0.000000000
         0.000000000         0.000000000         0.000000000         0.000000000
         0.000000000         0.000000000         0.000000000         0.000000000
         0.000000000         0.000000000         0.000000000         0.000000000
         0.000000000         0.000000000         0.000000000         0.000000000
         0.000000000         0.000000000         0.000000000         0.000000000
         0.000000000         0.000000000         0.000000000        -0.051282930
         0.288605898         0.265763309         0.049276104        -0.216936045
        -0.335302366         0.258324736         0.180068862        -0.341533626
        -0.180032059        -0.078055175        -0.135581530        -0.010518603
         0.163646410        -0.071806800        -0.330478798         0.210309113
         0.055890738        -0.351626588         0.169222675         0.093867368
        -0.129464298         0.104154076        -0.046174026        -0.068478148
        -0.021215169        -0.008598437        -0.017956766         0.059249161
        -0.142549403        -0.002421383         0.004714790
          62           0.405069889    0    0
         0.000000000         0.000000000         0.000000000         0.000000000
         0.000000000         0.000000000         0.000000000         0.000000000
         0.000000000         0.000000000         0.000000000         0.000000000
         0.000000000         0.000000000         0.000000000         0.000000000
         0.000000000         0.000000000         0.000000000         0.000000000
         0.000000000         0.000000000         0.000000000         0.000000000
         0.000000000         0.000000000         0.000000000         0.000000000
         0.000000000         0.000000000         0.000000000         0.000000000
         0.000000000         0.000000000         0.000000000         0.000000000
         0.000000000         0.000000000         0.000000000         0.000000000
         0.000000000         0.000000000         0.000000000         0.000000000
         0.000000000         0.000000000         0.000000000         0.000000000
         0.000000000         0.000000000         0.000000000         0.026362419
         0.102904091        -0.212503270        -0.025236330         0.178564957
        -0.069787443        -0.301229120        -0.301760715         0.003016632
         0.318588992         0.305789015        -0.029583791        -0.297444429
         0.261139988         0.042996179        -0.260318535        -0.093955647
         0.021262891        -0.181177511         0.171916195        -0.065433004
        -0.262853182         0.009572210         0.022317144        -0.383800664
        -0.081503171        -0.025871493        -0.028120415        -0.020649429
         0.023584540        -0.000597445         0.013533723
          63           0.382047402    0    0
         0.000000000         0.000000000         0.000000000         0.000000000
         0.000000000         0.000000000         0.000000000         0.000000000
         0.000000000         0.000000000         0.000000000         0.000000000
         0.000000000         0.000000000         0.000000000         0.000000000
         0.000000000         0.000000000         0.000000000         0.000000000
         0.000000000         0.000000000         0.000000000         0.000000000
         0.000000000         0.000000000         0.000000000         0.000000000
         0.000000000         0.000000000         0.000000000         0.000000000
         0.000000000         0.000000000         0.000000000         0.000000000
         0.000000000         0.000000000         0.000000000         0.000000000
         0.000000000         0.000000000         0.000000000         0.000000000
         0.000000000         0.000000000         0.000000000         0.000000000
         0.000000000         0.000000000         0.000000000         0.408196741
        -0.047162829        -0.258310639         0.250712362        -0.190845188
        -0.163245991         0.007179412         0.046578797        -0.112963133
         0.491124158        -0.501010234        -0.021730606         0.001981634
        -0.073698680         0.122906894        -0.060643991         0.035604458
        -0.061750681         0.116371519         0.152221223        -0.032332961
         0.052640829         0.098069905        -0.106393414         0.029332857
         0.019024227        -0.191612870         0.007507473        -0.040062318
        -0.015940187         0.014407881        -0.001545406
          64           0.342139449    0    0
         0.000000000         0.000000000         0.000000000         0.000000000
         0.000000000         0.000000000         0.000000000         0.000000000
         0.000000000         0.000000000         0.000000000         0.000000000
         0.000000000         0.000000000         0.000000000         0.000000000
         0.000000000         0.000000000         0.000000000         0.000000000
         0.000000000         0.000000000         0.000000000         0.000000000
         0.000000000         0.000000000         0.000000000         0.000000000
         0.000000000         0.000000000         0.000000000         0.000000000
         0.000000000         0.000000000         0.000000000         0.000000000
         0.000000000         0.000000000         0.000000000         0.000000000
         0.000000000         0.000000000         0.000000000         0.000000000
         0.000000000         0.000000000         0.000000000         0.000000000
         0.000000000         0.000000000         0.000000000         0.113575954
         0.300899209        -0.181538457        -0.304499557         0.033236894
         0.039390020         0.076155965         0.098990517        -0.354489081
         0.054653954         0.107361889        -0.089094057        -0.071128319
         0.325085346         0.109258533        -0.199187903        -0.002822476
         0.089819585         0.411399036        -0.379514836        -0.024206592
         0.259598359        -0.109997717         0.025690414         0.127868941
        -0.101738556         0.015518108         0.024871971        -0.101266993
        -0.030130089        -0.032858587         0.016306408
          65           0.320274232    0    0
         0.000000000         0.000000000         0.000000000         0.000000000
         0.000000000         0.000000000         0.000000000         0.000000000
         0.000000000         0.000000000         0.000000000         0.000000000
         0.000000000         0.000000000         0.000000000         0.000000000
         0.000000000         0.000000000         0.000000000         0.000000000
         0.000000000         0.000000000         0.000000000         0.000000000
         0.000000000         0.000000000         0.000000000         0.000000000
         0.000000000         0.000000000         0.000000000         0.000000000
         0.000000000         0.000000000         0.000000000         0.000000000
         0.000000000         0.000000000         0.000000000         0.000000000
         0.000000000         0.000000000         0.000000000         0.000000000
         0.000000000         0.000000000         0.000000000         0.000000000
         0.000000000         0.000000000         0.000000000        -0.115974137
         0.042086471        -0.094193012         0.135260856         0.235402642
        -0.202771954         0.075886934         0.082533384        -0.494009627
         0.221904872         0.316665848        -0.155254678         0.153606620
        -0.349902754         0.102822531         0.289439209        -0.215660464
        -0.156784487        -0.121268821         0.049257359         0.095696012
        -0.026238011        -0.068176524         0.182533540         0.127624529
        -0.143966857        -0.019034283         0.110042025         0.059115616
         0.027908627         0.025479370         0.004662776
          66           0.173477461    0    0
         0.000000000         0.000000000         0.000000000         0.000000000
         0.000000000         0.000000000         0.000000000         0.000000000
         0.000000000         0.000000000         0.000000000         0.000000000
         0.000000000         0.000000000         0.000000000         0.000000000
         0.000000000         0.000000000         0.000000000         0.000000000
         0.000000000         0.000000000         0.000000000         0.000000000
         0.000000000         0.000000000         0.000000000         0.000000000
         0.000000000         0.000000000         0.000000000         0.000000000
         0.000000000         0.000000000         0.000000000         0.000000000
         0.000000000         0.000000000         0.000000000         0.000000000
         0.000000000         0.000000000         0.000000000         0.000000000
         0.000000000         0.000000000         0.000000000         0.000000000
         0.000000000         0.000000000         0.000000000         0.039402762
        -0.129784081         0.157483707        -0.000424928        -0.204779130
         0.137989544        -0.062180619        -0.070279277         0.037404686
         0.238812027         0.181300231        -0.116296803        -0.052751389
        -0.266854998         0.138701068        -0.145975670         0.612225722
        -0.169517076        -0.049347843        -0.328827299         0.201075961
        -0.037588066        -0.171894685         0.116360561        -0.120566789
         0.011695012         0.010856492         0.230131529        -0.006742040
        -0.017062725        -0.008981851        -0.020858825
$user-defined bonds
$frag
 atom   1 fragment  1 symmetry  c1
 atom   2 fragment  1
 atom   3 fragment  1
 atom   4 fragment  1
 atom   5 fragment  1
 atom   6 fragment  1
 atom   7 fragment  1
 atom   8 fragment  1
 atom   9 fragment  1
 atom  10 fragment  1
 atom  11 fragment  1
 atom  12 fragment  1
   iteration     4
$end
