$energy      SCF               SCFKIN            SCFPOT            RIRPA
     1 -681.2070840186      0.00000000      0.00000000     -4.495266415537
     2 -681.2120456747      0.00000000      0.00000000     -4.490824857424
     3 -681.2173986139      0.00000000      0.00000000     -4.485459735526
     4 -681.2163345559      0.00000000      0.00000000     -4.487064049886
     5 -681.2151941193      0.00000000      0.00000000     -4.488452014967
     6 -681.2141164754      0.00000000      0.00000000     -4.489486456271
     7 -681.2150236029      0.00000000      0.00000000     -4.488631852631
     8 -681.2150671565      0.00000000      0.00000000     -4.488589865729
     9 -681.2150290794      0.00000000      0.00000000     -4.488628403619
    10 -681.2150604870      0.00000000      0.00000000     -4.488597359652
    11 -681.2150771420      0.00000000      0.00000000     -4.488580636098
    12 -681.2150771631      0.00000000      0.00000000     -4.488580191347
$end
