$coord
    4.22160314680305      0.19498685378936      0.01106185395928      n
    4.77976103078865     -0.84934756959314     -1.49087521003056      h
    4.80757036150267     -0.77013613848921      1.55470258477709      h
    5.46756625008335      2.66743642977574     -0.06498382099945      c
    4.88072611986035      3.76673728883959      1.56871356045716      h
    7.52984193445723      2.59317969429633     -0.08190758274622      h
    4.85016953175051      3.68017367601497     -1.74272767993400      h
$redundant
     number_of_atoms             7
     degrees_of_freedom         15
     internal_coordinates       15
     frozen_coordinates          0
# definitions of redundant internals
   1 k  1.0000000000000 stre    1    3           val=   1.91250
   2 k  1.0000000000000 stre    1    2           val=   1.91259
   3 k  0.8607008590912 bend    2    3    1      val=   7.59749
       -0.3600242723622 bend    4    3    1
       -0.3599674352906 bend    4    2    1
   4 k  0.0098278855997 bend    2    3    1      val=   2.53511
        0.7186686999742 bend    4    3    1
       -0.6952831885944 bend    4    2    1
   5 k  0.5090161528127 bend    2    3    1      val= 108.38714
        0.5948931189612 bend    4    3    1
        0.6220970448317 bend    4    2    1
   6 k  1.0000000000000 tors    7    4    1    2 val=  59.99779
        1.0000000000000 tors    7    4    1    3
        1.0000000000000 tors    5    4    1    2
        1.0000000000000 tors    5    4    1    3
        1.0000000000000 tors    6    4    1    2
        1.0000000000000 tors    6    4    1    3
   7 k  1.0000000000000 stre    4    7           val=   2.05466
   8 k  1.0000000000000 stre    4    5           val=   2.05470
   9 k  1.0000000000000 stre    4    6           val=   2.06368
  10 k  0.3601934532655 bend    5    7    4      val=   1.28471
        0.4459579510349 bend    6    7    4
        0.4457835129345 bend    6    5    4
       -0.4048167640356 bend    1    7    4
       -0.4048527616180 bend    1    5    4
       -0.3806269442581 bend    1    6    4
  11 k  0.6964814380904 bend    5    7    4      val=   2.15232
       -0.2882278775459 bend    6    7    4
       -0.2884087375975 bend    6    5    4
        0.2258752848745 bend    1    7    4
        0.2257034442119 bend    1    5    4
       -0.4966860256058 bend    1    6    4
  12 k  0.0001898918609 bend    5    7    4      val=   0.00129
       -0.6295760177699 bend    6    7    4
        0.6295838521987 bend    6    5    4
       -0.3219315771841 bend    1    7    4
        0.3218978495943 bend    1    5    4
       -0.0000942283026 bend    1    6    4
  13 k  0.4933918370085 bend    5    7    4      val=   1.84366
       -0.2288453503138 bend    6    7    4
       -0.2292238144668 bend    6    5    4
       -0.3386832163262 bend    1    7    4
       -0.3380736656796 bend    1    5    4
        0.6501158506354 bend    1    6    4
  14 k -0.0002191729517 bend    5    7    4      val=   0.00399
        0.3220092851532 bend    6    7    4
       -0.3218200519630 bend    6    5    4
       -0.6293756714440 bend    1    7    4
        0.6297840743301 bend    1    5    4
       -0.0003321256649 bend    1    6    4
  15 k  1.0000000000000 stre    1    4           val=   2.76970
        15 non zero eigenvalues  of BmBt
           1           4.215535990    1    0
         1
           2           3.741394937    2    0
         2
           3           3.239437505    3    0
         3
           4           2.817245988    4    0
         4
           5           2.328506143    5    0
         5
           6           1.315734837    6    0
         6
           7           1.268671731    7    0
         7
           8           0.870608963    8    0
         8
           9           0.730533900    9    0
         9
          10           0.696336507   10    0
        10
          11           0.691947538   11    0
        11
          12           0.512658308   12    0
        12
          13           0.387350211   13    0
        13
          14           0.262588106   14    0
        14
          15           0.231388228   15    0
        15
$user-defined bonds
$frag
 atom   1 fragment  1 symmetry  c1
 atom   2 fragment  1
 atom   3 fragment  1
 atom   4 fragment  2 symmetry  c1
 atom   5 fragment  2
 atom   6 fragment  2
 atom   7 fragment  2
   iteration     5
$end
