$coord
   -2.32951643228290      2.28966581389329     -0.26763068911709      c
   -1.07955645807607      4.23679572099086      0.04840871183447      o
   -1.26721351395078      0.00734872919104     -0.59390591260989      n
    0.64977655767939     -0.17113379701537     -0.58265296009543      h
   -2.35122320803503     -1.52373096556532     -0.84410799019518      h
   -5.17453304970577      2.39382506169397     -0.29458292887436      c
   -5.81653043448585      3.11163269935113      1.52028768235050      h
   -6.05112046025580      0.57233282931249     -0.65424419340070      h
   -5.76364103270194      3.73313600988924     -1.73589745001984      h
    7.92780343503116      2.11163410831204     -0.22590150153768      n
    8.85382488691056      0.45631493397723     -0.44877290847951      h
    9.44643651097423      4.27129805537644      0.05846769191447      c
   11.74351583953957      4.09059805082638      0.02977262388526      o
    7.98644888781377      6.56791337302821      0.36676505497495      c
    8.97243804518932      8.33139231326168      0.59926774217085      h
    5.43690463288477      6.45136351411737      0.35603753892200      c
    4.26451088476195      8.10744463736732      0.57841464641980      h
    4.14228707211451      4.23607251335117      0.06395057166232      n
    2.19059591604245      4.21894958391863      0.06236826995618      h
    5.33449632595032      1.95995502671692     -0.24267645868985      c
    4.20597317660453     -0.05055476797892     -0.51065378027149      o
$redundant
     number_of_atoms            21
     degrees_of_freedom         57
     internal_coordinates       57
     frozen_coordinates          0
# definitions of redundant internals
   1 k  1.0000000000000 stre    3    4           val=   1.92531
   2 k  1.0000000000000 stre    4   21           val=   3.55897
   3 k  1.0000000000000 linc   21    3    4    5 val=  -7.30111
   4 k  1.0000000000000 linp   21    3    4    5 val=  -0.29928
   5 k  1.0000000000000 stre   18   19           val=   1.95177
   6 k  1.0000000000000 stre   19    2           val=   3.27023
   7 k  1.0000000000000 linc    2   18   19   20 val=  -0.78052
   8 k  1.0000000000000 linp    2   18   19   20 val=   0.30794
   9 k  1.0000000000000 stre    3    5           val=   1.89259
  10 k  0.7071068310591 bend    1    5    3      val=   0.28403
       -0.7071067313140 bend    4    5    3
  11 k  1.0000000000000 outp    5    4    1    3 val=   0.14061
  12 k  1.0000000000000 tors    8    6    1    2 val=  87.81396
        1.0000000000000 tors    8    6    1    3
        1.0000000000000 tors    9    6    1    2
        1.0000000000000 tors    9    6    1    3
        1.0000000000000 tors    7    6    1    2
        1.0000000000000 tors    7    6    1    3
  13 k  1.0000000000000 stre    6    8           val=   2.05319
  14 k  1.0000000000000 stre    6    9           val=   2.05382
  15 k  1.0000000000000 stre    6    7           val=   2.05455
  16 k  0.4537228882999 bend    9    8    6      val=   0.52654
        0.4497935873373 bend    7    8    6
        0.3257274067620 bend    7    9    6
       -0.3750722214435 bend    1    8    6
       -0.4148789459908 bend    1    9    6
       -0.4158355621903 bend    1    7    6
  17 k -0.2790447429866 bend    9    8    6      val=   2.03548
       -0.2841624861193 bend    7    8    6
        0.7262985851386 bend    7    9    6
       -0.4854770886422 bend    1    8    6
        0.1996524416849 bend    1    9    6
        0.1957727689246 bend    1    7    6
  18 k -0.6158085287001 bend    9    8    6      val=   0.04962
        0.6159048985825 bend    7    8    6
        0.0047223215196 bend    7    9    6
       -0.0024912114633 bend    1    8    6
       -0.3477121893228 bend    1    9    6
        0.3471436861354 bend    1    7    6
  19 k  0.1930785144491 bend    9    8    6      val=  -0.98897
        0.2376589780414 bend    7    8    6
       -0.4670045176721 bend    7    9    6
       -0.6630187424845 bend    1    8    6
        0.3888822924255 bend    1    9    6
        0.3119653628858 bend    1    7    6
  20 k  0.3598674904204 bend    9    8    6      val=  -0.02330
       -0.3335679642710 bend    7    8    6
       -0.0291208584426 bend    7    9    6
       -0.0416525308968 bend    1    8    6
       -0.5920407883698 bend    1    9    6
        0.6372852969672 bend    1    7    6
  21 k  1.0000000000000 stre   10   11           val=   1.90978
  22 k  0.7071067859361 bend   20   11   10      val=  -0.23709
       -0.7071067764370 bend   12   11   10
  23 k  1.0000000000000 outp   11   12   20   10 val=  -0.06613
  24 k  1.0000000000000 stre   12   13           val=   2.30435
  25 k -0.7071067809658 bend   10   13   12      val=   3.21792
        0.7071067814073 bend   14   13   12
  26 k  1.0000000000000 outp   13   14   10   12 val=  -0.00626
  27 k  1.0000000000000 stre   14   15           val=   2.03374
  28 k  0.7071067817485 bend   16   15   14      val=   1.42040
       -0.7071067806245 bend   12   15   14
  29 k  1.0000000000000 outp   15   12   16   14 val=   0.00773
  30 k  1.0000000000000 stre   16   17           val=   2.04122
  31 k  0.7071067811898 bend   14   17   16      val=   3.78551
       -0.7071067811833 bend   18   17   16
  32 k  1.0000000000000 outp   17   18   14   16 val=   0.00057
  33 k  1.0000000000000 stre    1    6           val=   2.84705
  34 k  0.7071070904650 bend    2    6    1      val=   1.81982
       -0.7071064719079 bend    3    6    1
  35 k  1.0000000000000 outp    6    3    2    1 val=   0.13984
  36 k  1.0000000000000 stre   18   16           val=   2.58241
  37 k  1.0000000000000 stre   16   14           val=   2.55223
  38 k  1.0000000000000 stre   14   12           val=   2.73881
  39 k  1.0000000000000 stre   12   10           val=   2.65542
  40 k  1.0000000000000 stre   10   20           val=   2.59779
  41 k -0.5000000000000 bend   20   16   18      val=  -2.37962
       -0.5000000000000 bend   18   14   16
        1.0000000000000 bend   16   12   14
       -0.5000000000000 bend   14   10   12
       -0.5000000000000 bend   12   20   10
        1.0000000000000 bend   10   18   20
  42 k  0.8660254037844 bend   20   16   18      val=  -3.89533
       -0.8660254037844 bend   18   14   16
        0.8660254037844 bend   14   10   12
       -0.8660254037844 bend   12   20   10
  43 k -1.0000000000000 bend   20   16   18      val=  -3.43848
        1.0000000000000 bend   18   14   16
       -1.0000000000000 bend   16   12   14
        1.0000000000000 bend   14   10   12
       -1.0000000000000 bend   12   20   10
        1.0000000000000 bend   10   18   20
  44 k -0.5000000000000 tors   18   16   14   12 val=  -0.00090
       -0.5000000000000 tors   16   14   12   10
        1.0000000000000 tors   14   12   10   20
       -0.5000000000000 tors   12   10   20   18
       -0.5000000000000 tors   10   20   18   16
        1.0000000000000 tors   20   18   16   14
  45 k  0.8660254037844 tors   18   16   14   12 val=  -0.03729
       -0.8660254037844 tors   16   14   12   10
        0.8660254037844 tors   12   10   20   18
       -0.8660254037844 tors   10   20   18   16
  46 k -1.0000000000000 tors   18   16   14   12 val=  -0.04290
        1.0000000000000 tors   16   14   12   10
       -1.0000000000000 tors   14   12   10   20
        1.0000000000000 tors   12   10   20   18
       -1.0000000000000 tors   10   20   18   16
        1.0000000000000 tors   20   18   16   14
  47 k  1.0000000000000 stre    2    1           val=   2.33529
  48 k  1.0000000000000 stre    1    3           val=   2.53849
  49 k  1.0000000000000 stre   21   20           val=   2.32110
  50 k -0.5000000000000 bend   20   19   18      val=   1.57446
       -0.5000000000000 bend   19    1    2
        1.0000000000000 bend    2    3    1
       -0.5000000000000 bend    1    4    3
       -0.5000000000000 bend    4   20   21
        1.0000000000000 bend   21   18   20
  51 k  0.8660254037844 bend   20   19   18      val=  -1.59370
       -0.8660254037844 bend   19    1    2
        0.8660254037844 bend    1    4    3
       -0.8660254037844 bend    4   20   21
  52 k -1.0000000000000 bend   20   19   18      val=   0.75520
        1.0000000000000 bend   19    1    2
       -1.0000000000000 bend    2    3    1
        1.0000000000000 bend    1    4    3
       -1.0000000000000 bend    4   20   21
        1.0000000000000 bend   21   18   20
  53 k -0.5000000000000 tors   19    2    1    3 val=  -0.97104
       -0.5000000000000 tors    2    1    3    4
        1.0000000000000 tors    1    3   21   20
       -0.5000000000000 tors    4   21   20   18
       -0.5000000000000 tors   21   20   18   19
        1.0000000000000 tors   20   18    2    1
  54 k  0.8660254037844 tors   19    2    1    3 val=   0.46416
       -0.8660254037844 tors    2    1    3    4
        0.8660254037844 tors    4   21   20   18
       -0.8660254037844 tors   21   20   18   19
  55 k -1.0000000000000 tors   19    2    1    3 val=   0.11253
        1.0000000000000 tors    2    1    3    4
       -1.0000000000000 tors    1    3   21   20
        1.0000000000000 tors    4   21   20   18
       -1.0000000000000 tors   21   20   18   19
        1.0000000000000 tors   20   18    2    1
  56 k  1.0000000000000 tors   10   20   18   21 val= 179.92739
        1.0000000000000 tors   16   20   18   19
  57 k  1.0000000000000 stre   18   20           val=   2.58768
        57 non zero eigenvalues  of BmBt
           1          11.637492245    1    0
         1
           2           8.710790377    2    0
         2
           3           6.172841590    3    0
         3
           4           5.771802250    4    0
         4
           5           4.708638500    5    0
         5
           6           4.193300793    6    0
         6
           7           4.120079197    7    0
         7
           8           4.036670252    8    0
         8
           9           3.709655455    9    0
         9
          10           3.555690225   10    0
        10
          11           3.438613200   11    0
        11
          12           3.266507747   12    0
        12
          13           3.262172264   13    0
        13
          14           3.210494284   14    0
        14
          15           3.117150877   15    0
        15
          16           2.904284956   16    0
        16
          17           2.737934325   17    0
        17
          18           2.476772335   18    0
        18
          19           2.373466695   19    0
        19
          20           2.294174329   20    0
        20
          21           2.095458283   21    0
        21
          22           1.864865901   22    0
        22
          23           1.776011006   23    0
        23
          24           1.720636360   24    0
        24
          25           1.624161120   25    0
        25
          26           1.534909477   26    0
        26
          27           1.524718822   27    0
        27
          28           1.103343786   28    0
        28
          29           0.929805131   29    0
        29
          30           0.875892918   30    0
        30
          31           0.816896667   31    0
        31
          32           0.735685941   32    0
        32
          33           0.706060062   33    0
        33
          34           0.701015136   34    0
        34
          35           0.618942091   35    0
        35
          36           0.582898380   36    0
        36
          37           0.559282283   37    0
        37
          38           0.455791556   38    0
        38
          39           0.425339711   39    0
        39
          40           0.416191996   40    0
        40
          41           0.396276637   41    0
        41
          42           0.368560787   42    0
        42
          43           0.349947529   43    0
        43
          44           0.325405970   44    0
        44
          45           0.319440484   45    0
        45
          46           0.294024921   46    0
        46
          47           0.283543086   47    0
        47
          48           0.266004149   48    0
        48
          49           0.172026078   49    0
        49
          50           0.136289906   50    0
        50
          51           0.132482661   51    0
        51
          52           0.095813229   52    0
        52
          53           0.076644627   53    0
        53
          54           0.063773003   54    0
        54
          55           0.046743385   55    0
        55
          56           0.018738263   56    0
        56
          57           0.014981115   57    0
        57
$user-defined bonds
$frag
 atom   1 fragment  1 symmetry  c1
 atom   2 fragment  1
 atom   3 fragment  1
 atom   4 fragment  1
 atom   5 fragment  1
 atom   6 fragment  1
 atom   7 fragment  1
 atom   8 fragment  1
 atom   9 fragment  1
 atom  10 fragment  2 symmetry  c1
 atom  11 fragment  2
 atom  12 fragment  2
 atom  13 fragment  2
 atom  14 fragment  2
 atom  15 fragment  2
 atom  16 fragment  2
 atom  17 fragment  2
 atom  18 fragment  2
 atom  19 fragment  2
 atom  20 fragment  2
 atom  21 fragment  2
   iteration     6
$end
