$coord
    1.18312215990595     -1.60799187717715      1.52295994218529      n
    0.77325683600451     -3.42323994418952      1.95473540093720      h
   -0.81722377113006     -0.16504075682456      0.55683380579662      c
   -2.89273913379369     -1.11192076765326      0.23355611691840      o
   -0.12637471326134      2.44015651853303      0.03710928528521      c
   -1.53019349634799      3.68838710231045     -0.74235934885920      h
    2.23657039227665      3.24642667921671      0.54902820129788      c
    2.83808561597296      5.16626679422652      0.20755398232787      h
    4.03292084080193      1.67543422053713      1.54784022573923      n
    5.77374816111409      2.31283841052245      1.97179275120376      h
    3.59573911557906     -0.83748587959949      2.13220020757584      c
    5.18504248002462     -2.19949672454959      3.07758397860594      o
$redundant
     number_of_atoms            12
     degrees_of_freedom         30
     internal_coordinates       30
     frozen_coordinates          0
# definitions of redundant internals
   1 k  1.0000000000000 stre    1    2           val=   1.91038
   2 k  0.7071164303784 bend   11    2    1      val=  -0.35148
       -0.7070971318630 bend    3    2    1
   3 k  1.0000000000000 outp    2    3   11    1 val=  -4.53670
   4 k  1.0000000000000 stre    3    4           val=   2.30410
   5 k -0.7071066711676 bend    1    4    3      val=   2.83500
        0.7071068912054 bend    5    4    3
   6 k  1.0000000000000 outp    4    5    1    3 val=  -0.16427
   7 k  1.0000000000000 stre    5    6           val=   2.03380
   8 k  0.7071078096084 bend    7    6    5      val=   1.37251
       -0.7071057527632 bend    3    6    5
   9 k  1.0000000000000 outp    6    3    7    5 val=   0.32753
  10 k  1.0000000000000 stre    7    8           val=   2.04064
  11 k  0.7071070819119 bend    5    8    7      val=   3.47686
       -0.7071064804611 bend    9    8    7
  12 k  1.0000000000000 outp    8    9    5    7 val=  -0.17711
  13 k  1.0000000000000 stre    9   10           val=   1.90171
  14 k  0.7071384268185 bend    7   10    9      val=   3.03377
       -0.7070751341383 bend   11   10    9
  15 k  1.0000000000000 outp   10   11    7    9 val=  -2.03687
  16 k  1.0000000000000 stre   11   12           val=   2.29667
  17 k  0.7071067920993 bend    1   12   11      val=   0.54918
       -0.7071067702738 bend    9   12   11
  18 k  1.0000000000000 outp   12    9    1   11 val=  -0.07386
  19 k  1.0000000000000 stre    1   11           val=   2.60491
  20 k  1.0000000000000 stre   11    9           val=   2.61675
  21 k  1.0000000000000 stre    9    7           val=   2.58699
  22 k  1.0000000000000 stre    7    5           val=   2.54865
  23 k  1.0000000000000 stre    5    3           val=   2.74489
  24 k  1.0000000000000 stre    3    1           val=   2.64894
  25 k -0.5000000000000 bend    1    9   11      val=   3.96080
       -0.5000000000000 bend   11    7    9
        1.0000000000000 bend    9    5    7
       -0.5000000000000 bend    7    3    5
       -0.5000000000000 bend    5    1    3
        1.0000000000000 bend    3   11    1
  26 k  0.8660254037844 bend    1    9   11      val=  -1.11999
       -0.8660254037844 bend   11    7    9
        0.8660254037844 bend    7    3    5
       -0.8660254037844 bend    5    1    3
  27 k -1.0000000000000 bend    1    9   11      val=   3.97706
        1.0000000000000 bend   11    7    9
       -1.0000000000000 bend    9    5    7
        1.0000000000000 bend    7    3    5
       -1.0000000000000 bend    5    1    3
        1.0000000000000 bend    3   11    1
  28 k -0.5000000000000 tors   11    9    7    5 val=   0.19736
       -0.5000000000000 tors    9    7    5    3
        1.0000000000000 tors    7    5    3    1
       -0.5000000000000 tors    5    3    1   11
       -0.5000000000000 tors    3    1   11    9
        1.0000000000000 tors    1   11    9    7
  29 k  0.8660254037844 tors   11    9    7    5 val=   1.65472
       -0.8660254037844 tors    9    7    5    3
        0.8660254037844 tors    5    3    1   11
       -0.8660254037844 tors    3    1   11    9
  30 k -1.0000000000000 tors   11    9    7    5 val=   1.89603
        1.0000000000000 tors    9    7    5    3
       -1.0000000000000 tors    7    5    3    1
        1.0000000000000 tors    5    3    1   11
       -1.0000000000000 tors    3    1   11    9
        1.0000000000000 tors    1   11    9    7
        30 non zero eigenvalues  of BmBt
           1          11.350983891    1    0
         1
           2           5.773650449    2    0
         2
           3           4.664874929    3    0
         3
           4           4.434390789    4    0
         4
           5           4.346728020    5    0
         5
           6           3.632261374    6    0
         6
           7           3.483608013    7    0
         7
           8           3.378549319    8    0
         8
           9           3.198982600    9    0
         9
          10           2.614956350   10    0
        10
          11           1.967019927   11    0
        11
          12           1.905409923   12    0
        12
          13           1.864527649   13    0
        13
          14           1.575928385   14    0
        14
          15           1.549575780   15    0
        15
          16           1.027662543   16    0
        16
          17           0.919830723   17    0
        17
          18           0.546924221   18    0
        18
          19           0.465887465   19    0
        19
          20           0.403044260   20    0
        20
          21           0.383292741   21    0
        21
          22           0.372930382   22    0
        22
          23           0.344958095   23    0
        23
          24           0.289413453   24    0
        24
          25           0.275415626   25    0
        25
          26           0.260921289   26    0
        26
          27           0.225426578   27    0
        27
          28           0.147076956   28    0
        28
          29           0.114307112   29    0
        29
          30           0.098459062   30    0
        30
$user-defined bonds
$frag
 atom   1 fragment  1 symmetry  c1
 atom   2 fragment  1
 atom   3 fragment  1
 atom   4 fragment  1
 atom   5 fragment  1
 atom   6 fragment  1
 atom   7 fragment  1
 atom   8 fragment  1
 atom   9 fragment  1
 atom  10 fragment  1
 atom  11 fragment  1
 atom  12 fragment  1
   iteration     4
$end
