$coord
   -0.10479206039080     -1.79144318313696      0.01891668015460      n
   -0.10831172066673     -3.69954198370779      0.10403484146018      h
   -2.48302399398694     -0.63333222512171     -0.12205026964803      c
   -4.40097684706675     -1.90465660772800     -0.23263045157974      o
   -2.35905619844488      2.10903245809421     -0.12568304704054      c
   -4.09002756896303      3.16592051170145     -0.27798332507924      h
   -0.10030685777536      3.27192376560096      0.06461996179147      c
    0.09091574848469      5.30338385411150      0.08205130019808      h
    2.10879505746931      1.94186570456810      0.25543225937519      n
    3.77313142287461      2.82944869449220      0.49439070079585      h
    2.22108393732929     -0.66859398374831      0.33290579061294      c
    4.18504693900351     -1.82635496259403      0.63338423227461      o
$redundant
     number_of_atoms            12
     degrees_of_freedom         30
     internal_coordinates       30
     frozen_coordinates          0
# definitions of redundant internals
   1 k  1.0000000000000 stre    1    2           val=   1.91000
   2 k  0.7071378036752 bend   11    2    1      val=  -0.31452
       -0.7070757573368 bend    3    2    1
   3 k  1.0000000000000 outp    2    3   11    1 val=  -6.99658
   4 k  1.0000000000000 stre    3    4           val=   2.30370
   5 k -0.7071067088855 bend    1    4    3      val=   2.74695
        0.7071068534876 bend    5    4    3
   6 k  1.0000000000000 outp    4    5    1    3 val=   0.13746
   7 k  1.0000000000000 stre    5    6           val=   2.03383
   8 k  0.7071068899243 bend    7    6    5      val=   1.39749
       -0.7071066724488 bend    3    6    5
   9 k  1.0000000000000 outp    6    3    7    5 val=   0.10594
  10 k  1.0000000000000 stre    7    8           val=   2.04051
  11 k  0.7071069696219 bend    5    8    7      val=   3.50027
       -0.7071065927511 bend    9    8    7
  12 k  1.0000000000000 outp    8    9    5    7 val=  -0.13979
  13 k  1.0000000000000 stre    9   10           val=   1.90129
  14 k  0.7072510461943 bend    7   10    9      val=   3.01949
       -0.7069624867396 bend   11   10    9
  15 k  1.0000000000000 outp   10   11    7    9 val=  -4.37854
  16 k  1.0000000000000 stre   11   12           val=   2.29953
  17 k  0.7071070479516 bend    1   12   11      val=   0.64089
       -0.7071065144214 bend    9   12   11
  18 k  1.0000000000000 outp   12    9    1   11 val=  -0.34261
  19 k  1.0000000000000 stre    1   11           val=   2.60175
  20 k  1.0000000000000 stre   11    9           val=   2.61402
  21 k  1.0000000000000 stre    9    7           val=   2.58565
  22 k  1.0000000000000 stre    7    5           val=   2.54764
  23 k  1.0000000000000 stre    5    3           val=   2.74517
  24 k  1.0000000000000 stre    3    1           val=   2.64898
  25 k -0.5000000000000 bend    1    9   11      val=   3.86691
       -0.5000000000000 bend   11    7    9
        1.0000000000000 bend    9    5    7
       -0.5000000000000 bend    7    3    5
       -0.5000000000000 bend    5    1    3
        1.0000000000000 bend    3   11    1
  26 k  0.8660254037844 bend    1    9   11      val=  -1.06650
       -0.8660254037844 bend   11    7    9
        0.8660254037844 bend    7    3    5
       -0.8660254037844 bend    5    1    3
  27 k -1.0000000000000 bend    1    9   11      val=   3.91577
        1.0000000000000 bend   11    7    9
       -1.0000000000000 bend    9    5    7
        1.0000000000000 bend    7    3    5
       -1.0000000000000 bend    5    1    3
        1.0000000000000 bend    3   11    1
  28 k -0.5000000000000 tors   11    9    7    5 val=   0.98364
       -0.5000000000000 tors    9    7    5    3
        1.0000000000000 tors    7    5    3    1
       -0.5000000000000 tors    5    3    1   11
       -0.5000000000000 tors    3    1   11    9
        1.0000000000000 tors    1   11    9    7
  29 k  0.8660254037844 tors   11    9    7    5 val=   2.43110
       -0.8660254037844 tors    9    7    5    3
        0.8660254037844 tors    5    3    1   11
       -0.8660254037844 tors    3    1   11    9
  30 k -1.0000000000000 tors   11    9    7    5 val=   3.24080
        1.0000000000000 tors    9    7    5    3
       -1.0000000000000 tors    7    5    3    1
        1.0000000000000 tors    5    3    1   11
       -1.0000000000000 tors    3    1   11    9
        1.0000000000000 tors    1   11    9    7
        30 non zero eigenvalues  of BmBt
           1          11.333807832    1    0
         1
           2           5.760061541    2    0
         2
           3           4.671376858    3    0
         3
           4           4.432956448    4    0
         4
           5           4.342304673    5    0
         5
           6           3.630143840    6    0
         6
           7           3.482472802    7    0
         7
           8           3.377466471    8    0
         8
           9           3.198904892    9    0
         9
          10           2.614703297   10    0
        10
          11           1.966429873   11    0
        11
          12           1.905009294   12    0
        12
          13           1.863920201   13    0
        13
          14           1.576147142   14    0
        14
          15           1.548859061   15    0
        15
          16           1.026869062   16    0
        16
          17           0.920791060   17    0
        17
          18           0.547988736   18    0
        18
          19           0.466063323   19    0
        19
          20           0.402814598   20    0
        20
          21           0.382576269   21    0
        21
          22           0.372511065   22    0
        22
          23           0.344907101   23    0
        23
          24           0.289474914   24    0
        24
          25           0.275381368   25    0
        25
          26           0.260904426   26    0
        26
          27           0.225782174   27    0
        27
          28           0.146981092   28    0
        28
          29           0.114100592   29    0
        29
          30           0.098467805   30    0
        30
$user-defined bonds
$frag
 atom   1 fragment  1 symmetry  c1
 atom   2 fragment  1
 atom   3 fragment  1
 atom   4 fragment  1
 atom   5 fragment  1
 atom   6 fragment  1
 atom   7 fragment  1
 atom   8 fragment  1
 atom   9 fragment  1
 atom  10 fragment  1
 atom  11 fragment  1
 atom  12 fragment  1
   iteration     4
$end
