$energy      SCF               SCFKIN            SCFPOT            RIRPA
     1 -681.1313727684      0.00000000      0.00000000     -3.956630179275
     2 -681.1339364081      0.00000000      0.00000000     -3.954820824457
     3 -681.1366709683      0.00000000      0.00000000     -3.951784371981
     4 -681.1370006281      0.00000000      0.00000000     -3.952025714702
     5 -681.1351231176      0.00000000      0.00000000     -3.954115640637
     6 -681.1364816097      0.00000000      0.00000000     -3.952820527832
     7 -681.1365067300      0.00000000      0.00000000     -3.952856785028
     8 -681.1359223016      0.00000000      0.00000000     -3.953400779539
     9 -681.1361532190      0.00000000      0.00000000     -3.953200191434
    10 -681.1363348939      0.00000000      0.00000000     -3.953035988771
    11 -681.1362974652      0.00000000      0.00000000     -3.953074636638
    12 -681.1363116381      0.00000000      0.00000000     -3.953061457509
    13 -681.1363069294      0.00000000      0.00000000     -3.953066095861
    14 -681.1363001691      0.00000000      0.00000000     -3.953072812669
    15 -681.1363082629      0.00000000      0.00000000     -3.953064931547
$end
