$hessapprox internal
  0.107670000657D+01  0.591518284795D-02  0.441431211912D+00 -0.181839080805D-02
 -0.681302653022D-02  0.200559604878D+00  0.750392968329D-03 -0.447115329741D-02
  0.211302138284D-03  0.222611574127D-01 -0.788919977736D-02  0.179067355934D-02
 -0.278168064622D-02  0.692697021272D-04  0.579743752583D+00  0.156585899222D-02
 -0.110844754261D-01 -0.416917712232D-02 -0.229796867337D-02 -0.105197925864D-02
  0.376995014881D+00  0.115784718401D-02  0.292346027251D-03 -0.531930779712D-03
 -0.432120697786D-03  0.843832014129D-03 -0.617780488334D-03  0.273351910442D-01
 -0.691754531473D-02 -0.275268465105D-02 -0.390023969977D-02 -0.122366332098D-02
 -0.815904947051D-02 -0.413504602956D-02  0.389110624368D-02  0.584999421019D+00
 -0.204666730641D-02 -0.138803052814D-02 -0.147174006876D-02  0.356314872322D-04
 -0.221163538361D-02 -0.681736999216D-03 -0.509704015897D-02 -0.313241447113D-02
  0.368530151388D+00  0.285118223744D-02 -0.927541880871D-02 -0.339606178881D-02
 -0.226399800417D-02  0.108191991455D-02 -0.481662374670D-02 -0.319239475930D-03
 -0.100549350636D-02 -0.168596600937D-03  0.207419326690D-01 -0.703447398275D-02
 -0.204152874750D-02 -0.414093248212D-02 -0.822381048607D-03 -0.811298872953D-02
 -0.337646964430D-02  0.845022548614D-03 -0.920191608688D-02 -0.266506033557D-02
 -0.641193094119D-03  0.580918020776D+00 -0.109037590890D-02 -0.105940939666D-02
 -0.239012295281D-02 -0.562808375345D-03 -0.128732897178D-02 -0.782026755870D-03
  0.112719198544D-03 -0.176771859870D-02 -0.306953796456D-03 -0.375013829249D-03
 -0.150113756410D-02  0.385744002535D+00 -0.151010833355D-04  0.272257804013D-02
  0.162742323153D-02  0.497153815286D-03 -0.228382430540D-03  0.780633122098D-03
  0.589169135149D-02  0.148435980760D-02 -0.216313127812D-02  0.588957657802D-03
  0.290017784571D-03 -0.214493614350D-03  0.189180845302D-01 -0.757844929489D-02
  0.202415419084D-02 -0.150742595067D-02  0.334299872651D-03 -0.786783485978D-02
 -0.895261053988D-03 -0.226303701864D-03 -0.836106615337D-02 -0.179963354316D-02
  0.116228339491D-02 -0.803830113251D-02 -0.127102570970D-02 -0.631423900487D-03
  0.578923861261D+00 -0.278537345069D-02  0.127618774212D-03  0.134099919082D-02
  0.778132085005D-04 -0.252361973692D-02 -0.737702540967D-03  0.173239359022D-02
 -0.181516318122D-02 -0.190981279944D-02  0.569387733600D-03 -0.269924730354D-02
  0.335685382884D-03 -0.102047127493D-02 -0.257070678847D-02  0.370519512715D+00
 -0.724551701109D-02 -0.577256453323D-03 -0.337592876337D-02 -0.271195313283D-03
 -0.873567680389D-02 -0.310162462874D-02  0.824897390516D-03 -0.847609071796D-02
 -0.276129227679D-02 -0.677776413927D-04 -0.951761996020D-02 -0.130440867977D-02
 -0.777404816100D-04 -0.899332925330D-02 -0.300421784176D-02  0.404894803641D+00
 -0.982947937154D-03  0.421464929435D-02  0.227944832598D-02  0.834620320603D-03
 -0.339196722040D-04  0.224976231742D-02  0.304986264586D-03  0.100465149758D-02
  0.534751150534D-05  0.225657629112D-02  0.674342059339D-03  0.830596556416D-03
 -0.132002804254D-02 -0.165970887871D-03  0.712719685704D-03 -0.211940450321D-04
  0.337841987233D+00 -0.578025455023D-04  0.168841174530D-02 -0.246709089440D-03
  0.657187236070D-03 -0.961024098299D-06  0.113705959171D-02 -0.244150708727D-02
  0.342229989237D-04  0.138907675816D-02  0.739535831758D-03  0.172922486057D-03
  0.588123442161D-05 -0.136881250061D-02 -0.152353022049D-03 -0.189587433175D-03
 -0.145272018787D-04 -0.425406484775D-03  0.343533621690D+00 -0.592587787243D-02
  0.477254723648D-03 -0.131865636859D-02 -0.120655254051D-03 -0.752169109582D-02
 -0.186389663817D-02 -0.810603221854D-03 -0.905173029029D-02 -0.150550363904D-02
  0.809782798106D-03 -0.807181057203D-02 -0.108647383795D-02 -0.159987730528D-02
 -0.745759210537D-02 -0.139086712531D-02 -0.984497856698D-02  0.849435099237D-03
 -0.100967450155D-03  0.407616827395D+00 -0.579584002746D-02  0.192654219500D-01
  0.858750057877D-02  0.457570019625D-02 -0.202649405795D-02  0.102104481708D-01
 -0.197085708538D-02  0.267911204824D-02  0.160053464127D-02  0.891797647202D-02
  0.141588426086D-02  0.152737071694D-02 -0.340866601467D-02 -0.225037319116D-02
 -0.839101052798D-03 -0.165185574672D-03 -0.442020331636D-02 -0.121947099572D-02
 -0.551047379671D-03  0.327252322788D+00  0.446105940026D-03 -0.439186974664D-03
  0.123126670202D-03  0.424111963095D-04  0.636837691477D-03  0.258867826010D-03
 -0.110634837976D-02  0.994582733274D-04  0.620063684547D-03 -0.635847612449D-04
  0.589719349174D-03  0.422486704761D-04 -0.567453727592D-03  0.846269030354D-03
  0.114583247485D-03  0.498320108780D-03  0.204850027971D-03  0.412094356032D-03
  0.108812044387D-02  0.657052850148D-03  0.335668083575D+00 -0.553729057327D-02
 -0.388379120070D-03 -0.203681397487D-02 -0.232732179601D-03 -0.665542197696D-02
 -0.215209642600D-02  0.585678183652D-03 -0.725371087712D-02 -0.183645631315D-02
  0.803718402513D-04 -0.725113450205D-02 -0.112224555028D-02 -0.203382121707D-03
 -0.666427166229D-02 -0.202552485493D-02 -0.791220774927D-02  0.265092033952D-03
  0.373637402932D-04 -0.710151821316D-02 -0.210960399856D-04  0.621374794583D-03
  0.416321409868D+00 -0.516635120602D-02 -0.470247956972D-02 -0.439537171489D-02
 -0.142135407135D-02 -0.706457901269D-02 -0.489858455640D-02  0.162932658259D-02
 -0.788101136947D-02 -0.328731610037D-02 -0.193631492180D-02 -0.838927604674D-02
 -0.150875432978D-02  0.657822230730D-03 -0.716325141792D-02 -0.168126341701D-02
 -0.827218422273D-02  0.139373227466D-02 -0.322639729387D-05 -0.771279941114D-02
  0.412965317451D-02  0.107402884480D-03 -0.665214971870D-02  0.405561868930D+00
  0.211561640495D-02 -0.129744681790D-01 -0.550469543684D-02 -0.308676875757D-02
  0.398873527534D-03 -0.686982742437D-02 -0.922828063629D-04 -0.142785273557D-02
 -0.224756768132D-02 -0.529463496105D-02 -0.193075242591D-02 -0.469038639996D-03
 -0.547388275419D-03  0.456685466619D-03  0.230463945752D-02 -0.523043216573D-03
  0.419853602618D-02  0.829298630793D-03  0.171789033997D-02  0.126617099572D-01
 -0.533446858138D-03 -0.259024872731D-03 -0.281952697296D-02  0.336254739644D+00
 -0.915339242850D-03  0.931275139040D-03  0.387710094102D-03  0.119736410152D-03
  0.418331206401D-03  0.999611351442D-03  0.289989620977D-02  0.117447438302D-02
 -0.109992447347D-02  0.672224226879D-03  0.721639462680D-03  0.248688904162D-03
 -0.171049347509D-03  0.561041711688D-03  0.151157674012D-02  0.104269050848D-02
  0.592799437274D-03 -0.442293510546D-04  0.134517495963D-02 -0.100730887974D-02
 -0.205508910523D-03  0.968677997535D-03  0.118191943291D-02  0.135898545100D-02
  0.343780981374D+00  0.121234422002D-03 -0.472178759444D-03  0.408173378085D-03
 -0.115507705359D-03 -0.794372358041D-04 -0.501979782853D-03  0.663220338074D-03
  0.268268692264D-03 -0.578857188575D-03 -0.181467908981D-03 -0.181888883064D-03
  0.163565677658D-03  0.693691904505D-04 -0.208654746462D-03  0.368324199077D-03
 -0.164085256657D-03  0.233788478633D-03 -0.237444021167D-03  0.539671241930D-04
  0.252762715220D-03 -0.136833837625D-03 -0.140434878969D-03  0.813799376010D-04
  0.409688005672D-03  0.352002669226D-03  0.319097218375D+00 -0.150352687728D-02
  0.143447446172D-01  0.720889518469D-02  0.348578289937D-02  0.835838978072D-03
  0.813482026619D-02 -0.685370174263D-03  0.299247813073D-02  0.225883623163D-02
  0.616087941332D-02  0.355660904759D-02  0.951329613536D-03 -0.957889827347D-03
  0.809770922385D-03 -0.474468469467D-03  0.186885603199D-02 -0.353999309923D-02
 -0.117745678206D-02  0.122277043245D-02 -0.134743733875D-01  0.448420255723D-03
  0.168317332132D-02  0.450442276971D-02  0.839758535366D-02 -0.110141839886D-02
  0.703504623287D-08  0.332023383867D+00 -0.415699199589D-02 -0.521245864416D-02
 -0.428266666403D-02 -0.128442686310D-02 -0.581981831679D-02 -0.466749167874D-02
  0.347181843514D-03 -0.733973256252D-02 -0.233864578178D-02 -0.231810080989D-02
 -0.718868016031D-02 -0.132882155637D-02  0.857049739564D-03 -0.581204173287D-02
 -0.227712080646D-02 -0.721777889254D-02  0.106661690520D-02  0.250858714985D-03
 -0.623687808601D-02  0.443999489002D-02  0.268700308046D-03 -0.555580850775D-02
 -0.709549836589D-02 -0.409205602234D-02  0.572568347515D-03 -0.276963144332D-03
  0.524018027200D-02  0.611668483296D+00 -0.903004056196D-02  0.323536346644D-01
  0.935373151031D-02  0.660358894990D-02 -0.205644624654D-02  0.176451758642D-01
  0.185484794923D-02  0.536953122508D-02  0.122364010658D-02  0.142657636262D-01
  0.432014548740D-02  0.118508241795D-02 -0.293048138895D-02 -0.240078837108D-02
  0.858098224082D-03  0.269163529345D-02 -0.607515211262D-02 -0.326813313088D-02
  0.724335117885D-04 -0.297845801521D-01  0.940974920167D-05  0.163402374128D-02
  0.876603156437D-02  0.199039974723D-01 -0.174706903381D-02  0.119190209614D-02
 -0.226603715841D-01  0.926156151724D-02  0.377128378773D+00 -0.644082411294D-03
 -0.912813845679D-02  0.794814708958D-02  0.378288112186D-02 -0.229191830104D-02
 -0.484026175224D-02 -0.182636521847D-03 -0.692090822952D-02 -0.950506159885D-03
 -0.793012369794D-02 -0.426889279420D-02 -0.363261006834D-02  0.363360279573D-02
 -0.850491133850D-03 -0.484631541552D-03 -0.219442931949D-02  0.107483184554D-02
  0.216623124919D-02 -0.276417247730D-02  0.108130201698D-01 -0.817272477433D-04
 -0.225124588357D-02 -0.545675493396D-02 -0.959801378919D-02 -0.125873573064D-02
  0.101659763073D-04  0.104613921542D-01 -0.322290664686D-02  0.120735065491D-01
  0.141852658573D+00  0.387706878988D-02  0.245821920271D-03 -0.268593051174D-02
 -0.536831507924D-03  0.725322003583D-03 -0.164989531771D-02  0.238566063139D-01
  0.112967523866D-01 -0.671932112464D-02 -0.104633401258D-02  0.562007166602D-03
  0.100705446649D-02  0.167017369852D-01 -0.169955489747D-02 -0.312456765086D-02
  0.555585943429D-03 -0.171747809803D-02 -0.156393118434D-02 -0.104667780995D-02
 -0.144321686931D-02 -0.224195177627D-02 -0.642140660889D-03  0.492995607083D-03
 -0.490301645052D-02 -0.404888328918D-02  0.744944816890D-03  0.228252377381D-02
  0.529828974929D-03  0.170284573024D-02  0.119155774642D-02  0.111765456753D+00
 -0.363811133126D-02  0.655388800632D-02 -0.123346951587D-03  0.125422567629D-02
 -0.284165268833D-02  0.334659394547D-02 -0.120561788296D-02 -0.369065680453D-02
  0.153930767460D-02  0.313140017802D-02 -0.184277329005D-02 -0.390157488291D-03
 -0.897635566313D-03 -0.250641413670D-02 -0.175863555473D-02 -0.338186551543D-02
 -0.141772542753D-02  0.292611295952D-03 -0.252147051436D-02 -0.600082054038D-02
  0.102139928228D-02 -0.225257144967D-02 -0.193689317910D-02  0.324179306489D-02
 -0.637125860367D-03 -0.348315606842D-03 -0.312644342181D-02 -0.171368395637D-03
 -0.109700149128D-01  0.115648938412D-02  0.167507624151D-02  0.479321309578D+00
  0.691255062789D-02 -0.299195693615D-02 -0.500395790744D-02 -0.493971473231D-03
  0.736408002255D-02  0.209320430647D-02  0.564260190859D-02 -0.142757703028D-02
  0.177142935038D-02 -0.208530540557D-02  0.747021813361D-02 -0.306136233086D-03
  0.456018082755D-02  0.911503807253D-02 -0.601348471220D-03  0.435287470477D-02
  0.391009318916D-03  0.151571313700D-02  0.635306300190D-02  0.141749823246D-02
  0.789660938948D-03  0.557261170022D-02  0.231303426255D-02 -0.702446770852D-02
  0.570173075810D-04 -0.160772586851D-02  0.456920837313D-02  0.529246425560D-02
  0.260194884741D-02  0.211924145647D-02 -0.216608631216D-01  0.845737904730D-02
  0.410779514053D+00 -0.625364826605D-02  0.549605692967D-02  0.194752758405D-02
  0.114301970899D-02 -0.555674281904D-02  0.188950473431D-02 -0.130025245859D-02
 -0.510148409837D-02  0.106578589134D-03  0.287196613602D-02 -0.492251637691D-02
 -0.651099659813D-03 -0.878744500847D-03 -0.518515744075D-02 -0.261265884806D-02
 -0.589443093968D-02 -0.139626457963D-02  0.434066726221D-03 -0.490478559473D-02
 -0.514994683102D-02  0.916805917312D-03 -0.436518276697D-02 -0.417987853103D-02
  0.243886629850D-02 -0.793276072227D-03 -0.227917785501D-03 -0.180334466337D-02
 -0.264239908932D-02 -0.869989877533D-02  0.511331255609D-03  0.256409637631D-02
 -0.261332057539D-02  0.455614681952D-02  0.638898085781D+00 -0.387974989016D-02
  0.150858845531D-01  0.506074460057D-02  0.302847319805D-02 -0.106517045416D-02
  0.796849373324D-02  0.191974656803D-02  0.212206396238D-02  0.136689147820D-03
  0.668680752441D-02  0.181805571689D-02  0.766663227769D-03 -0.105704725230D-02
 -0.133855040311D-02  0.394701303988D-03  0.445968748324D-03 -0.291186939047D-02
 -0.186345794705D-02 -0.420510489780D-03 -0.146100897243D-01  0.149414263784D-03
  0.338113870074D-03  0.394885763381D-02  0.987605662593D-02 -0.976485770482D-04
  0.526341574344D-03 -0.105754572805D-01  0.415159282517D-02 -0.230547241229D-01
  0.543893473413D-02 -0.156322402244D-02 -0.533811725476D-02  0.399860122572D-02
 -0.465059709719D-02  0.415908465153D+00  0.891997216505D-03 -0.683622028828D-02
 -0.190290404919D-01  0.134164977284D-02  0.133517553986D-04 -0.343038129802D-02
  0.104829163639D-02 -0.229609769402D-02 -0.631153428948D-03 -0.599787818426D-02
 -0.154309174631D-02 -0.870743906358D-03  0.393438464426D-03 -0.917252570777D-03
 -0.664219656109D-03  0.122854591835D-02  0.687341634587D-03  0.222964865862D-02
 -0.208790833425D-02  0.591944329358D-02 -0.574558515931D-03 -0.754476381442D-03
 -0.164642148557D-02 -0.475377303658D-02  0.229329989574D-04 -0.164177221358D-03
  0.458363931385D-02 -0.128318394659D-02  0.103254089997D-01  0.391708637749D-01
  0.613088242284D-03  0.168616814022D-02  0.284533533233D-02 -0.196533921265D-02
  0.354416448282D-02  0.144509839869D+00 -0.316527662006D-02 -0.230257391736D-01
 -0.139626811386D-01 -0.570857041829D-02 -0.655343228324D-02 -0.148136371863D-01
  0.536206092788D-02 -0.750941132016D-02 -0.702139743654D-02 -0.102645919611D-01
 -0.109813323145D-01 -0.269479171647D-02  0.371740769195D-02 -0.673562379351D-02
 -0.931520513659D-03 -0.663638542589D-02  0.562984652682D-02  0.146985051986D-02
 -0.806058429415D-02  0.215323667493D-01 -0.152213725050D-02 -0.644515554942D-02
 -0.107161616078D-01 -0.150910875874D-01  0.173288144506D-02  0.247467763020D-03
  0.165802041192D-01 -0.122074576265D-01  0.372066715223D-01 -0.178592068421D-01
  0.319153611830D-02  0.180617979728D-02 -0.102697931856D-01 -0.840225373405D-03
  0.177610039105D-01 -0.520284268473D-02  0.474046081132D+00  0.214374753158D-02
 -0.114883923366D-02  0.457618869906D-02 -0.449733444815D-03  0.738689771609D-04
 -0.237030056262D-02  0.494995477658D-02 -0.390390734317D-03 -0.378623701774D-02
 -0.133515471525D-02  0.156925690942D-03  0.912788652654D-05  0.363946489948D-02
 -0.233344051649D-03  0.108793734431D-02 -0.106784448970D-02  0.562357359865D-03
 -0.270335432671D-02 -0.207441709880D-03  0.179073553108D-03 -0.117114226345D-02
 -0.661830597152D-03  0.746923284539D-03  0.488135964159D-03  0.829611361361D-03
  0.816628358718D-03  0.291067513452D-03  0.398989503848D-04  0.489152052419D-02
  0.353267227818D-02  0.386778616843D-02 -0.178055006296D-02 -0.113617537793D-03
 -0.103043794779D-02  0.346007943317D-02 -0.368084251380D-02  0.107248432758D-03
  0.388561330942D+00 -0.347353555414D-02  0.764361599706D-02 -0.137103646779D-02
  0.117721367414D-02 -0.909596666289D-03  0.410266079945D-02  0.121297658133D-01
  0.306981477679D-02  0.856690848258D-02 -0.104172732286D-03  0.485547679544D-03
 -0.494538056126D-02  0.195575705669D-01  0.342982009512D-03 -0.172061429953D-01
  0.729656543933D-02 -0.127911039766D-01  0.449381527629D-02 -0.187898236384D-01
 -0.567230503209D-02 -0.480192530689D-03  0.224187495276D-03 -0.868034330530D-03
 -0.166796934081D-01 -0.882977726044D-02 -0.432590969112D-02 -0.934777785377D-03
  0.504733912172D-02 -0.146931926545D-01  0.673701154061D-03  0.645422472335D-01
 -0.218412806980D-02  0.987935216608D-02  0.262631895760D-02 -0.890440358063D-02
  0.727299946361D-03  0.193942271878D-01 -0.207217773885D-01  0.618692895893D+00
  0.235196380561D-02  0.169285332167D-02  0.436205232795D-02  0.368221910446D-03
  0.130667655682D-02 -0.451316145727D-03  0.685646816004D-02  0.987395029175D-03
 -0.682615971892D-02 -0.164843476189D-03  0.196512016732D-02  0.315248798556D-03
  0.244823530046D-02  0.588527555690D-03  0.353554270376D-02  0.279508159175D-03
  0.436608837070D-03 -0.464559262373D-02  0.182003499156D-03 -0.391644691970D-02
 -0.156684809265D-02  0.783657221627D-03  0.319083907127D-02  0.206970293487D-02
  0.378078200294D-02  0.105907346537D-02 -0.202463099382D-02  0.189900733292D-02
  0.212324123532D-02  0.100368775903D-01 -0.857034779749D-02 -0.262762726108D-02
  0.144252770665D-01 -0.349696619440D-02  0.353062949572D-02  0.446871656586D-02
  0.642294232502D-02  0.151066935067D-01 -0.221400624136D-01  0.272817942142D-01
 -0.120714438455D-02  0.688390442782D-02 -0.141034350276D-02  0.149703277755D-02
 -0.637772231633D-03  0.432725715711D-02  0.203007768224D-02 -0.457890260122D-02
  0.339603026738D-02  0.192067557104D-02  0.596377729772D-03 -0.161722883747D-02
  0.435065324578D-02  0.285363794144D-03 -0.511770898482D-02 -0.127348613414D-02
 -0.381017182672D-02  0.646977894390D-03 -0.479361749478D-02 -0.680816895818D-02
  0.119042479678D-02 -0.815309443573D-03 -0.147176405273D-02 -0.244554033128D-02
 -0.174694805922D-02 -0.175716229723D-02 -0.155022421460D-02  0.250784394304D-02
 -0.117234681512D-01  0.541320207153D-02  0.398990010150D-03  0.820096436836D-03
  0.266099796764D-01 -0.943969455908D-03 -0.515964139219D-02  0.360341479959D-02
  0.213108366544D-02 -0.341467812627D-02  0.465100549253D-01  0.201250357787D-02
  0.384165258931D+00  0.145485086166D-02 -0.828280884020D-02 -0.915099491848D-02
 -0.881870645785D-03  0.334393689747D-02 -0.799383684844D-03  0.660717840604D-02
 -0.442215627815D-02  0.876383469214D-03 -0.558606950848D-02  0.222718262164D-02
 -0.301042267049D-02  0.918815995335D-02  0.572071050070D-02 -0.778682024118D-02
  0.344103849282D-02 -0.271528874979D-02  0.360892058135D-02 -0.415605527354D-02
  0.587936994930D-02  0.463269851032D-03  0.334334694353D-02 -0.315368759543D-02
 -0.217186681502D-01 -0.156966941488D-02 -0.394263605142D-02  0.116793566941D-01
  0.134631921404D-02  0.104990291041D-01  0.112615833628D-02 -0.390694856213D-01
  0.106634740056D-01  0.509775372723D-01  0.449276558525D-02  0.774700764769D-02
  0.114168537479D-02 -0.174331600196D-01 -0.879094143588D-02  0.131453582421D+00
  0.103386386512D-01  0.579768106837D-01  0.476504361926D+00 -0.478752086614D-02
  0.134475525353D-01  0.854134886465D-02  0.403388891015D-02 -0.251954502646D-02
  0.799965092100D-02 -0.981117879799D-03 -0.526784675716D-02  0.169582215860D-02
  0.571901513945D-02 -0.781533698740D-04 -0.337008587605D-03  0.434874946670D-03
 -0.948624144686D-03 -0.451144609634D-02 -0.400728631217D-02 -0.416851514671D-02
  0.294850467795D-03 -0.253251348374D-02 -0.137608662387D-01  0.163827852925D-02
 -0.130593113583D-02 -0.130189169646D-02  0.269055062588D-02 -0.166275519671D-02
 -0.147548229531D-02 -0.523946129607D-02  0.254941847457D-02 -0.217030386074D-01
  0.133406107752D-01 -0.202950416805D-01 -0.119474920546D-03  0.298649116493D-01
 -0.310790614139D-02 -0.912302431342D-02 -0.633852114387D-04  0.253197245383D-02
 -0.706283841979D-03  0.215138609993D-01  0.431043953558D-02  0.170739921826D-01
  0.483324484004D-01  0.377261174586D+00  0.102735629279D-02 -0.396274253218D-02
 -0.372801482535D-02 -0.619185823919D-03  0.191681605338D-02  0.227875999686D-03
 -0.150487723912D-02 -0.357640786583D-02 -0.876618405285D-03 -0.101184916020D-02
  0.135668187828D-02  0.345326619332D-03 -0.239207158630D-02  0.307826318303D-02
  0.753844058835D-03 -0.919978177588D-03  0.199051233141D-02  0.116458625587D-02
  0.423982398121D-02  0.220084214863D-02  0.989091226154D-03  0.168783596763D-02
 -0.130974611388D-02 -0.420313228836D-02  0.147162119419D-02 -0.903125558788D-03
  0.482593960373D-02 -0.186840657477D-03  0.515572642389D-02 -0.392879486225D-02
 -0.407212423614D-01  0.625383220681D-02  0.250966619698D-01  0.121412289108D-02
  0.423540555560D-02 -0.325443887011D-02 -0.138134735978D-01  0.205517695773D-03
 -0.977071263899D-02  0.880466284793D-02  0.153262325373D-01  0.212958907394D-01
  0.178440341214D-01  0.386107108044D+00  0.505374668997D-02  0.495677444690D-02
  0.730913982239D-02  0.232122647071D-02  0.552035579582D-02  0.641900944077D-02
 -0.559263990462D-02 -0.522517825179D-02  0.353151586528D-02  0.206234134640D-02
  0.704529681224D-02  0.166992238718D-03 -0.102184969832D-02  0.807209545276D-02
 -0.563443062831D-03  0.386635716896D-04 -0.208394528104D-03  0.474123239749D-03
  0.914491580352D-02 -0.533152623416D-02  0.214115935045D-02  0.428691528919D-02
  0.150905103428D-02 -0.148816890839D-02 -0.156732219278D-02 -0.154285487730D-02
  0.136803824742D-02  0.592507364281D-02 -0.104986315310D-01  0.119376598476D-01
 -0.396135828160D-01  0.851583447663D-02  0.412318467685D-01  0.419039242511D-02
 -0.207153691842D-02 -0.626680299592D-02 -0.130818454571D-01  0.440225492493D-02
 -0.264705715851D-01  0.124078449177D-01  0.226124896967D-01  0.381462690629D-01
  0.303685350433D-01  0.309251840903D-01  0.432143339450D+00 -0.949209937427D-02
 -0.354238459752D-02 -0.623522975313D-02 -0.124902209451D-02 -0.100403589013D-01
 -0.436663598157D-02  0.159057714282D-02 -0.113041837155D-01 -0.334160223468D-02
 -0.116139888986D-02 -0.113609525782D-01 -0.196685702412D-02  0.289400457145D-03
 -0.985973411260D-02 -0.303612109077D-02 -0.113919579034D-01  0.126660706148D-02
  0.593675166223D-03 -0.930438875097D-02  0.285697487296D-02  0.768711079711D-03
 -0.861597633946D-02 -0.105318830598D-01 -0.318921875298D-02  0.100249081515D-02
 -0.213424195034D-03  0.527081906318D-02 -0.933043227692D-02  0.634569838904D-02
 -0.592895423149D-02  0.108945386535D-02 -0.167103852528D-02  0.955537734880D-02
 -0.579119349157D-02  0.292131976244D-02 -0.153634262336D-02 -0.153978774043D-01
 -0.525252014542D-03  0.498512190643D-03  0.184950946290D-02  0.125007566088D-02
  0.177671390069D-02  0.787029347887D-03  0.159257320827D-02  0.884479999455D-02
  0.729165867847D+00 -0.519368745361D-02 -0.931968154384D-03 -0.325915382342D-02
 -0.236700473972D-03 -0.661670643046D-02 -0.259937001544D-02  0.103106956199D-02
 -0.723529298737D-02 -0.227518648056D-02 -0.440463983982D-03 -0.728448548142D-02
 -0.120653212450D-02  0.178000130901D-03 -0.677338948252D-02 -0.201481217987D-02
 -0.780527129071D-02  0.370009918636D-03 -0.155472505354D-03 -0.736015698316D-02
  0.418980849292D-03  0.409615982017D-03 -0.614406017935D-02 -0.663704148547D-02
 -0.726095782483D-03  0.992273147066D-03 -0.923533481921D-04  0.196102285999D-02
 -0.562141331311D-02  0.270976875114D-02 -0.285730282113D-03 -0.244694011218D-03
 -0.225777928591D-02  0.551644788427D-02 -0.446616335213D-02  0.906802432937D-03
  0.242372259065D-02 -0.662515272467D-02 -0.183368995155D-03  0.102521617053D-02
  0.197772678893D-02 -0.515186428315D-03  0.309804870069D-02 -0.152493517378D-02
  0.106531728431D-02  0.335358254634D-02 -0.870594477019D-02  0.411071969066D+00
 -0.198915726567D-02  0.690996799291D-03 -0.159013992754D-02 -0.279295692073D-03
 -0.229738319402D-02 -0.368971789699D-03  0.322460316097D-02 -0.334706487705D-02
 -0.176100984341D-02  0.539173340053D-03 -0.236471518470D-02 -0.245517036581D-03
 -0.353571154211D-03 -0.247840875181D-02  0.144597283240D-02 -0.356856885985D-02
  0.120670785521D-02 -0.974911721954D-03 -0.162820941763D-02 -0.114110136903D-02
  0.338650807961D-03 -0.225905917106D-02 -0.197943756341D-02  0.261588296330D-02
  0.230698555012D-02  0.439792720291D-03 -0.528193170502D-03 -0.192883319665D-02
 -0.213760233735D-03 -0.223361412593D-02 -0.385612026803D-02 -0.163009259170D-02
  0.666164413915D-02 -0.296950735065D-02  0.404991898307D-03  0.203415797268D-03
 -0.134773827299D-02  0.257759819277D-02 -0.245771229269D-01  0.709668838371D-02
 -0.398714025528D-02 -0.149061963865D-02 -0.535753549904D-03  0.669460806241D-02
  0.746301286614D-02 -0.248806472532D-02 -0.214640928141D-02  0.445643394959D+00
 -0.255734096197D-03 -0.162184991231D-01 -0.630216368392D-02 -0.376019990289D-02
 -0.382838865282D-02 -0.101242134551D-01  0.336645118722D-02 -0.733246058053D-02
 -0.323243409998D-02 -0.698547391659D-02 -0.725613694071D-02 -0.177005706453D-02
  0.246395505165D-02 -0.363868720318D-02 -0.568662196411D-03 -0.649080367432D-02
  0.400996270380D-02  0.113137695374D-02 -0.478429758269D-02  0.149236657171D-01
  0.945626499562D-04 -0.480039634575D-02 -0.868081712285D-02 -0.987565199829D-02
  0.231886400699D-02 -0.270736367063D-03  0.122744481732D-01 -0.859782761001D-02
  0.261097364539D-01 -0.107037269196D-01  0.174078980996D-03  0.303538415885D-02
  0.260809707025D-02  0.675885892332D-03  0.122926641134D-01 -0.804306872455D-02
 -0.227419993896D-01 -0.120785633979D-02  0.313358106427D-02  0.353038091225D-02
  0.378716597058D-02 -0.411932941909D-02  0.922694204997D-02 -0.821783119432D-03
  0.664643334238D-02 -0.933793741850D-02 -0.544044180317D-02 -0.168414487006D-03
  0.563603830372D+00 -0.655055233338D-02  0.993038176484D-03 -0.220154383881D-02
 -0.235509584973D-03 -0.846478453678D-02 -0.209736276714D-02 -0.146204588401D-02
 -0.983014181342D-02 -0.143600132607D-02  0.710690742083D-03 -0.891853586654D-02
 -0.153197546809D-02 -0.549042223228D-03 -0.849980195201D-02 -0.287380165968D-02
 -0.104457421255D-01 -0.342079862947D-04 -0.314445365788D-03 -0.878163002427D-02
 -0.101085122912D-02  0.950857461088D-03 -0.797933180431D-02 -0.839755537178D-02
  0.493684388063D-03  0.378003787161D-03 -0.134545426176D-03  0.152130190027D-02
 -0.647722032249D-02 -0.345308117637D-03 -0.321201950961D-02  0.257166435488D-02
 -0.295358298529D-02  0.697610910641D-02 -0.532900175810D-02 -0.866611664821D-03
 -0.252857075809D-02 -0.778080945493D-02  0.539071823156D-03 -0.505653438884D-02
 -0.435775489901D-03 -0.227680753048D-02  0.896713349526D-03 -0.175505487617D-02
  0.227664697671D-02  0.848245592880D-02 -0.108151987488D-01 -0.804829371965D-02
 -0.369830714151D-02 -0.579875098751D-02  0.469334478739D+00  0.330324332982D-02
 -0.658466969108D-02 -0.305390227113D-02 -0.162794194175D-02  0.207954186209D-02
 -0.268619958001D-02 -0.250275544317D-02 -0.296205441404D-03  0.139011763190D-02
 -0.254011445023D-02  0.888073886932D-03 -0.892215899320D-04 -0.767988062423D-03
  0.233429990965D-02  0.864872994570D-03  0.950908628601D-03  0.186297197186D-02
  0.118673372816D-02  0.276321055762D-02  0.692230029711D-02  0.278436755296D-03
  0.105605087461D-02 -0.790749446480D-03 -0.334236297729D-02 -0.121748657545D-03
 -0.139833079507D-03  0.443481142446D-02 -0.674712533918D-03  0.900861738744D-02
 -0.562600098491D-02  0.112190690622D-02  0.341336410994D-02 -0.269281436369D-02
  0.335455034651D-02  0.411002852076D-02 -0.323822701094D-02 -0.820080220841D-02
 -0.215830643993D-02 -0.929624028962D-02 -0.418326868495D-02  0.201899730177D-04
 -0.953790047423D-02  0.440609074092D-02 -0.825542055783D-04  0.360974280794D-02
  0.982602322950D-03  0.589231197952D-03  0.721483375628D-03 -0.442711533135D-02
  0.230845292759D-02  0.416054761422D+00 -0.126822194780D-03 -0.265165613400D-02
 -0.335931930101D-02 -0.233419624180D-03  0.321266460239D-03 -0.111655465568D-02
  0.338525485479D-02  0.643040780002D-03 -0.134409463968D-02 -0.954226828434D-03
 -0.467320054481D-03  0.601527979807D-03 -0.783293551113D-03 -0.144868747000D-03
  0.116186979036D-02 -0.199397811719D-04  0.822950857071D-03  0.670681641541D-04
 -0.402856292476D-03  0.104433411164D-02  0.201474786916D-03  0.285960658051D-03
 -0.256085695908D-03 -0.457449322727D-03  0.315592099513D-02 -0.278589216816D-03
  0.654286853664D-03 -0.137867222251D-02  0.499979107201D-02 -0.307343238608D-03
 -0.132940062581D-01  0.986464316801D-03  0.746706299063D-02 -0.586885889469D-03
  0.241203325496D-02  0.475309495412D-02 -0.134304358391D-04 -0.347939187620D-02
  0.613255800546D-02  0.251140219095D-02  0.373465296910D-02  0.121841849449D-01
  0.287980159338D-02  0.487115056984D-02  0.376265579519D-03  0.259046958226D-03
  0.229777536073D-03  0.253041582348D-02 -0.105405349039D-03 -0.208819831065D-02
 -0.115908621580D-02  0.400858003806D+00  0.266600331041D-04  0.137915817650D-02
  0.171309171571D-01  0.293322948171D-03 -0.277259482563D-03  0.420111833343D-03
  0.262364637116D-04  0.245188955816D-03 -0.793936237266D-03  0.147762232214D-02
  0.739745283089D-04 -0.509466771265D-04  0.985467402865D-03  0.612429718379D-03
  0.818216303268D-03 -0.164452081440D-02  0.686622810635D-04 -0.147867547863D-02
  0.976020888709D-03 -0.789590351773D-03  0.240886276223D-03  0.282371740915D-04
 -0.171388099149D-03  0.467809995416D-03  0.300848706213D-03  0.134712333166D-03
  0.479484003314D-04 -0.147431239016D-03 -0.167439508629D-02 -0.800320292247D-02
 -0.195468481113D-02 -0.512151681701D-03 -0.547015430372D-03  0.169548442838D-02
  0.122164369031D-03 -0.309846770881D-01 -0.149478360408D-02  0.459315759627D-02
 -0.912013291271D-03  0.168792462779D-02 -0.295460532854D-03 -0.995728608825D-03
  0.429539618358D-02  0.110473177944D-02  0.862945925826D-02 -0.308383358867D-03
 -0.174952202845D-02  0.236393042138D-03  0.236824441633D-02  0.101681968919D-02
  0.232070360561D-03 -0.389723344528D-02  0.329476578196D-01  0.442441841722D-02
  0.331187558822D-02 -0.674952340802D-02 -0.413028728180D-02  0.321764319173D-02
  0.106397052937D-02  0.186474160400D-02  0.616459847407D-02 -0.562530328828D-03
  0.439034502217D-02  0.418820181876D-02  0.364332354517D-02 -0.547290231472D-03
  0.168686692446D-02 -0.656210197036D-03  0.102368960820D-02 -0.256328141381D-03
 -0.271030316841D-02  0.305665006265D-02 -0.608100619767D-02 -0.357242335335D-03
  0.193484252193D-02  0.401672960956D-02  0.470532446674D-02  0.866933562362D-03
 -0.375565605653D-03 -0.590202487816D-02  0.192561381326D-02 -0.169948737060D-02
 -0.568921267004D-01 -0.219369469767D-02  0.198050891434D-02  0.113850709876D-03
  0.217812054623D-02 -0.360919339786D-03 -0.407157859777D-01  0.909341873352D-02
 -0.188604098999D-02  0.739288962544D-02 -0.300675140919D-02  0.592379297241D-03
 -0.222067398325D-02 -0.787280933445D-02  0.203170818153D-02 -0.580744055339D-02
  0.562580551397D-02 -0.390905744393D-03  0.285726734600D-02  0.554330339645D-02
  0.487462525332D-02  0.407984745726D-02 -0.440122580789D-02  0.853321890478D-02
  0.635912301688D-01
$end
