$coord
    2.15695696729137      4.45414406504835      7.66676664289859      c
    1.34277108209801      5.04194091258982      5.86626852708082      h
    0.95842857131240      5.22030162893943      9.15633882817901      h
    4.01433103791489      5.32426357232431      7.84274074852593      h
    2.29493808744308      1.58389393835251      7.83593179125886      c
    3.10824530667643      1.03669944225630      9.65250843022895      h
    3.56972766841814      0.84470762297386      6.39006800011285      h
   -0.28413215187522      0.34013921627425      7.54337051596790      c
   -1.55259997154671      1.03721347422061      9.02041682165184      h
   -1.12972954672957      0.92645512701936      5.74831923526172      h
   -0.17776147474424     -2.53354189907818      7.65606527120670      c
    0.62273690108094     -3.10505255768313      9.47140457797622      h
    1.12902523446149     -3.21739398704741      6.21136505436057      h
   -2.76533119576166     -3.74650647801438      7.30878340037619      c
   -3.59374743872130     -3.22974634821092      5.49429575160079      h
   -2.65773247065459     -5.80020109932226      7.39203941988125      h
   -4.06539243580086     -3.12602249331125      8.78132045290019      h
$redundant
     number_of_atoms            17
     degrees_of_freedom         45
     internal_coordinates       45
     frozen_coordinates          0
# definitions of redundant internals
   1 k  1.0000000000000 tors    4    1    5    8 val=  61.16042
        1.0000000000000 tors    3    1    5    8
        1.0000000000000 tors    2    1    5    8
   2 k  1.0000000000000 stre    1    4           val=   2.05862
   3 k  1.0000000000000 stre    1    3           val=   2.05968
   4 k  1.0000000000000 stre    1    2           val=   2.06160
   5 k  0.4281803544877 bend    3    4    1      val=   1.50191
        0.4327557021562 bend    2    4    1
        0.3989958101578 bend    2    3    1
       -0.3905509296278 bend    5    4    1
       -0.3995452458832 bend    5    3    1
       -0.3975172922246 bend    5    2    1
   6 k -0.3370926217846 bend    3    4    1      val=   0.61130
       -0.3151360582322 bend    2    4    1
        0.6937741352520 bend    2    3    1
       -0.4576206933017 bend    5    4    1
        0.2127189027449 bend    5    3    1
        0.2259850611714 bend    5    2    1
   7 k  0.6378444145224 bend    3    4    1      val=   0.01342
       -0.6472406554021 bend    2    4    1
        0.0152031918827 bend    2    3    1
       -0.0077956438431 bend    5    4    1
        0.2968192780644 bend    5    3    1
       -0.2929853988175 bend    5    2    1
   8 k  0.2302637044889 bend    3    4    1      val=  -0.05249
        0.2146014693074 bend    2    4    1
       -0.4544919982121 bend    2    3    1
       -0.6762088385455 bend    5    4    1
        0.3310907333637 bend    5    3    1
        0.3570467648376 bend    5    2    1
   9 k -0.2905525339230 bend    3    4    1      val=   0.17526
        0.2991999438862 bend    2    4    1
       -0.0080116417485 bend    2    3    1
       -0.0150356037491 bend    5    4    1
        0.6505946804838 bend    5    3    1
       -0.6344248769964 bend    5    2    1
  10 k  1.0000000000000 stre    5    6           val=   2.06418
  11 k  1.0000000000000 stre    5    7           val=   2.06446
  12 k  0.0176884650263 bend    7    6    5      val=   0.30259
        0.4990195510431 bend    8    6    5
        0.4985085227606 bend    8    7    5
       -0.4976194355274 bend    1    6    5
       -0.5045104121841 bend    1    7    5
  13 k  0.0064864060525 bend    7    6    5      val=   0.21151
        0.4909450197463 bend    8    6    5
       -0.4946166529730 bend    8    7    5
        0.5091135955175 bend    1    6    5
       -0.5050629936789 bend    1    7    5
  14 k  0.9043027333832 bend    7    6    5      val=   1.47689
       -0.2228925448579 bend    8    6    5
       -0.2205565685012 bend    8    7    5
       -0.2094106086745 bend    1    6    5
       -0.2001436406885 bend    1    7    5
  15 k -0.0025820918495 bend    7    6    5      val=   0.28304
        0.5098692878909 bend    8    6    5
       -0.5043531369830 bend    8    7    5
       -0.4932049421866 bend    1    6    5
        0.4923448387923 bend    1    7    5
  16 k  1.0000000000000 stre    8    9           val=   2.06799
  17 k  1.0000000000000 stre    8   10           val=   2.06906
  18 k  0.0000516095415 bend   10    9    8      val=   0.00032
       -0.4999719126779 bend   11    9    8
       -0.5000472900733 bend   11   10    8
        0.5000077036748 bend    5    9    8
        0.4999730871016 bend    5   10    8
  19 k -0.0009612213350 bend   10    9    8      val=   0.02669
        0.5005355251946 bend   11    9    8
       -0.4995875370631 bend   11   10    8
        0.5003566602987 bend    5    9    8
       -0.4995185375716 bend    5   10    8
  20 k  0.9066099911639 bend   10    9    8      val=   2.10321
       -0.2103593688497 bend   11    9    8
       -0.2115533931078 bend   11   10    8
       -0.2103600564616 bend    5    9    8
       -0.2116626286547 bend    5   10    8
  21 k -0.0000430318438 bend   10    9    8      val=   0.00440
       -0.4999299889506 bend   11    9    8
        0.4999461421448 bend   11   10    8
        0.5000903780997 bend    5    9    8
       -0.5000334718625 bend    5   10    8
  22 k  1.0000000000000 stre   11   13           val=   2.06458
  23 k  1.0000000000000 stre   11   12           val=   2.06467
  24 k  0.0217881109194 bend   12   13   11      val=   0.37323
        0.4989638055056 bend    8   13   11
        0.4979743102205 bend    8   12   11
       -0.5036703744912 bend   14   13   11
       -0.4988969224581 bend   14   12   11
  25 k  0.0062405346397 bend   12   13   11      val=   0.18504
       -0.4922275076000 bend    8   13   11
        0.4900181325926 bend    8   12   11
       -0.5077265668041 bend   14   13   11
        0.5096754845792 bend   14   12   11
  26 k  0.9043318882648 bend   12   13   11      val=   1.51821
       -0.2216377326781 bend    8   13   11
       -0.2255310764180 bend    8   12   11
       -0.1989269657969 bend   14   13   11
       -0.2064566471908 bend   14   12   11
  27 k -0.0012740814362 bend   12   13   11      val=   0.14143
       -0.5066839210366 bend    8   13   11
        0.5107482342564 bend    8   12   11
        0.4902761241435 bend   14   13   11
       -0.4919708773680 bend   14   12   11
  28 k  1.0000000000000 tors   16   14   11    8 val=  59.77347
        1.0000000000000 tors   17   14   11    8
        1.0000000000000 tors   15   14   11    8
  29 k  1.0000000000000 stre   14   16           val=   2.05820
  30 k  1.0000000000000 stre   14   17           val=   2.05998
  31 k  1.0000000000000 stre   14   15           val=   2.06050
  32 k  0.4214076323079 bend   17   16   14      val=   1.51193
        0.4294155784291 bend   15   16   14
        0.4097254366109 bend   15   17   14
       -0.3938396644754 bend   11   16   14
       -0.3974838870778 bend   11   17   14
       -0.3962824917007 bend   11   15   14
  33 k -0.3532226041243 bend   17   16   14      val=   0.33294
       -0.3151934211528 bend   15   16   14
        0.6887931079872 bend   15   17   14
       -0.4508617749833 bend   11   16   14
        0.2090433971680 bend   11   17   14
        0.2333998105104 bend   11   15   14
  34 k  0.6329630732854 bend   17   16   14      val=   0.26161
       -0.6491768605911 bend   15   16   14
        0.0268523359029 bend   15   17   14
       -0.0126547800398 bend   11   16   14
        0.3020257170147 bend   11   17   14
       -0.2929614759498 bend   11   15   14
  35 k  0.2262281048696 bend   17   16   14      val=  -0.07807
        0.2182241371243 bend   15   16   14
       -0.4500683859402 bend   15   17   14
       -0.6802954445177 bend   11   16   14
        0.3414295258060 bend   11   17   14
        0.3453425916348 bend   11   15   14
  36 k -0.2985609863554 bend   17   16   14      val=  -0.07591
        0.2968664070059 bend   15   16   14
        0.0002888693618 bend   15   17   14
       -0.0044311679128 bend   11   16   14
        0.6448332723963 bend   11   17   14
       -0.6378887096775 bend   11   15   14
  37 k  1.0000000000000 tors    1    5    8   11 val= 178.87977
  38 k  1.0000000000000 stre    5    1           val=   2.87854
  39 k  1.0000000000000 bend    8    1    5      val= 112.45494
  40 k  1.0000000000000 tors   14   11    8    5 val= 181.12222
  41 k  1.0000000000000 stre   11   14           val=   2.87879
  42 k  1.0000000000000 bend    8   14   11      val= 112.50648
  43 k  1.0000000000000 stre    8   11           val=   2.87786
  44 k  1.0000000000000 stre    8    5           val=   2.87821
  45 k  1.0000000000000 bend    5   11    8      val= 113.22853
        45 non zero eigenvalues  of BmBt
           1           5.432404686    1    0
         1
           2           4.808350287    2    0
         2
           3           4.342921091    3    0
         3
           4           3.964872604    4    0
         4
           5           3.799890876    5    0
         5
           6           3.610898044    6    0
         6
           7           3.445155415    7    0
         7
           8           3.154835530    8    0
         8
           9           3.027861487    9    0
         9
          10           2.849304192   10    0
        10
          11           2.444896569   11    0
        11
          12           2.429075895   12    0
        12
          13           2.300641615   13    0
        13
          14           2.167426182   14    0
        14
          15           1.442812792   15    0
        15
          16           0.883527407   16    0
        16
          17           0.878886448   17    0
        17
          18           0.790003045   18    0
        18
          19           0.769790476   19    0
        19
          20           0.769608229   20    0
        20
          21           0.756452723   21    0
        21
          22           0.731417978   22    0
        22
          23           0.699263228   23    0
        23
          24           0.691223120   24    0
        24
          25           0.690787472   25    0
        25
          26           0.674853323   26    0
        26
          27           0.507285376   27    0
        27
          28           0.464788723   28    0
        28
          29           0.428852385   29    0
        29
          30           0.403911861   30    0
        30
          31           0.356102411   31    0
        31
          32           0.339508112   32    0
        32
          33           0.311224681   33    0
        33
          34           0.287404890   34    0
        34
          35           0.280626705   35    0
        35
          36           0.268713908   36    0
        36
          37           0.245938750   37    0
        37
          38           0.182430248   38    0
        38
          39           0.169969690   39    0
        39
          40           0.158154173   40    0
        40
          41           0.072300099   41    0
        41
          42           0.061309516   42    0
        42
          43           0.037796718   43    0
        43
          44           0.033075390   44    0
        44
          45           0.016501009   45    0
        45
$user-defined bonds
$frag
 atom   1 fragment  1 symmetry  c1
 atom   2 fragment  1
 atom   3 fragment  1
 atom   4 fragment  1
 atom   5 fragment  1
 atom   6 fragment  1
 atom   7 fragment  1
 atom   8 fragment  1
 atom   9 fragment  1
 atom  10 fragment  1
 atom  11 fragment  1
 atom  12 fragment  1
 atom  13 fragment  2 symmetry  c1
 atom  14 fragment  2
 atom  15 fragment  2
 atom  16 fragment  2
 atom  17 fragment  2
   iteration     5
$end
