$coord
   -1.36873740826805     -1.33213565050980      4.31588477720988      c
    0.63365972221944     -1.19042022175991      3.87995234426428      h
   -1.79844604520253     -3.23519151280460      4.96176218359080      h
   -1.83233107409064     -0.04172430452708      5.84636927815425      h
   -3.05178488563976     -0.73213518214874      2.08638798322741      c
   -5.36176506837868     -0.78427808352864      2.25658391105275      o
   -1.80170338881450     -0.14438343859060     -0.07713823524026      n
    0.10168352326317     -0.14280000682824     -0.06923998313841      h
   -3.13340020523199      0.47260837757238     -2.37832060521547      c
   -5.14075800476833      0.33437653044709     -1.97788695546586      h
   -2.70288460799562      2.38665348865871     -3.00106243848162      h
   -2.65624839124366     -0.83967179762699     -3.89015919541419      h
$redundant
     number_of_atoms            12
     degrees_of_freedom         30
     internal_coordinates       30
     frozen_coordinates          0
# definitions of redundant internals
   1 k  1.0000000000000 tors    2    1    5    7 val= 120.58928
        1.0000000000000 tors    4    1    5    7
        1.0000000000000 tors    3    1    5    7
   2 k  1.0000000000000 stre    1    2           val=   2.05419
   3 k  1.0000000000000 stre    1    4           val=   2.05486
   4 k  1.0000000000000 stre    1    3           val=   2.05510
   5 k  0.4539500273691 bend    4    2    1      val=   0.47513
        0.4538204674856 bend    3    2    1
        0.3190179824304 bend    3    4    1
       -0.3722070227735 bend    5    2    1
       -0.4170432798312 bend    5    4    1
       -0.4168221656467 bend    5    3    1
   6 k -0.2745063422206 bend    4    2    1      val=   2.05208
       -0.2820483871471 bend    3    2    1
        0.7302881092725 bend    3    4    1
       -0.4865851006506 bend    5    2    1
        0.1961823429290 bend    5    4    1
        0.1911064650695 bend    5    3    1
   7 k -0.6600826779647 bend    4    2    1      val=   0.01540
        0.6560238045673 bend    3    2    1
        0.0052637392616 bend    3    4    1
       -0.0021102184382 bend    5    2    1
       -0.2580249811350 bend    5    4    1
        0.2594505255910 bend    5    3    1
   8 k  0.2113344077166 bend    4    2    1      val=  -0.82506
        0.2183745690267 bend    3    2    1
       -0.4661066387753 bend    3    4    1
       -0.6648544418304 bend    5    2    1
        0.3585477029412 bend    5    4    1
        0.3461315254365 bend    5    3    1
   9 k  0.2604221874580 bend    4    2    1      val=   0.00359
       -0.2570304803673 bend    3    2    1
       -0.0036850608368 bend    3    4    1
       -0.0072357077800 bend    5    2    1
       -0.6541540071585 bend    5    4    1
        0.6619155657784 bend    5    3    1
  10 k  1.0000000000000 stre    5    6           val=   2.31683
  11 k  0.7071068026344 bend    7    6    5      val=   0.93045
       -0.7071067597387 bend    1    6    5
  12 k  1.0000000000000 outp    6    1    7    5 val=  -0.04020
  13 k  1.0000000000000 stre    7    8           val=   1.90340
  14 k  0.7071067970539 bend    5    8    7      val=  -0.24703
       -0.7071067653192 bend    9    8    7
  15 k  1.0000000000000 outp    8    9    5    7 val=  -0.06156
  16 k  1.0000000000000 tors   10    9    7    5 val= 119.31294
        1.0000000000000 tors   12    9    7    5
        1.0000000000000 tors   11    9    7    5
  17 k  1.0000000000000 stre    9   10           val=   2.05157
  18 k  1.0000000000000 stre    9   12           val=   2.05801
  19 k  1.0000000000000 stre    9   11           val=   2.05833
  20 k  0.3952645886872 bend   12   10    9      val=   0.44038
        0.3947148143712 bend   11   10    9
        0.4439309548802 bend   11   12    9
       -0.4114707557553 bend    7   10    9
       -0.4008890377808 bend    7   12    9
       -0.4010875516521 bend    7   11    9
  21 k  0.3595496502003 bend   12   10    9      val=   1.45719
        0.3789424249179 bend   11   10    9
       -0.6693247217038 bend   11   12    9
        0.4229528567399 bend    7   10    9
       -0.2299435849678 bend    7   12    9
       -0.2176417544086 bend    7   11    9
  22 k  0.6466902792065 bend   12   10    9      val=   0.05410
       -0.6341901643866 bend   11   10    9
       -0.0117272997468 bend   11   12    9
        0.0056989999288 bend    7   10    9
        0.2967615980143 bend    7   12    9
       -0.3022533109160 bend    7   11    9
  23 k  0.2170530912424 bend   12   10    9      val=   1.52102
        0.2271399927179 bend   11   10    9
       -0.4246024065002 bend   11   12    9
       -0.6979777027144 bend    7   10    9
        0.3494591457371 bend    7   12    9
        0.3342358563332 bend    7   11    9
  24 k  0.3016391841543 bend   12   10    9      val=   0.07130
       -0.2974160004156 bend   11   10    9
       -0.0039975009738 bend   11   12    9
       -0.0097208288159 bend    7   10    9
       -0.6355667151073 bend    7   12    9
        0.6453696625968 bend    7   11    9
  25 k  1.0000000000000 tors    1    5    7    9 val= 179.92681
  26 k  1.0000000000000 stre    5    1           val=   2.85715
  27 k  1.0000000000000 bend    7    1    5      val= 114.76562
  28 k  1.0000000000000 stre    7    9           val=   2.72938
  29 k  1.0000000000000 bend    5    9    7      val= 121.65278
  30 k  1.0000000000000 stre    5    7           val=   2.56691
        30 non zero eigenvalues  of BmBt
           1           7.115080696    1    0
         1
           2           4.327897393    2    0
         2
           3           3.918152330    3    0
         3
           4           3.850864459    4    0
         4
           5           3.526241631    5    0
         5
           6           3.433715661    6    0
         6
           7           2.847489386    7    0
         7
           8           2.830204605    8    0
         8
           9           2.443016175    9    0
         9
          10           2.151428898   10    0
        10
          11           1.434451615   11    0
        11
          12           1.321894326   12    0
        12
          13           0.887941280   13    0
        13
          14           0.875940054   14    0
        14
          15           0.707453381   15    0
        15
          16           0.707159036   16    0
        16
          17           0.702619166   17    0
        17
          18           0.702277963   18    0
        18
          19           0.625099002   19    0
        19
          20           0.456564082   20    0
        20
          21           0.356843516   21    0
        21
          22           0.335641230   22    0
        22
          23           0.308503773   23    0
        23
          24           0.300421869   24    0
        24
          25           0.267129411   25    0
        25
          26           0.258490933   26    0
        26
          27           0.232473002   27    0
        27
          28           0.085065588   28    0
        28
          29           0.055298904   29    0
        29
          30           0.037000961   30    0
        30
$user-defined bonds
$frag
 atom   1 fragment  1 symmetry  c1
 atom   2 fragment  1
 atom   3 fragment  1
 atom   4 fragment  1
 atom   5 fragment  1
 atom   6 fragment  1
 atom   7 fragment  1
 atom   8 fragment  1
 atom   9 fragment  1
 atom  10 fragment  1
 atom  11 fragment  1
 atom  12 fragment  1
   iteration     4
$end
