$coord
   -2.75309536738044      0.30525983596234     -0.87536153063244  c
   -4.77701568819230     -1.33323954573781     -0.85629024006889  c
   -4.44241761541285     -3.96234351330622     -0.74819744339152  c
   -2.05220769239713     -4.99791391941438     -0.64497114121788  c
    0.00241862715674     -3.35329607626543     -0.67615046932177  c
   -0.30557571259740     -0.71425822307352     -0.78026837868866  c
    2.55600088139001     -3.83931866897578     -0.71346590411108  n
    2.17027368128125      0.39054545978865     -0.86817873536396  c
    3.83749994636435     -1.58407893759359     -0.87835148289204  c
   -7.23708808677418     -0.50759942116878     -0.92628034683853  o
    3.34407406184412     -5.54750949616071     -0.78868599774701  h
    2.83041052232605      3.14029816811611     -0.88084705996993  c
    3.01584484266774      4.29020884685328      1.75490644796980  c
    0.69816184003035      3.81182447539847      3.19443959518640  n
   -3.03415697257970      2.31718507377730     -0.95262903314637  h
   -6.09019508937161     -5.14411959092592     -0.75216416554350  h
   -1.80240550173855     -7.00899026597971     -0.52909295642667  h
    5.85506668502111     -1.55943803074761     -0.99827655181333  h
   -7.21210854157041      1.29787495791882     -0.97936306799881  h
    4.63157337643017      3.39221967083274     -1.82988312371306  h
    1.42673952918048      4.18545677003319     -1.95077516307872  h
    3.22789307291152      6.32113493597742      1.58119758908776  h
    4.70728778818118      3.56317317893942      2.67709897522369  h
    0.86259521610740      4.60186915041120      4.92073404615874  h
    0.54042619712210      1.93505516534032      3.50085613833801  h
$user-defined bonds
$redundant
     number_of_atoms            25
     degrees_of_freedom         69
     internal_coordinates       69
     frozen_coordinates          0
# definitions of redundant internals
   1 k  1.0000000000000 stre   7   11           val=   1.88272
   2 k  0.7071156393659 bend   5   11    7      val=   0.10772
       -0.7070979228962 bend   9   11    7
   3 k  1.0000000000000 outp  11    9    5    7 val=  -4.70765
   4 k  1.0000000000000 stre   1   15           val=   2.03293
   5 k  0.7071102418103 bend   2   15    1      val=   0.21123
       -0.7071033205458 bend   6   15    1
   6 k  1.0000000000000 outp  15    6    2    1 val=  -0.23251
   7 k  1.0000000000000 stre   3   16           val=   2.02775
   8 k  0.7071071094011 bend   4   16    3      val=   1.27075
       -0.7071064529718 bend   2   16    3
   9 k  1.0000000000000 outp  16    2    4    3 val=   0.12035
  10 k  1.0000000000000 stre   4   17           val=   2.02984
  11 k -0.7071067610789 bend   3   17    4      val=   0.50296
        0.7071068012942 bend   5   17    4
  12 k  1.0000000000000 outp  17    5    3    4 val=   0.42487
  13 k  1.0000000000000 stre   9   18           val=   2.02128
  14 k  0.7071089804245 bend   8   18    9      val=   4.49015
       -0.7071045819418 bend   7   18    9
  15 k  1.0000000000000 outp  18    7    8    9 val=   0.20118
  16 k  0.7071067811865 tors  19   10    2    1 val=  89.60987
        0.7071067811865 tors  19   10    2    3
  17 k  1.0000000000000 stre  10   19           val=   1.80643
  18 k  1.0000000000000 bend   2   19   10      val= 107.79300
  19 k  1.0000000000000 stre  12   21           val=   2.05119
  20 k  1.0000000000000 stre  12   20           val=   2.05142
  21 k  0.0276761439858 bend  20   21   12      val=   0.41432
       -0.5065335953075 bend   8   21   12
       -0.4987736775848 bend   8   20   12
        0.4972432877675 bend  13   21   12
        0.4966202565317 bend  13   20   12
  22 k  0.0094455913344 bend  20   21   12      val=   0.26189
       -0.5154750303611 bend   8   21   12
        0.5188970656326 bend   8   20   12
       -0.4844153530665 bend  13   21   12
        0.4798790210770 bend  13   20   12
  23 k  0.9056034172424 bend  20   21   12      val=   2.83343
       -0.1916656301819 bend   8   21   12
       -0.2040147401240 bend   8   20   12
       -0.2226848130747 bend  13   21   12
       -0.2278951441428 bend  13   20   12
  24 k -0.0024272327117 bend  20   21   12      val=   0.27911
        0.4811914317241 bend   8   21   12
       -0.4830981321178 bend   8   20   12
       -0.5140336372568 bend  13   21   12
        0.5204176487107 bend  13   20   12
  25 k  1.0000000000000 stre  13   22           val=   2.04934
  26 k  1.0000000000000 stre  13   23           val=   2.05913
  27 k  0.0548678283806 bend  23   22   13      val=   0.77202
       -0.4714340147855 bend  14   22   13
       -0.5378048761470 bend  14   23   13
        0.4987790347064 bend  12   22   13
        0.4865438118422 bend  12   23   13
  28 k  0.0324882748815 bend  23   22   13      val=   1.42263
        0.5539578902973 bend  14   22   13
       -0.5013903495126 bend  14   23   13
        0.4528672497126 bend  12   22   13
       -0.4853804068212 bend  12   23   13
  29 k  0.8961706826548 bend  23   22   13      val=   0.26716
       -0.2200996699629 bend  14   22   13
       -0.1659999489555 bend  14   23   13
       -0.2441462569213 bend  12   22   13
       -0.2475295235124 bend  12   23   13
  30 k -0.0187992447254 bend  23   22   13      val=   2.54343
       -0.4715039293331 bend  14   22   13
        0.4658587060785 bend  14   23   13
        0.5519476750141 bend  12   22   13
       -0.5056283843284 bend  12   23   13
  31 k  0.7071067811865 tors  24   14   13   12 val= 123.08018
        0.7071067811865 tors  25   14   13   12
  32 k  1.0000000000000 stre  14   24           val=   1.90560
  33 k  1.0000000000000 stre  14   25           val=   1.90815
  34 k  0.8750081508372 bend  25   24   14      val=  11.43717
       -0.3411595273544 bend  13   24   14
       -0.3434689401734 bend  13   25   14
  35 k  0.3483529856151 bend  25   24   14      val=  99.98044
       -0.0489624548782 bend  13   24   14
        0.9360837972240 bend  13   25   14
  36 k  0.3361709883104 bend  25   24   14      val=  95.96733
        0.9387293832131 bend  13   24   14
       -0.0760013928215 bend  13   25   14
  37 k  1.0000000000000 stre   2   10           val=   2.59587
  38 k  0.7071068030506 bend   1   10    2      val=   3.29249
       -0.7071067593225 bend   3   10    2
  39 k  1.0000000000000 outp  10    3    1    2 val=   0.32856
  40 k  1.0000000000000 tors  14   13   12    8 val= -53.84561
  41 k  1.0000000000000 stre  13   14           val=   2.76998
  42 k  1.0000000000000 bend  12   14   13      val= 110.64561
  43 k  0.7071067811865 tors  13   12    8    6 val= 176.78209
        0.7071067811865 tors  13   12    8    9
  44 k  1.0000000000000 stre  12   13           val=   2.88164
  45 k  1.0000000000000 bend   8   13   12      val= 113.51205
  46 k  1.0000000000000 stre   8   12           val=   2.82791
  47 k  0.7071078708952 bend   9   12    8      val=  -0.60548
       -0.7071056914763 bend   6   12    8
  48 k  1.0000000000000 outp  12    6    9    8 val=   1.11476
  49 k  1.0000000000000 stre   5    4           val=   2.63196
  50 k  1.0000000000000 stre   4    3           val=   2.60695
  51 k  1.0000000000000 stre   3    2           val=   2.65251
  52 k  1.0000000000000 stre   2    1           val=   2.60409
  53 k  1.0000000000000 stre   1    6           val=   2.65308
  54 k -0.2886751345948 bend   6    4    5      val=   0.01856
       -0.2886751345948 bend   5    3    4
        0.5773502691896 bend   4    2    3
       -0.2886751345948 bend   3    1    2
       -0.2886751345948 bend   2    6    1
        0.5773502691896 bend   1    5    6
  55 k  0.5000000000000 bend   6    4    5      val=   1.88764
       -0.5000000000000 bend   5    3    4
        0.5000000000000 bend   3    1    2
       -0.5000000000000 bend   2    6    1
  56 k -0.4082482904639 bend   6    4    5      val=  -0.36922
        0.4082482904639 bend   5    3    4
       -0.4082482904639 bend   4    2    3
        0.4082482904639 bend   3    1    2
       -0.4082482904639 bend   2    6    1
        0.4082482904639 bend   1    5    6
  57 k -0.2886751345948 tors   5    4    3    2 val=   0.23545
       -0.2886751345948 tors   4    3    2    1
        0.5773502691896 tors   3    2    1    6
       -0.2886751345948 tors   2    1    6    5
       -0.2886751345948 tors   1    6    5    4
        0.5773502691896 tors   6    5    4    3
  58 k  0.5000000000000 tors   5    4    3    2 val=  -0.06038
       -0.5000000000000 tors   4    3    2    1
        0.5000000000000 tors   2    1    6    5
       -0.5000000000000 tors   1    6    5    4
  59 k -0.4082482904639 tors   5    4    3    2 val=   0.38952
        0.4082482904639 tors   4    3    2    1
       -0.4082482904639 tors   3    2    1    6
        0.4082482904639 tors   2    1    6    5
       -0.4082482904639 tors   1    6    5    4
        0.4082482904639 tors   6    5    4    3
  60 k  1.0000000000000 stre   5    7           val=   2.59969
  61 k  1.0000000000000 stre   7    9           val=   2.59914
  62 k  1.0000000000000 stre   9    8           val=   2.58435
  63 k  1.0000000000000 stre   8    6           val=   2.71259
  64 k -0.5116672736017 bend   6    7    5      val=   0.73777
        0.1954395075848 bend   5    9    7
        0.1954395075848 bend   7    8    9
       -0.5116672736017 bend   9    6    8
        0.6324555320337 bend   8    5    6
  65 k  0.3717480344602 bend   6    7    5      val=   0.64683
       -0.6015009550075 bend   5    9    7
        0.6015009550075 bend   7    8    9
       -0.3717480344602 bend   9    6    8
  66 k -0.5116672736017 tors   7    9    8    6 val=   1.47268
        0.1954395075848 tors   9    8    6    5
        0.1954395075848 tors   8    6    5    7
       -0.5116672736017 tors   6    5    7    9
        0.6324555320337 tors   5    7    9    8
  67 k  0.3717480344602 tors   7    9    8    6 val=  -0.77034
       -0.6015009550075 tors   9    8    6    5
        0.6015009550075 tors   8    6    5    7
       -0.3717480344602 tors   6    5    7    9
  68 k  0.7071067811865 tors   1    6    5    8 val= 177.74640
        0.7071067811865 tors   4    6    5    7
  69 k  1.0000000000000 stre   5    6           val=   2.65899
        69 non zero eigenvalues  of BmBt
           1          10.317598732    1    0
         1
           2           6.232028683    2    0
         2
           3           5.650189424    3    0
         3
           4           5.106371425    4    0
         4
           5           4.837412342    5    0
         5
           6           4.592469120    6    0
         6
           7           4.234568434    7    0
         7
           8           4.103886946    8    0
         8
           9           3.849268527    9    0
         9
          10           3.838233593   10    0
        10
          11           3.759320448   11    0
        11
          12           3.516474715   12    0
        12
          13           3.505777327   13    0
        13
          14           3.217882531   14    0
        14
          15           3.169477182   15    0
        15
          16           3.075158495   16    0
        16
          17           2.920749015   17    0
        17
          18           2.759933399   18    0
        18
          19           2.572352555   19    0
        19
          20           2.367200937   20    0
        20
          21           2.288165857   21    0
        21
          22           2.238268168   22    0
        22
          23           2.096574994   23    0
        23
          24           2.003301381   24    0
        24
          25           1.976511975   25    0
        25
          26           1.892705990   26    0
        26
          27           1.855610559   27    0
        27
          28           1.739128116   28    0
        28
          29           1.443688242   29    0
        29
          30           1.419644872   30    0
        30
          31           1.337166576   31    0
        31
          32           1.298042006   32    0
        32
          33           1.022163911   33    0
        33
          34           0.997144490   34    0
        34
          35           0.858829768   35    0
        35
          36           0.784151001   36    0
        36
          37           0.777048303   37    0
        37
          38           0.739142881   38    0
        38
          39           0.729927143   39    0
        39
          40           0.646466509   40    0
        40
          41           0.587968153   41    0
        41
          42           0.513259448   42    0
        42
          43           0.498139413   43    0
        43
          44           0.409775236   44    0
        44
          45           0.394261832   45    0
        45
          46           0.376847494   46    0
        46
          47           0.361308575   47    0
        47
          48           0.354200823   48    0
        48
          49           0.344749147   49    0
        49
          50           0.327062083   50    0
        50
          51           0.272804606   51    0
        51
          52           0.265208432   52    0
        52
          53           0.252288787   53    0
        53
          54           0.241111040   54    0
        54
          55           0.206477298   55    0
        55
          56           0.197106502   56    0
        56
          57           0.177743820   57    0
        57
          58           0.138244392   58    0
        58
          59           0.119119795   59    0
        59
          60           0.100855857   60    0
        60
          61           0.088292424   61    0
        61
          62           0.086211924   62    0
        62
          63           0.083193716   63    0
        63
          64           0.053184593   64    0
        64
          65           0.047052509   65    0
        65
          66           0.031496832   66    0
        66
          67           0.015795643   67    0
        67
          68           0.010947639   68    0
        68
          69           0.006362033   69    0
        69
$end
