$coord
   -6.36673285015476      1.54784285700402     -2.05583572652975  c
   -4.53241004143592      2.30958983952507     -0.03255767621923  c
   -4.62916896947098      4.23164023835325      1.19596846781114  o
   -2.72135776527955      0.54099259373860      0.25642256557396  o
   -0.86980457331201      1.10572875590963      2.17564073522048  c
    1.04555503887690     -1.00794015589584      2.16233738954527  c
    2.38526689243926     -1.41310057203205     -0.35867288689441  c
    3.71376301333372      0.97058079530929     -1.26787819046550  c
    4.26284224987862     -3.57760347195318     -0.11531419421756  c
   -7.76336683835728      3.02656883176586     -2.30375211434930  h
   -7.29444730520200     -0.20839268332867     -1.52360999555526  h
   -5.36546883509185      1.21928725074123     -3.82098021193741  h
   -0.02803687518724      2.93506218739811      1.76441395675860  h
   -1.82479089116492      1.24994911817293      3.99212887987235  h
    0.11034326804043     -2.75841866392324      2.72501030499536  h
    2.45271300146224     -0.58263050519016      3.61569539217276  h
    0.96173361120002     -1.93817535651217     -1.75637014327790  h
    5.04928460248108      1.64457662181256      0.15405340678793  h
    4.77282565697856      0.59576519083140     -2.99420596066417  h
    2.38865547769919      2.49276119978335     -1.67098338683312  h
    5.73552839025789     -3.10539543466335      1.25041032327419  h
    3.33820310332834     -5.30383347252863      0.52462873958555  h
    5.17887063868014     -3.97485516431798     -1.91654967465388  h
$user-defined bonds
$redundant
     number_of_atoms            23
     degrees_of_freedom         63
     internal_coordinates       63
     frozen_coordinates          0
# definitions of redundant internals
   1 k  1.0000000000000 stre   2    3           val=   2.28318
   2 k  0.7071068106860 bend   4    3    2      val=  -1.01921
       -0.7071067516871 bend   1    3    2
   3 k  1.0000000000000 outp   3    1    4    2 val=   0.08870
   4 k  0.5773502691896 tors  10    1    2    4 val=  62.22093
        0.5773502691896 tors  11    1    2    4
        0.5773502691896 tors  12    1    2    4
   5 k  1.0000000000000 stre   1   10           val=   2.04907
   6 k  1.0000000000000 stre   1   11           val=   2.05628
   7 k  1.0000000000000 stre   1   12           val=   2.05578
   8 k  0.4350188413521 bend  11   10    1      val=   0.10868
        0.4314291473995 bend  12   10    1
        0.3588155335345 bend  12   11    1
       -0.3860199234726 bend   2   10    1
       -0.4162525904719 bend   2   11    1
       -0.4166549063012 bend   2   12    1
   9 k -0.3034084343709 bend  11   10    1      val=   0.25093
       -0.3296002560942 bend  12   10    1
        0.7211877230878 bend  12   11    1
       -0.4534406650906 bend   2   10    1
        0.1996460175059 bend   2   11    1
        0.1836526398911 bend   2   12    1
  10 k -0.6508145739737 bend  11   10    1      val=   0.19455
        0.6386200794207 bend  12   10    1
        0.0178497071936 bend  12   11    1
       -0.0085476848454 bend   2   10    1
       -0.2876117890748 bend   2   11    1
        0.2923911221056 bend   2   12    1
  11 k  0.2063880249647 bend  11   10    1      val=   1.16735
        0.2196275532715 bend  12   10    1
       -0.4327531017565 bend  12   11    1
       -0.6868810860549 bend   2   10    1
        0.3634303141568 bend   2   11    1
        0.3435189285721 bend   2   12    1
  12 k  0.2925000898067 bend  11   10    1      val=   0.11270
       -0.2875720399047 bend  12   10    1
       -0.0054331477398 bend  12   11    1
       -0.0122781421410 bend   2   10    1
       -0.6379242178474 bend   2   11    1
        0.6516275314497 bend   2   12    1
  13 k  1.0000000000000 stre   5   13           val=   2.05527
  14 k  1.0000000000000 stre   5   14           val=   2.05729
  15 k  0.0681596228313 bend  14   13    5      val=   1.40793
        0.4954850924199 bend   4   13    5
        0.4970781395640 bend   4   14    5
       -0.5092697759843 bend   6   13    5
       -0.4933623490313 bend   6   14    5
  16 k  0.0120909223696 bend  14   13    5      val=   0.23825
       -0.4969476790172 bend   4   13    5
        0.4857152192537 bend   4   14    5
       -0.5042923997722 bend   6   13    5
        0.5125102098818 bend   6   14    5
  17 k -0.8876550063534 bend  14   13    5      val=   2.69944
        0.2556642335286 bend   4   13    5
        0.2631750277952 bend   4   14    5
        0.1884044361011 bend   6   13    5
        0.2048098205465 bend   6   14    5
  18 k -0.0026596633768 bend  14   13    5      val=   0.41717
       -0.5033239395774 bend   4   13    5
        0.5136724273506 bend   4   14    5
        0.4892740517493 bend   6   13    5
       -0.4933654605904 bend   6   14    5
  19 k  1.0000000000000 stre   6   15           val=   2.06286
  20 k  1.0000000000000 stre   6   16           val=   2.06718
  21 k  0.0232285519491 bend  16   15    6      val=   0.53668
        0.5074604337702 bend   5   15    6
        0.4902559119409 bend   5   16    6
       -0.5021042692108 bend   7   15    6
       -0.4994845204602 bend   7   16    6
  22 k  0.0290692166311 bend  16   15    6      val=   0.67068
       -0.4923194276732 bend   5   15    6
        0.4941195729138 bend   5   16    6
       -0.5118184138692 bend   7   15    6
        0.5006638799313 bend   7   16    6
  23 k  0.9091381416622 bend  16   15    6      val=   4.07705
       -0.2006646535606 bend   5   15    6
       -0.2364139169571 bend   5   16    6
       -0.1858685261278 bend   7   15    6
       -0.2067918930964 bend   7   16    6
  24 k -0.0064847478326 bend  16   15    6      val=   0.49954
        0.5038965241874 bend   5   15    6
       -0.5086903835587 bend   5   16    6
       -0.4860934057087 bend   7   15    6
        0.5009925504026 bend   7   16    6
  25 k  1.0000000000000 stre   7   17           val=   2.06294
  26 k  0.2046573897562 bend   9   17    7      val=   0.77423
       -0.7809686102860 bend   8   17    7
        0.5900876058401 bend   6   17    7
  27 k  0.7972948730915 bend   9   17    7      val=   1.38097
       -0.2167168900913 bend   8   17    7
       -0.5633424135383 bend   6   17    7
  28 k  0.4082482904639 tors  20    8    7    6 val=  54.77424
        0.4082482904639 tors  20    8    7    9
        0.4082482904639 tors  19    8    7    6
        0.4082482904639 tors  19    8    7    9
        0.4082482904639 tors  18    8    7    6
        0.4082482904639 tors  18    8    7    9
  29 k  1.0000000000000 stre   8   20           val=   2.05802
  30 k  1.0000000000000 stre   8   19           val=   2.05969
  31 k  1.0000000000000 stre   8   18           val=   2.06392
  32 k  0.4169612542867 bend  19   20    8      val=   1.44174
        0.4322323081914 bend  18   20    8
        0.4096975551102 bend  18   19    8
       -0.3971436681043 bend   7   20    8
       -0.3997591579333 bend   7   19    8
       -0.3923467599574 bend   7   18    8
  33 k -0.6768602565321 bend  19   20    8      val=   0.17239
        0.2391281701123 bend  18   20    8
        0.4368620201242 bend  18   19    8
       -0.2805954967381 bend   7   20    8
       -0.1512495852112 bend   7   19    8
        0.4384281206114 bend   7   18    8
  34 k  0.1302715292020 bend  19   20    8      val=   0.54599
       -0.6589785074822 bend  18   20    8
        0.5563330577347 bend  18   19    8
       -0.3130755288969 bend   7   20    8
        0.3698951201110 bend   7   19    8
       -0.0665694941511 bend   7   18    8
  35 k -0.4381304361440 bend  19   20    8      val=   0.49001
        0.1858768635790 bend  18   20    8
        0.2577269464101 bend  18   19    8
        0.3839951462313 bend   7   20    8
        0.2994559777629 bend   7   19    8
       -0.6855232881947 bend   7   18    8
  36 k -0.0285963285623 bend  19   20    8      val=  -0.33018
        0.3566654032362 bend  18   20    8
       -0.3348377749909 bend  18   19    8
       -0.5828138170073 bend   7   20    8
        0.6458584069854 bend   7   19    8
       -0.0552329376178 bend   7   18    8
  37 k  0.4082482904639 tors  23    9    7    6 val=  58.65578
        0.4082482904639 tors  23    9    7    8
        0.4082482904639 tors  22    9    7    6
        0.4082482904639 tors  22    9    7    8
        0.4082482904639 tors  21    9    7    6
        0.4082482904639 tors  21    9    7    8
  38 k  1.0000000000000 stre   9   23           val=   2.05946
  39 k  1.0000000000000 stre   9   22           val=   2.06018
  40 k  1.0000000000000 stre   9   21           val=   2.06325
  41 k  0.4256424129859 bend  22   23    9      val=   1.38287
        0.4139299840333 bend  21   23    9
        0.4175409171607 bend  21   22    9
       -0.3976248751825 bend   7   23    9
       -0.3964969835804 bend   7   22    9
       -0.3972841397916 bend   7   21    9
  42 k -0.6843976613497 bend  22   23    9      val=   0.20689
        0.3640843971163 bend  21   23    9
        0.3332968008969 bend  21   22    9
       -0.2107662887087 bend   7   23    9
       -0.2298322717844 bend   7   22    9
        0.4367039429840 bend   7   21    9
  43 k  0.0191272355999 bend  22   23    9      val=   0.08649
        0.6066611433722 bend  21   23    9
       -0.6216950876951 bend  21   22    9
        0.3548486886574 bend   7   23    9
       -0.3450196636436 bend   7   22    9
       -0.0116388905790 bend   7   21    9
  44 k -0.4363393554683 bend  22   23    9      val=   0.20236
        0.2159182852396 bend  21   23    9
        0.2256327287587 bend  21   22    9
        0.3516781418652 bend   7   23    9
        0.3338904102490 bend   7   22    9
       -0.6905916384952 bend   7   21    9
  45 k  0.0067067010781 bend  22   23    9      val=  -0.02115
       -0.3537027763434 bend  21   23    9
        0.3463575935119 bend  21   22    9
        0.6098885034078 bend   7   23    9
       -0.6187295796152 bend   7   22    9
        0.0097726303771 bend   7   21    9
  46 k  1.0000000000000 tors   1    2    4    5 val= 180.24286
  47 k  1.0000000000000 stre   2    1           val=   2.83525
  48 k  1.0000000000000 bend   4    1    2      val= 110.75194
  49 k  0.7071067811865 tors   9    7    6    5 val= 118.32012
        0.7071067811865 tors   8    7    6    5
  50 k  1.0000000000000 stre   7    9           val=   2.87569
  51 k  1.0000000000000 stre   7    8           val=   2.87637
  52 k -0.5473339730643 bend   8    9    7      val=   1.13856
       -0.2486168018965 bend   6    9    7
        0.7991340361569 bend   6    8    7
  53 k  0.6334556530020 bend   8    9    7      val=   6.72561
       -0.7471008542644 bend   6    9    7
        0.2014305072156 bend   6    8    7
  54 k  0.5469547125762 bend   8    9    7      val= 110.63714
        0.6164657325206 bend   6    9    7
        0.5664013974369 bend   6    8    7
  55 k  1.0000000000000 tors   2    4    5    6 val= 182.18815
  56 k  1.0000000000000 stre   4    2           val=   2.54781
  57 k  1.0000000000000 bend   5    2    4      val= 114.76316
  58 k  1.0000000000000 tors   7    6    5    4 val=  58.31043
  59 k  1.0000000000000 stre   6    7           val=   2.88348
  60 k  1.0000000000000 bend   5    7    6      val= 114.84584
  61 k  1.0000000000000 stre   5    4           val=   2.72591
  62 k  1.0000000000000 stre   5    6           val=   2.85243
  63 k  1.0000000000000 bend   6    4    5      val= 107.41552
        63 non zero eigenvalues  of BmBt
           1           5.589354169    1    0
         1
           2           4.528223788    2    0
         2
           3           4.375803866    3    0
         3
           4           4.242318777    4    0
         4
           5           3.830988536    5    0
         5
           6           3.765592783    6    0
         6
           7           3.630564237    7    0
         7
           8           3.584113254    8    0
         8
           9           3.532712313    9    0
         9
          10           3.313323993   10    0
        10
          11           3.212359452   11    0
        11
          12           3.109951029   12    0
        12
          13           3.049032993   13    0
        13
          14           2.897254829   14    0
        14
          15           2.771827973   15    0
        15
          16           2.573082134   16    0
        16
          17           2.314836837   17    0
        17
          18           2.282587233   18    0
        18
          19           2.055263602   19    0
        19
          20           1.858086543   20    0
        20
          21           1.577669656   21    0
        21
          22           1.178333100   22    0
        22
          23           0.922241370   23    0
        23
          24           0.886121840   24    0
        24
          25           0.881712193   25    0
        25
          26           0.868600695   26    0
        26
          27           0.839950757   27    0
        27
          28           0.763325046   28    0
        28
          29           0.736112417   29    0
        29
          30           0.700819635   30    0
        30
          31           0.697942443   31    0
        31
          32           0.696878610   32    0
        32
          33           0.692510417   33    0
        33
          34           0.686163334   34    0
        34
          35           0.681264876   35    0
        35
          36           0.626742785   36    0
        36
          37           0.561824185   37    0
        37
          38           0.518730473   38    0
        38
          39           0.487611078   39    0
        39
          40           0.459339834   40    0
        40
          41           0.406522343   41    0
        41
          42           0.388433819   42    0
        42
          43           0.362439133   43    0
        43
          44           0.342145926   44    0
        44
          45           0.331809909   45    0
        45
          46           0.310471287   46    0
        46
          47           0.282979944   47    0
        47
          48           0.270155876   48    0
        48
          49           0.268977377   49    0
        49
          50           0.247009154   50    0
        50
          51           0.240589601   51    0
        51
          52           0.226894769   52    0
        52
          53           0.150660749   53    0
        53
          54           0.119352512   54    0
        54
          55           0.084155081   55    0
        55
          56           0.066829604   56    0
        56
          57           0.061357668   57    0
        57
          58           0.048106729   58    0
        58
          59           0.040539024   59    0
        59
          60           0.036013752   60    0
        60
          61           0.015565839   61    0
        61
          62           0.009763786   62    0
        62
          63           0.005108334   63    0
        63
$end
