$vibrational normal modes
 1  1  -0.0391803159   0.0211202734  -0.0177186136   0.0982685812   0.1602366685
 1  2   0.0093529166  -0.0526117469  -0.0466626644  -0.0427755581  -0.0448890612
 1  3   0.0414121547   0.0641421132   0.0071850516  -0.0021246337  -0.0028879176
 1  4  -0.0023075473  -0.0458479266  -0.0100634023  -0.0026949404   0.0209528292
 1  5   0.0198897100   0.0918233267  -0.0986083413   0.0263234442  -0.0307412320
 1  6   0.0425557272   0.0047583270   0.0096350802   0.0569810721   0.0004507903
 1  7   0.0234695446  -0.2399448024  -0.0039996289  -0.0120379880  -0.0185273204
 1  8   0.0044192522  -0.1765218311   0.0004698544   0.0146797020  -0.0176436451
 1  9  -0.0040584054   0.0226443376  -0.0118016651  -0.0351199753  -0.0131621471
 1 10  -0.0117424848  -0.0477046536  -0.0102791778   0.0170556040   0.0122729715
 1 11  -0.0652078090  -0.0354433504   0.1934768892   0.0038533114   0.0700326459
 1 12  -0.0179461290  -0.1419768956  -0.0047586425  -0.0530149880   0.0379019202
 1 13   0.1358092943  -0.0119632278  -0.3008013897   0.0000327581   0.0001883357
 1 14   0.0000688868  -0.0002052251  -0.0079613566   0.0071888400  -0.0002869158
 1 15  -0.0003517716   0.0000438508   0.0000958238   0.0004030124  -0.0004471245
 2  1   0.0419809603  -0.0478886804  -0.1312224675   0.1342237245  -0.0614458471
 2  2   0.0313096341   0.0007151567  -0.0482732538  -0.0098751758   0.0046275559
 2  3  -0.0224868779  -0.0136389691   0.0062785483  -0.0014350284   0.0103812082
 2  4  -0.0001281549  -0.1875358984  -0.0541581119   0.0004272869   0.0288007709
 2  5  -0.0532984481   0.1374745396   0.0549867828  -0.0172178617   0.0272623942
 2  6  -0.0583501972  -0.0244228859  -0.0225950278  -0.2104962993  -0.0010926477
 2  7  -0.0183193989   0.2027424547   0.0064858708   0.0448121957   0.0251516449
 2  8   0.0310378115  -0.1719799232  -0.0381655382   0.0676164749   0.0603372501
 2  9   0.0244936639   0.0607570477   0.0014331702  -0.0628282776   0.0040067478
 2 10   0.0575799344   0.0272471264   0.0392808887  -0.0476580478   0.0196106961
 2 11   0.0158826117   0.0159565903   0.0137097671  -0.0019363089   0.0072883054
 2 12  -0.0021852266  -0.0212559361  -0.0189239241  -0.1203051901  -0.0202122972
 2 13  -0.1189411783  -0.0030571446  -0.0819924565   0.0000943633  -0.0003518440
 2 14   0.0000028083   0.0004872573   0.0655769074  -0.0559514363  -0.0018077535
 2 15  -0.0001971356   0.0000586611  -0.0000488693   0.0002039719   0.0008836839
 3  1   0.0580954934   0.0655708506  -0.1401333040  -0.0803316804   0.0229928756
 3  2  -0.1264222512  -0.0712803239   0.1315894096  -0.0490724217  -0.2296640647
 3  3  -0.1564111670   0.0080334405   0.0671489561  -0.0370162768  -0.0410064922
 3  4   0.1295308205  -0.0617731236   0.1265566914  -0.1704362554   0.0079887435
 3  5   0.0416217396   0.0223258141   0.0323981435   0.1105735868   0.0736698080
 3  6   0.0400272837  -0.0134017213  -0.0074588671   0.0102963925  -0.0017797231
 3  7   0.1372991843   0.0450966837   0.0532194036  -0.0139507229  -0.0120100768
 3  8   0.0037180431  -0.0023884672  -0.0005111351  -0.0000080595   0.0011049917
 3  9   0.0003187314   0.0009224511   0.0020264977  -0.0002613791   0.0002320914
 3 10   0.0004674243   0.0013304796   0.0003069612  -0.0005606435   0.0001441826
 3 11   0.0014879609   0.0007822837  -0.0034054127   0.0008993121  -0.0009073538
 3 12   0.0000594987   0.0022956595   0.0001942301   0.0000204399  -0.0010134629
 3 13  -0.0035573488  -0.0000547658   0.0046873030   0.0000236311  -0.0000279864
 3 14   0.0000194234   0.0000393858   0.0016015188  -0.0013773851  -0.0000310638
 3 15   0.0000040003   0.0000675093   0.0000962527  -0.0000209517   0.0000347638
 4  1  -0.0896903036   0.0467702253  -0.0242051630   0.0680331612   0.1453313773
 4  2   0.0086119270  -0.0356109266  -0.0379236627  -0.0248497986  -0.0250760138
 4  3   0.0245062927   0.0405865400   0.0077251287  -0.0011195647   0.0018683836
 4  4  -0.0005234568  -0.0652688932  -0.0123179420  -0.0000289762   0.1525327294
 4  5  -0.0606562236   0.1665231798  -0.0406992046   0.0006358172  -0.0156604548
 4  6   0.0466212856   0.0224782785  -0.0006651383  -0.0094893867   0.0023551106
 4  7  -0.0001616650  -0.0060618444   0.0001715820   0.0045723722  -0.0012399105
 4  8   0.0050711782  -0.0753907034  -0.0018270993  -0.0067473104  -0.0177509046
 4  9  -0.0169323665   0.0028421694  -0.0138166595  -0.0454322507  -0.0531851910
 4 10   0.1013170324  -0.1666924515  -0.0301892986   0.0985105461  -0.0673993513
 4 11   0.0253065284   0.0223564205  -0.0496081182   0.0036602796   0.0540013592
 4 12   0.0139303912   0.1017432404   0.0311046135   0.2200314590  -0.0010324136
 4 13  -0.0735768202   0.0063074531   0.2128849745  -0.0000697028  -0.0000379916
 4 14  -0.0000979883  -0.0000360014  -0.0039228914   0.0023914109   0.0017278939
 4 15   0.0001108222   0.0000292653  -0.0000443571  -0.0002335672  -0.0012992237
 5  1   0.1059603950  -0.0790546938  -0.1237214857   0.1709865685  -0.0424975674
 5  2   0.0333615767  -0.0208868857  -0.0656797861  -0.0361524332  -0.0218822433
 5  3   0.0087358818   0.0266238008   0.0112342503  -0.0024220956   0.0038920904
 5  4   0.0030006087  -0.1363927989  -0.0512728983   0.0021941036  -0.1167368127
 5  5   0.0181906943   0.1197256413  -0.0082972339   0.0005584812   0.0130962339
 5  6  -0.0543319229  -0.0287966890  -0.0033793498  -0.0419682082  -0.0002193249
 5  7   0.0053658074  -0.0293496426   0.0001150082   0.0016288373  -0.0059624979
 5  8  -0.0042614201  -0.0121196852  -0.0230060173   0.0330923823   0.0052684311
 5  9   0.0104838789  -0.0250260682   0.0084810098   0.1469872185   0.0107639557
 5 10  -0.0234459615   0.0236817769   0.0018095283  -0.0163968313   0.0289462120
 5 11  -0.0050015728  -0.0800211035  -0.1888494209   0.0011672176  -0.0671878223
 5 12  -0.0110072276  -0.0902404124   0.0283871152   0.1529586804   0.1154739947
 5 13   0.2755620816   0.0070569060   0.1344030370  -0.0000288305  -0.0000541365
 5 14   0.0000063078   0.0000660303  -0.0010535004   0.0016072572  -0.0034463971
 5 15   0.0003653072  -0.0000278127  -0.0000272127  -0.0003659411  -0.0023642736
 6  1   0.1037775711   0.1182843231  -0.1752807219  -0.1410210449   0.0403843209
 6  2  -0.0619170586  -0.0644774647  -0.0117634266  -0.0083598098  -0.0376546433
 6  3  -0.0187364374  -0.0114483261   0.0133640669  -0.0016891303  -0.0426389036
 6  4   0.1083051780  -0.0505888758   0.1006003699   0.1076784114   0.0096438945
 6  5   0.0402252721   0.0141832663  -0.0362588635  -0.3860443859  -0.0950974030
 6  6   0.0262943319  -0.0325306815   0.0382815608  -0.0178729911   0.1018880681
 6  7  -0.0564919068  -0.0125851892  -0.0112707981   0.0032277407   0.0035947291
 6  8  -0.0006251455   0.0025390762  -0.0005882036  -0.0004282480   0.0004574051
 6  9  -0.0002505161  -0.0002645351   0.0005782682   0.0014683498   0.0011170796
 6 10  -0.0019450124   0.0034280985   0.0009905311  -0.0023572593   0.0018413016
 6 11  -0.0008290326  -0.0012705781  -0.0010665858  -0.0001922098  -0.0016644332
 6 12  -0.0005209956  -0.0031113065  -0.0003710513  -0.0029557124   0.0013356180
 6 13   0.0040370902  -0.0000001802  -0.0034051864   0.0000076368  -0.0000167248
 6 14   0.0000008060   0.0000255116   0.0000938339  -0.0000440573  -0.0000681578
 6 15  -0.0000033094  -0.0000292585   0.0000017760   0.0000026572  -0.0000111067
 7  1  -0.1720335691   0.0886214706  -0.0322981787   0.0216993436   0.1204462394
 7  2   0.0068247263  -0.0051822423  -0.0232183525   0.0044963670  -0.0012540978
 7  3  -0.0027304916   0.0109830317   0.0104837487  -0.0004774986   0.0041415706
 7  4   0.0105300943  -0.0734214274  -0.0273736135   0.0051642769  -0.0020222357
 7  5  -0.0641391514   0.0802443461   0.1456795293  -0.0416421313   0.0774851647
 7  6  -0.2414024759  -0.1188702876   0.0014272587  -0.0142176026  -0.0017602110
 7  7   0.0115141936  -0.0816910075  -0.0038186665  -0.0210663830  -0.0067645909
 7  8  -0.0181672564   0.1683718210   0.0247086535  -0.0469767110  -0.0130925088
 7  9  -0.0048891103   0.0568181288  -0.0110392580  -0.0163085084   0.0065258778
 7 10  -0.0354998606  -0.0590433343   0.0241816279   0.0692750105  -0.0395929121
 7 11   0.0299433988   0.0245314221  -0.1470574242  -0.0030815500  -0.0550834385
 7 12   0.0079920071   0.0776648149  -0.0218993402  -0.1373816612  -0.0047673676
 7 13   0.1669094156  -0.0049072742  -0.1585680607   0.0000116879  -0.0000035359
 7 14   0.0000364142   0.0000671906  -0.0141931261  -0.0194085811   0.0670309411
 7 15   0.0002043864   0.0000030357  -0.0000014873  -0.0002487332  -0.0000850514
 8  1   0.0956078046  -0.0749603923  -0.1253187513   0.1650637450  -0.0454018678
 8  2   0.0324500733  -0.0185095746  -0.0620911315  -0.0336318227  -0.0183970514
 8  3   0.0020889717   0.0230236431   0.0103309965  -0.0022937181   0.0042139243
 8  4   0.0031893956  -0.1492686116  -0.0550133099   0.0021537287  -0.1333359025
 8  5   0.0244590218   0.1206993418  -0.0164357101  -0.0014443978   0.0063075206
 8  6  -0.0274307677  -0.0097160064   0.0114979132   0.1150394431   0.0010452233
 8  7   0.0019341694  -0.0205432797  -0.0026395536  -0.0357751997  -0.0016281589
 8  8  -0.0195874125   0.2304360545   0.0506772538  -0.0803844438  -0.0335993750
 8  9  -0.0203982747  -0.0392719474   0.0018201574  -0.0422872365   0.0156760096
 8 10  -0.0199292354   0.0173604926   0.0547832067  -0.0084403812   0.0325645153
 8 11  -0.0652441086  -0.0449782778   0.1536117247   0.0048991802   0.0966631948
 8 12   0.0061474009   0.0274838545   0.0041504825   0.0484884229  -0.0914202248
 8 13  -0.2752262490  -0.0010792956   0.0220377246   0.0000219215   0.0000235609
 8 14   0.0000032232  -0.0000100226  -0.0130273770  -0.0158968136   0.0460273287
 8 15  -0.0001812364   0.0000250293   0.0000311786   0.0002331158   0.0005362790
 9  1   0.1509604201   0.2191195149  -0.1086572831  -0.1040460534   0.0306542294
 9  2   0.0125367411   0.0163819291  -0.1713320831   0.1132643510  -0.0878460536
 9  3   0.1155628091  -0.0637527754  -0.0585386918   0.0107278155  -0.0634984430
 9  4   0.1371193002  -0.0340361289   0.0335447171   0.1920430184   0.0047200066
 9  5   0.0000320051   0.0004430306   0.0250810680   0.1736809032   0.0570827042
 9  6   0.0434706273  -0.0318000372  -0.0455121585   0.0171464884  -0.0987449513
 9  7   0.0103895722   0.0058765917  -0.0915154924   0.0152635948   0.0016819342
 9  8  -0.0010936423  -0.0001386307   0.0004426453   0.0006388365  -0.0001751167
 9  9   0.0002263155  -0.0012076410  -0.0001951342   0.0000563234  -0.0001473578
 9 10   0.0006664104   0.0010249811  -0.0002884713  -0.0012313074   0.0008390633
 9 11  -0.0008507395  -0.0007977871   0.0034553461   0.0000277167   0.0016591925
 9 12  -0.0000076654  -0.0008706116   0.0003856030   0.0027703699  -0.0005658481
 9 13  -0.0047227025   0.0000245409   0.0030571284  -0.0000030998   0.0000060145
 9 14  -0.0000009466  -0.0000098558   0.0002349001   0.0002752902  -0.0010374906
 9 15   0.0000003567   0.0000062817  -0.0000025427  -0.0000024459   0.0000061240
10  1  -0.2052652477   0.1055292714  -0.0343361428   0.0044636772   0.1101132143
10  2   0.0058167977   0.0065319632  -0.0159410728   0.0151394008   0.0080042230
10  3  -0.0171475783   0.0008009604   0.0091925913   0.0000350268   0.0042649132
10  4   0.0113677188  -0.0034996010  -0.0082621520  -0.0036340823  -0.0001374557
10  5  -0.0608908512  -0.0564129627   0.1759871372  -0.0506847956   0.0687450039
10  6  -0.1883473173  -0.0850437329   0.0068694553   0.0452044946  -0.0025100416
10  7   0.0057636033  -0.0578394056  -0.0003623162  -0.0077670165  -0.0013288995
10  8   0.0010206484  -0.0303385781  -0.0065826136   0.0252747316   0.0008864711
10  9   0.0040402521  -0.0613035863   0.0117316627  -0.0049949192   0.0047608439
10 10   0.0308530054   0.0495105093  -0.0245610360  -0.0701020141   0.0149309812
10 11   0.0112626981   0.0535017128   0.2015752834  -0.0027114257   0.0149855944
10 12  -0.0217531025  -0.1755360715   0.0053592280   0.0093268755   0.1295344514
10 13  -0.0645429811   0.0122746094   0.3044974797   0.0000165717  -0.0000000376
10 14  -0.0000172978  -0.0000226635  -0.0054100377  -0.0058970671  -0.0071457091
10 15  -0.0003699933   0.0000078176   0.0000225020   0.0001755535  -0.0000258117
11  1   0.0204518048  -0.0389038021  -0.1343539622   0.1218938720  -0.0675658031
11  2   0.0297014053   0.0056268920  -0.0437093658  -0.0044465803   0.0093941415
11  3  -0.0342296306  -0.0219780974   0.0046704449  -0.0007926975   0.0058108700
11  4   0.0045710868  -0.0960231249  -0.0247615044   0.0016879277  -0.0407635468
11  5   0.0107778387  -0.1474409616   0.0512288975  -0.0066905409  -0.0132690549
11  6   0.1334970195   0.0943154142   0.0352965856   0.4005172235   0.0000002289
11  7  -0.0117119914   0.0267550760  -0.0037250834  -0.0179552179  -0.0061821539
11  8  -0.0095532820  -0.0046203634  -0.0355023420   0.0783776075   0.0569221110
11  9   0.0233109220   0.0415039662   0.0015932242  -0.0489496093   0.0031720018
11 10   0.0645514485  -0.0461611946   0.0385419525   0.0142000734  -0.0228819754
11 11   0.0315733035   0.0536660662   0.0135274068  -0.0035109432  -0.0304029446
11 12   0.0024114564   0.0377010077  -0.0098450565  -0.0725664874   0.0828342359
11 13   0.1460055754   0.0040567036   0.0612221734   0.0000369997   0.0000573111
11 14   0.0000440391   0.0000066567   0.0519385280   0.0599675785   0.0347884197
11 15  -0.0005385772   0.0000140207   0.0000254075  -0.0001274906  -0.0001135538
12  1   0.1531082038   0.2691396853  -0.0048286180  -0.0047667773   0.0030914068
12  2   0.0235933626   0.0842390814  -0.1655920027   0.1118992162  -0.1132161925
12  3   0.0297142024  -0.0114994215  -0.0284762750   0.0053818096   0.0310525592
12  4  -0.0847233475   0.0417226915  -0.0751732856  -0.2782691275  -0.0112497354
12  5  -0.0141868346  -0.0076243710  -0.0381058268  -0.1702696759  -0.0575426914
12  6  -0.0271256426   0.0239718952  -0.0154241433   0.0065070535  -0.1106868249
12  7   0.0084487540  -0.0006473304   0.0606448881  -0.0107502849  -0.0000584060
12  8  -0.0005556721  -0.0000088639  -0.0008160088  -0.0000887449   0.0001662419
12  9  -0.0000915367   0.0013252832   0.0000766505  -0.0000861402  -0.0003704497
12 10   0.0000326302  -0.0008467006   0.0005240872   0.0010320032  -0.0002335361
12 11  -0.0001723588  -0.0007275442  -0.0034614643   0.0000381204  -0.0003341263
12 12   0.0004156827   0.0033583637  -0.0000387252  -0.0001357188  -0.0022524731
12 13   0.0017203209  -0.0002592807  -0.0056363573   0.0000042887  -0.0000118470
12 14  -0.0000048944   0.0000016041   0.0003802608   0.0004364827   0.0002961022
12 15  -0.0000002860  -0.0000056167  -0.0000098271  -0.0000277709  -0.0000005817
13  1  -0.1546132310   0.0798102900  -0.0276164061   0.0350402495   0.1250096625
13  2   0.0065097016  -0.0113273663  -0.0264660496  -0.0071765150  -0.0106380395
13  3   0.0056924302   0.0307559703   0.0157090655  -0.0008189227   0.0005256263
13  4   0.0099659826   0.0153132841  -0.0112714686   0.0058493325  -0.1566935600
13  5   0.0232244184  -0.0425112604   0.0450261934  -0.0114925886   0.0237486241
13  6  -0.0241692553  -0.0103189878   0.0095720224   0.1062425544   0.0012464702
13  7  -0.0092832229   0.0618935057   0.0006103736  -0.0056540590   0.0165519100
13  8   0.0143098810  -0.0185822150  -0.0054043697  -0.0024761111   0.0295444458
13  9  -0.0061805323   0.0042239325  -0.0002436541   0.0115802185  -0.0620918350
13 10   0.1123556247   0.0907068739  -0.1213321628  -0.1189592442   0.0361364321
13 11   0.0241407061  -0.0015070173  -0.0389333049   0.0002120842  -0.0802539548
13 12   0.0079446167   0.0635332843   0.0297974036   0.1916409112  -0.1450052415
13 13  -0.0521905569  -0.0124423671  -0.2896303458  -0.0000516561  -0.0000811803
13 14  -0.0000724815   0.0000583560  -0.0021314554  -0.0026038127  -0.0021947479
13 15   0.0018429218  -0.0000153484  -0.0000093468   0.0023380169   0.0000762963
14  1  -0.0445359433  -0.0075197324  -0.1420835694   0.0845590795  -0.0867661433
14  2   0.0274503019   0.0276372720  -0.0281595736   0.0196449232   0.0310700976
14  3  -0.0594809272  -0.0570330893   0.0016544559   0.0004309519   0.0103084030
14  4   0.0039645760  -0.0829459008  -0.0099419612  -0.0016748361   0.1213255561
14  5  -0.0548294807  -0.1540834758   0.0952502909  -0.0188245234   0.0001316364
14  6   0.0680322724   0.0529748278   0.0043295998   0.0581396737  -0.0006573224
14  7   0.0020703518  -0.0321521698   0.0004352254   0.0180516487  -0.0229730889
14  8  -0.0158759170  -0.0412188461  -0.0140480811  -0.0001583334  -0.0542211672
14  9  -0.0102492403  -0.0354017234  -0.0061918236   0.0197846681   0.0017424993
14 10  -0.1185885479  -0.0473501407  -0.0838321856   0.0603068274  -0.0379722622
14 11   0.0395819880  -0.0278385243  -0.2100643805   0.0011929103   0.0288353029
14 12  -0.0175787904  -0.1670340948   0.0033505634   0.0301999578  -0.1072662371
14 13  -0.2463078080  -0.0088618934  -0.1428562804  -0.0000290145   0.0001009375
14 14   0.0000650724  -0.0002041985  -0.0015335484  -0.0007289545  -0.0011467428
14 15   0.0002202824   0.0000004886  -0.0000245292   0.0001390054  -0.0000235099
15  1   0.1071004963   0.2163205563   0.0311685958   0.0569354271  -0.0145852429
15  2  -0.0413260491   0.0596670089  -0.0085509564   0.0019448260  -0.0974683313
15  3  -0.1023160400   0.0318371747   0.0948683957   0.0192526581   0.0766224051
15  4  -0.1720948595   0.0285834980  -0.0047426258   0.1377935812   0.0068887996
15  5   0.0150335035  -0.0000202210  -0.0368264338   0.0051424079   0.2670190978
15  6   0.2126085432  -0.1321575097  -0.0019605088  -0.0023871529   0.0526103420
15  7  -0.0475989838  -0.0184941005   0.0351030882  -0.0036242926   0.0028819500
15  8   0.0002740132  -0.0002474784  -0.0004644552  -0.0016359493   0.0002989822
15  9  -0.0003383794  -0.0011919109  -0.0005133514  -0.0005098521   0.0023814011
15 10  -0.0050280264  -0.0034441903   0.0048953176   0.0045427599  -0.0016745608
15 11   0.0004482509   0.0014091505   0.0001550024  -0.0001092442   0.0000069360
15 12  -0.0004866696  -0.0043043701  -0.0003437921  -0.0032744274   0.0023460494
15 13  -0.0015752941   0.0004373042   0.0049129011   0.0000142527   0.0000010660
15 14   0.0000027061   0.0000237740   0.0000394255   0.0000559012   0.0000509594
15 15  -0.0000606138   0.0000121826   0.0000208207   0.0001081993  -0.0000005378
16  1  -0.0720241124   0.0378324241  -0.0196148353   0.0813746468   0.1499963986
16  2   0.0083292216  -0.0418595953  -0.0369754090  -0.0253416934  -0.0282949496
16  3   0.0196449727   0.0262967268   0.0043547990  -0.0000867279   0.0002561072
16  4  -0.0124586539  -0.0526454559  -0.0035677942   0.0008846477   0.0171785936
16  5   0.0518939687  -0.0901801805  -0.0832101039   0.0258912895  -0.0390380764
16  6   0.0503418993   0.0158322059   0.0050312062   0.0137699821  -0.0000978258
16  7   0.0143486806  -0.1525178833  -0.0023064789   0.0102413288   0.0021678917
16  8   0.0191723506  -0.1017295553   0.0488055476  -0.1119282039  -0.0065166953
16  9  -0.0485717684   0.0409543912  -0.0204110753   0.0401456040  -0.0311619132
16 10   0.0264828487   0.0037765335   0.0336433587  -0.0815303589   0.0684000613
16 11  -0.0027451072  -0.0549207434  -0.1487469668  -0.0058507692  -0.1609454065
16 12   0.0055452665   0.0463005282  -0.0278439577  -0.1913633527  -0.0578630671
16 13  -0.1910962235   0.0087706865   0.2228831604   0.0000820895  -0.0003960339
16 14  -0.0001691875   0.0000014707   0.0026219032  -0.0018733509   0.0000659250
16 15   0.0010451941  -0.0000556406  -0.0000175715  -0.0005194181  -0.0000014341
17  1  -0.0349010042  -0.0110896709  -0.1404997868   0.0900647814  -0.0841041814
17  2   0.0284455433   0.0245731730  -0.0284041586   0.0208559251   0.0325023507
17  3  -0.0578242240  -0.0640348696   0.0011454731   0.0006398845   0.0116342215
17  4  -0.0015464164  -0.0834635657  -0.0027679483  -0.0026182078   0.1372264372
17  5  -0.0471146454  -0.1223941507   0.0569898017  -0.0098157692  -0.0001341471
17  6   0.0339100263   0.0154772272  -0.0077623973  -0.0631768141  -0.0002104920
17  7  -0.0038515660   0.0781868259   0.0035233070   0.0151337703   0.0274169678
17  8   0.0374063791  -0.0721556983   0.0840129887  -0.1552099760  -0.0380022061
17  9  -0.0592871733   0.0138385887  -0.0208008818   0.0053337560  -0.0270756961
17 10  -0.0925767841   0.0324739357  -0.0624978413   0.0089521126   0.0154222085
17 11  -0.0839851493  -0.0080089293   0.2229163202   0.0001740139  -0.0711972401
17 12   0.0095782211   0.1162088336   0.0094927773   0.0594011087  -0.0547636787
17 13   0.2394622955   0.0018431998   0.0367900574   0.0000978696  -0.0000085066
17 14  -0.0000893186  -0.0000938960  -0.0008670383   0.0000954307  -0.0002219202
17 15   0.0004650902   0.0000918534   0.0000743818  -0.0010304439  -0.0001278562
18  1   0.0595986019   0.1153251226  -0.0347480794   0.0208309413  -0.0051007282
18  2  -0.1161952654  -0.0230214236   0.1010345363  -0.0305188626  -0.2224871955
18  3  -0.0919127223  -0.0188783359   0.0783037143   0.0223865515   0.0134747239
18  4  -0.0689263419   0.0351236025  -0.1130898915   0.1297258652  -0.0157559823
18  5  -0.0956750799  -0.0650304386  -0.0910051422   0.0400949229  -0.0919118486
18  6  -0.3183581125   0.2556378895   0.0179923911  -0.0113397564  -0.0081941726
18  7  -0.0081488362   0.0097071729  -0.0553551491   0.0158134048  -0.0046298582
18  8   0.0001870526   0.0029417031   0.0042795844   0.0053049001   0.0003814688
18  9   0.0036420170  -0.0013353451  -0.0023844153  -0.0011110700   0.0024056082
18 10   0.0002201647   0.0012142942  -0.0022182353   0.0022714221  -0.0020750778
18 11  -0.0005248909   0.0006115300   0.0055811936   0.0006260984   0.0035912495
18 12  -0.0007028035   0.0006571110   0.0004108896   0.0043841134   0.0016548488
18 13   0.0057489634  -0.0003780590  -0.0042381513   0.0000310188   0.0001360954
18 14   0.0000179983  -0.0002259223  -0.0000026063   0.0000179054  -0.0000123028
18 15  -0.0000119173   0.0000811323   0.0000553684   0.0000345826   0.0000016123
19  1  -0.1707341484   0.0880276454  -0.0275450977   0.0279421393   0.1197467586
19  2   0.0057733559  -0.0043902070  -0.0257079074  -0.0089164558  -0.0049471463
19  3   0.0022842671   0.0493891151   0.0102225693  -0.0016506228  -0.0055814542
19  4   0.0232206232   0.0645505387  -0.0085951326   0.0051361902  -0.2367021043
19  5   0.0414439352  -0.0072014047  -0.0021787191   0.0031203125  -0.0106214953
19  6   0.0645382635   0.0432588227  -0.0034253673   0.0036669344  -0.0009673524
19  7  -0.0202473418   0.2036423780   0.0029780940   0.0085589326   0.0279195792
19  8   0.0296828291  -0.0702044053   0.0277731243  -0.0315155181   0.0218513940
19  9  -0.0251552926  -0.0349822128  -0.0052806281   0.0001531980  -0.0019111152
19 10  -0.0776265365  -0.0346324430  -0.0510879323   0.0521329779  -0.0152601106
19 11  -0.0152322324  -0.0688789392  -0.0624975757   0.0082416598   0.1948368357
19 12   0.0057125521   0.0126051970  -0.0233758110  -0.1153117598   0.0174994036
19 13   0.0624197811   0.0041060179   0.0891108018   0.0000535578   0.0001489990
19 14   0.0001272815  -0.0001090127   0.0000006292   0.0001457650   0.0003150704
19 15   0.0016918171  -0.0000021492   0.0000035148  -0.0307451345  -0.0001958529
20  1  -0.1249456967   0.0308707331  -0.1518258373   0.0383765111  -0.1104476193
20  2   0.0243954838   0.0555037417  -0.0190129191   0.0290414308   0.0337175291
20  3  -0.0394281547  -0.0380401249   0.0305989556  -0.0009142966   0.0061791491
20  4   0.0261302769   0.0654621232   0.0036436150   0.0014578615  -0.0070145049
20  5  -0.0572422123   0.0215856099   0.0064683642   0.0035450175  -0.0292866251
20  6   0.1455516434   0.0809533157  -0.0205877970  -0.1802961261   0.0021658856
20  7   0.0158689334  -0.1648537813  -0.0018252702  -0.0054981837  -0.0602699842
20  8  -0.0680433036   0.0994608417  -0.0026875353   0.0551865832   0.1113622692
20  9  -0.0176295501  -0.0223742635  -0.0038264316  -0.0093449156   0.0020535458
20 10   0.0091945651  -0.0597213079  -0.0573823113  -0.0949858652   0.0419270946
20 11   0.0362508903  -0.0480475439   0.0271351169  -0.0016851847   0.0679819013
20 12   0.0042429213   0.0776994227  -0.0045527960  -0.0328642331   0.0599792166
20 13   0.0280927688   0.0018403980   0.0060222313   0.0001361237   0.0002414135
20 14   0.0001071230   0.0001005968   0.0001485318   0.0001136814   0.0002406752
20 15   0.0010203013   0.0000295476   0.0000204562   0.0678645840   0.0001107371
21  1   0.0976812575   0.2462613874   0.1289607035   0.1571196951  -0.0425330234
21  2  -0.0477387722   0.1052374424  -0.0102823674  -0.0621233658   0.1991793737
21  3  -0.1996315590   0.1608543045  -0.0706456421  -0.0009821206  -0.0069360873
21  4   0.0206045622  -0.0219997977   0.0795223212   0.0541324976   0.0196391754
21  5   0.0574732168   0.0446908725   0.0899786454   0.0573963766  -0.1521621649
21  6  -0.0345091607   0.0109661003   0.0161088560  -0.0120512278  -0.0170897225
21  7   0.0080174448  -0.0066938797  -0.0003721880  -0.0011620107  -0.0007510553
21  8  -0.0005196833   0.0044945970  -0.0002498505   0.0018052448   0.0000980914
21  9   0.0013090315   0.0014053075  -0.0005803719   0.0003643926  -0.0007273583
21 10   0.0028585982   0.0003983328   0.0005625354  -0.0020706599   0.0012663891
21 11   0.0005174514   0.0006877933   0.0025182884  -0.0000994593  -0.0086381623
21 12   0.0002781228   0.0017191803   0.0007499516   0.0034314362   0.0016633332
21 13  -0.0019965455  -0.0002848527  -0.0024434387  -0.0000363882   0.0000132802
21 14  -0.0000140532   0.0000268323   0.0000002354   0.0000072862  -0.0000002362
21 15  -0.0002031018   0.0000093446   0.0000013282   0.0060420145   0.0000088846
22  1  -0.0386632446   0.0209228243  -0.0131296141   0.1039672608   0.1593213401
22  2   0.0083049161  -0.0549780186  -0.0375362302  -0.0258241329  -0.0187117284
22  3   0.0043511085  -0.0088944620  -0.0156488518   0.0008497839   0.0017028750
22  4  -0.0269079322  -0.1165402167  -0.0024441159  -0.0035907714   0.0565745515
22  5   0.0850688421  -0.2220584229  -0.0676215360   0.0259944475  -0.0403173142
22  6   0.0421414915  -0.0158681220  -0.0091234179  -0.1477569090  -0.0010085944
22  7   0.0077636163  -0.0292351944   0.0028513048   0.0125490897   0.0095336378
22  8   0.0100096689   0.0565683591   0.0559693364  -0.0423666085   0.0142859170
22  9   0.0160879717   0.0162762731   0.0187705672  -0.0021729638   0.0899181790
22 10   0.0079046375   0.0519015358   0.0900679037  -0.0699334895  -0.0168516541
22 11   0.1032017822   0.1140977934  -0.0496796589   0.0037892509   0.1853900476
22 12   0.0098766074  -0.0246618489   0.0032089404   0.0974852185  -0.0968609989
22 13   0.1151554807   0.0009666541  -0.0139112623  -0.0004273599  -0.0000873890
22 14   0.0000278966   0.0012599013   0.0000175107   0.0000705262  -0.0001673508
22 15   0.0029644459  -0.0000016137   0.0000163378   0.0010698743   0.0000408959
23  1  -0.1137129619   0.0250938849  -0.1506322432   0.0448391888  -0.1070688943
23  2   0.0245693845   0.0503831096  -0.0180470549   0.0279515351   0.0325585983
23  3  -0.0444390976  -0.0346576506   0.0122443973  -0.0000795175   0.0005676926
23  4   0.0131393296   0.0734918581   0.0177974130  -0.0005360925   0.0371969450
23  5   0.0010848299   0.0145799250  -0.0957678783   0.0247328084  -0.0251021405
23  6  -0.0199793184  -0.0428858662   0.0065380489   0.0215581775  -0.0003204881
23  7   0.0069535357  -0.0574035485  -0.0024285162  -0.0229057092   0.0454532338
23  8   0.0578838993  -0.0226618225   0.0291253830  -0.0870685976   0.0059021483
23  9  -0.0014834859   0.0197658927   0.0099299477   0.0185838527  -0.0349310895
23 10   0.0435262357   0.1692412263   0.0337403456   0.0771349367  -0.0353178780
23 11  -0.0177232799   0.0295575415  -0.0935825150   0.0035709916   0.0700607092
23 12   0.0082987565   0.0376567472   0.0069795542   0.0258078427   0.4082694055
23 13  -0.1293642526  -0.0050024432  -0.1079514550   0.0000607138  -0.0008940652
23 14  -0.0007190050  -0.0005483718   0.0001539862  -0.0001447228   0.0000796045
23 15  -0.0050808572  -0.0000259006  -0.0001197312  -0.0009190327   0.0000347568
24  1   0.0207257786   0.0847935855   0.0269423910   0.1032472163  -0.0284510449
24  2  -0.1686678483  -0.0421679236   0.1250745101  -0.0659900089  -0.0657958829
24  3   0.0568380335  -0.0956305901  -0.0038479998   0.0031543959  -0.0515265585
24  4   0.0119969626   0.0553278224  -0.1968726190   0.0241455556  -0.0251334177
24  5  -0.0917380283  -0.0268927256   0.0617315905   0.0351639231  -0.1857904103
24  6   0.1938538924  -0.2631212479   0.0662375873  -0.0208052998  -0.0113341084
24  7   0.0171020025   0.0073714792   0.0153590145  -0.0324046154   0.0371851483
24  8  -0.0037051015   0.0057231354  -0.0370960449  -0.0071096919   0.0011911655
24  9  -0.0118218423   0.0018934802   0.0393744042  -0.0014968204  -0.0073526203
24 10  -0.0088486440  -0.0171498215  -0.0049414955  -0.0088954435   0.0017291770
24 11  -0.0177676355   0.0058183301  -0.0069291438  -0.0048473460  -0.0048102437
24 12   0.0089292250  -0.0015853088  -0.0017603105  -0.0017626886   0.0060548932
24 13  -0.0042976479  -0.0007291729   0.0000835700  -0.0001294787  -0.0004617074
24 14  -0.0001058961   0.0000966321  -0.0000301819   0.0000143607   0.0000139138
24 15  -0.0001191004   0.0000087514  -0.0000801256   0.0000113604  -0.0000040901
25  1  -0.1010105238   0.0526325476  -0.0177639668   0.0706645278   0.1401266033
25  2   0.0066031549  -0.0302452665  -0.0342869664  -0.0225450922  -0.0089386349
25  3   0.0180511624   0.0191741752   0.0067671783  -0.0016207753   0.0001474532
25  4   0.0033461619  -0.0604173179  -0.0126688538  -0.0037831531  -0.0827460626
25  5   0.0619454398  -0.1614801577  -0.0146209645   0.0071835561  -0.0198533847
25  6   0.1086504922   0.0635620650  -0.0265795556  -0.1877507854   0.0019030069
25  7  -0.0035202330   0.0690998056   0.0104457083   0.0900107981  -0.0504892520
25  8  -0.0611591694   0.1228954993  -0.1414124126   0.0565304680  -0.0773373242
25  9   0.0194585082   0.0060604469  -0.0026634149  -0.0120958162  -0.0451668268
25 10  -0.0078375770   0.0052298023   0.0355483652   0.0856645004  -0.0141011748
25 11  -0.0518051613   0.0020345202   0.0910610892  -0.0066209472  -0.1295914918
25 12  -0.0084069849   0.0051573834   0.0102432833   0.0158488610   0.1499951936
25 13  -0.0549712819  -0.0019823074  -0.0335508259  -0.0000463084  -0.0002520527
25 14  -0.0000335192  -0.0004831227  -0.0003157588   0.0001015105   0.0000122656
25 15  -0.0895485131   0.0000120322  -0.0000119603  -0.0027403504  -0.0000288286
26  1  -0.1665165549   0.0490225021  -0.1575479420   0.0145468316  -0.1224015670
26  2   0.0217804804   0.0690372999  -0.0142911253   0.0319632933   0.0331165610
26  3  -0.0419925911  -0.0089068921   0.0290441861  -0.0014659984  -0.0015441328
26  4   0.0426956743   0.1430687312  -0.0001707279   0.0049123515  -0.1097094829
26  5  -0.0488659763   0.1038684148  -0.0330646113   0.0085157836  -0.0268235092
26  6   0.1165231904   0.0598259459  -0.0059279061  -0.0562260434   0.0006605902
26  7   0.0051079335  -0.0585243977  -0.0036688049  -0.0303269203  -0.0028260075
26  8  -0.0045057687  -0.0067712606   0.0090519868   0.0167324034  -0.0830355379
26  9   0.0396597810   0.0418495647   0.0086692590  -0.0035224716   0.0047879345
26 10   0.0840049208   0.0925039114   0.0678028319   0.0703850344  -0.0386181104
26 11  -0.0598745570   0.0620312182  -0.0291650533   0.0073445432  -0.0348772543
26 12   0.0029033646  -0.0970628965  -0.0096065984  -0.0110134397  -0.3277464895
26 13   0.0942194347   0.0027089108   0.1043788417  -0.0000367506  -0.0004119317
26 14  -0.0002232677   0.0002648126   0.0002427573   0.0001248079  -0.0001825588
26 15   0.0011015601   0.0000031575   0.0000063692  -0.0017469962   0.0000854985
27  1   0.0457484104   0.1668137922   0.1256055851   0.1841764177  -0.0506508020
27  2  -0.1243650285   0.0330433296   0.0636288299  -0.1004746408   0.2104782398
27  3   0.0908497022  -0.0754509276   0.0351608171  -0.0183696173  -0.0527216423
27  4   0.1463987930  -0.0180010630  -0.0379606946  -0.0697755373  -0.0110116245
27  5  -0.0893592860  -0.0613833521  -0.1390583737  -0.0516444241   0.1337148858
27  6  -0.0648182395   0.0368017425  -0.1543726103   0.0678311888   0.0485170737
27  7  -0.0093632644  -0.0070247150   0.0053955793   0.0067415237  -0.0062400475
27  8   0.0029528822  -0.0053174777   0.0053423943  -0.0006687101  -0.0009026898
27  9   0.0011523659   0.0001084651  -0.0033492724   0.0003363502   0.0004436563
27 10   0.0009144751   0.0015957684  -0.0011305584  -0.0037699639   0.0007496977
27 11   0.0031247348  -0.0007478921  -0.0033431280   0.0009272000   0.0097275820
27 12   0.0000843880   0.0000003797  -0.0010145565  -0.0020989130  -0.0072147639
27 13   0.0039297429   0.0004379530   0.0026814771  -0.0000578498   0.0000316074
27 14   0.0001085450   0.0001930801   0.0000146935  -0.0000005731  -0.0000007758
27 15   0.0043914455   0.0000017012  -0.0000040209   0.0002685243   0.0000015751
28  1  -0.0631960354   0.0332803074  -0.0232757945   0.0809457938   0.1537336866
28  2   0.0095778198  -0.0472425172  -0.0471220614  -0.0402077949  -0.0325194404
28  3   0.0434365334   0.0706380436   0.0107179617  -0.0025553379  -0.0055871575
28  4   0.0006787805   0.0810187845   0.0231877304  -0.0048439956   0.2360236267
28  5  -0.0993628223   0.1345434450  -0.0246817198   0.0083247261  -0.0209597670
28  6   0.1230151051   0.0769256097   0.0043945825   0.0991753417  -0.0002479732
28  7  -0.0153397823   0.1465471682   0.0010589685  -0.0073954396   0.0060926558
28  8  -0.0106306686   0.1158830832  -0.0121558769   0.0256821195   0.0172818143
28  9   0.0179310217  -0.0154424934   0.0130413176   0.1073205845   0.0297209374
28 10  -0.0395472580   0.0785196887   0.0033128191  -0.0341372493   0.0138094519
28 11   0.0014852732   0.0152484297   0.0313498434  -0.0019135238  -0.0158390669
28 12  -0.0017453786  -0.0117956443  -0.0098598902  -0.0642326763  -0.0084008494
28 13  -0.0025712753  -0.0004617588  -0.0361833949   0.0000198767   0.0000599858
28 14   0.0000704127  -0.0000001644   0.0004181466  -0.0003295155  -0.0002716312
28 15  -0.0000372013  -0.0000308243   0.0000070361   0.0001032467   0.0010833443
29  1   0.1834786669  -0.1158036330  -0.1142240199   0.2155013389  -0.0197121643
29  2   0.0364659843  -0.0505429862  -0.0915615092  -0.0747863161  -0.0635246736
29  3   0.0587044881   0.1011718885   0.0191246954  -0.0002547063  -0.0156322797
29  4   0.0260678305   0.2783428355   0.0582363845  -0.0003470785  -0.0235891336
29  5  -0.0162295263  -0.1177989023   0.0836269466  -0.0212025869   0.0308179849
29  6  -0.0907504353  -0.0469085015  -0.0047535877  -0.0661926617   0.0001318443
29  7   0.0039340678  -0.0277019997   0.0004388660   0.0055154906  -0.0001607834
29  8   0.0034765215  -0.0321651194   0.0013762891  -0.0053876752  -0.0045676884
29  9  -0.0049586366   0.0006981917  -0.0033887398   0.0184115816  -0.0115840382
29 10   0.0231699941  -0.0387496490  -0.0126915454   0.0233238428  -0.0246011041
29 11   0.0142797660   0.0346856260   0.0244620992  -0.0004867297   0.0102332577
29 12   0.0043855387   0.0345562580  -0.0048220644  -0.0235541290  -0.0175428092
29 13  -0.0367340593  -0.0007245599  -0.0105949159  -0.0000016290   0.0000051909
29 14   0.0000048434  -0.0000067382   0.0000296213  -0.0000305412   0.0003503796
29 15  -0.0000342684  -0.0000219575  -0.0000055449   0.0001251573  -0.0620046128
30  1   0.1062542152   0.0762220570  -0.2768506455  -0.2408118613   0.0681426542
30  2  -0.0660013018  -0.1358792674  -0.0148918494  -0.0955793610   0.2833980920
30  3   0.0144857064   0.0219965467  -0.0028637303  -0.0632975680   0.0379180521
30  4  -0.1126436532   0.0390098098  -0.0650613099  -0.0167413747  -0.0116118102
30  5  -0.0171708481  -0.0124954261   0.0017660399   0.0598293600   0.0104108032
30  6  -0.0155628466   0.0080232374  -0.0059512574   0.0009291313  -0.0135771186
30  7   0.0211547934   0.0026672781  -0.0030467600  -0.0001355708  -0.0018578106
30  8   0.0008610564  -0.0029344363   0.0002780153  -0.0003614787  -0.0003459479
30  9  -0.0002696125   0.0002813161  -0.0001234989  -0.0016430419  -0.0006486622
30 10   0.0010133384  -0.0019280071  -0.0003622173   0.0010100373  -0.0006228786
30 11   0.0001672160   0.0002713200   0.0000149411   0.0001542452   0.0004869385
30 12   0.0000980699   0.0007462642   0.0001352038   0.0008462044  -0.0000967493
30 13  -0.0005707804  -0.0000555401   0.0006064893   0.0000047547   0.0000013475
30 14   0.0000002535  -0.0000046299  -0.0000242356   0.0000190483   0.0000083120
30 15   0.0000011475   0.0000059097   0.0000007424   0.0000025030  -0.0010640474
31  1  -0.2255701131   0.1159759787  -0.0275344399   0.0035212907   0.1018995328
31  2   0.0033227720   0.0141082982  -0.0197473751  -0.0085744571   0.0097154129
31  3   0.0687263839   0.0299479073   0.0712289455  -0.0056706033   0.0000977936
31  4   0.0479751256   0.1824669631   0.0264723149  -0.0052864669  -0.3690559812
31  5   0.0643208326   0.1444392988  -0.0854333660   0.0310699079  -0.0630546121
31  6   0.0847828895   0.0632829651  -0.0172431008  -0.0091297163  -0.0011297718
31  7  -0.0225694226   0.2384452202  -0.0059736553  -0.0594601349   0.0851727648
31  8   0.1023330449  -0.1832911183   0.2891545162  -0.1886786517   0.4681765857
31  9  -0.1686913106  -0.1399174948  -0.0001319563  -0.0260685033   0.2001837764
31 10  -0.3196906645  -0.2887365093   0.3446941239   0.2102035529  -0.1007793220
31 11   0.0551636743   0.2472400971   0.1479436543  -0.0384646453  -0.6658746115
31 12  -0.0566326856  -0.2603514018   0.0699497116   0.3104495714   0.0467446149
31 13  -0.2795406819  -0.0135407424  -0.2347211143  -0.0000401739  -0.0000319176
31 14  -0.0001854155  -0.0002792239   0.0013163743   0.0025190506   0.0012468317
31 15  -0.0127799294   0.0002080370   0.0000190703   0.4118594792   0.0007080793
32  1  -0.1524630233   0.0367777871  -0.1580828360   0.0227689673  -0.1173189979
32  2   0.0189335413   0.0623826168  -0.0112594761   0.0299286306   0.0345461508
32  3  -0.0890558591   0.0158882681  -0.0213045183  -0.0003773684  -0.0193660661
32  4   0.0496744083   0.1281189249  -0.0245861852   0.0038132067  -0.0695321027
32  5  -0.0743214157   0.0752008722  -0.0605635829   0.0026255625  -0.0156832864
32  6   0.1636711107   0.0869831538  -0.0295667447  -0.1884804554   0.0032442914
32  7   0.0144095741  -0.1603765027  -0.0049702398  -0.0385255852  -0.0365245705
32  8  -0.0391181934   0.0532813968   0.1170594152  -0.0129332174   0.3247905416
32  9  -0.0847034217  -0.0711856157  -0.0004392209  -0.0221276662   0.0958288566
32 10  -0.0982707995  -0.1806343608   0.1172841596  -0.0389220889   0.0078649107
32 11   0.0766661356   0.0963782759   0.1259436724  -0.0238468101  -0.3226961620
32 12  -0.0243136534  -0.0429361524   0.0393155438   0.1690172535   0.0730532916
32 13  -0.1329594327  -0.0064356621  -0.1578004678   0.0005824864   0.0011612773
32 14   0.0007918891   0.0004504749   0.0000750724  -0.0005044307  -0.0005366337
32 15   0.0114011367  -0.0004430786  -0.0000005162  -0.9038577514  -0.0017760315
33  1   0.1241937043   0.3144554531   0.1919873055   0.2026742130  -0.0548857135
33  2  -0.0039559129   0.1181463801  -0.0604852332  -0.0689178873   0.2527983582
33  3   0.6368409868  -0.5024753526   0.7643457073  -0.0253491897   0.2892805130
33  4  -0.1072019591  -0.1165328939   0.5313887992  -0.0187671051   0.0527745545
33  5   0.3206655579   0.2049085373   0.4062429931   0.1917588261  -0.5252248090
33  6  -0.1165728022   0.0458204405   0.0385012926   0.0180457182  -0.0225511595
33  7   0.0176463512   0.0246007110  -0.0129325300   0.0000603022   0.0028466229
33  8   0.0153187050  -0.0068863734   0.0074271700   0.0094116378  -0.0237246723
33  9   0.0161102452   0.0005081940  -0.0076831203   0.0000661199   0.0032326087
33 10   0.0087586573   0.0144737321  -0.0047388140   0.0056144949  -0.0038083285
33 11   0.0030549195  -0.0060100646  -0.0059025140   0.0031269839   0.0307942628
33 12  -0.0006338765  -0.0059714564  -0.0027073202  -0.0103536687  -0.0118117933
33 13   0.0070323985   0.0010082110   0.0051953211   0.0001611988  -0.0000999306
33 14  -0.0000084783  -0.0000473854  -0.0000174012  -0.0002356479  -0.0001339775
33 15   0.0018670552  -0.0000826325   0.0000040524  -0.0873721233  -0.0001211358
34  1   0.0468975360  -0.0225551852  -0.0041267433   0.1528189135   0.1850386784
34  2   0.0100233970  -0.0974930690  -0.0101435832   0.0506194957   0.0507512927
34  3  -0.1138218746  -0.1989594398  -0.0619004360   0.0073129647   0.0184851498
34  4  -0.0491963573   0.0319684512   0.1068443810  -0.0029144287  -0.0356828249
34  5  -0.0283814802  -0.0260800716  -0.0715096072   0.0180620399  -0.0114968432
34  6  -0.0338306464  -0.0329732099  -0.0081926521  -0.0579602734   0.0013124858
34  7  -0.0061429198   0.0386864199  -0.0175229954  -0.1829462251   0.0309520571
34  8   0.0086035896   0.0278914516   0.0595777721   0.1132810877  -0.0053855461
34  9   0.0625672483  -0.0118710281   0.0005540512  -0.0015471755  -0.0441693122
34 10   0.0046177511  -0.0195722316  -0.0190500703   0.0558118474   0.0361467513
34 11   0.0086507744  -0.0271280494   0.0191913806  -0.0224864744  -0.0332480987
34 12  -0.0227413222  -0.0015033807   0.0015569261  -0.0201491208  -0.0099887709
34 13  -0.0143108581   0.0038327904   0.0071460089  -0.0077856516   0.0159669755
34 14   0.0157333412   0.0873698294  -0.0003502704   0.0004000280  -0.0000125793
34 15  -0.0004372364   0.0002104032  -0.0000424319   0.0000315358  -0.0000015743
35  1  -0.1345637807   0.0360974016  -0.1527345794   0.0328351862  -0.1133884424
35  2   0.0244177366   0.0605068550  -0.0204738876   0.0090367137   0.0162619773
35  3  -0.0104724001   0.0049865143   0.0149337029  -0.0009612515  -0.0098586399
35  4   0.0030672706   0.0563198556   0.0082019131  -0.0038211797   0.0958066790
35  5   0.1022748717  -0.0247075037  -0.2024333240   0.0505130772  -0.0302417667
35  6  -0.1669746558  -0.1678596039   0.0233395085   0.0546453459  -0.0037258968
35  7   0.0014075372   0.0441519590   0.0064445033   0.0447894750   0.0558021350
35  8   0.0553314033   0.0571097810  -0.1042405219   0.0196179268   0.0052249156
35  9   0.0236880373  -0.0148041163  -0.0012556150  -0.0065686423   0.0054846623
35 10  -0.0108115561  -0.0480313405  -0.0036879101   0.0164741730  -0.0068800350
35 11   0.1245103737  -0.1019613728   0.1110512626   0.0160853575  -0.0374598115
35 12  -0.0644583500   0.0035153312   0.0041463855  -0.0171905297  -0.1187701376
35 13   0.0302475991   0.0045227638   0.0240256461   0.0009558804   0.0350248758
35 14   0.0046445287  -0.0243692000   0.0002001159  -0.0002431309  -0.0000166888
35 15   0.0002812688   0.0002371332  -0.0001632213   0.0000793718   0.0000402149
36  1  -0.0358239698  -0.0158442224  -0.0080550973   0.1023602453  -0.0288571407
36  2  -0.2544905995  -0.0768174763   0.0149424022   0.0621922558  -0.0073543706
36  3   0.0366226107  -0.0446661174  -0.0567553461   0.0044610989  -0.0110117056
36  4  -0.0393325178   0.0527020509  -0.0364523079   0.0053286300   0.0177688046
36  5   0.0976325058   0.0829221320   0.1193314861  -0.0356304919   0.0381736373
36  6   0.0679492913   0.0995734481  -0.0071274984  -0.0085677459   0.0004752004
36  7   0.0063874817  -0.0716646829   0.0074773269   0.0873198600   0.0009324854
36  8   0.1537109963   0.0486240746   0.0285486777  -0.0044742730   0.0125605636
36  9   0.1108705554  -0.0211597824  -0.1014458279   0.0013482201  -0.0212492258
36 10   0.0000481199   0.0224620452   0.0113103681   0.0387190701   0.0071548816
36 11   0.0748878596  -0.0420949811   0.0504073969   0.0283163903  -0.0176867949
36 12   0.0589914272  -0.0156371184  -0.0012014258   0.0002841661  -0.0080791692
36 13   0.0031425712   0.0023292882  -0.0006762227  -0.0014913117  -0.0547536650
36 14  -0.0110617995   0.0108129959  -0.0002341820   0.0002318638   0.0000088641
36 15   0.0001287756   0.0000048027  -0.0002426268  -0.0001010490  -0.0000212781
37  1   0.1026356362  -0.0522043367  -0.0903141294   0.0749529125   0.2235282607
37  2   0.0326281322   0.1047596876   0.1314688901   0.0967716687   0.0734062322
37  3  -0.0454354098  -0.0616197918   0.0155393341   0.0003571600  -0.0175470008
37  4   0.0272712289   0.0848069806  -0.0752130497   0.0043604114   0.0401803411
37  5   0.0945757731   0.0524652213   0.0232408343  -0.0086482130   0.0174087826
37  6  -0.0208684899   0.0140679662  -0.0058521653   0.0077042536   0.0009552166
37  7  -0.0098619988   0.0317751610  -0.0085341758  -0.0700203137  -0.0520957607
37  8  -0.0685386218  -0.0532723386  -0.1153779160  -0.1614298999   0.0221298840
37  9   0.0649909982  -0.0093445427  -0.0541135329  -0.0025851261   0.0712029009
37 10   0.0181661861  -0.0052067755  -0.0103912585  -0.0462364657  -0.0558204165
37 11  -0.0316771534  -0.0050538344  -0.0104293845   0.0641955793  -0.0026930228
37 12   0.0003917827   0.0030508201   0.0719144835  -0.0361200106   0.0004004754
37 13  -0.0014668221  -0.0136634468   0.0035999037   0.0569455815  -0.0021022660
37 14   0.0095311369   0.0057453530  -0.0000820301   0.0000703518  -0.0000170796
37 15  -0.0000915144  -0.0029338346   0.0009786036   0.0000131003  -0.0000090818
38  1  -0.0866718963   0.1364362026  -0.0971259540   0.0569886900  -0.1202886698
38  2   0.1014908207   0.0041668367   0.1165262448  -0.1422174207  -0.0873674805
38  3   0.0776011267  -0.0909671902  -0.1024887950   0.0067939649  -0.0391683419
38  4  -0.0985540188   0.0424425218   0.0339214475   0.0003577789   0.0411663156
38  5   0.1138604358   0.0561168308  -0.0098205620  -0.0016363109   0.0193970699
38  6  -0.0689450774  -0.0323563120   0.0065780296   0.0385834477  -0.0015262416
38  7  -0.0111040463   0.0653343450   0.0040744816   0.0328837454  -0.1000780923
38  8  -0.0725922691  -0.0308050322   0.0757709794   0.0381813483  -0.0040587542
38  9   0.0150051873  -0.0071996195  -0.0646382979   0.0023914415  -0.0310081386
38 10  -0.0146371676  -0.0018298572   0.0170781530  -0.0556153463  -0.0379270045
38 11  -0.0512222362   0.0213257532  -0.0317877107  -0.0844653900   0.0148920174
38 12   0.0011506132   0.0014182255   0.0321505144  -0.0114712867  -0.0020541040
38 13   0.0008246043   0.0095511833  -0.0010802737  -0.0186614746  -0.0163831132
38 14   0.0831154208  -0.0140089607   0.0000099728  -0.0000573929  -0.0000089451
38 15   0.0001587510   0.0024369215   0.0020709373   0.0000012811   0.0000069820
39  1  -0.0580308264  -0.0594224419  -0.0308023241   0.0932939086  -0.0265940580
39  2  -0.2888777604  -0.0563597710  -0.0522859696   0.1295769322   0.0359852452
39  3   0.0026778316  -0.0000901988  -0.0149497886   0.0018846480   0.0080799986
39  4  -0.0155918082   0.0482441691  -0.0120572763   0.0028302551   0.0503567782
39  5   0.1175017785   0.0471706416   0.0069150468  -0.0066797584   0.0280296573
39  6  -0.0555041591   0.0165682691  -0.0118838619   0.0235487471   0.0039052225
39  7  -0.0042599140   0.0309917021  -0.0007326566   0.0014854630  -0.0072357128
39  8  -0.0977641933  -0.0313875683   0.0020922884   0.0323718106  -0.0212901835
39  9  -0.1632279184   0.0284137252   0.0696457655   0.0004430252   0.0700997246
39 10   0.0356022521   0.0232372585  -0.0224218137   0.0345589177   0.0071152297
39 11   0.0039509941  -0.0137468988   0.0038772988  -0.1443609723   0.0090786767
39 12   0.0057593194  -0.0013503176   0.0250636575  -0.0118425176  -0.0039328971
39 13   0.0016196921  -0.0162354360   0.0037719433   0.0434970833   0.0037559518
39 14  -0.0148604031   0.0065128146   0.0000075892  -0.0000106622  -0.0000133796
39 15  -0.0000688293  -0.0017389148   0.0003347674   0.0000398299   0.0000174945
40  1   0.1087026489  -0.0558626040  -0.1296240253   0.0308142639   0.2347847745
40  2   0.0420740216   0.2176326042   0.1682452508   0.0282637211   0.0330864432
40  3   0.0129000817  -0.0297079364  -0.0094739932  -0.0002239441  -0.0070540152
40  4   0.0037859739   0.0340856598  -0.0205001112   0.0048706898   0.0000028769
40  5   0.0169143126   0.0266065032   0.0171943377  -0.0088058287   0.0088256890
40  6   0.0113366601   0.0195661161   0.0025356549   0.0177690252   0.0014805557
40  7   0.0166566814  -0.0443128025   0.0150328727   0.1353500986   0.0983058337
40  8  -0.0075453842   0.0368702395   0.0958153804   0.1269986239  -0.0188648048
40  9  -0.0680842276   0.0088953957   0.0359193115   0.0012654761  -0.0409994393
40 10  -0.0142333002   0.0039369500   0.0115881463   0.0010553615   0.0014714350
40 11   0.0071071554   0.0011487807   0.0013636747   0.0167622953   0.0013259700
40 12   0.0031641705  -0.0011012249   0.0090976837  -0.0027233458  -0.0012526459
40 13  -0.0013819210   0.0476192288  -0.0110004865   0.0011558879  -0.0000007402
40 14  -0.0007736242  -0.0002494490   0.0000897555  -0.0000908456  -0.0000004321
40 15   0.0000203834   0.0149861526   0.0130133313  -0.0000040351   0.0000155057
41  1   0.0134528305   0.1395806527  -0.0643991474   0.1131079338  -0.0994869016
41  2   0.1364136248  -0.1605019276   0.2719902568   0.1749369721   0.0353524849
41  3   0.1066751945   0.1174974781  -0.0097663832   0.0047199356  -0.0244798728
41  4  -0.0560880991  -0.0465538151   0.0516819123  -0.0098762909  -0.0129848713
41  5  -0.0194976778  -0.0166772351   0.0031188910   0.0025137040   0.0025386517
41  6   0.0005897508   0.0100245732  -0.0040400865  -0.0075115630  -0.0006294231
41  7  -0.0079282847   0.0004384871  -0.0036167875  -0.0185110025  -0.0169755413
41  8   0.0158219712   0.0005672080  -0.0098704684  -0.0077332739  -0.0012240674
41  9  -0.0187677234   0.0064875106   0.0419282355  -0.0016444466   0.0219261801
41 10   0.0112936127  -0.0018434272  -0.0193089791   0.0523283122   0.0611473020
41 11   0.0151186986   0.0148824143   0.0007834885   0.0439208395  -0.0017189135
41 12   0.0032145407  -0.0005608829   0.0030820479  -0.0016564175   0.0001443543
41 13  -0.0012549559   0.0148638238  -0.0028369736  -0.0001356348   0.0001615996
41 14  -0.0019140951   0.0002239340   0.0001392701  -0.0001202901  -0.0000025661
41 15  -0.0000132722   0.0258490525   0.0690944707  -0.0000256804  -0.0000302387
42  1  -0.0378573012  -0.0672915130  -0.1154311989  -0.0004206420  -0.0003199738
42  2  -0.2656487608   0.1769646165   0.0366691655   0.0020048761  -0.0464242097
42  3   0.1348835704   0.0961358238  -0.0614484349   0.0026820211   0.0372294305
42  4  -0.0688588876  -0.0957459174   0.1305689097  -0.0018157324  -0.0445610906
42  5  -0.0910913790  -0.0545092737  -0.0374510241   0.0105772774  -0.0136617674
42  6  -0.0113516885  -0.0219971807  -0.0008242547  -0.0074123112   0.0010515684
42  7  -0.0005404491   0.0230899206  -0.0038456996  -0.0474171324   0.0090200633
42  8  -0.0819046177  -0.0290060196   0.0107316530  -0.0415653948   0.0114687067
42  9   0.0803785600  -0.0071294939   0.0111063759   0.0007075825  -0.0403770444
42 10  -0.0149433207  -0.0048276925   0.0124007432  -0.0089207780  -0.0054477609
42 11   0.0080949317  -0.0020245701   0.0034245193   0.0352757969  -0.0018678873
42 12  -0.0031713368   0.0009748315   0.0004206168  -0.0009457035   0.0001993314
42 13   0.0015927665  -0.0545277311   0.0130504408  -0.0010755936   0.0001501849
42 14   0.0000996570  -0.0001799470   0.0001732330  -0.0001390262   0.0000138235
42 15  -0.0000034817  -0.0482078234   0.0381081112   0.0000052930   0.0000058937
43  1   0.0244576220  -0.0112442318  -0.0128741009   0.1323968280   0.1798017865
43  2   0.0110632461  -0.0756580997  -0.0616992954  -0.0735569918  -0.0718550073
43  3   0.0708498252   0.1053210898   0.0101089758  -0.0058972523   0.0018849233
43  4   0.0136843882  -0.0736218310  -0.0391071607  -0.0099637140  -0.1753794750
43  5   0.0700920653   0.2631346507  -0.1396622913   0.0352490638  -0.0171803035
43  6  -0.0641926347  -0.0645513961   0.0203324335   0.1190018244  -0.0029240953
43  7   0.0135708230  -0.5094187955  -0.0165803747  -0.0355302550  -0.0638397465
43  8  -0.0308246079  -0.3377073771  -0.1781123771   0.4014157608   0.0386293351
43  9   0.1826673399  -0.0073171556   0.0670106741  -0.2648413751   0.1906189257
43 10  -0.6870790676   0.5585358175  -0.2946373861   0.0923386279  -0.1364542227
43 11   0.0974472165   0.2266541081  -0.0219950403  -0.0148198798  -0.1445789849
43 12   0.0385741893   0.5299464106   0.0024854806   0.1020414347  -0.1738616213
43 13  -0.1708337644   0.0120216706   0.4043256421  -0.0001469553  -0.0004177527
43 14  -0.0001513867  -0.0001502518   0.0978807548  -0.0837722201  -0.0021578317
43 15  -0.0003223694  -0.0000816631  -0.0006544211  -0.0001932158   0.0014315838
44  1   0.0513645544  -0.0498498020  -0.1290672726   0.1395445540  -0.0591117347
44  2   0.0332047026  -0.0006271966  -0.0518783140  -0.0101129514   0.0022042419
44  3  -0.0162096061  -0.0083855632   0.0071953249   0.0005135105   0.0096243273
44  4  -0.0010180342  -0.1897298924  -0.0563559837   0.0107228617   0.0015448662
44  5  -0.0463142876   0.1539802326   0.0472183976  -0.0241848681   0.0308945957
44  6  -0.0744477089  -0.0323235156  -0.0215226572  -0.2064145201   0.0028119561
44  7   0.0094233642   0.1805899013   0.0112894184   0.0411852723   0.0184565864
44  8   0.0286925077  -0.1984282501  -0.0612008651   0.1176623341   0.0713753603
44  9   0.0492277469   0.0623497303   0.0116745807  -0.0988556321   0.0331447586
44 10  -0.0313927040   0.1193519834   0.0084943845  -0.0499986167   0.0076695211
44 11   0.0373152293   0.0475317490  -0.0184576115  -0.0051358243  -0.0294355603
44 12   0.0045907811   0.0633566430  -0.0222234678  -0.1280338502  -0.0503053604
44 13  -0.1685738697  -0.0007392319  -0.0000010885  -0.0011510523   0.0046195443
44 14   0.0003687505  -0.0064459620  -0.7508934935   0.6399511995   0.0200893700
44 15   0.0015192002  -0.0009120727   0.0008707257  -0.0003966783  -0.0022762758
45  1   0.0219599470  -0.0120820848  -0.1921052742  -0.1095669522   0.0306997454
45  2  -0.1835156640  -0.1149787860   0.2265486093  -0.1356507717  -0.2382176531
45  3  -0.2186746039   0.0161653074   0.0502082326  -0.1220538217  -0.0230666035
45  4   0.1894043163  -0.0693600964   0.1130734040  -0.5629915667   0.0142195110
45  5   0.0457421753   0.0368849030   0.1373494460   0.3987577669   0.0029310636
45  6   0.0529530975  -0.0866829320  -0.0146848447  -0.0663340910  -0.1633930354
45  7  -0.9413371740  -0.2941101803  -0.1780805068   0.0712215749   0.1046175843
45  8  -0.0380820114   0.0304352396   0.0055031616  -0.0094314642  -0.0074834668
45  9  -0.0042161844  -0.0054233854  -0.0160230948   0.0101202789  -0.0079145220
45 10   0.0135057896  -0.0155779675   0.0081430357  -0.0030634873   0.0008430879
45 11  -0.0030228589  -0.0050284589   0.0014804689  -0.0101750034   0.0034728262
45 12   0.0031450842  -0.0129738567  -0.0024114069  -0.0001717723   0.0027049414
45 13   0.0104254107  -0.0017250188  -0.0105033457  -0.0004509823   0.0002257534
45 14  -0.0001025137  -0.0002792072  -0.0207024348   0.0175935763   0.0005151927
45 15   0.0000406873  -0.0001350115  -0.0004266258  -0.0000434055  -0.0002443147
46  1  -0.2085428640   0.1071584469  -0.0372056243  -0.0004160425   0.1097241795
46  2   0.0063402164   0.0070299974  -0.0177967344   0.0175837241   0.0111473471
46  3  -0.0142650520  -0.0038247852   0.0091600136   0.0005216005   0.0032879002
46  4   0.0173627016  -0.0272258279  -0.0176272371   0.0043741507  -0.0465037358
46  5  -0.0597203634  -0.0637996538   0.2335909348  -0.0536023041   0.0992248456
46  6  -0.2962788896  -0.1276055312   0.0214378990   0.1348334625   0.0087691389
46  7   0.0048256004  -0.1195698255   0.0103686597  -0.0336577674  -0.0118868064
46  8  -0.0239813309   0.1668373147  -0.0205085393   0.0629275982   0.1406627766
46  9   0.0686528221   0.4258536221  -0.0372592288   0.1782554429   0.0760251153
46 10  -0.1559016647  -0.0809763357   0.1982887186   0.1243506278   0.0426288939
46 11  -0.1787311185  -0.1858088599   0.0930885538   0.0149887646   0.1924487204
46 12   0.0229117212   0.1437554146   0.0218366344   0.1889972937  -0.1646800927
46 13  -0.2770236320  -0.0038194465  -0.0242932865  -0.0002103645   0.0000017128
46 14  -0.0000640410  -0.0006331198   0.1899987290   0.2468778619  -0.7486565271
46 15  -0.0005756371  -0.0000681864  -0.0000066487   0.0001363843   0.0005275479
47  1   0.1480942452  -0.1003629865  -0.1190985566   0.1952181805  -0.0298854883
47  2   0.0342341286  -0.0355990667  -0.0725009302  -0.0504445473  -0.0342439877
47  3   0.0213776471   0.0425481402   0.0099662615  -0.0029127199   0.0045914172
47  4  -0.0054570013  -0.2167292007  -0.0712899748   0.0015045873  -0.0659896038
47  5   0.0151201030   0.3250653954  -0.1394113513   0.0254670664  -0.0274514911
47  6   0.0447671170   0.0128445217  -0.0097455658  -0.0818873337  -0.0009928922
47  7   0.0058103918   0.0310357727  -0.0036242633  -0.0233927293   0.0053594042
47  8  -0.0130237662   0.2481807751   0.1170591336  -0.2393267906  -0.2492030835
47  9  -0.1249043417  -0.5500684531   0.0367589086  -0.3269987921  -0.0818935359
47 10   0.1508003130   0.0296623525  -0.1787571924  -0.0683544001  -0.0908055565
47 11   0.2268375670   0.2531590540  -0.1875883332  -0.0203039702  -0.2426786317
47 12  -0.0101122618  -0.0258645611  -0.0606289289  -0.4249873763   0.1173965451
47 13   0.3332860938  -0.0037972804  -0.1895476037  -0.0000872553  -0.0000542557
47 14  -0.0000420021  -0.0003134722   0.1393267484   0.1789310111  -0.5343129947
47 15  -0.0003808001  -0.0000513845   0.0000379995   0.0003135637   0.0013724175
48  1   0.1854655668   0.2564381278  -0.1407466352  -0.1552521501   0.0452814972
48  2   0.0608380665   0.0248888260  -0.2970183344   0.1795839216  -0.0216555465
48  3   0.2578625500  -0.1094651062  -0.1533355241   0.0443171454  -0.0970541468
48  4   0.1963523407  -0.0164389520  -0.0649322154   0.1127312004  -0.0080371306
48  5  -0.0679154963  -0.0293315865   0.0632281246   0.6132753064  -0.0664465492
48  6  -0.3467624103   0.3196669327   0.2056796380  -0.0805721354   0.4717734727
48  7  -0.2277253375  -0.0881465651   0.7716099549  -0.1184407151   0.0011705844
48  8   0.0042432725  -0.0068365607  -0.0017805107  -0.0042976569  -0.0036924174
48  9  -0.0029542240  -0.0110772382   0.0013793082  -0.0052170857  -0.0018603643
48 10   0.0022317351   0.0006384277  -0.0033803334  -0.0021382226  -0.0014319388
48 11   0.0047049727   0.0047821918  -0.0033550280  -0.0005723147  -0.0052625255
48 12  -0.0001798779  -0.0033525561  -0.0007513172  -0.0061109078   0.0030598481
48 13   0.0071171559   0.0002430456  -0.0015197970  -0.0000167631   0.0000170916
48 14   0.0000048406   0.0000050942  -0.0029624151  -0.0039270151   0.0118811023
48 15  -0.0000082843  -0.0000028431  -0.0000086313   0.0000221471  -0.0000174806
49  1  -0.2686662721   0.1377516452  -0.0406655564  -0.0313284255   0.0909758202
49  2   0.0044636248   0.0288045766  -0.0006493388   0.0433919560   0.0344911517
49  3  -0.0517843125  -0.0442110214  -0.0003746199   0.0018859648   0.0085098399
49  4   0.0073353489   0.0146408389   0.0162604237  -0.0137683946   0.2071768765
49  5  -0.1245121585  -0.2261265426   0.2711216010  -0.0593359814   0.0774951826
49  6  -0.1656072128  -0.0679358956   0.0138761536   0.0595241145   0.0135839211
49  7   0.0157480872  -0.1522912201  -0.0118892977   0.0349805724  -0.0220775877
49  8   0.0204695858  -0.4999332442  -0.1199948583   0.2551549690  -0.0754413088
49  9   0.0401944108  -0.6316627766   0.1203077912   0.0841418175   0.1689736803
49 10   0.1136268238   0.0446683042   0.5794677258   0.0784962739   0.1226676013
49 11  -0.2204344631  -0.2721366013  -0.1369716061   0.0146959385   0.0861599350
49 12   0.0679870520   0.5243619616  -0.0001599988   0.0657175840  -0.2460320768
49 13   0.0175578983  -0.0140399940  -0.3581926969   0.0000273162   0.0001540278
49 14   0.0000801350  -0.0000129316   0.0671546523   0.0770335054   0.0465719932
49 15  -0.0004561092   0.0000104217   0.0000174104  -0.0009698631   0.0002327357
50  1   0.0126705099  -0.0357151846  -0.1355095473   0.1174390863  -0.0697677188
50  2   0.0290842318   0.0077549871  -0.0409731370  -0.0017122113   0.0122625402
50  3  -0.0387517932  -0.0272597258   0.0042302842  -0.0005966400   0.0063007263
50  4   0.0040045252  -0.0953443664  -0.0218342769   0.0032643989  -0.0151956387
50  5   0.0023964176  -0.1655308677   0.0624980671  -0.0120188245  -0.0122828772
50  6   0.1348215433   0.0966994895   0.0350146210   0.4098148756  -0.0050496687
50  7  -0.0111391291   0.0113643184  -0.0003485163  -0.0153375669  -0.0094198121
50  8  -0.0087981270  -0.0515796372  -0.0481675399   0.1060837237   0.0505435794
50  9   0.0282431084  -0.0197699210   0.0136883964  -0.0445197279   0.0249007116
50 10   0.0732403638  -0.0568936322   0.1174305160   0.0403168507  -0.0157852427
50 11   0.0081153967   0.0234512608  -0.0281114625  -0.0020740954  -0.0265603407
50 12   0.0130616961   0.1236605523  -0.0140529290  -0.0900403752   0.0535753994
50 13   0.1774930480   0.0015027380  -0.0066110098  -0.0001107710  -0.0002980400
50 14  -0.0004974603   0.0004711360  -0.5987656918  -0.6904082478  -0.3786626849
50 15   0.0045961554  -0.0000878799  -0.0000305031   0.0015837865   0.0003637087
51  1   0.1894822849   0.3467851467   0.0463325449   0.0235442299  -0.0043558769
51  2   0.0809758807   0.1504251392  -0.2847230026   0.1844414381  -0.0822487684
51  3   0.0866028665  -0.0075948161  -0.1142377051   0.0097575113   0.0273305829
51  4  -0.0778034301   0.0623235657  -0.1295629277  -0.6219332093  -0.0234880029
51  5  -0.0212954889   0.0070380058   0.0791906998   0.3374062196   0.0040623734
51  6   0.0236607831  -0.0179113637   0.2123601816  -0.0690872727   0.7859304242
51  7   0.1214067672   0.0775841408  -0.5790647400   0.0919956706  -0.0087841647
51  8   0.0042732966   0.0121740466   0.0060271585  -0.0040714651   0.0022667947
51  9   0.0000766177   0.0122284405  -0.0036776547  -0.0021655316  -0.0018370806
51 10  -0.0017728727   0.0001275686  -0.0101478253  -0.0008500297  -0.0024791967
51 11   0.0047625390   0.0053691429   0.0034895709  -0.0000065237  -0.0018592138
51 12  -0.0013419849  -0.0092452754  -0.0003018759  -0.0014965630   0.0048865423
51 13  -0.0001908423   0.0003888819   0.0067133499  -0.0000133672  -0.0000172526
51 14  -0.0000064520   0.0000452938  -0.0046492011  -0.0052565718  -0.0029526649
51 15   0.0000360160  -0.0000088455   0.0000060251   0.0001782854   0.0000013178
52  1  -0.1012585507   0.0528087878  -0.0143038741   0.0746770849   0.1392288638
52  2   0.0057844872  -0.0296559741  -0.0352409174  -0.0241029556   0.0021104943
52  3   0.0228419203   0.0176405632   0.0062565197  -0.0025526709  -0.0010918652
52  4   0.0087717137  -0.0627959281  -0.0073084446  -0.0056931483  -0.0810354117
52  5   0.0665717458  -0.1637014528  -0.0229017590   0.0041704871   0.0046420985
52  6   0.1106527940   0.0771588454   0.0260380464  -0.2119806864  -0.0152590627
52  7  -0.0017868745   0.0741519752   0.0072038590   0.0922553606  -0.0497852085
52  8  -0.0626885677   0.1284677606  -0.1517580380   0.0556013585  -0.0763575042
52  9   0.0182483858   0.0048257070  -0.0017790391  -0.0135208470  -0.0524684805
52 10  -0.0086196472   0.0146404888   0.0429857180   0.1084208783  -0.0203011598
52 11  -0.0628032278   0.0045753637   0.1001263931  -0.0075993836  -0.1456540626
52 12  -0.0110471981   0.0012901887   0.0121127692   0.0162199242   0.1933782077
52 13  -0.0743640752  -0.0023723367  -0.0422472939   0.0014449532   0.0031823918
52 14   0.0003205618   0.0019841571   0.0042800268   0.0028987428   0.0013210694
52 15   0.9945447313   0.0000042049   0.0000325589   0.0124749509  -0.0001713322
53  1  -0.2317768037   0.0774687177  -0.1665508082  -0.0228609812  -0.1411591106
53  2   0.0176451025   0.0887925292  -0.0044796027   0.0441345431   0.0377557735
53  3  -0.0479569960   0.0047040201   0.0410663921  -0.0022738853  -0.0057040336
53  4   0.0716108894   0.2496552144  -0.0101746108   0.0107472979  -0.3029394491
53  5  -0.1059310279   0.2354978248   0.0445267211  -0.0163901130  -0.0059870617
53  6   0.1888413912   0.1331401951   0.0017698959   0.0694935671   0.0001183256
53  7  -0.0201798262   0.1595156791  -0.0089739647  -0.0989575564   0.0357969921
53  8   0.0334075564  -0.2581339034   0.1520213460   0.0558437099  -0.7162484025
53  9   0.1974802677   0.1851132053   0.0002005920   0.0423418174   0.3318493247
53 10  -0.1856630505  -0.3998106304   0.1342209121  -0.4635828482   0.1670689018
53 11   0.3453567974   0.0454326750   0.1386326270  -0.0338803537  -0.0980326013
53 12  -0.0146045530   0.2068073703   0.0429121327   0.1504531690   0.5657953537
53 13  -0.1595572242  -0.0041327976  -0.1915231433   0.0000800521   0.0015843548
53 14   0.0005697393   0.0015046731   0.0005559423  -0.0000701466   0.0002213810
53 15   0.0070462191  -0.0000176113   0.0000118875   0.0023792977   0.0000536288
54  1   0.0303648373   0.1749095527   0.1947887987   0.2601404623  -0.0719371221
54  2  -0.1417249913   0.0476098256   0.0443901870  -0.1302875358   0.4349317690
54  3   0.1926221480  -0.1106525937   0.0371157207  -0.0376946373  -0.0765307498
54  4   0.2623082633  -0.0631537113   0.0631162678  -0.1064539280   0.0045245210
54  5  -0.0435650906  -0.0524020811  -0.2341184388  -0.1333322516   0.6521963360
54  6  -0.0174343636   0.3385432791   0.9182587486  -0.3424715096  -0.2983048235
54  7   0.0292372840   0.0214615143  -0.0706904195  -0.0328344692   0.0205557992
54  8  -0.0157384989  -0.0120642954  -0.0023741473  -0.0142817609   0.0112177968
54  9  -0.0134928598   0.0009946137   0.0178194050   0.0001042071   0.0064440295
54 10  -0.0014509676  -0.0041813554  -0.0042882220  -0.0068273320   0.0019014108
54 11  -0.0076936909   0.0063541787  -0.0106473398  -0.0045745848   0.0084240909
54 12  -0.0030736775   0.0017991536   0.0023811764  -0.0019989118  -0.0026873104
54 13   0.0013118045  -0.0005639815   0.0014600815   0.0006398224  -0.0011118783
54 14  -0.0005485764  -0.0007174518  -0.0001717082  -0.0001629656  -0.0000629536
54 15  -0.0490220578  -0.0000472642   0.0000486134  -0.0008312796   0.0000137702
55  1  -0.0061263945   0.0042678946  -0.0181232177   0.1125144613   0.1710886079
55  2   0.0109230113  -0.0720751748  -0.0668637596  -0.0759858959  -0.0624224966
55  3   0.0844757096   0.1341770878   0.0191802837   0.0174199197  -0.0183211490
55  4   0.0268287302   0.4727934744   0.1240493015  -0.0135767130   0.3331178024
55  5  -0.1462673352  -0.0930882189   0.0993909606  -0.0138264950   0.0138886352
55  6   0.0463897265   0.0420154114   0.0003939678   0.0610489829  -0.0033123698
55  7  -0.0217071945   0.1895142991   0.0010956102  -0.0040515583   0.0135438290
55  8  -0.0051341315   0.1831097852   0.0377293584  -0.0615392574   0.0118697027
55  9  -0.0011166688   0.1114034292  -0.0112038883  -0.8466124775   0.0398309620
55 10  -0.1265441043   0.1985259474   0.1834844742  -0.1585958269   0.2328084954
55 11  -0.1212556738  -0.4353855331  -0.5561015699   0.0074775623  -0.1087824355
55 12  -0.0370845682  -0.2829036447   0.0674159044   0.3629209486   0.1846549107
55 13   0.3490767716   0.0063652223   0.1661197805  -0.0001641528  -0.0000811757
55 14  -0.0001683179  -0.0001686994   0.0044807506  -0.0032069203  -0.0022750247
55 15   0.0001331474   0.0000156169  -0.0000901491  -0.0002278361   0.0036838339
56  1   0.1827012579  -0.1139837169  -0.1137325398   0.2150154167  -0.0201881147
56  2   0.0373213556  -0.0494166380  -0.0925819689  -0.0722125349  -0.0634922836
56  3   0.0583260923   0.0990419022   0.0178676469  -0.0178823215  -0.0153360169
56  4   0.0217656980   0.2699793561   0.0545222635   0.0036681986  -0.0287625093
56  5  -0.0147516376  -0.1152594902   0.0810779458  -0.0212712044   0.0298797051
56  6  -0.0924944776  -0.0470852186  -0.0045224365  -0.0672991167   0.0008240176
56  7   0.0048845096  -0.0329495194   0.0005942901   0.0055315755  -0.0009380934
56  8   0.0036867691  -0.0367634664   0.0009286670  -0.0051153438  -0.0049456952
56  9  -0.0054880929   0.0004247477  -0.0038477361   0.0237172080  -0.0130177699
56 10   0.0245687885  -0.0438345995  -0.0141809320   0.0257828877  -0.0257054188
56 11   0.0141705765   0.0329416181   0.0197187701  -0.0002522341   0.0097808756
56 12   0.0042691565   0.0330082936  -0.0034172457  -0.0154160013  -0.0129087342
56 13  -0.0268738599  -0.0006685268  -0.0039782853   0.0000187180  -0.0002639622
56 14  -0.0003201843   0.0001694064  -0.0026300813   0.0023022130   0.0014306087
56 15   0.0001546115   0.0005238539   0.0001317864  -0.0019966460   0.9979170723
57  1   0.0716603685   0.0075773250  -0.3139693250  -0.2565650183   0.0721209207
57  2  -0.1196976570  -0.1723989709   0.0735892404  -0.2013891134   0.3279636122
57  3  -0.0249381292   0.0568891353   0.0622257773   0.9854349363   0.0318080955
57  4   0.1071704003  -0.0326466839   0.0097781322  -0.2498911627  -0.0053435560
57  5   0.0295105427   0.0205995427   0.0217827400   0.0867246579   0.0436283106
57  6   0.0439177404  -0.0296641667  -0.0180611223   0.0054176500  -0.0527658881
57  7  -0.0131231710  -0.0103955565  -0.0173768723   0.0059113468   0.0091446433
57  8  -0.0056183323  -0.0031702431  -0.0001282270   0.0018526317  -0.0001944500
57  9   0.0003435968  -0.0021894738  -0.0011742894   0.0172092116  -0.0013596394
57 10   0.0024576372  -0.0037808497  -0.0029666046   0.0025239882  -0.0042484022
57 11   0.0020883117   0.0077911366   0.0100984059  -0.0018326021   0.0020820492
57 12   0.0007662710   0.0045723919  -0.0016439160  -0.0067755497  -0.0031025048
57 13  -0.0058077943   0.0009590954  -0.0037983842  -0.0001071868  -0.0000632694
57 14  -0.0000428882   0.0000358778  -0.0001861867   0.0001486659   0.0000686098
57 15  -0.0000043577  -0.0000543123   0.0000201160  -0.0000372465   0.0166872590
58  1   0.0480288874  -0.0226966899   0.0260871977   0.1893261686   0.1782724693
58  2   0.0030218912  -0.1780972969  -0.0473612505   0.0638477171   0.0625621940
58  3  -0.1632706546  -0.2857990109  -0.1082123501   0.0125831679   0.0430279150
58  4  -0.0990895623   0.0467920528   0.2654199632  -0.0076988214  -0.1544862755
58  5  -0.1927462915   0.0297428475  -0.1367376723   0.0394375282  -0.0395388744
58  6  -0.0510218179  -0.0879590329   0.0112876415   0.0375698967  -0.0014121600
58  7   0.0021839549  -0.0034340929   0.0108723309   0.0977742082   0.0312303744
58  8   0.0085701987   0.0371727489  -0.0238831421  -0.0052282538   0.0070765842
58  9   0.0343270437  -0.0008369713   0.0726393261  -0.0059571190   0.0775486980
58 10   0.0337998454  -0.0678581868  -0.0537622045  -0.0396575152  -0.0071107788
58 11  -0.1315945262   0.0436551000  -0.0747275500   0.0001317495   0.0111362953
58 12  -0.3020701686   0.0712638470   0.0262464051  -0.0270145097  -0.0253380502
58 13  -0.0075602297  -0.0010918695   0.0118604204   0.0535561901  -0.6404626350
58 14  -0.2199246389  -0.5908482794   0.0003710763  -0.0003735325   0.0004544374
58 15   0.0034033451  -0.0001047309  -0.0004343472  -0.0007372657  -0.0001322484
59  1  -0.2087785706   0.0331390592  -0.1772461669  -0.0087446313  -0.1287002007
59  2  -0.0018512054   0.1114650199  -0.0822373492  -0.0226087040  -0.0183842678
59  3   0.0820172320   0.1847964041   0.0598554810  -0.0081956043  -0.0142438049
59  4   0.0301846791  -0.1044265646  -0.1001887307  -0.0126215412   0.2812617153
59  5   0.3369729499  -0.2697900600  -0.1875026364   0.0353655474   0.0219240970
59  6  -0.1668449883  -0.0625402677  -0.0370703429  -0.1660969248   0.0070589798
59  7  -0.0008136879   0.0558682350  -0.0173563651  -0.1856060354   0.1793008196
59  8   0.2289458967   0.2222819210   0.2265604314   0.3058037167   0.0194307480
59  9   0.3334335001  -0.0339651421   0.2786396896  -0.0483198844   0.3178146063
59 10   0.1233454106  -0.3080959993  -0.3309057562  -0.1487247858  -0.1619498902
59 11  -0.5321226388  -0.0221255515  -0.1370820522   0.0432218854  -0.2252141043
59 12   0.4212599484  -0.1055266793  -0.0167820230  -0.0939408410   0.1342496847
59 13  -0.1057917959  -0.0224181169   0.0166395905   0.0102576502  -0.0730030780
59 14  -0.0265832170  -0.0789771611  -0.0001763502   0.0003275196   0.0001734553
59 15   0.0017311522  -0.0008295764   0.0004169068  -0.0003059499  -0.0001051005
60  1  -0.0541705489  -0.0169796887   0.0505123828   0.1697746118  -0.0478018786
60  2  -0.2770154076  -0.2362755928  -0.0836809961   0.0810000288   0.0085415054
60  3  -0.0441730760  -0.1820851302  -0.1409876867   0.0138179041   0.0372962533
60  4  -0.1394390536   0.0385442092   0.2698709134  -0.0074422414  -0.1829434237
60  5  -0.1895116410   0.1308290502  -0.0149134653   0.0062333293  -0.0083916587
60  6   0.0342942991   0.0107610559   0.0210369754   0.1294914460  -0.0035575008
60  7   0.0238388158  -0.1614762216   0.0601361265   0.6105649475   0.0423689408
60  8   0.2101579644   0.1160586542  -0.0469393934  -0.1656221055   0.0423986294
60  9   0.1354050432  -0.0026015548   0.1318969270  -0.0191765582   0.3116124437
60 10   0.1014332949  -0.1452062368  -0.1553311879  -0.1991446015  -0.1216142338
60 11  -0.4203023731   0.1376195814  -0.2316232834   0.0905924960   0.0244221737
60 12  -0.4509167522   0.1221677630   0.0396664352  -0.0356766962   0.0389467515
60 13  -0.0300062304  -0.0132409839   0.0087899633  -0.0203486041   0.2836932266
60 14   0.1031466697   0.2802680361  -0.0002277334   0.0002985481  -0.0001634529
60 15  -0.0015346351  -0.0010005040   0.0007781906   0.0003773959   0.0000253730
61  1   0.0711967234  -0.0343195343   0.0389390194   0.2149635074   0.1827770604
61  2   0.0010565467  -0.2209926800  -0.0467138875   0.0978758225   0.0889579328
61  3  -0.2084068429  -0.3689987805  -0.1406458085   0.0173543972   0.0534966077
61  4  -0.1346053691   0.1073992425   0.3771936485  -0.0074771199  -0.2554006865
61  5  -0.3024360412   0.1576095739  -0.1487327815   0.0361697310  -0.0278686489
61  6  -0.0760122174  -0.0730679778   0.0279810125   0.1386433586  -0.0040915930
61  7   0.0070124503  -0.0300249375   0.0230359163   0.2559856230  -0.0174683132
61  8  -0.0185851217  -0.0123632320  -0.2091069330  -0.1374887219   0.0115172471
61  9  -0.0541842160   0.0003283385   0.0182946105  -0.0075701554  -0.0288722615
61 10  -0.0783794952  -0.0553963558   0.0464720227  -0.0967672664  -0.0019665244
61 11   0.0301273401   0.0345845929   0.0249304220  -0.0041060731  -0.0068020298
61 12   0.5541325803  -0.1428153922  -0.0352321514   0.0363653653  -0.0037606448
61 13   0.0279596250  -0.0042966937  -0.0048512474   0.0440291368   0.4539369229
61 14   0.0280484859  -0.4699981091   0.0037077836  -0.0037313025  -0.0000188271
61 15   0.0001953403   0.0012581492   0.0002006807   0.0001891356   0.0001855620
62  1  -0.1142510434  -0.0288541542  -0.1726101782   0.0460052200  -0.0979860519
62  2  -0.0085596919   0.0486042050  -0.0532676721   0.1338884097   0.0943223659
62  3  -0.0950454830  -0.0455914575   0.0151849747   0.0014411992   0.0237524167
62  4   0.0014190762   0.1638137003   0.1163562405  -0.0022282296   0.0319924431
62  5   0.0690082715   0.1623905089  -0.2131604911   0.0374410853   0.0308868450
62  6  -0.2618525889  -0.0565590978   0.0012014138   0.1742780224   0.0035244377
62  7   0.0027250487  -0.0072293788   0.0014416690   0.1158405150   0.0808876477
62  8   0.1139666739   0.0336118998  -0.5237525940  -0.1584510760   0.0178382835
62  9  -0.0834305424  -0.0225146228   0.1535725580  -0.0136005313  -0.3607634138
62 10  -0.3316525754  -0.2896071070   0.1495613749  -0.3068792215   0.2341923570
62 11  -0.1816313484   0.4004235873  -0.2050797876  -0.1125975066   0.1722746262
62 12   0.2522385757  -0.0700208637  -0.0379927465   0.0820520017  -0.1240765703
62 13   0.0920738389   0.0050174080   0.0113349489  -0.0371918585  -0.3425095908
62 14  -0.0177266659   0.3738760004  -0.0028766014   0.0029346106  -0.0000579215
62 15   0.0017624750  -0.0007031957   0.0000772851  -0.0001591446  -0.0001910884
63  1  -0.0456398008  -0.0614045571  -0.0764571905   0.0418575976  -0.0121580084
63  2  -0.2741287773   0.0578453291   0.0275984699   0.1221513454   0.0220834262
63  3   0.0689651706   0.1075154522   0.0369978673  -0.0052208478  -0.0207128930
63  4   0.0624169427   0.0653674452  -0.2546891908   0.0115347931   0.2144002284
63  5   0.3846968933   0.0400928244   0.1965456955  -0.0677275511   0.1103503394
63  6   0.0334387260   0.2409387476  -0.0680230048  -0.1248502940   0.0133731496
63  7  -0.0066606598  -0.0419467850  -0.0427456159  -0.3485603047   0.0813114693
63  8   0.2363717563   0.0729667157  -0.0514614599   0.1087973751   0.0048490885
63  9   0.1463847194  -0.0407432500   0.0186807167   0.0031787126  -0.3658310465
63 10  -0.1911831220  -0.1544715300   0.0780348176  -0.0830276343   0.2741142545
63 11  -0.2317156258   0.3544993937  -0.2544375465  -0.1019614129   0.1507953753
63 12  -0.3512541107   0.0883928856   0.0054786895   0.0273199571  -0.0272895751
63 13   0.0152659173   0.0117683908   0.0047893825   0.0383091600   0.3682199406
63 14   0.0205845080  -0.4118307756   0.0027524144  -0.0028171861   0.0000626454
63 15  -0.0003661288   0.0015749676  -0.0005450111   0.0001953425   0.0001692560
64  1   0.1632831439  -0.0829435390  -0.0784441155   0.1161203360   0.2404613122
64  2   0.0325651864  -0.0083049339   0.1980272506   0.3954717909   0.2166961270
64  3  -0.0756635594   0.1055204697   0.1470896809  -0.0034037963  -0.0304359681
64  4   0.0962640523   0.0612423912  -0.1074499799  -0.0074910823   0.0258523299
64  5  -0.0065309915  -0.0079578320  -0.0893177936   0.0384359641  -0.0547497993
64  6  -0.0574350591  -0.1853161937   0.0492902342   0.0798622161  -0.0162360800
64  7  -0.0415696772   0.1291382708   0.0162073939   0.1454398979  -0.3996876466
64  8  -0.0216654437  -0.0728587646   0.2313147958  -0.1264895036   0.0397589568
64  9   0.3607480759  -0.0127559554   0.1379280809   0.0073048013  -0.1908466892
64 10  -0.0469952208  -0.0012058521   0.0828060528  -0.1950018485  -0.2916727421
64 11  -0.0105421582  -0.1495602651   0.0604339448  -0.3694134326  -0.0432502577
64 12  -0.0682574562  -0.0020745802  -0.5857241262   0.2801071305   0.0334097474
64 13  -0.0009821188   0.0602606271  -0.0215205361  -0.0486029305   0.0525404479
64 14  -0.2484158756   0.0298658615   0.0001363689  -0.0000072032   0.0000578832
64 15   0.0000061850  -0.0018085381  -0.0051130818  -0.0000720162  -0.0000661618
65  1  -0.1069040052   0.1395885580  -0.1022078026   0.0455456518  -0.1251378310
65  2   0.0967475793   0.0359791181   0.0877359950  -0.2160544408  -0.1200789423
65  3   0.0783883085  -0.1343960902  -0.1305683123   0.0073948682  -0.0357395688
65  4  -0.1119200263   0.0508288530   0.0409235904   0.0032062022   0.0483431235
65  5   0.1386374694   0.0658327730   0.0005237334  -0.0081480366   0.0311753732
65  6  -0.0715635687  -0.0044388939  -0.0034693217   0.0243109414   0.0021569032
65  7  -0.0029888037   0.0525022514  -0.0013992334  -0.0230288398  -0.0103437388
65  8  -0.0943936587  -0.0229807079  -0.0134036126   0.0560646835  -0.0119338388
65  9  -0.0808342307  -0.0112400226  -0.1638076196  -0.0004161273   0.0479514080
65 10   0.0006354255  -0.0099260716  -0.0119161229  -0.0211135273   0.0398205825
65 11  -0.0770548106   0.0814021016  -0.0655318767   0.0861760468   0.0231539307
65 12   0.0154552277   0.0034929883   0.1673742488  -0.0771034750  -0.0025181547
65 13  -0.0007745462  -0.0112918009   0.0044627933  -0.2353694244   0.1886219135
65 14  -0.9070113679   0.1099704086   0.0003691549   0.0002489271   0.0002450892
65 15  -0.0001299282  -0.0121212621  -0.0163614316  -0.0005893474  -0.0002532079
66  1  -0.0994124336  -0.1318225286  -0.0536525046   0.0953172825  -0.0276338414
66  2  -0.3514706206  -0.0572656130  -0.1841085500   0.2649930265   0.1373692079
66  3  -0.1052046553   0.0470446807   0.1085847285  -0.0040060037   0.0081209671
66  4   0.0796992375   0.0811967181  -0.0619717677  -0.0037084432   0.0974329846
66  5   0.0673371757  -0.0522967297  -0.2784244968   0.0889848844  -0.1013927631
66  6  -0.2182102868  -0.3928676049   0.0743453562   0.1120052818  -0.0162476502
66  7  -0.0253066217   0.2369373658   0.0212401276   0.0872344912  -0.1928683837
66  8  -0.2114687352  -0.0218915996   0.1846471558   0.3766740789  -0.0567946492
66  9  -0.2578579647  -0.0386571109  -0.5401073219   0.0007439695   0.1013629096
66 10   0.0006759685  -0.0302100583  -0.0458461078   0.0055023268   0.2199951491
66 11  -0.2121565880   0.2668322241  -0.1819191645   0.5165142665  -0.0072371105
66 12   0.0124076793   0.0006221474  -0.3400536477   0.1734201746   0.0991213438
66 13  -0.0186887134  -0.0009308364  -0.0130549548   0.0332322264  -0.0182543997
66 14   0.0689073883  -0.0072305462  -0.0000693605   0.0000715774   0.0000064544
66 15   0.0003094382   0.0014478997   0.0018819293  -0.0001704964  -0.0000559678
67  1   0.0806264749  -0.0415900452  -0.1321926634   0.0152434078   0.2262547600
67  2   0.0414201161   0.2628458814   0.1364694026  -0.1012943080  -0.0270607817
67  3   0.0210721113  -0.1108931745  -0.0651124764   0.0008304090  -0.0083044476
67  4  -0.0229734731   0.0633638802  -0.0316722891   0.0126322930   0.0257905199
67  5   0.1065925461   0.0738891015   0.0902537086  -0.0394272287   0.0574019230
67  6   0.0213351517   0.1370943535  -0.0318418953  -0.0119665569   0.0121544051
67  7   0.0308205394  -0.0711729569  -0.0034848583  -0.0338011383   0.2296633315
67  8  -0.1388488239  -0.0350709345  -0.2612446549  -0.2737321363   0.0390218747
67  9   0.0687755598  -0.0140881283  -0.0977063720  -0.0129948604   0.3450290888
67 10   0.1515243262  -0.0160964288  -0.1801017606   0.2859682934   0.3090425206
67 11  -0.0007321327   0.0566756336  -0.0114302841  -0.2360621981  -0.0182696326
67 12  -0.0011664212  -0.0089902034  -0.3582514232   0.1677330012   0.0357939216
67 13  -0.0038680446  -0.0350846208   0.0021144615  -0.6501983598  -0.0285597182
67 14   0.1447710636  -0.0805068688   0.0010496558  -0.0009788751   0.0001664253
67 15   0.0010717028   0.0049041432  -0.0001202033  -0.0001827752   0.0001229993
68  1  -0.1104178987   0.2018643041  -0.0781363182   0.0418784316  -0.1365039784
68  2   0.1336276854   0.0450027625   0.1284201486  -0.4183282316  -0.2399492585
68  3   0.1463917548  -0.2504526271  -0.2710233684   0.0130715861  -0.0206190188
68  4  -0.2001946377   0.0409494379   0.0998325111   0.0111823643   0.0201164296
68  5   0.2078367770   0.1486924849   0.2165916369  -0.0859578745   0.1445116346
68  6   0.0425095246   0.3298860049  -0.0774023220  -0.0747629688   0.0202009573
68  7   0.0208779223  -0.1056606934  -0.0297894061  -0.2135783014   0.2478417799
68  8  -0.0177690446  -0.0042576031  -0.2555049982  -0.0761916648  -0.0147658947
68  9  -0.2203967328   0.0332334081   0.1093720295  -0.0033712038   0.0875418363
68 10   0.0204653793   0.0002623534  -0.0041513194  -0.0475903361  -0.0925511030
68 11   0.0243759599  -0.0689349870   0.0499709740   0.2137644661  -0.0720780227
68 12  -0.0578860363  -0.0002264352  -0.5884747751   0.2761163589   0.0607387105
68 13  -0.0092138134   0.0268304820  -0.0178958808   0.4672600818   0.0140216296
68 14  -0.0833928386   0.0547425175  -0.0005426478   0.0005371788  -0.0000985269
68 15  -0.0006774669  -0.0069371667  -0.0002934964   0.0001902185  -0.0000080971
69  1  -0.0504128921  -0.0164740752   0.0391227006   0.1565537216  -0.0440847111
69  2  -0.2723559020  -0.2221574388  -0.0485439777   0.1435359660   0.0327454105
69  3  -0.0220847454  -0.0760340017  -0.0576600154   0.0066146411   0.0109871211
69  4  -0.0414542671   0.0733785108  -0.0079976791   0.0018833446   0.0479146975
69  5   0.1794632286   0.0991948790   0.1158858925  -0.0404947171   0.0847479323
69  6  -0.0111895584   0.1704696308  -0.0485175488  -0.0472973038   0.0080094160
69  7  -0.0258714284   0.0129127713  -0.0337727637  -0.2374237227  -0.0597142572
69  8   0.0325361178  -0.0282156095  -0.0762862054   0.0941900234  -0.0536293802
69  9  -0.3737729675   0.0687910917   0.2668176196   0.0089420028  -0.1649643762
69 10  -0.0959374256   0.0375216220   0.1647651917  -0.3681298675  -0.4864202520
69 11   0.0172572013  -0.1621200841   0.0693015816   0.4770177487  -0.0502746024
69 12  -0.0452363783   0.0127974800  -0.0179937630   0.0013782301   0.0184599764
69 13  -0.0066391725   0.0119105707  -0.0072042611  -0.5348638392  -0.0231206651
69 14   0.1164079035  -0.0678973603   0.0006054280  -0.0005990033   0.0001217610
69 15   0.0010099330   0.0092080820  -0.0003600783  -0.0002004637   0.0000130170
70  1   0.1480317742  -0.0767118607  -0.1854834125  -0.0182241052   0.2607732456
70  2   0.0568675596   0.3448786781   0.2539646093   0.0643851813   0.0433011964
70  3   0.1184989926   0.1302784296   0.0321104438   0.0092306133  -0.1256068724
70  4  -0.1592994073  -0.1753002824   0.1784963635  -0.0247056155  -0.1349292007
70  5  -0.2836092665  -0.1316504410  -0.0440804015   0.0319025725  -0.0638679141
70  6   0.0946797399  -0.0355968066   0.0103604075  -0.0976484397  -0.0116101589
70  7  -0.0220422651  -0.0519672522  -0.0271745400  -0.2304956553  -0.1427693425
70  8   0.6677896821   0.1960244700  -0.2463573551   0.2511462692  -0.0640405216
70  9  -0.4519698182   0.0006912968  -0.3693783976   0.0005272303   0.1517356674
70 10   0.0266848083   0.0357880235   0.0215485195  -0.1787904694  -0.2129548141
70 11  -0.0962739891  -0.0362718116  -0.0310816005  -0.3303279694   0.0202646619
70 12  -0.0176096664   0.0107570803  -0.0302978463   0.0186573390   0.0032107207
70 13   0.0129761803  -0.3395245907   0.0812450890   0.0045858690  -0.0000080519
70 14   0.0039816222  -0.0010271437   0.0006084588  -0.0005302576   0.0000485683
70 15   0.0000468453   0.0148526188  -0.0238572350  -0.0000611564  -0.0001495292
71  1   0.0433955754   0.2056400482  -0.0282872053   0.1281185661  -0.1043680795
71  2   0.1866324604  -0.2744975364   0.3590008654   0.1013439043  -0.0829442210
71  3   0.0988926420   0.0741626467  -0.1866791838  -0.0208146188   0.5759609293
71  4   0.4571950131   0.0853552454  -0.1154236095   0.0552958351   0.0442362762
71  5   0.0474442752  -0.0130536622  -0.0316086888  -0.0221951386   0.0064901879
71  6   0.0065004365  -0.0063062321  -0.0004874655   0.0148681589   0.0107091524
71  7   0.0488350374  -0.0303394012   0.0181258239   0.0911039024   0.2289283446
71  8  -0.1747055096   0.0077181866   0.0659468713   0.0554992802   0.0060327072
71  9   0.0696761542  -0.0201060248  -0.0856825691   0.0090012664  -0.0790511052
71 10  -0.0327252280  -0.0029199960   0.0453410793  -0.0822282692  -0.0753865910
71 11  -0.0040503508  -0.0190736005   0.0022092498  -0.0230971892   0.0030371394
71 12  -0.0073295813   0.0006584317  -0.0208477887   0.0016430433   0.0065127391
71 13   0.0212744899  -0.5325742484   0.1183875771   0.0099844691   0.0000839772
71 14   0.0010671701   0.0024933779  -0.0004065582   0.0003585634  -0.0000171460
71 15   0.0001007488   0.3350191778  -0.3311004331  -0.0001972159  -0.0000996086
72  1  -0.0544429676  -0.0991496006  -0.1308912360  -0.0057113584   0.0009588108
72  2  -0.2912152222   0.2275458746  -0.0103714131   0.0371053756   0.0119682154
72  3   0.1342010015   0.1111297610   0.0249875701   0.0152696849  -0.2576386489
72  4  -0.3185809871  -0.1536692881   0.2065901554  -0.0336083858  -0.0678439876
72  5  -0.1129231638  -0.0504635467  -0.0180193243   0.0218307015  -0.0132396234
72  6  -0.0180144741  -0.0132617688  -0.0028873822  -0.0159362681  -0.0046833242
72  7  -0.0309302815   0.0441453237  -0.0151478340  -0.1037364898  -0.1311113023
72  8   0.0096949549  -0.0387096607  -0.0316289317  -0.0890948592   0.0094649461
72  9   0.0387581196   0.0080812268   0.0894098991  -0.0050745485   0.0214551084
72 10   0.0128084700  -0.0052889796  -0.0270448709   0.0706114801   0.0761931621
72 11   0.0181350331   0.0183770824   0.0022080193   0.0775569307  -0.0049602438
72 12   0.0041068482  -0.0004578526   0.0173015852  -0.0053089097  -0.0032633622
72 13  -0.0117638511   0.2701243102  -0.0595615021   0.0059566965  -0.0011314648
72 14   0.0014696902   0.0011171084  -0.0008016312   0.0006869702  -0.0000446252
72 15  -0.0000374429   0.5814041496  -0.6603846329  -0.0002564184  -0.0002467488
73  1   0.0541122822  -0.0283012659  -0.1477942083  -0.0151615752   0.2213104863
73  2   0.0438778586   0.3117110102   0.1155632205  -0.2502939864  -0.1152717081
73  3   0.0066994569  -0.1894994434  -0.1542578131  -0.0031806489   0.2071540447
73  4   0.1562188443   0.1362888563  -0.0771434666   0.0211074636   0.0468427418
73  5   0.1143828477   0.0868594262  -0.0071990180  -0.0035516647   0.0104289517
73  6  -0.0528636375  -0.0749910990   0.0237321758   0.0597425948  -0.0156458693
73  7  -0.0749381559   0.1258240131  -0.0030689859   0.0583505095  -0.6539143047
73  8   0.3796393828   0.0080049548   0.0944198187  -0.0352535664  -0.0120700282
73  9  -0.1175190466   0.0691292171   0.4579571267   0.0007606224   0.0587053838
73 10   0.0630490556  -0.0046888426  -0.0893146481   0.2920513424   0.3448734035
73 11   0.1203920885   0.0630407583   0.0325886864   0.2298373249  -0.0139026088
73 12   0.0145092127  -0.0060047176  -0.0113917031  -0.0100047408  -0.0035141657
73 13   0.0077393480  -0.2237154835   0.0506735065  -0.0018157451  -0.0004984709
73 14   0.0015814344  -0.0004439445  -0.0008071196   0.0008205219  -0.0000247864
73 15   0.0000117330  -0.1947436878  -0.1627374406  -0.0000098071   0.0001591911
74  1   0.0342214783   0.1455605162  -0.0554569710   0.1246036430  -0.0960803343
74  2   0.1469117178  -0.2004927168   0.3054235354   0.2274359374   0.0465873619
74  3   0.1100542822   0.1540809404  -0.0083335658   0.0006851234   0.0380511790
74  4   0.0022339668  -0.0548733942   0.0414450855  -0.0027998930  -0.0193497375
74  5  -0.0450069989  -0.0387824291  -0.0014522037  -0.0002625399  -0.0017929912
74  6   0.0206916220   0.0243823022  -0.0074817953  -0.0202410757   0.0039998190
74  7   0.0192832616  -0.0419010907   0.0009922581  -0.0089711987   0.1677069478
74  8  -0.0491756926   0.0188109598  -0.0261768627   0.0458076002  -0.0063844404
74  9  -0.0327096907  -0.0100361231  -0.0993928133  -0.0010600423   0.0109472476
74 10  -0.0044503291   0.0017523419   0.0071363359  -0.0382623989  -0.0465764789
74 11  -0.0264308808  -0.0037624707  -0.0105110508  -0.0400622988   0.0038966245
74 12   0.0015817693  -0.0002267190   0.0126284916  -0.0008325255  -0.0003599398
74 13  -0.0066476913   0.1882041696  -0.0431764686  -0.0058600758  -0.0034498583
74 14   0.0228911132  -0.0046449850   0.0003251378  -0.0002443676   0.0000917730
74 15   0.0000079072  -0.7062257750  -0.6358332931   0.0004650387   0.0004905850
75  1   0.0000000000   0.0000000000  -0.0921809042   0.0000000000   0.0000000000
75  2  -0.2082082130   0.0896614695   0.1478109672  -0.0837978731  -0.1785785988
75  3   0.1500085803   0.0842452333  -0.2419657248  -0.0210281648   0.6342813592
75  4   0.4262604786  -0.0115183311   0.0083173594   0.0514118521  -0.0207108358
75  5  -0.1037806884  -0.0928937538  -0.0911654461   0.0057746205  -0.0383314224
75  6   0.0133772225  -0.0777727319   0.0086370716  -0.0295834423  -0.0010397993
75  7  -0.0015247328   0.0437729133  -0.0145688764  -0.1724535656  -0.1468304596
75  8   0.2096033373   0.0309580234  -0.1577271041  -0.0307026389  -0.0059529053
75  9  -0.1063778455  -0.0042551185  -0.1470902818   0.0002245301   0.1144084414
75 10   0.0366143501   0.0066360150  -0.0169944433  -0.0506909798  -0.0708311904
75 11  -0.0571609161  -0.0092796998  -0.0209626611  -0.1227912563   0.0038248454
75 12   0.0066800809  -0.0027841500   0.0285163639  -0.0080927614  -0.0043441660
75 13  -0.0254231672   0.6545371142  -0.1507487256  -0.0063640291   0.0011407840
75 14  -0.0025618147   0.0005566087  -0.0006821405   0.0005042348  -0.0001653620
75 15  -0.0002069004   0.0963298770   0.1273835638   0.0003364494   0.0001741116
