$coord
    1.92577021197348      0.50112924750265     -0.21035438542739  c
    0.03331964429725     -1.13091567840994      0.68803758789472  c
    0.41312347697670     -3.73362390748285      0.76803326689463  c
    2.70105092036835     -4.75495900546837     -0.06031354138466  c
    4.60441191307871     -3.16448301302905     -0.97172948240975  c
    4.21658481946996     -0.55832199877692     -1.03922245988579  c
    1.54544760463019      3.29344633418999     -0.27368929262022  c
   -2.22879274509598     -0.20974222821251      1.66583209077012  o
   -0.38201950837067      4.42038094844755      0.25611074523758  o
    3.67518810068940      4.53803635085630     -1.01027916223282  o
   -3.95160340015546      0.59701011121366     -0.12403413870886  c
    3.19540922955626      6.32313252629181     -1.00887164557362  h
   -3.66874542418484      0.26241834525474     -2.35772080735597  o
   -6.13333622080425      1.89904826581314      1.15284216564631  c
   -1.09988748936701     -4.92794605200389      1.48461134183241  h
    2.98997813871186     -6.79140422700052     -0.00037431469883  h
    6.38891980912686     -3.95065592905942     -1.62538524772934  h
    5.69208826645725      0.68409772193182     -1.74249568909513  h
   -6.76698843185254      0.80828079171244      2.79543782594536  h
   -7.67655582902782      2.14404830542805     -0.19927775794349  h
   -5.47336308647781      3.75102309080120      1.81284290084446  h
$user-defined bonds
$redundant
     number_of_atoms            21
     degrees_of_freedom         57
     internal_coordinates       57
     frozen_coordinates          0
# definitions of redundant internals
   1 k  1.0000000000000 stre   7    9           val=   2.29473
   2 k  0.7071073590394 bend  10    9    7      val=  -2.45846
       -0.7071062033333 bend   1    9    7
   3 k  1.0000000000000 outp   9    1   10    7 val=   0.21032
   4 k  1.0000000000000 tors  12   10    7    1 val= 179.05258
   5 k  1.0000000000000 stre  10   12           val=   1.84845
   6 k  1.0000000000000 bend   7   12   10      val= 104.59227
   7 k  1.0000000000000 stre  11   13           val=   2.27625
   8 k  0.7071069469917 bend   8   13   11      val=  -2.03851
       -0.7071066153814 bend  14   13   11
   9 k  1.0000000000000 outp  13   14    8   11 val=  -0.04712
  10 k  1.0000000000000 stre   3   15           val=   2.05648
  11 k -0.7071066552486 bend   2   15    3      val=   1.44540
        0.7071069071245 bend   4   15    3
  12 k  1.0000000000000 outp  15    4    2    3 val=   0.04257
  13 k  1.0000000000000 stre   4   16           val=   2.05771
  14 k -0.7071067410754 bend   3   16    4      val=   0.29583
        0.7071068212977 bend   5   16    4
  15 k  1.0000000000000 outp  16    5    3    4 val=  -0.23752
  16 k  1.0000000000000 stre   5   17           val=   2.05665
  17 k -0.7071067808799 bend   6   17    5      val=   0.23196
        0.7071067814932 bend   4   17    5
  18 k  1.0000000000000 outp  17    4    6    5 val=  -0.10452
  19 k  1.0000000000000 stre   6   18           val=   2.05312
  20 k  0.7071068749654 bend   5   18    6      val=   0.53064
       -0.7071066874077 bend   1   18    6
  21 k  1.0000000000000 outp  18    1    5    6 val=  -0.11807
  22 k  0.5773502691896 tors  20   14   11    8 val=  73.74699
        0.5773502691896 tors  19   14   11    8
        0.5773502691896 tors  21   14   11    8
  23 k  1.0000000000000 stre  14   20           val=   2.06634
  24 k  1.0000000000000 stre  14   19           val=   2.07109
  25 k  1.0000000000000 stre  14   21           val=   2.07388
  26 k -0.4711107577621 bend  19   20   14      val=  -0.06448
       -0.3988630820732 bend  21   20   14
       -0.3476863279076 bend  21   19   14
        0.3861746601214 bend  11   20   14
        0.4141512405185 bend  11   19   14
        0.4212184646037 bend  11   21   14
  27 k -0.0701771866710 bend  19   20   14      val=   0.12624
       -0.5209916249613 bend  21   20   14
        0.6587703586972 bend  21   19   14
       -0.4277027051399 bend  11   20   14
        0.3234424745163 bend  11   19   14
        0.0460419959142 bend  11   21   14
  28 k -0.7014228528521 bend  19   20   14      val=   1.55184
        0.5022693346825 bend  21   20   14
        0.3122829282050 bend  21   19   14
       -0.1480388299957 bend  11   20   14
       -0.2174192740127 bend  11   19   14
        0.2983692909591 bend  11   21   14
  29 k  0.1107000091489 bend  19   20   14      val=   1.03519
        0.3085772627876 bend  21   20   14
       -0.4247390903518 bend  21   19   14
       -0.6644837921458 bend  11   20   14
        0.4783997807746 bend  11   19   14
        0.2042479515749 bend  11   21   14
  30 k  0.3035509189565 bend  19   20   14      val=   0.02591
       -0.2470371739481 bend  21   20   14
       -0.0690162755678 bend  21   19   14
       -0.1761137109193 bend  11   20   14
       -0.5282057887644 bend  11   19   14
        0.7294167762926 bend  11   21   14
  31 k  0.7071067811865 tors  10    7    1    2 val=  85.18326
        0.7071067811865 tors  10    7    1    6
  32 k  1.0000000000000 stre   7   10           val=   2.57437
  33 k  1.0000000000000 bend   1   10    7      val= 111.94520
  34 k  1.0000000000000 tors  14   11    8    2 val= 188.45221
  35 k  1.0000000000000 stre  11   14           val=   2.84353
  36 k  1.0000000000000 bend   8   14   11      val= 109.86385
  37 k  1.0000000000000 stre   1    7           val=   2.81881
  38 k -0.7071048711825 bend   6    7    1      val=   0.52919
        0.7071086911854 bend   2    7    1
  39 k  1.0000000000000 outp   7    2    6    1 val=   0.41409
  40 k  0.7071067811865 tors  11    8    2    1 val= 165.35278
        0.7071067811865 tors  11    8    2    3
  41 k  1.0000000000000 stre   8   11           val=   2.61200
  42 k  1.0000000000000 bend   2   11    8      val= 114.87127
  43 k  1.0000000000000 stre   2    8           val=   2.63093
  44 k -0.7070652033860 bend   3    8    2      val=   2.11882
        0.7071483565424 bend   1    8    2
  45 k  1.0000000000000 outp   8    1    3    2 val=  -3.20866
  46 k  1.0000000000000 stre   1    6           val=   2.65656
  47 k  1.0000000000000 stre   6    5           val=   2.63572
  48 k  1.0000000000000 stre   5    4           val=   2.64255
  49 k  1.0000000000000 stre   4    3           val=   2.63892
  50 k  1.0000000000000 stre   3    2           val=   2.63149
  51 k  1.0000000000000 stre   2    1           val=   2.65557
  52 k -0.2886751345948 bend   1    5    6      val=  -0.62067
       -0.2886751345948 bend   6    4    5
        0.5773502691896 bend   5    3    4
       -0.2886751345948 bend   4    2    3
       -0.2886751345948 bend   3    1    2
        0.5773502691896 bend   2    6    1
  53 k  0.5000000000000 bend   1    5    6      val=  -0.02742
       -0.5000000000000 bend   6    4    5
        0.5000000000000 bend   4    2    3
       -0.5000000000000 bend   3    1    2
  54 k -0.4082482904639 bend   1    5    6      val=  -0.62746
        0.4082482904639 bend   6    4    5
       -0.4082482904639 bend   5    3    4
        0.4082482904639 bend   4    2    3
       -0.4082482904639 bend   3    1    2
        0.4082482904639 bend   2    6    1
  55 k -0.2886751345948 tors   6    5    4    3 val=  -0.16801
       -0.2886751345948 tors   5    4    3    2
        0.5773502691896 tors   4    3    2    1
       -0.2886751345948 tors   3    2    1    6
       -0.2886751345948 tors   2    1    6    5
        0.5773502691896 tors   1    6    5    4
  56 k  0.5000000000000 tors   6    5    4    3 val=   0.17196
       -0.5000000000000 tors   5    4    3    2
        0.5000000000000 tors   3    2    1    6
       -0.5000000000000 tors   2    1    6    5
  57 k -0.4082482904639 tors   6    5    4    3 val=  -0.03502
        0.4082482904639 tors   5    4    3    2
       -0.4082482904639 tors   4    3    2    1
        0.4082482904639 tors   3    2    1    6
       -0.4082482904639 tors   2    1    6    5
        0.4082482904639 tors   1    6    5    4
        57 non zero eigenvalues  of BmBt
           1          11.043435509    1    0
         1
           2           5.486792614    2    0
         2
           3           5.166061133    3    0
         3
           4           4.568167489    4    0
         4
           5           4.412554803    5    0
         5
           6           4.312738882    6    0
         6
           7           3.833279124    7    0
         7
           8           3.707911715    8    0
         8
           9           3.695516313    9    0
         9
          10           3.665351384   10    0
        10
          11           3.574684617   11    0
        11
          12           3.349056047   12    0
        12
          13           3.038422801   13    0
        13
          14           2.995239195   14    0
        14
          15           2.822669214   15    0
        15
          16           2.724185333   16    0
        16
          17           2.556951665   17    0
        17
          18           2.460367980   18    0
        18
          19           2.208411963   19    0
        19
          20           2.019801009   20    0
        20
          21           1.850712333   21    0
        21
          22           1.817376626   22    0
        22
          23           1.688786231   23    0
        23
          24           1.492619486   24    0
        24
          25           1.297788838   25    0
        25
          26           1.216256061   26    0
        26
          27           1.078689696   27    0
        27
          28           1.023416921   28    0
        28
          29           0.889424729   29    0
        29
          30           0.779289347   30    0
        30
          31           0.723966106   31    0
        31
          32           0.712016408   32    0
        32
          33           0.706013545   33    0
        33
          34           0.635128745   34    0
        34
          35           0.577372234   35    0
        35
          36           0.447892324   36    0
        36
          37           0.387258232   37    0
        37
          38           0.374552617   38    0
        38
          39           0.336105386   39    0
        39
          40           0.328142005   40    0
        40
          41           0.292366147   41    0
        41
          42           0.288837378   42    0
        42
          43           0.279306107   43    0
        43
          44           0.268751808   44    0
        44
          45           0.261827193   45    0
        45
          46           0.231196192   46    0
        46
          47           0.206415104   47    0
        47
          48           0.135642915   48    0
        48
          49           0.123315543   49    0
        49
          50           0.105265503   50    0
        50
          51           0.088633995   51    0
        51
          52           0.054683258   52    0
        52
          53           0.049447017   53    0
        53
          54           0.033656918   54    0
        54
          55           0.026408082   55    0
        55
          56           0.010202595   56    0
        56
          57           0.008120395   57    0
        57
$end
